protein	go_term	degree	norm_score	true_label
BSU_19220	GO:0005524	20	1.0	1
BSU_19220	GO:0005694	20	1.0	1
BSU_04580	GO:0004386	19	0.95	1
BSU_10630	GO:0016787	19	0.95	1
BSU_33490	GO:0003678	18	0.9	0
BSU_33490	GO:0051287	18	0.9	0
BSU_33490	GO:0005778	18	0.9	0
BSU_33490	GO:0005737	18	0.9	0
BSU_33490	GO:0005737	18	0.9	0
BSU_33490	GO:0006508	18	0.9	0
BSU_33490	GO:0009097	18	0.9	0
BSU_33490	GO:0003677	18	0.9	0
BSU_33490	GO:0003676	18	0.9	0
BSU_33490	GO:0008705	18	0.9	0
BSU_33490	GO:0030435	18	0.9	0
BSU_33490	GO:0000725	18	0.9	0
BSU_33490	GO:0015833	18	0.9	0
BSU_33490	GO:0009103	18	0.9	0
BSU_33490	GO:0006364	18	0.9	0
BSU_33490	GO:0140581	18	0.9	0
BSU_33490	GO:0071555	18	0.9	0
BSU_33490	GO:0046933	18	0.9	0
BSU_33490	GO:0004527	18	0.9	0
BSU_33490	GO:0006605	18	0.9	0
BSU_33490	GO:0016757	18	0.9	0
BSU_33490	GO:0044780	18	0.9	0
BSU_33490	GO:0030163	18	0.9	0
BSU_33490	GO:0015293	18	0.9	0
BSU_16240	GO:0030257	18	0.9	1
BSU_33490	GO:0009898	18	0.9	0
BSU_33490	GO:0005829	18	0.9	0
BSU_33490	GO:0003677	18	0.9	0
BSU_33490	GO:0005515	18	0.9	0
BSU_33490	GO:0003678	18	0.9	0
BSU_33490	GO:1902600	18	0.9	0
BSU_33490	GO:0005515	18	0.9	0
BSU_01800	GO:0046872	17	0.85	0
BSU_01800	GO:0071555	17	0.85	0
BSU_01800	GO:0006285	17	0.85	1
BSU_01800	GO:0006364	17	0.85	0
BSU_01800	GO:0000049	17	0.85	0
BSU_01800	GO:0003962	17	0.85	0
BSU_01800	GO:0005778	17	0.85	0
BSU_01800	GO:0016887	17	0.85	0
BSU_01800	GO:0004527	17	0.85	0
BSU_01800	GO:0003678	17	0.85	0
BSU_01800	GO:0003678	17	0.85	0
BSU_01800	GO:0000725	17	0.85	0
BSU_01800	GO:0003677	17	0.85	0
BSU_01800	GO:0019346	17	0.85	0
BSU_01800	GO:0046872	17	0.85	0
BSU_01800	GO:0002131	17	0.85	0
BSU_01800	GO:0005829	17	0.85	0
BSU_01800	GO:0006508	17	0.85	0
BSU_01800	GO:0006221	17	0.85	0
BSU_01800	GO:0006284	17	0.85	1
BSU_01800	GO:0003824	17	0.85	0
BSU_01800	GO:0006289	17	0.85	1
BSU_01800	GO:1902600	17	0.85	0
BSU_01800	GO:0003676	17	0.85	0
BSU_01800	GO:0003677	17	0.85	0
BSU_01800	GO:0030163	17	0.85	0
BSU_01800	GO:0006526	17	0.85	0
BSU_23020	GO:0016853	16	0.8	1
BSU_25140	GO:0004527	16	0.8	0
BSU_25140	GO:0006508	16	0.8	0
BSU_25140	GO:0003678	16	0.8	0
BSU_25140	GO:0006285	16	0.8	0
BSU_36900	GO:0030163	16	0.8	0
BSU_25140	GO:0044780	16	0.8	0
BSU_25140	GO:0006221	16	0.8	0
BSU_25140	GO:0046933	16	0.8	0
BSU_25140	GO:0005515	16	0.8	0
BSU_08930	GO:0019346	16	0.8	0
BSU_25140	GO:0000725	16	0.8	0
BSU_36900	GO:0009898	16	0.8	0
BSU_08930	GO:0046872	16	0.8	0
BSU_08930	GO:0006417	16	0.8	0
BSU_08930	GO:0000725	16	0.8	0
BSU_25140	GO:0006289	16	0.8	0
BSU_25140	GO:0016787	16	0.8	1
BSU_08930	GO:0005829	16	0.8	0
BSU_08930	GO:0004359	16	0.8	0
BSU_08930	GO:0006289	16	0.8	0
BSU_08930	GO:0005515	16	0.8	0
BSU_25140	GO:0003676	16	0.8	1
BSU_25140	GO:0006526	16	0.8	0
BSU_08930	GO:0003962	16	0.8	0
BSU_25140	GO:0140581	16	0.8	0
BSU_08930	GO:0003678	16	0.8	0
BSU_15710	GO:0005524	16	0.8	1
BSU_25140	GO:0009898	16	0.8	0
BSU_22800	GO:0043595	16	0.8	1
BSU_08930	GO:0006284	16	0.8	0
BSU_36900	GO:0005829	16	0.8	1
BSU_08930	GO:0006526	16	0.8	0
BSU_25140	GO:1902600	16	0.8	0
BSU_25140	GO:0005515	16	0.8	0
BSU_25140	GO:0015833	16	0.8	0
BSU_08930	GO:0006364	16	0.8	0
BSU_08930	GO:0005524	16	0.8	0
BSU_08930	GO:0003678	16	0.8	0
BSU_25140	GO:0003677	16	0.8	0
BSU_25140	GO:0030163	16	0.8	0
BSU_25140	GO:0003677	16	0.8	0
BSU_22800	GO:0000270	16	0.8	1
BSU_25140	GO:0006284	16	0.8	0
BSU_25140	GO:0005778	16	0.8	0
BSU_25140	GO:0003678	16	0.8	0
BSU_08930	GO:0033592	16	0.8	0
BSU_36900	GO:0003676	16	0.8	0
BSU_25140	GO:0030435	16	0.8	0
BSU_08930	GO:0006397	16	0.8	0
BSU_08930	GO:0006285	16	0.8	0
BSU_08930	GO:0006221	16	0.8	0
BSU_00690	GO:0051301	16	0.8	1
BSU_08930	GO:0004525	16	0.8	0
BSU_15710	GO:0006310	16	0.8	1
BSU_00690	GO:0016020	16	0.8	1
BSU_08930	GO:0002131	16	0.8	1
BSU_08930	GO:0003677	16	0.8	0
BSU_25140	GO:0006364	16	0.8	0
BSU_01370	GO:0051726	15	0.75	0
BSU_27160	GO:0006289	15	0.75	0
BSU_01370	GO:0004088	15	0.75	0
BSU_07250	GO:0019464	15	0.75	0
BSU_33500	GO:0005829	15	0.75	0
BSU_01370	GO:0051287	15	0.75	0
BSU_07250	GO:0004850	15	0.75	0
BSU_15750	GO:0005829	15	0.75	0
BSU_07250	GO:0016763	15	0.75	0
BSU_27160	GO:0016763	15	0.75	0
BSU_01370	GO:0032259	15	0.75	0
BSU_27160	GO:0019344	15	0.75	0
BSU_01370	GO:0140663	15	0.75	0
BSU_33500	GO:0006508	15	0.75	0
BSU_15750	GO:0005829	15	0.75	0
BSU_33500	GO:0015293	15	0.75	0
BSU_07250	GO:0030488	15	0.75	0
BSU_00730	GO:0051287	15	0.75	0
BSU_01370	GO:0009055	15	0.75	0
BSU_33500	GO:0005515	15	0.75	0
BSU_27160	GO:0030488	15	0.75	0
BSU_01370	GO:0006526	15	0.75	0
BSU_15750	GO:0030152	15	0.75	0
BSU_07250	GO:0006364	15	0.75	0
BSU_01370	GO:0006508	15	0.75	0
BSU_01370	GO:0004850	15	0.75	0
BSU_33500	GO:0015833	15	0.75	0
BSU_27160	GO:0032259	15	0.75	0
BSU_07250	GO:0032259	15	0.75	0
BSU_07250	GO:0009380	15	0.75	0
BSU_15750	GO:0006508	15	0.75	0
BSU_07250	GO:0019344	15	0.75	0
BSU_33500	GO:0005515	15	0.75	0
BSU_33500	GO:0051287	15	0.75	0
BSU_15750	GO:0005524	15	0.75	0
BSU_15750	GO:0030488	15	0.75	1
BSU_01370	GO:0006221	15	0.75	0
BSU_15750	GO:0004850	15	0.75	0
BSU_07250	GO:0016788	15	0.75	0
BSU_27160	GO:0005515	15	0.75	0
BSU_07250	GO:0005515	15	0.75	0
BSU_27160	GO:0140581	15	0.75	0
BSU_15750	GO:0140663	15	0.75	0
BSU_33500	GO:0030152	15	0.75	0
BSU_07250	GO:0016787	15	0.75	0
BSU_01370	GO:0030152	15	0.75	0
BSU_01370	GO:0016763	15	0.75	0
BSU_27160	GO:0006508	15	0.75	0
BSU_33500	GO:0009103	15	0.75	0
BSU_01370	GO:0019464	15	0.75	0
BSU_07250	GO:0006508	15	0.75	0
BSU_01370	GO:0005515	15	0.75	0
BSU_33500	GO:0005829	15	0.75	0
BSU_27160	GO:0051287	15	0.75	0
BSU_01370	GO:0006096	15	0.75	0
BSU_27160	GO:0004850	15	0.75	0
BSU_07250	GO:0140581	15	0.75	0
BSU_15750	GO:0004359	15	0.75	0
BSU_27160	GO:0006096	15	0.75	0
BSU_33500	GO:0019344	15	0.75	0
BSU_00730	GO:0003676	15	0.75	0
BSU_33500	GO:0004850	15	0.75	0
BSU_07250	GO:0006096	15	0.75	0
BSU_01370	GO:0140581	15	0.75	0
BSU_01370	GO:0016829	15	0.75	0
BSU_33500	GO:0006289	15	0.75	0
BSU_00730	GO:0006221	15	0.75	0
BSU_07250	GO:0005576	15	0.75	0
BSU_27160	GO:0030152	15	0.75	0
BSU_01370	GO:0016788	15	0.75	0
BSU_15750	GO:0032357	15	0.75	0
BSU_33500	GO:0006508	15	0.75	0
BSU_01370	GO:0016887	15	0.75	0
BSU_07250	GO:0030152	15	0.75	0
BSU_33500	GO:0003677	15	0.75	0
BSU_07250	GO:0006526	15	0.75	0
BSU_15750	GO:0005515	15	0.75	0
BSU_07250	GO:0015293	15	0.75	0
BSU_07250	GO:0016746	15	0.75	0
BSU_27160	GO:0006284	15	0.75	0
BSU_01370	GO:0006284	15	0.75	0
BSU_33500	GO:0042126	15	0.75	0
BSU_33500	GO:0005737	15	0.75	0
BSU_00730	GO:0006284	15	0.75	0
BSU_01370	GO:0003677	15	0.75	0
BSU_00730	GO:0003677	15	0.75	0
BSU_27160	GO:0006364	15	0.75	0
BSU_27160	GO:0015293	15	0.75	0
BSU_01370	GO:0016746	15	0.75	0
BSU_33500	GO:0006364	15	0.75	0
BSU_01370	GO:0004783	15	0.75	0
BSU_33500	GO:0005829	15	0.75	0
BSU_27160	GO:0042126	15	0.75	0
BSU_15750	GO:0006221	15	0.75	0
BSU_07250	GO:0042126	15	0.75	0
BSU_07250	GO:0005515	15	0.75	0
BSU_33500	GO:0008233	15	0.75	0
BSU_17460	GO:0016595	15	0.75	1
BSU_33500	GO:0030163	15	0.75	0
BSU_15750	GO:0042126	15	0.75	0
BSU_07250	GO:0003746	15	0.75	0
BSU_01370	GO:0046933	15	0.75	0
BSU_27160	GO:0003746	15	0.75	0
BSU_01370	GO:0015293	15	0.75	0
BSU_33500	GO:0048476	15	0.75	0
BSU_27160	GO:0016746	15	0.75	0
BSU_01370	GO:0042126	15	0.75	0
BSU_07250	GO:0003677	15	0.75	0
BSU_27160	GO:0009898	15	0.75	0
BSU_01370	GO:0003746	15	0.75	0
BSU_27160	GO:0030163	15	0.75	0
BSU_07250	GO:0003677	15	0.75	0
BSU_01370	GO:0048476	15	0.75	0
BSU_33500	GO:0009898	15	0.75	0
BSU_01370	GO:0044780	15	0.75	0
BSU_27160	GO:0044780	15	0.75	0
BSU_33500	GO:0046933	15	0.75	0
BSU_01370	GO:0033554	15	0.75	0
BSU_33500	GO:0006605	15	0.75	0
BSU_27160	GO:0006520	15	0.75	0
BSU_07250	GO:0006520	15	0.75	0
BSU_01370	GO:0009097	15	0.75	0
BSU_33500	GO:0006221	15	0.75	0
BSU_00730	GO:0044780	15	0.75	0
BSU_07250	GO:0004525	15	0.75	0
BSU_00730	GO:0009898	15	0.75	0
BSU_33500	GO:0006284	15	0.75	0
BSU_33500	GO:0003677	15	0.75	0
BSU_01370	GO:0004359	15	0.75	0
BSU_00730	GO:0006364	15	0.75	0
BSU_01370	GO:0006364	15	0.75	0
BSU_33500	GO:0005737	15	0.75	0
BSU_27160	GO:0003677	15	0.75	0
BSU_07250	GO:0005524	15	0.75	0
BSU_15750	GO:0008705	15	0.75	0
BSU_33500	GO:0000725	15	0.75	0
BSU_00730	GO:0004527	15	0.75	0
BSU_27160	GO:0006221	15	0.75	0
BSU_00730	GO:0030163	15	0.75	0
BSU_00730	GO:0009087	15	0.75	1
BSU_07250	GO:0006221	15	0.75	0
BSU_01370	GO:0006541	15	0.75	0
BSU_01370	GO:0003924	15	0.75	0
BSU_01370	GO:0005515	15	0.75	0
BSU_38160	GO:0015990	15	0.75	1
BSU_33500	GO:0004783	15	0.75	0
BSU_33500	GO:0005504	15	0.75	0
BSU_01370	GO:0000287	15	0.75	0
BSU_01370	GO:0016491	15	0.75	0
BSU_01370	GO:0030488	15	0.75	0
BSU_01370	GO:0016746	15	0.75	0
BSU_07250	GO:0005515	15	0.75	0
BSU_27160	GO:0005515	15	0.75	0
BSU_01370	GO:0005504	15	0.75	0
BSU_33500	GO:0016763	15	0.75	0
BSU_07250	GO:0016746	15	0.75	0
BSU_07250	GO:0005524	15	0.75	0
BSU_27160	GO:0016746	15	0.75	0
BSU_27160	GO:0005524	15	0.75	0
BSU_01370	GO:0052656	15	0.75	0
BSU_07250	GO:0005886	15	0.75	0
BSU_29190	GO:0005524	15	0.75	1
BSU_29190	GO:0006096	15	0.75	1
BSU_18000	GO:0003729	15	0.75	1
BSU_15750	GO:0000725	15	0.75	0
BSU_01370	GO:0004527	15	0.75	0
BSU_01370	GO:0006520	15	0.75	0
BSU_27160	GO:0009229	15	0.75	0
BSU_07250	GO:0009229	15	0.75	0
BSU_00730	GO:0000725	15	0.75	0
BSU_27160	GO:0000725	15	0.75	0
BSU_33500	GO:0008705	15	0.75	0
BSU_07250	GO:0000725	15	0.75	0
BSU_07250	GO:0006541	15	0.75	0
BSU_01370	GO:0000725	15	0.75	0
BSU_01370	GO:0009229	15	0.75	0
BSU_07250	GO:0006289	15	0.75	0
BSU_07250	GO:0005504	15	0.75	1
BSU_18000	GO:0016829	15	0.75	1
BSU_33500	GO:0004527	15	0.75	0
BSU_27160	GO:0004527	15	0.75	0
BSU_07250	GO:0006355	15	0.75	0
BSU_27160	GO:0008705	15	0.75	0
BSU_07250	GO:0008705	15	0.75	0
BSU_17460	GO:0140297	15	0.75	1
BSU_15750	GO:0004783	15	0.75	0
BSU_07250	GO:0004783	15	0.75	0
BSU_01370	GO:0008705	15	0.75	0
BSU_07250	GO:0004359	15	0.75	0
BSU_27160	GO:0004359	15	0.75	0
BSU_27160	GO:0004783	15	0.75	0
BSU_00730	GO:0005829	15	0.75	0
BSU_33500	GO:0044780	15	0.75	0
BSU_15750	GO:0019344	15	0.75	0
BSU_01370	GO:0003824	15	0.75	0
BSU_07250	GO:0005515	15	0.75	0
BSU_07250	GO:0008253	15	0.75	0
BSU_33500	GO:0045121	15	0.75	0
BSU_07250	GO:0006417	15	0.75	0
BSU_27160	GO:0006417	15	0.75	0
BSU_15750	GO:0000287	15	0.75	0
BSU_27160	GO:0009061	15	0.75	0
BSU_07250	GO:0009061	15	0.75	0
BSU_07250	GO:0019346	15	0.75	0
BSU_27160	GO:0019346	15	0.75	0
BSU_33500	GO:0016757	15	0.75	0
BSU_33500	GO:0004659	15	0.75	0
BSU_01370	GO:0016874	15	0.75	0
BSU_01370	GO:0004659	15	0.75	0
BSU_15750	GO:0009061	15	0.75	0
BSU_01370	GO:0003824	15	0.75	0
BSU_01370	GO:0008253	15	0.75	0
BSU_15750	GO:0009099	15	0.75	0
BSU_24220	GO:0006355	15	0.75	1
BSU_07250	GO:0000287	15	0.75	0
BSU_01370	GO:0005515	15	0.75	0
BSU_15750	GO:0019346	15	0.75	0
BSU_01370	GO:0019346	15	0.75	0
BSU_33500	GO:0009061	15	0.75	0
BSU_27160	GO:0009097	15	0.75	0
BSU_33500	GO:0003678	15	0.75	0
BSU_00730	GO:0006289	15	0.75	0
BSU_01370	GO:0006950	15	0.75	0
BSU_00730	GO:0003678	15	0.75	0
BSU_01370	GO:0002131	15	0.75	0
BSU_07250	GO:0003677	15	0.75	0
BSU_01370	GO:0016682	15	0.75	0
BSU_15750	GO:0003962	15	0.75	0
BSU_15750	GO:0002131	15	0.75	0
BSU_15750	GO:0003678	15	0.75	0
BSU_27160	GO:0008137	15	0.75	0
BSU_33500	GO:1902600	15	0.75	0
BSU_01370	GO:0009061	15	0.75	0
BSU_01370	GO:0000287	15	0.75	0
BSU_07250	GO:0008137	15	0.75	0
BSU_33500	GO:0030435	15	0.75	0
BSU_15750	GO:0016020	15	0.75	0
BSU_07250	GO:0016780	15	0.75	0
BSU_33500	GO:0000287	15	0.75	0
BSU_01370	GO:0006417	15	0.75	0
BSU_27160	GO:0000287	15	0.75	0
BSU_07250	GO:0000287	15	0.75	0
BSU_01370	GO:1902600	15	0.75	0
BSU_07250	GO:0009097	15	0.75	0
BSU_33500	GO:0009097	15	0.75	0
BSU_33500	GO:0071555	15	0.75	0
BSU_01370	GO:0042802	15	0.75	0
BSU_07250	GO:1902600	15	0.75	0
BSU_27160	GO:0042802	15	0.75	0
BSU_01370	GO:0009252	15	0.75	0
BSU_07250	GO:0042802	15	0.75	0
BSU_01370	GO:0000049	15	0.75	0
BSU_07250	GO:0000049	15	0.75	0
BSU_01370	GO:0005515	15	0.75	0
BSU_27160	GO:0000049	15	0.75	0
BSU_15750	GO:0009097	15	0.75	0
BSU_01370	GO:0033592	15	0.75	0
BSU_15750	GO:0016682	15	0.75	0
BSU_01370	GO:0043754	15	0.75	0
BSU_01370	GO:0006526	15	0.75	0
BSU_01370	GO:0032993	15	0.75	0
BSU_15750	GO:0006526	15	0.75	0
BSU_01370	GO:0016787	15	0.75	0
BSU_07250	GO:0009097	15	0.75	0
BSU_27160	GO:0009097	15	0.75	0
BSU_33500	GO:0009097	15	0.75	0
BSU_07250	GO:0033592	15	0.75	0
BSU_27160	GO:0033592	15	0.75	0
BSU_27160	GO:0006526	15	0.75	0
BSU_33500	GO:0005515	15	0.75	0
BSU_15750	GO:0004659	15	0.75	0
BSU_01370	GO:0009097	15	0.75	0
BSU_33500	GO:0009099	15	0.75	0
BSU_33500	GO:0003678	15	0.75	0
BSU_07250	GO:0016682	15	0.75	0
BSU_07250	GO:0005515	15	0.75	0
BSU_00730	GO:0003678	15	0.75	0
BSU_01370	GO:0009099	15	0.75	0
BSU_27160	GO:0032993	15	0.75	0
BSU_15750	GO:0009097	15	0.75	0
BSU_07250	GO:0032993	15	0.75	0
BSU_27160	GO:0003678	15	0.75	0
BSU_01370	GO:0003678	15	0.75	0
BSU_27160	GO:0009099	15	0.75	0
BSU_07250	GO:0051539	15	0.75	0
BSU_07250	GO:0009099	15	0.75	0
BSU_07250	GO:0004659	15	0.75	0
BSU_27160	GO:0004659	15	0.75	0
BSU_01370	GO:0008137	15	0.75	0
BSU_00730	GO:1902600	15	0.75	0
BSU_27160	GO:0043754	15	0.75	0
BSU_07250	GO:0043754	15	0.75	0
BSU_07250	GO:0042276	15	0.75	0
BSU_01370	GO:0032300	15	0.75	0
BSU_07250	GO:0009252	15	0.75	0
BSU_15750	GO:0000287	15	0.75	0
BSU_27160	GO:0005515	15	0.75	0
BSU_27160	GO:0006285	15	0.75	0
BSU_07250	GO:0003962	15	0.75	0
BSU_01370	GO:0090529	15	0.75	0
BSU_27160	GO:0002131	15	0.75	0
BSU_01370	GO:0016887	15	0.75	0
BSU_33500	GO:0032300	15	0.75	0
BSU_01370	GO:0005778	15	0.75	0
BSU_01370	GO:0030435	15	0.75	0
BSU_07250	GO:0006397	15	0.75	0
BSU_01370	GO:0003962	15	0.75	0
BSU_27160	GO:0003676	15	0.75	0
BSU_07250	GO:0002131	15	0.75	0
BSU_27160	GO:0003678	15	0.75	0
BSU_01370	GO:0019344	15	0.75	0
BSU_00730	GO:0006285	15	0.75	0
BSU_07250	GO:0003678	15	0.75	0
BSU_33500	GO:0003676	15	0.75	0
BSU_01370	GO:0006289	15	0.75	0
BSU_33500	GO:0005778	15	0.75	0
BSU_01370	GO:0003678	15	0.75	0
BSU_33500	GO:0006285	15	0.75	0
BSU_27160	GO:0016020	15	0.75	0
BSU_33500	GO:0140581	15	0.75	1
BSU_27160	GO:0016887	15	0.75	0
BSU_01370	GO:0006285	15	0.75	0
BSU_15750	GO:0016763	15	0.75	0
BSU_07250	GO:0005778	15	0.75	0
BSU_07250	GO:0016887	15	0.75	0
BSU_01370	GO:0003677	15	0.75	0
BSU_07250	GO:0004315	15	0.75	0
BSU_27160	GO:0003962	15	0.75	0
BSU_07250	GO:0016020	15	0.75	0
BSU_15750	GO:0032259	15	0.75	1
BSU_07250	GO:0051992	15	0.75	0
BSU_27160	GO:0005778	15	0.75	0
BSU_01370	GO:0016020	15	0.75	0
BSU_10620	GO:0030163	14	0.7	0
BSU_10620	GO:0046872	14	0.7	1
BSU_08010	GO:0000049	14	0.7	0
BSU_25290	GO:0032993	14	0.7	0
BSU_39110	GO:0032993	14	0.7	0
BSU_08010	GO:0005975	14	0.7	0
BSU_27410	GO:0032300	14	0.7	0
BSU_08010	GO:0043754	14	0.7	0
BSU_39110	GO:0009097	14	0.7	0
BSU_29580	GO:0032300	14	0.7	0
BSU_11010	GO:0005737	14	0.7	0
BSU_10620	GO:0006284	14	0.7	0
BSU_16320	GO:0006284	14	0.7	0
BSU_27410	GO:0000049	14	0.7	1
BSU_25290	GO:0009097	14	0.7	0
BSU_39110	GO:0005886	14	0.7	0
BSU_21470	GO:0046933	14	0.7	0
BSU_27410	GO:0043754	14	0.7	0
BSU_11010	GO:0004315	14	0.7	0
BSU_29580	GO:0016780	14	0.7	0
BSU_04360	GO:0004850	14	0.7	0
BSU_25290	GO:0016887	14	0.7	0
BSU_27410	GO:0003678	14	0.7	0
BSU_16320	GO:0003678	14	0.7	0
BSU_21470	GO:0000725	14	0.7	0
BSU_11010	GO:0016887	14	0.7	0
BSU_27410	GO:0030152	14	0.7	0
BSU_04360	GO:0016788	14	0.7	0
BSU_29580	GO:0006541	14	0.7	0
BSU_39110	GO:0003824	14	0.7	0
BSU_25290	GO:0005515	14	0.7	0
BSU_39110	GO:0046933	14	0.7	0
BSU_39110	GO:0005515	14	0.7	0
BSU_27410	GO:0005975	14	0.7	0
BSU_39110	GO:0016020	14	0.7	0
BSU_39110	GO:0005515	14	0.7	0
BSU_08010	GO:0006417	14	0.7	0
BSU_16320	GO:1902600	14	0.7	0
BSU_08010	GO:0032300	14	0.7	0
BSU_25290	GO:0003678	14	0.7	0
BSU_08010	GO:0016020	14	0.7	0
BSU_08010	GO:0032259	14	0.7	0
BSU_25290	GO:0005524	14	0.7	0
BSU_10620	GO:0003678	14	0.7	0
BSU_29580	GO:0043754	14	0.7	0
BSU_11010	GO:0003678	14	0.7	0
BSU_29580	GO:0048476	14	0.7	0
BSU_39110	GO:0032300	14	0.7	0
BSU_29580	GO:0016887	14	0.7	0
BSU_21470	GO:0071555	14	0.7	0
BSU_25290	GO:0003824	14	0.7	0
BSU_11010	GO:0003746	14	0.7	0
BSU_39110	GO:0003746	14	0.7	0
BSU_25290	GO:0003746	14	0.7	0
BSU_25290	GO:0006508	14	0.7	0
BSU_39110	GO:0043754	14	0.7	0
BSU_39110	GO:0016020	14	0.7	0
BSU_21470	GO:0004315	14	0.7	0
BSU_04360	GO:0008233	14	0.7	0
BSU_29580	GO:0046872	14	0.7	0
BSU_10620	GO:0044780	14	0.7	0
BSU_04360	GO:0009898	14	0.7	0
BSU_27410	GO:0032993	14	0.7	0
BSU_08010	GO:0016887	14	0.7	0
BSU_11010	GO:0044780	14	0.7	0
BSU_11010	GO:0005737	14	0.7	0
BSU_27410	GO:0006284	14	0.7	0
BSU_27410	GO:0016682	14	0.7	0
BSU_11010	GO:0042276	14	0.7	0
BSU_29580	GO:0046872	14	0.7	0
BSU_27410	GO:0009097	14	0.7	0
BSU_10620	GO:0006285	14	0.7	0
BSU_10620	GO:0009898	14	0.7	0
BSU_08010	GO:0046872	14	0.7	0
BSU_27410	GO:0016887	14	0.7	0
BSU_21470	GO:0003677	14	0.7	0
BSU_29580	GO:0005515	14	0.7	0
BSU_25290	GO:0030163	14	0.7	0
BSU_39110	GO:0006397	14	0.7	0
BSU_08010	GO:0006072	14	0.7	0
BSU_25290	GO:0044780	14	0.7	0
BSU_04360	GO:0009097	14	0.7	0
BSU_08010	GO:0004525	14	0.7	0
BSU_21470	GO:0044780	14	0.7	0
BSU_25290	GO:0009898	14	0.7	0
BSU_39110	GO:0046872	14	0.7	0
BSU_11010	GO:0019344	14	0.7	0
BSU_08010	GO:0046872	14	0.7	0
BSU_04360	GO:0044780	14	0.7	0
BSU_39110	GO:0046872	14	0.7	0
BSU_27410	GO:0044780	14	0.7	0
BSU_25290	GO:0006285	14	0.7	0
BSU_04360	GO:0005829	14	0.7	0
BSU_08010	GO:0016020	14	0.7	0
BSU_04360	GO:0030152	14	0.7	0
BSU_08010	GO:0003677	14	0.7	0
BSU_11010	GO:0043754	14	0.7	0
BSU_11010	GO:0005515	14	0.7	0
BSU_11010	GO:0030152	14	0.7	0
BSU_29580	GO:0006397	14	0.7	0
BSU_11010	GO:0005737	14	0.7	0
BSU_08010	GO:0044780	14	0.7	0
BSU_25290	GO:0043754	14	0.7	0
BSU_39110	GO:0003677	14	0.7	0
BSU_21470	GO:0005737	14	0.7	0
BSU_21470	GO:0006605	14	0.7	0
BSU_25290	GO:0006284	14	0.7	0
BSU_27410	GO:0005515	14	0.7	0
BSU_21470	GO:0032300	14	0.7	0
BSU_21470	GO:0005737	14	0.7	0
BSU_29580	GO:0009097	14	0.7	0
BSU_04360	GO:0006508	14	0.7	0
BSU_11010	GO:0000049	14	0.7	0
BSU_10620	GO:0006289	14	0.7	0
BSU_39110	GO:0000049	14	0.7	0
BSU_25290	GO:0000049	14	0.7	0
BSU_25290	GO:0006289	14	0.7	0
BSU_25290	GO:0046933	14	0.7	0
BSU_08010	GO:0004315	14	0.7	0
BSU_29580	GO:0016020	14	0.7	0
BSU_39110	GO:0005515	14	0.7	0
BSU_08010	GO:0006397	14	0.7	0
BSU_08010	GO:0005524	14	0.7	0
BSU_16320	GO:0006285	14	0.7	0
BSU_21470	GO:0003678	14	0.7	0
BSU_25290	GO:0000725	14	0.7	0
BSU_27410	GO:0000725	14	0.7	0
BSU_04360	GO:0005524	14	0.7	0
BSU_39110	GO:0020037	14	0.7	0
BSU_39110	GO:0016020	14	0.7	0
BSU_04360	GO:0000287	14	0.7	0
BSU_04360	GO:0005829	14	0.7	0
BSU_29580	GO:0016746	14	0.7	0
BSU_08010	GO:0005829	14	0.7	0
BSU_25290	GO:0003962	14	0.7	0
BSU_25290	GO:0008137	14	0.7	0
BSU_25290	GO:0071555	14	0.7	0
BSU_29580	GO:0004108	14	0.7	0
BSU_08010	GO:1902210	14	0.7	0
BSU_11010	GO:0000287	14	0.7	0
BSU_25290	GO:0015833	14	0.7	0
BSU_04360	GO:0016887	14	0.7	0
BSU_39110	GO:0003962	14	0.7	0
BSU_29580	GO:0051992	14	0.7	0
BSU_21470	GO:0005515	14	0.7	0
BSU_25290	GO:0005524	14	0.7	0
BSU_08010	GO:0030488	14	0.7	0
BSU_25290	GO:0005504	14	0.7	0
BSU_39110	GO:0005504	14	0.7	0
BSU_11010	GO:0016746	14	0.7	0
BSU_39110	GO:0030488	14	0.7	0
BSU_39110	GO:0016746	14	0.7	0
BSU_25290	GO:0030488	14	0.7	0
BSU_11010	GO:0016682	14	0.7	0
BSU_39110	GO:1902600	14	0.7	0
BSU_39110	GO:0008137	14	0.7	0
BSU_29580	GO:0016787	14	0.7	0
BSU_29580	GO:0009380	14	0.7	0
BSU_25290	GO:0016746	14	0.7	0
BSU_11010	GO:0006417	14	0.7	0
BSU_11010	GO:0003962	14	0.7	0
BSU_29580	GO:0000287	14	0.7	0
BSU_27410	GO:0016746	14	0.7	0
BSU_08010	GO:0000287	14	0.7	0
BSU_29580	GO:0030488	14	0.7	0
BSU_08010	GO:0009380	14	0.7	0
BSU_29580	GO:0003962	14	0.7	0
BSU_08010	GO:0005829	14	0.7	0
BSU_27410	GO:0003677	14	0.7	0
BSU_08010	GO:0003677	14	0.7	0
BSU_04360	GO:0071555	14	0.7	0
BSU_16320	GO:0009425	14	0.7	1
BSU_39110	GO:0000287	14	0.7	0
BSU_39110	GO:0003677	14	0.7	0
BSU_39110	GO:0015833	14	0.7	0
BSU_04360	GO:0009103	14	0.7	0
BSU_27410	GO:0006096	14	0.7	0
BSU_29580	GO:0003677	14	0.7	0
BSU_04360	GO:0016682	14	0.7	0
BSU_39110	GO:0006950	14	0.7	0
BSU_11010	GO:0005504	14	0.7	0
BSU_08010	GO:0004088	14	0.7	0
BSU_27410	GO:0000287	14	0.7	0
BSU_39110	GO:0004088	14	0.7	0
BSU_27410	GO:0004108	14	0.7	0
BSU_21470	GO:0003677	14	0.7	0
BSU_25290	GO:0006096	14	0.7	0
BSU_08010	GO:0016746	14	0.7	0
BSU_39110	GO:0006096	14	0.7	0
BSU_39110	GO:0009380	14	0.7	0
BSU_27410	GO:0009061	14	0.7	0
BSU_11010	GO:0006096	14	0.7	0
BSU_27410	GO:0003962	14	0.7	0
BSU_04360	GO:0005524	14	0.7	0
BSU_11010	GO:0005524	14	0.7	0
BSU_08010	GO:0005524	14	0.7	0
BSU_08010	GO:0004312	14	0.7	0
BSU_29580	GO:0000725	14	0.7	0
BSU_04360	GO:1902600	14	0.7	0
BSU_04360	GO:0034220	14	0.7	0
BSU_39110	GO:0006289	14	0.7	0
BSU_27410	GO:0008253	14	0.7	0
BSU_04360	GO:0004527	14	0.7	0
BSU_27410	GO:0006285	14	0.7	0
BSU_21470	GO:0015833	14	0.7	0
BSU_08010	GO:0003962	14	0.7	0
BSU_39110	GO:0008253	14	0.7	0
BSU_11010	GO:0008253	14	0.7	0
BSU_29580	GO:0006417	14	0.7	0
BSU_08010	GO:0006289	14	0.7	0
BSU_39110	GO:0006541	14	0.7	0
BSU_25290	GO:0004527	14	0.7	0
BSU_21470	GO:0009103	14	0.7	0
BSU_27410	GO:0016788	14	0.7	0
BSU_08010	GO:0019556	14	0.7	0
BSU_04360	GO:0009061	14	0.7	0
BSU_39110	GO:0000725	14	0.7	0
BSU_29580	GO:0006289	14	0.7	0
BSU_25290	GO:1902600	14	0.7	0
BSU_04360	GO:0015833	14	0.7	0
BSU_27410	GO:0006417	14	0.7	0
BSU_04360	GO:0005737	14	0.7	0
BSU_29580	GO:0006096	14	0.7	0
BSU_11010	GO:0000725	14	0.7	0
BSU_39110	GO:0016788	14	0.7	0
BSU_08010	GO:0005515	14	0.7	0
BSU_21470	GO:0003824	14	0.7	0
BSU_11010	GO:0000287	14	0.7	0
BSU_16320	GO:0004527	14	0.7	0
BSU_04360	GO:0008253	14	0.7	0
BSU_16320	GO:0006289	14	0.7	0
BSU_11010	GO:0009061	14	0.7	0
BSU_39110	GO:0003677	14	0.7	0
BSU_08010	GO:0005515	14	0.7	0
BSU_39110	GO:0016020	14	0.7	0
BSU_08010	GO:0032357	14	0.7	0
BSU_25290	GO:0016887	14	0.7	0
BSU_11010	GO:0005515	14	0.7	0
BSU_27410	GO:0006289	14	0.7	0
BSU_25290	GO:0006417	14	0.7	0
BSU_04360	GO:0005504	14	0.7	0
BSU_10620	GO:1902600	14	0.7	0
BSU_39110	GO:0006508	14	0.7	0
BSU_39110	GO:0005886	14	0.7	0
BSU_27410	GO:0005504	14	0.7	0
BSU_39110	GO:0006417	14	0.7	0
BSU_29580	GO:0003677	14	0.7	0
BSU_29580	GO:0005886	14	0.7	0
BSU_29580	GO:0005504	14	0.7	0
BSU_08010	GO:0003677	14	0.7	0
BSU_27410	GO:0004850	14	0.7	0
BSU_29580	GO:1902600	14	0.7	0
BSU_21470	GO:0034220	14	0.7	0
BSU_29580	GO:0032993	14	0.7	0
BSU_29580	GO:0020037	14	0.7	0
BSU_11010	GO:0016788	14	0.7	0
BSU_27410	GO:0000287	14	0.7	0
BSU_21470	GO:0006285	14	0.7	0
BSU_08010	GO:0006541	14	0.7	0
BSU_08010	GO:0016887	14	0.7	0
BSU_27410	GO:1902600	14	0.7	0
BSU_27410	GO:0016887	14	0.7	0
BSU_29580	GO:0016887	14	0.7	0
BSU_25290	GO:0003677	14	0.7	0
BSU_21470	GO:1902600	14	0.7	0
BSU_11010	GO:0008137	14	0.7	0
BSU_11010	GO:0004850	14	0.7	0
BSU_04360	GO:0046933	14	0.7	0
BSU_29580	GO:0006364	14	0.7	0
BSU_11010	GO:0003678	14	0.7	0
BSU_29580	GO:0046872	14	0.7	0
BSU_16320	GO:0003676	14	0.7	0
BSU_29580	GO:0016020	14	0.7	0
BSU_04360	GO:0006508	14	0.7	0
BSU_25290	GO:0046872	14	0.7	0
BSU_04360	GO:0003676	14	0.7	0
BSU_11010	GO:0019464	14	0.7	0
BSU_10620	GO:0051287	14	0.7	0
BSU_11010	GO:0006508	14	0.7	0
BSU_39110	GO:0019464	14	0.7	0
BSU_29580	GO:0019464	14	0.7	0
BSU_04360	GO:0051287	14	0.7	0
BSU_11010	GO:0051287	14	0.7	0
BSU_39110	GO:0046872	14	0.7	0
BSU_08010	GO:0046872	14	0.7	0
BSU_39110	GO:0005886	14	0.7	0
BSU_39110	GO:0006364	14	0.7	0
BSU_27410	GO:0051287	14	0.7	0
BSU_11010	GO:0005515	14	0.7	0
BSU_10620	GO:0003676	14	0.7	0
BSU_27410	GO:0016746	14	0.7	0
BSU_39110	GO:0005576	14	0.7	0
BSU_39110	GO:0140581	14	0.7	0
BSU_39110	GO:0030435	14	0.7	0
BSU_39110	GO:0005778	14	0.7	0
BSU_11010	GO:0005778	14	0.7	0
BSU_11010	GO:0008705	14	0.7	1
BSU_21470	GO:0140581	14	0.7	0
BSU_27410	GO:0005515	14	0.7	0
BSU_21470	GO:0016874	14	0.7	0
BSU_25290	GO:0140581	14	0.7	0
BSU_29580	GO:0030435	14	0.7	0
BSU_11010	GO:0140581	14	0.7	0
BSU_27410	GO:0002131	14	0.7	0
BSU_11010	GO:0016020	14	0.7	0
BSU_21470	GO:0046872	14	0.7	0
BSU_39110	GO:0016020	14	0.7	0
BSU_29580	GO:0050440	14	0.7	0
BSU_08010	GO:0016874	14	0.7	0
BSU_27410	GO:0016763	14	0.7	0
BSU_08010	GO:0005576	14	0.7	0
BSU_39110	GO:0005515	14	0.7	0
BSU_25290	GO:0005515	14	0.7	0
BSU_08010	GO:0006364	14	0.7	0
BSU_39110	GO:0006526	14	0.7	0
BSU_04360	GO:0016763	14	0.7	0
BSU_39110	GO:0005886	14	0.7	0
BSU_29580	GO:0005515	14	0.7	0
BSU_11010	GO:0005737	14	0.7	0
BSU_29580	GO:0046872	14	0.7	0
BSU_08010	GO:0005886	14	0.7	0
BSU_08010	GO:0006526	14	0.7	0
BSU_29580	GO:0004359	14	0.7	0
BSU_25290	GO:0005515	14	0.7	0
BSU_27410	GO:0005515	14	0.7	0
BSU_25290	GO:0015293	14	0.7	0
BSU_39110	GO:0005515	14	0.7	0
BSU_39110	GO:0046872	14	0.7	0
BSU_25290	GO:0046872	14	0.7	0
BSU_08010	GO:0005515	14	0.7	0
BSU_08010	GO:0046872	14	0.7	0
BSU_08010	GO:0048476	14	0.7	0
BSU_29580	GO:0005515	14	0.7	0
BSU_29580	GO:0032259	14	0.7	0
BSU_16320	GO:0005829	14	0.7	0
BSU_25290	GO:0005515	14	0.7	0
BSU_27410	GO:0004359	14	0.7	0
BSU_29580	GO:0005515	14	0.7	0
BSU_27410	GO:0019464	14	0.7	0
BSU_16320	GO:0051287	14	0.7	0
BSU_08010	GO:0000156	14	0.7	0
BSU_27410	GO:0005515	14	0.7	0
BSU_27410	GO:0006508	14	0.7	0
BSU_10620	GO:0005829	14	0.7	0
BSU_29580	GO:0005886	14	0.7	0
BSU_08010	GO:0032259	14	0.7	0
BSU_11010	GO:0016763	14	0.7	0
BSU_04360	GO:0005829	14	0.7	0
BSU_39110	GO:0032259	14	0.7	0
BSU_25290	GO:0032259	14	0.7	0
BSU_21470	GO:0005829	14	0.7	0
BSU_21470	GO:0005515	14	0.7	0
BSU_39110	GO:0006221	14	0.7	0
BSU_25290	GO:0006221	14	0.7	0
BSU_04360	GO:0005515	14	0.7	0
BSU_25290	GO:0005778	14	0.7	0
BSU_39110	GO:0003678	14	0.7	0
BSU_11010	GO:0004783	14	0.7	0
BSU_25290	GO:0003678	14	0.7	0
BSU_04360	GO:0042802	14	0.7	0
BSU_21470	GO:0045121	14	0.7	0
BSU_08010	GO:0005829	14	0.7	0
BSU_27410	GO:0033592	14	0.7	0
BSU_29580	GO:0004659	14	0.7	0
BSU_04360	GO:0016757	14	0.7	0
BSU_04360	GO:0009099	14	0.7	0
BSU_29580	GO:0009097	14	0.7	0
BSU_39110	GO:0033592	14	0.7	1
BSU_27410	GO:0009097	14	0.7	0
BSU_04360	GO:0008320	14	0.7	0
BSU_11010	GO:0005737	14	0.7	0
BSU_11010	GO:0009099	14	0.7	0
BSU_11010	GO:0009097	14	0.7	0
BSU_04360	GO:0009097	14	0.7	0
BSU_21470	GO:0016887	14	0.7	1
BSU_11010	GO:0019346	14	0.7	0
BSU_08010	GO:0033592	14	0.7	0
BSU_11010	GO:0004659	14	0.7	0
BSU_25290	GO:0046872	14	0.7	0
BSU_39110	GO:0046872	14	0.7	0
BSU_29580	GO:0046872	14	0.7	0
BSU_11010	GO:0042802	14	0.7	0
BSU_29580	GO:0006526	14	0.7	0
BSU_25290	GO:0006526	14	0.7	0
BSU_39110	GO:0006526	14	0.7	0
BSU_27410	GO:0006526	14	0.7	0
BSU_11010	GO:0006526	14	0.7	0
BSU_08010	GO:0006526	14	0.7	0
BSU_11010	GO:0033592	14	0.7	0
BSU_29580	GO:0033592	14	0.7	0
BSU_27410	GO:0009252	14	0.7	0
BSU_29580	GO:0009252	14	0.7	0
BSU_39110	GO:0042802	14	0.7	0
BSU_25290	GO:0042802	14	0.7	0
BSU_21470	GO:0030435	14	0.7	0
BSU_25290	GO:0033592	14	0.7	0
BSU_08010	GO:0009252	14	0.7	0
BSU_29580	GO:0042802	14	0.7	0
BSU_39110	GO:0009252	14	0.7	0
BSU_27410	GO:0042802	14	0.7	0
BSU_27410	GO:0019346	14	0.7	0
BSU_27410	GO:0009099	14	0.7	0
BSU_29580	GO:0009099	14	0.7	0
BSU_04360	GO:0016887	14	0.7	0
BSU_29580	GO:0002131	14	0.7	0
BSU_29580	GO:0004747	14	0.7	0
BSU_11010	GO:0002131	14	0.7	0
BSU_21470	GO:0030435	14	0.7	0
BSU_08010	GO:0002131	14	0.7	0
BSU_39110	GO:0004747	14	0.7	0
BSU_27410	GO:0050440	14	0.7	0
BSU_27410	GO:0003678	14	0.7	0
BSU_29580	GO:0003678	14	0.7	0
BSU_25290	GO:0002131	14	0.7	0
BSU_21470	GO:0004747	14	0.7	0
BSU_08010	GO:0005778	14	0.7	0
BSU_21470	GO:0005778	14	0.7	0
BSU_25290	GO:0003676	14	0.7	0
BSU_25290	GO:0030435	14	0.7	0
BSU_27410	GO:0005778	14	0.7	0
BSU_29580	GO:0005778	14	0.7	0
BSU_04360	GO:0140581	14	0.7	0
BSU_08010	GO:0016020	14	0.7	0
BSU_39110	GO:0002131	14	0.7	0
BSU_25290	GO:0045121	14	0.7	0
BSU_21470	GO:0016757	14	0.7	0
BSU_29580	GO:0019346	14	0.7	0
BSU_08010	GO:0003700	14	0.7	0
BSU_04360	GO:0045121	14	0.7	0
BSU_21470	GO:0071555	14	0.7	0
BSU_25290	GO:0019346	14	0.7	0
BSU_39110	GO:0019346	14	0.7	0
BSU_08010	GO:0019346	14	0.7	0
BSU_04360	GO:0004659	14	0.7	0
BSU_21470	GO:0005524	14	0.7	1
BSU_04360	GO:0030435	14	0.7	0
BSU_25290	GO:0016757	14	0.7	0
BSU_21470	GO:0042802	14	0.7	0
BSU_25290	GO:0016020	14	0.7	0
BSU_25290	GO:0016887	14	0.7	0
BSU_21470	GO:0003824	14	0.7	0
BSU_21470	GO:0003678	14	0.7	0
BSU_27410	GO:0004659	14	0.7	0
BSU_27410	GO:0016020	14	0.7	0
BSU_29580	GO:0006355	14	0.7	0
BSU_11010	GO:0009097	14	0.7	0
BSU_08010	GO:0004359	14	0.7	0
BSU_39110	GO:0048476	14	0.7	0
BSU_25290	GO:0006364	14	0.7	0
BSU_10620	GO:0006364	14	0.7	0
BSU_39110	GO:0003677	14	0.7	0
BSU_25290	GO:0006605	14	0.7	0
BSU_27410	GO:0042126	14	0.7	0
BSU_11010	GO:0003677	14	0.7	0
BSU_29580	GO:0008705	14	0.7	0
BSU_39110	GO:0009229	14	0.7	0
BSU_27410	GO:0006221	14	0.7	0
BSU_29580	GO:0003677	14	0.7	0
BSU_16320	GO:0030163	14	0.7	0
BSU_27410	GO:0009229	14	0.7	0
BSU_08010	GO:0006355	14	0.7	0
BSU_29580	GO:0003677	14	0.7	0
BSU_39110	GO:0006355	14	0.7	0
BSU_29580	GO:0005975	14	0.7	0
BSU_39110	GO:0004525	14	0.7	0
BSU_29580	GO:0009229	14	0.7	1
BSU_25290	GO:0004359	14	0.7	0
BSU_04360	GO:0003677	14	0.7	0
BSU_04360	GO:0008705	14	0.7	0
BSU_27410	GO:0003677	14	0.7	0
BSU_11010	GO:0042126	14	0.7	0
BSU_27410	GO:0008705	14	0.7	0
BSU_11010	GO:0009229	14	0.7	0
BSU_39110	GO:0004359	14	0.7	0
BSU_29580	GO:0004525	14	0.7	0
BSU_29580	GO:0003677	14	0.7	0
BSU_29580	GO:0016746	14	0.7	0
BSU_29580	GO:0006221	14	0.7	0
BSU_21470	GO:0003677	14	0.7	0
BSU_04360	GO:0006364	14	0.7	0
BSU_16320	GO:0006364	14	0.7	0
BSU_25290	GO:0003677	14	0.7	0
BSU_39110	GO:0003677	14	0.7	0
BSU_08010	GO:0016746	14	0.7	0
BSU_21470	GO:0006284	14	0.7	0
BSU_04360	GO:0042126	14	0.7	0
BSU_21470	GO:0006289	14	0.7	0
BSU_11010	GO:0015293	14	0.7	0
BSU_39110	GO:0008705	14	0.7	0
BSU_21470	GO:0015293	14	0.7	0
BSU_25290	GO:0008705	14	0.7	0
BSU_16320	GO:0003677	14	0.7	0
BSU_08010	GO:0009229	14	0.7	0
BSU_16320	GO:0009898	14	0.7	0
BSU_04360	GO:0015293	14	0.7	1
BSU_39110	GO:0005515	14	0.7	0
BSU_11010	GO:0006221	14	0.7	0
BSU_39110	GO:0016746	14	0.7	0
BSU_08010	GO:0003677	14	0.7	0
BSU_25290	GO:0009229	14	0.7	0
BSU_11010	GO:0006520	14	0.7	0
BSU_39110	GO:0015031	14	0.7	0
BSU_04360	GO:0006221	14	0.7	0
BSU_04360	GO:0005515	14	0.7	0
BSU_11010	GO:0009055	14	0.7	0
BSU_25290	GO:0016746	14	0.7	0
BSU_04360	GO:0006605	14	0.7	0
BSU_27250	GO:0006284	13	0.65	0
BSU_37150	GO:0005737	13	0.65	0
BSU_40100	GO:0003824	13	0.65	0
BSU_27480	GO:0046872	13	0.65	0
BSU_35160	GO:0009898	13	0.65	0
BSU_27250	GO:0005515	13	0.65	0
BSU_33430	GO:0009061	13	0.65	0
BSU_13040	GO:0045333	13	0.65	0
BSU_35240	GO:0003824	13	0.65	0
BSU_29600	GO:0016757	13	0.65	0
BSU_29020	GO:0019346	13	0.65	0
BSU_29080	GO:0009099	13	0.65	0
BSU_13040	GO:0009061	13	0.65	0
BSU_27480	GO:0015031	13	0.65	0
BSU_37150	GO:0009099	13	0.65	0
BSU_29080	GO:0005737	13	0.65	0
BSU_00680	GO:0019346	13	0.65	0
BSU_23110	GO:0071555	13	0.65	0
BSU_40100	GO:0003746	13	0.65	0
BSU_11820	GO:0019346	13	0.65	0
BSU_33430	GO:0000287	13	0.65	0
BSU_35240	GO:0003677	13	0.65	0
BSU_27480	GO:0003700	13	0.65	0
BSU_40100	GO:0016874	13	0.65	0
BSU_28080	GO:0000287	13	0.65	0
BSU_29080	GO:0003700	13	0.65	0
BSU_33430	GO:0016874	13	0.65	0
BSU_29600	GO:0071555	13	0.65	0
BSU_33430	GO:0005515	13	0.65	0
BSU_13040	GO:0000287	13	0.65	0
BSU_13040	GO:0005515	13	0.65	0
BSU_29020	GO:0003677	13	0.65	0
BSU_29020	GO:0006284	13	0.65	0
BSU_26690	GO:0071555	13	0.65	0
BSU_33430	GO:0003824	13	0.65	0
BSU_40100	GO:0009061	13	0.65	0
BSU_40100	GO:0003824	13	0.65	0
BSU_37150	GO:0000287	13	0.65	0
BSU_37150	GO:0005737	13	0.65	0
BSU_33430	GO:0003746	13	0.65	0
BSU_23110	GO:0042802	13	0.65	0
BSU_00500	GO:0006065	13	0.65	0
BSU_16090	GO:0006284	13	0.65	0
BSU_23110	GO:0003824	13	0.65	0
BSU_23110	GO:0016757	13	0.65	0
BSU_35160	GO:0044780	13	0.65	0
BSU_40100	GO:0005515	13	0.65	0
BSU_29020	GO:0009061	13	0.65	0
BSU_16090	GO:0019346	13	0.65	0
BSU_29020	GO:0042802	13	0.65	0
BSU_27480	GO:0004747	13	0.65	0
BSU_14530	GO:0003676	13	0.65	0
BSU_37150	GO:0000287	13	0.65	0
BSU_13040	GO:0000287	13	0.65	0
BSU_40100	GO:0003677	13	0.65	0
BSU_28080	GO:0000287	13	0.65	0
BSU_33430	GO:0003677	13	0.65	0
BSU_40100	GO:0016020	13	0.65	0
BSU_29080	GO:0006779	13	0.65	0
BSU_40100	GO:0003678	13	0.65	0
BSU_23110	GO:0046933	13	0.65	0
BSU_16090	GO:0003962	13	0.65	0
BSU_29080	GO:0004407	13	0.65	0
BSU_29080	GO:0009061	13	0.65	0
BSU_33430	GO:0000287	13	0.65	0
BSU_37150	GO:0009061	13	0.65	0
BSU_29080	GO:0000287	13	0.65	0
BSU_16090	GO:0042802	13	0.65	0
BSU_28080	GO:0009061	13	0.65	0
BSU_16090	GO:0003746	13	0.65	0
BSU_23110	GO:0003746	13	0.65	0
BSU_27250	GO:0016887	13	0.65	0
BSU_23110	GO:0071555	13	0.65	0
BSU_00500	GO:0051992	13	0.65	0
BSU_27480	GO:0005778	13	0.65	0
BSU_11820	GO:0003962	13	0.65	0
BSU_14530	GO:0006284	13	0.65	0
BSU_00680	GO:0003676	13	0.65	0
BSU_00680	GO:0006284	13	0.65	0
BSU_40100	GO:0046933	13	0.65	0
BSU_11820	GO:0002131	13	0.65	0
BSU_27480	GO:0000287	13	0.65	0
BSU_11820	GO:0000287	13	0.65	0
BSU_16090	GO:0003678	13	0.65	0
BSU_16090	GO:0006520	13	0.65	0
BSU_29080	GO:0006950	13	0.65	0
BSU_40100	GO:0005737	13	0.65	0
BSU_23110	GO:0003678	13	0.65	0
BSU_14530	GO:0009898	13	0.65	0
BSU_13040	GO:0009099	13	0.65	0
BSU_28080	GO:0004312	13	0.65	0
BSU_37150	GO:0003824	13	0.65	0
BSU_37150	GO:0004312	13	0.65	0
BSU_28080	GO:0003824	13	0.65	0
BSU_40100	GO:0000287	13	0.65	0
BSU_35240	GO:0006950	13	0.65	0
BSU_23110	GO:0004747	13	0.65	0
BSU_23110	GO:0006950	13	0.65	0
BSU_00500	GO:0004312	13	0.65	0
BSU_40100	GO:0042802	13	0.65	0
BSU_27250	GO:0003677	13	0.65	0
BSU_23110	GO:0042802	13	0.65	0
BSU_16090	GO:0009061	13	0.65	0
BSU_11820	GO:0016746	13	0.65	0
BSU_29020	GO:0003962	13	0.65	0
BSU_00500	GO:0003962	13	0.65	0
BSU_27480	GO:0006950	13	0.65	0
BSU_00680	GO:0002131	13	0.65	0
BSU_26690	GO:0016491	13	0.65	0
BSU_27250	GO:0003678	13	0.65	0
BSU_27480	GO:0003962	13	0.65	0
BSU_29600	GO:0016491	13	0.65	0
BSU_16090	GO:0003677	13	0.65	0
BSU_23110	GO:0006520	13	0.65	0
BSU_28080	GO:0003962	13	0.65	0
BSU_29020	GO:0003678	13	0.65	0
BSU_23110	GO:0003677	13	0.65	0
BSU_23110	GO:0016874	13	0.65	0
BSU_00500	GO:0009061	13	0.65	0
BSU_37150	GO:0006950	13	0.65	0
BSU_33430	GO:0003824	13	0.65	0
BSU_16090	GO:0004527	13	0.65	0
BSU_28080	GO:0009099	13	0.65	0
BSU_37150	GO:0043754	13	0.65	0
BSU_40100	GO:0015031	13	0.65	0
BSU_28080	GO:0004659	13	0.65	0
BSU_00680	GO:0000049	13	0.65	0
BSU_00500	GO:0004659	13	0.65	0
BSU_29080	GO:0016682	13	0.65	0
BSU_11820	GO:0042802	13	0.65	0
BSU_27480	GO:0006520	13	0.65	0
BSU_37150	GO:0016682	13	0.65	0
BSU_29080	GO:0090729	13	0.65	0
BSU_13040	GO:0016682	13	0.65	0
BSU_16090	GO:0016746	13	0.65	0
BSU_35240	GO:0046872	13	0.65	0
BSU_11820	GO:0000049	13	0.65	0
BSU_26690	GO:0030435	13	0.65	0
BSU_29600	GO:0030435	13	0.65	0
BSU_29080	GO:0005737	13	0.65	0
BSU_11820	GO:0009898	13	0.65	0
BSU_40100	GO:0030435	13	0.65	0
BSU_27250	GO:0016746	13	0.65	0
BSU_23110	GO:0015031	13	0.65	0
BSU_37150	GO:0004659	13	0.65	0
BSU_28080	GO:0006541	13	0.65	0
BSU_13040	GO:0004659	13	0.65	0
BSU_40100	GO:0043754	13	0.65	0
BSU_27250	GO:0009252	13	0.65	0
BSU_29080	GO:0006541	13	0.65	0
BSU_40100	GO:0042802	13	0.65	0
BSU_16090	GO:0004659	13	0.65	0
BSU_23110	GO:0030435	13	0.65	0
BSU_11820	GO:0043754	13	0.65	0
BSU_00500	GO:0042802	13	0.65	0
BSU_29080	GO:0005737	13	0.65	0
BSU_14530	GO:0044780	13	0.65	0
BSU_00680	GO:0030163	13	0.65	0
BSU_29020	GO:0046872	13	0.65	0
BSU_23110	GO:0006526	13	0.65	0
BSU_40100	GO:0009097	13	0.65	0
BSU_27480	GO:0006526	13	0.65	0
BSU_29020	GO:0006526	13	0.65	0
BSU_23110	GO:0032993	13	0.65	0
BSU_16090	GO:0006526	13	0.65	0
BSU_33430	GO:0016787	13	0.65	0
BSU_40100	GO:0016787	13	0.65	0
BSU_16090	GO:0042802	13	0.65	0
BSU_23110	GO:0044780	13	0.65	0
BSU_29600	GO:0046872	13	0.65	0
BSU_26690	GO:0046872	13	0.65	0
BSU_27250	GO:0006526	13	0.65	0
BSU_27480	GO:0016746	13	0.65	0
BSU_00680	GO:0009097	13	0.65	0
BSU_33430	GO:0016682	13	0.65	0
BSU_00680	GO:0009898	13	0.65	0
BSU_00500	GO:0016682	13	0.65	0
BSU_33430	GO:0004659	13	0.65	0
BSU_00500	GO:0006541	13	0.65	0
BSU_00680	GO:0042802	13	0.65	0
BSU_27250	GO:0042802	13	0.65	0
BSU_27480	GO:0032300	13	0.65	0
BSU_28080	GO:0016682	13	0.65	0
BSU_00680	GO:0006526	13	0.65	0
BSU_16090	GO:0000049	13	0.65	0
BSU_37150	GO:0005737	13	0.65	0
BSU_23110	GO:0016787	13	0.65	0
BSU_13040	GO:0005737	13	0.65	0
BSU_11820	GO:0005515	13	0.65	0
BSU_29020	GO:0016746	13	0.65	0
BSU_40100	GO:0000049	13	0.65	0
BSU_37150	GO:0000049	13	0.65	0
BSU_29020	GO:0042802	13	0.65	0
BSU_11820	GO:0046872	13	0.65	0
BSU_29020	GO:0009252	13	0.65	0
BSU_29020	GO:0008253	13	0.65	0
BSU_27250	GO:0046872	13	0.65	0
BSU_40100	GO:0005737	13	0.65	0
BSU_11820	GO:0005515	13	0.65	0
BSU_29020	GO:0003678	13	0.65	0
BSU_27250	GO:0003678	13	0.65	0
BSU_29020	GO:0016757	13	0.65	0
BSU_16090	GO:0016757	13	0.65	0
BSU_14530	GO:0003678	13	0.65	0
BSU_00680	GO:0003824	13	0.65	0
BSU_35240	GO:0016757	13	0.65	0
BSU_16090	GO:0009097	13	0.65	0
BSU_29080	GO:0030288	13	0.65	0
BSU_33430	GO:0009097	13	0.65	0
BSU_11820	GO:0044780	13	0.65	0
BSU_16090	GO:0003678	13	0.65	0
BSU_00500	GO:0009097	13	0.65	0
BSU_13040	GO:0006520	13	0.65	0
BSU_37150	GO:0005737	13	0.65	0
BSU_35240	GO:0003824	13	0.65	0
BSU_00500	GO:0019346	13	0.65	0
BSU_00500	GO:0009099	13	0.65	0
BSU_35240	GO:0008253	13	0.65	0
BSU_33430	GO:0009099	13	0.65	0
BSU_23110	GO:0003824	13	0.65	0
BSU_16090	GO:0009099	13	0.65	0
BSU_27480	GO:0019346	13	0.65	0
BSU_35240	GO:0005737	13	0.65	0
BSU_29080	GO:0003676	13	0.65	0
BSU_28080	GO:0019346	13	0.65	0
BSU_16090	GO:0009898	13	0.65	0
BSU_40100	GO:0009097	13	0.65	0
BSU_29600	GO:0034220	13	0.65	0
BSU_23110	GO:0003678	13	0.65	0
BSU_29020	GO:0006520	13	0.65	0
BSU_00500	GO:0042126	13	0.65	0
BSU_28080	GO:0009097	13	0.65	0
BSU_13040	GO:0009097	13	0.65	0
BSU_37150	GO:0042126	13	0.65	0
BSU_37150	GO:0032300	13	0.65	0
BSU_28080	GO:0032300	13	0.65	0
BSU_27480	GO:0003676	13	0.65	0
BSU_23110	GO:0032300	13	0.65	0
BSU_16090	GO:0044780	13	0.65	0
BSU_40100	GO:0046872	13	0.65	0
BSU_29600	GO:0071555	13	0.65	0
BSU_29080	GO:0032300	13	0.65	0
BSU_16090	GO:0032300	13	0.65	0
BSU_29080	GO:0005506	13	0.65	0
BSU_35240	GO:0044780	13	0.65	0
BSU_29080	GO:0004659	13	0.65	0
BSU_29080	GO:0042126	13	0.65	0
BSU_40100	GO:0046872	13	0.65	0
BSU_40100	GO:0009099	13	0.65	0
BSU_40100	GO:0071555	13	0.65	0
BSU_37150	GO:0009097	13	0.65	0
BSU_29020	GO:0044780	13	0.65	0
BSU_29080	GO:0009097	13	0.65	0
BSU_00680	GO:0044780	13	0.65	0
BSU_37150	GO:0005737	13	0.65	0
BSU_29080	GO:0005737	13	0.65	0
BSU_28080	GO:0042126	13	0.65	0
BSU_00680	GO:0003678	13	0.65	0
BSU_35160	GO:0003678	13	0.65	0
BSU_40100	GO:0016020	13	0.65	0
BSU_37150	GO:0005737	13	0.65	0
BSU_00500	GO:0003676	13	0.65	0
BSU_13040	GO:0005737	13	0.65	0
BSU_33430	GO:0005737	13	0.65	0
BSU_29600	GO:0046942	13	0.65	0
BSU_26690	GO:0046942	13	0.65	0
BSU_16090	GO:0042126	13	0.65	0
BSU_33430	GO:0000287	13	0.65	0
BSU_26690	GO:0034220	13	0.65	0
BSU_27250	GO:0006221	13	0.65	0
BSU_37150	GO:0008705	13	0.65	0
BSU_11820	GO:0015833	13	0.65	0
BSU_40100	GO:0016887	13	0.65	0
BSU_13040	GO:0006508	13	0.65	0
BSU_35240	GO:0006096	13	0.65	0
BSU_16090	GO:0140663	13	0.65	0
BSU_27250	GO:0005886	13	0.65	0
BSU_27250	GO:0019464	13	0.65	0
BSU_13040	GO:0006096	13	0.65	0
BSU_37150	GO:0019464	13	0.65	0
BSU_28080	GO:0006508	13	0.65	0
BSU_33430	GO:0006096	13	0.65	0
BSU_29020	GO:0006096	13	0.65	0
BSU_23110	GO:0140663	13	0.65	0
BSU_37150	GO:0006096	13	0.65	0
BSU_37150	GO:0006508	13	0.65	0
BSU_27480	GO:0015833	13	0.65	0
BSU_00500	GO:0004850	13	0.65	0
BSU_40100	GO:0008705	13	0.65	0
BSU_27480	GO:0005515	13	0.65	0
BSU_40100	GO:0052656	13	0.65	0
BSU_33430	GO:0005829	13	0.65	0
BSU_35240	GO:0016887	13	0.65	0
BSU_00500	GO:0005829	13	0.65	0
BSU_23110	GO:0005515	13	0.65	0
BSU_28080	GO:0005829	13	0.65	0
BSU_00680	GO:0000725	13	0.65	0
BSU_13040	GO:0005829	13	0.65	0
BSU_29080	GO:0006508	13	0.65	0
BSU_00680	GO:0016874	13	0.65	0
BSU_37150	GO:0005737	13	0.65	0
BSU_29080	GO:0005829	13	0.65	0
BSU_40100	GO:0140663	13	0.65	0
BSU_33430	GO:0140663	13	0.65	0
BSU_00500	GO:0006508	13	0.65	0
BSU_37150	GO:0004088	13	0.65	0
BSU_40100	GO:0006096	13	0.65	0
BSU_40100	GO:0015833	13	0.65	0
BSU_16090	GO:0006508	13	0.65	0
BSU_29020	GO:0009103	13	0.65	0
BSU_40100	GO:0036402	13	0.65	0
BSU_33430	GO:0036402	13	0.65	0
BSU_29600	GO:0140663	13	0.65	0
BSU_33430	GO:0004088	13	0.65	0
BSU_40100	GO:0019464	13	0.65	0
BSU_11820	GO:0005515	13	0.65	0
BSU_16090	GO:0006096	13	0.65	0
BSU_40100	GO:0004088	13	0.65	0
BSU_00680	GO:0009103	13	0.65	0
BSU_28080	GO:0004850	13	0.65	0
BSU_29080	GO:0005515	13	0.65	0
BSU_11820	GO:0009229	13	0.65	0
BSU_27480	GO:0048476	13	0.65	0
BSU_16090	GO:0009103	13	0.65	0
BSU_40100	GO:0000725	13	0.65	0
BSU_16090	GO:0004088	13	0.65	0
BSU_33430	GO:0006508	13	0.65	0
BSU_40100	GO:0005515	13	0.65	0
BSU_16090	GO:0006221	13	0.65	0
BSU_29080	GO:0004850	13	0.65	0
BSU_33430	GO:0032259	13	0.65	0
BSU_00500	GO:0004312	13	0.65	0
BSU_11820	GO:0006096	13	0.65	0
BSU_16090	GO:0030163	13	0.65	0
BSU_29020	GO:0005829	13	0.65	0
BSU_35240	GO:0009103	13	0.65	0
BSU_23110	GO:0004088	13	0.65	0
BSU_37150	GO:0004850	13	0.65	0
BSU_16090	GO:0000725	13	0.65	0
BSU_13040	GO:0004850	13	0.65	0
BSU_11820	GO:0046933	13	0.65	0
BSU_23110	GO:0016491	13	0.65	0
BSU_37150	GO:0016746	13	0.65	0
BSU_23110	GO:0016887	13	0.65	0
BSU_16090	GO:0005504	13	0.65	0
BSU_40100	GO:0005737	13	0.65	0
BSU_11820	GO:0046872	13	0.65	0
BSU_35240	GO:0051726	13	0.65	0
BSU_35160	GO:0030163	13	0.65	0
BSU_11820	GO:0048476	13	0.65	0
BSU_11820	GO:0006221	13	0.65	0
BSU_33430	GO:0000287	13	0.65	0
BSU_40100	GO:0000287	13	0.65	0
BSU_00680	GO:0004527	13	0.65	0
BSU_29020	GO:0051726	13	0.65	0
BSU_37150	GO:0005504	13	0.65	0
BSU_11820	GO:0008705	13	0.65	0
BSU_29600	GO:0016887	13	0.65	0
BSU_29600	GO:0009401	13	0.65	0
BSU_11820	GO:0004527	13	0.65	0
BSU_40100	GO:0006412	13	0.65	0
BSU_33430	GO:0005737	13	0.65	0
BSU_29080	GO:0019556	13	0.65	0
BSU_29080	GO:0048476	13	0.65	0
BSU_27480	GO:0051775	13	0.65	0
BSU_00680	GO:0008705	13	0.65	0
BSU_00680	GO:0006508	13	0.65	0
BSU_35160	GO:0004527	13	0.65	0
BSU_23110	GO:0006412	13	0.65	0
BSU_11820	GO:0006508	13	0.65	0
BSU_29020	GO:0006508	13	0.65	0
BSU_33430	GO:0006412	13	0.65	0
BSU_29080	GO:0051775	13	0.65	0
BSU_37150	GO:0005886	13	0.65	0
BSU_27480	GO:0019556	13	0.65	0
BSU_27480	GO:0046872	13	0.65	0
BSU_23110	GO:0000287	13	0.65	0
BSU_16090	GO:0006508	13	0.65	0
BSU_26690	GO:0009401	13	0.65	0
BSU_40100	GO:0003924	13	0.65	0
BSU_35160	GO:0000725	13	0.65	0
BSU_11820	GO:0005515	13	0.65	0
BSU_27480	GO:0005515	13	0.65	0
BSU_16090	GO:0006526	13	0.65	0
BSU_00500	GO:0005515	13	0.65	0
BSU_16090	GO:0008705	13	0.65	0
BSU_28080	GO:0005515	13	0.65	0
BSU_33430	GO:0006526	13	0.65	0
BSU_13040	GO:0005504	13	0.65	0
BSU_33430	GO:0005504	13	0.65	0
BSU_40100	GO:0005504	13	0.65	0
BSU_40100	GO:0006526	13	0.65	0
BSU_00500	GO:0051726	13	0.65	0
BSU_29020	GO:0005504	13	0.65	0
BSU_40100	GO:0016746	13	0.65	0
BSU_40100	GO:0016887	13	0.65	0
BSU_11820	GO:0032259	13	0.65	0
BSU_23110	GO:0006526	13	0.65	0
BSU_27250	GO:0032259	13	0.65	0
BSU_11820	GO:0016746	13	0.65	0
BSU_29080	GO:1990169	13	0.65	0
BSU_37150	GO:0051726	13	0.65	0
BSU_00680	GO:0003677	13	0.65	0
BSU_33430	GO:0003924	13	0.65	0
BSU_29020	GO:0004527	13	0.65	0
BSU_11820	GO:0005504	13	0.65	0
BSU_27250	GO:0004525	13	0.65	0
BSU_23110	GO:0016887	13	0.65	0
BSU_37150	GO:0006526	13	0.65	0
BSU_27250	GO:0005515	13	0.65	0
BSU_23110	GO:0003924	13	0.65	0
BSU_40100	GO:0046872	13	0.65	0
BSU_27480	GO:0005886	13	0.65	0
BSU_14530	GO:0030163	13	0.65	0
BSU_35240	GO:0004527	13	0.65	0
BSU_00680	GO:0005515	13	0.65	0
BSU_27250	GO:0005829	13	0.65	0
BSU_11820	GO:0003676	13	0.65	0
BSU_14530	GO:0005829	13	0.65	0
BSU_35160	GO:0140581	13	0.65	0
BSU_13040	GO:0004315	13	0.65	0
BSU_29080	GO:0005737	13	0.65	0
BSU_33430	GO:0004315	13	0.65	0
BSU_40100	GO:0004315	13	0.65	0
BSU_37150	GO:0005737	13	0.65	0
BSU_40100	GO:0140581	13	0.65	0
BSU_26690	GO:0009401	13	0.65	0
BSU_29600	GO:0009401	13	0.65	0
BSU_13040	GO:0005737	13	0.65	0
BSU_14530	GO:0006285	13	0.65	0
BSU_00680	GO:0006285	13	0.65	0
BSU_33430	GO:0070681	13	0.65	0
BSU_29020	GO:0002131	13	0.65	0
BSU_40100	GO:0005778	13	0.65	0
BSU_27480	GO:0002131	13	0.65	0
BSU_27250	GO:0004315	13	0.65	0
BSU_35240	GO:0046872	13	0.65	0
BSU_11820	GO:0006285	13	0.65	0
BSU_33430	GO:0005737	13	0.65	0
BSU_29020	GO:0019344	13	0.65	0
BSU_16090	GO:0003677	13	0.65	0
BSU_11820	GO:0140581	13	0.65	0
BSU_23110	GO:0019344	13	0.65	0
BSU_16090	GO:0019344	13	0.65	0
BSU_00500	GO:0002131	13	0.65	0
BSU_40100	GO:0019344	13	0.65	0
BSU_33430	GO:0003677	13	0.65	0
BSU_40100	GO:0003677	13	0.65	0
BSU_00500	GO:0004315	13	0.65	0
BSU_40100	GO:0070681	13	0.65	0
BSU_40100	GO:0016020	13	0.65	0
BSU_35160	GO:0006285	13	0.65	0
BSU_29020	GO:0016887	13	0.65	0
BSU_40100	GO:0016887	13	0.65	0
BSU_33430	GO:0016887	13	0.65	0
BSU_33430	GO:0005778	13	0.65	0
BSU_00680	GO:0003677	13	0.65	0
BSU_00680	GO:0003678	13	0.65	0
BSU_35160	GO:0006284	13	0.65	0
BSU_27250	GO:0002131	13	0.65	0
BSU_00680	GO:0005778	13	0.65	0
BSU_16090	GO:0003676	13	0.65	0
BSU_40100	GO:0042126	13	0.65	0
BSU_40100	GO:0000287	13	0.65	0
BSU_13040	GO:0042126	13	0.65	0
BSU_23110	GO:0005737	13	0.65	0
BSU_33430	GO:0005524	13	0.65	0
BSU_23110	GO:0034220	13	0.65	0
BSU_11820	GO:0006284	13	0.65	0
BSU_11820	GO:0005778	13	0.65	0
BSU_35240	GO:0005737	13	0.65	0
BSU_40100	GO:0005524	13	0.65	0
BSU_35240	GO:0005829	13	0.65	0
BSU_16090	GO:0002131	13	0.65	0
BSU_23110	GO:0140581	13	0.65	0
BSU_16090	GO:0005778	13	0.65	0
BSU_29020	GO:0042126	13	0.65	0
BSU_33430	GO:0052656	13	0.65	0
BSU_35240	GO:0140581	13	0.65	0
BSU_16090	GO:0016887	13	0.65	0
BSU_27250	GO:0006285	13	0.65	0
BSU_23110	GO:0016887	13	0.65	0
BSU_16090	GO:0006285	13	0.65	0
BSU_35160	GO:0003678	13	0.65	0
BSU_00680	GO:0003962	13	0.65	0
BSU_35240	GO:0071555	13	0.65	0
BSU_35160	GO:0003676	13	0.65	0
BSU_23110	GO:0005778	13	0.65	0
BSU_29020	GO:0006285	13	0.65	0
BSU_00680	GO:0016887	13	0.65	0
BSU_40100	GO:0005737	13	0.65	0
BSU_11820	GO:0030163	13	0.65	0
BSU_11820	GO:0006526	13	0.65	0
BSU_29080	GO:0005737	13	0.65	0
BSU_27480	GO:0046872	13	0.65	0
BSU_29020	GO:0046872	13	0.65	0
BSU_35160	GO:0006221	13	0.65	0
BSU_35240	GO:0030152	13	0.65	0
BSU_29020	GO:0006221	13	0.65	0
BSU_37150	GO:0005886	13	0.65	0
BSU_29080	GO:0030152	13	0.65	0
BSU_37150	GO:0030152	13	0.65	0
BSU_13040	GO:0030152	13	0.65	0
BSU_35240	GO:0006221	13	0.65	0
BSU_28080	GO:0030152	13	0.65	0
BSU_00500	GO:0008705	13	0.65	0
BSU_35240	GO:0005886	13	0.65	0
BSU_00500	GO:0030152	13	0.65	0
BSU_28080	GO:0008705	13	0.65	0
BSU_00680	GO:0006221	13	0.65	0
BSU_33430	GO:0008705	13	0.65	0
BSU_11820	GO:0046872	13	0.65	0
BSU_29020	GO:0000725	13	0.65	0
BSU_33430	GO:0004850	13	0.65	0
BSU_23110	GO:0097588	13	0.65	0
BSU_27250	GO:0000725	13	0.65	0
BSU_23110	GO:0015833	13	0.65	0
BSU_27480	GO:0005886	13	0.65	0
BSU_40100	GO:0097588	13	0.65	0
BSU_37150	GO:0006400	13	0.65	0
BSU_35240	GO:0015833	13	0.65	0
BSU_23110	GO:0009103	13	0.65	0
BSU_28080	GO:0006400	13	0.65	0
BSU_40100	GO:0006508	13	0.65	0
BSU_16090	GO:0009229	13	0.65	0
BSU_35240	GO:0016874	13	0.65	0
BSU_29600	GO:0009103	13	0.65	0
BSU_33430	GO:0030152	13	0.65	0
BSU_13040	GO:0008705	13	0.65	0
BSU_23110	GO:0046872	13	0.65	0
BSU_00500	GO:0006281	13	0.65	0
BSU_40100	GO:0016020	13	0.65	0
BSU_37150	GO:0005886	13	0.65	0
BSU_33430	GO:0005829	13	0.65	0
BSU_23110	GO:0000725	13	0.65	0
BSU_40100	GO:0006520	13	0.65	0
BSU_28080	GO:0002131	13	0.65	0
BSU_00500	GO:0005829	13	0.65	0
BSU_00680	GO:0140581	13	0.65	0
BSU_28080	GO:0005829	13	0.65	0
BSU_33430	GO:0006520	13	0.65	0
BSU_13040	GO:0019344	13	0.65	0
BSU_13040	GO:0005829	13	0.65	0
BSU_29080	GO:0005829	13	0.65	0
BSU_40100	GO:0016020	13	0.65	0
BSU_00680	GO:0003746	13	0.65	0
BSU_23110	GO:0006508	13	0.65	0
BSU_27250	GO:0016874	13	0.65	0
BSU_27480	GO:0016020	13	0.65	0
BSU_27250	GO:0046872	13	0.65	0
BSU_40100	GO:0009229	13	0.65	0
BSU_16090	GO:0030152	13	0.65	0
BSU_23110	GO:0005829	13	0.65	0
BSU_40100	GO:0005515	13	0.65	0
BSU_37150	GO:0009229	13	0.65	0
BSU_33430	GO:0042126	13	0.65	0
BSU_35160	GO:0005829	13	0.65	0
BSU_11820	GO:0003746	13	0.65	0
BSU_29080	GO:0005886	13	0.65	0
BSU_35240	GO:0003677	13	0.65	0
BSU_23110	GO:0048476	13	0.65	0
BSU_27480	GO:0016020	13	0.65	0
BSU_29020	GO:0005778	13	0.65	0
BSU_27480	GO:0006281	13	0.65	0
BSU_28080	GO:0016746	13	0.65	0
BSU_23110	GO:0003677	13	0.65	0
BSU_27480	GO:0032993	13	0.65	0
BSU_37150	GO:0005515	13	0.65	1
BSU_35240	GO:0042802	13	0.65	1
BSU_23110	GO:0016829	13	0.65	0
BSU_15770	GO:0005886	13	0.65	1
BSU_35240	GO:0090529	13	0.65	0
BSU_35240	GO:0005737	13	0.65	0
BSU_40100	GO:0065002	13	0.65	0
BSU_35160	GO:0006364	13	0.65	0
BSU_40100	GO:0008320	13	0.65	0
BSU_27250	GO:0006541	13	0.65	0
BSU_27480	GO:0016020	13	0.65	0
BSU_40100	GO:0065002	13	0.65	0
BSU_29080	GO:0016887	13	0.65	0
BSU_11820	GO:0008137	13	0.65	0
BSU_26690	GO:1902475	13	0.65	1
BSU_11820	GO:0006289	13	0.65	0
BSU_33430	GO:0008137	13	0.65	0
BSU_15770	GO:0005524	13	0.65	1
BSU_29020	GO:0016788	13	0.65	0
BSU_29080	GO:0005576	13	0.65	0
BSU_29600	GO:0006605	13	0.65	0
BSU_29020	GO:0090529	13	0.65	0
BSU_28080	GO:0016887	13	0.65	0
BSU_29020	GO:0006541	13	0.65	0
BSU_11820	GO:0005737	13	0.65	1
BSU_23110	GO:0005737	13	0.65	0
BSU_23110	GO:0003677	13	0.65	0
BSU_33430	GO:0016763	13	0.65	0
BSU_37150	GO:0016887	13	0.65	0
BSU_00500	GO:0045121	13	0.65	0
BSU_35240	GO:0051287	13	0.65	0
BSU_27480	GO:0005576	13	0.65	0
BSU_33430	GO:0033554	13	0.65	0
BSU_00680	GO:0051287	13	0.65	0
BSU_27250	GO:0033592	13	0.65	0
BSU_00680	GO:1902600	13	0.65	0
BSU_29080	GO:0006310	13	0.65	0
BSU_16690	GO:0005515	13	0.65	1
BSU_16090	GO:0006364	13	0.65	0
BSU_35160	GO:0009432	13	0.65	1
BSU_16090	GO:0032993	13	0.65	0
BSU_16690	GO:0005737	13	0.65	1
BSU_28080	GO:0004359	13	0.65	0
BSU_27480	GO:0016491	13	0.65	0
BSU_35240	GO:0006364	13	0.65	0
BSU_00500	GO:0004359	13	0.65	0
BSU_27480	GO:0004359	13	0.65	0
BSU_14530	GO:0006289	13	0.65	0
BSU_35160	GO:0008270	13	0.65	1
BSU_33430	GO:0004783	13	0.65	1
BSU_23110	GO:0016887	13	0.65	0
BSU_27480	GO:0032357	13	0.65	0
BSU_00500	GO:0008763	13	0.65	0
BSU_40100	GO:0045121	13	0.65	0
BSU_29020	GO:0006289	13	0.65	0
BSU_14530	GO:0004519	13	0.65	1
BSU_33430	GO:0030488	13	0.65	0
BSU_23110	GO:0008233	13	0.65	0
BSU_23110	GO:0065002	13	0.65	0
BSU_00680	GO:0006364	13	0.65	0
BSU_00500	GO:0090529	13	0.65	0
BSU_27250	GO:0000049	13	0.65	0
BSU_33430	GO:0005737	13	0.65	0
BSU_23110	GO:0033554	13	0.65	0
BSU_23110	GO:0008320	13	0.65	0
BSU_29020	GO:0006364	13	0.65	0
BSU_23110	GO:0065002	13	0.65	0
BSU_35240	GO:0005524	13	0.65	0
BSU_16090	GO:0006289	13	0.65	0
BSU_11820	GO:0009097	13	0.65	0
BSU_11820	GO:0006364	13	0.65	0
BSU_35160	GO:1902600	13	0.65	0
BSU_27250	GO:0032993	13	0.65	0
BSU_27250	GO:0006289	13	0.65	0
BSU_00680	GO:0006289	13	0.65	0
BSU_29080	GO:0005737	13	0.65	0
BSU_16090	GO:1902600	13	0.65	0
BSU_16090	GO:0030435	13	0.65	0
BSU_00500	GO:0006281	13	0.65	0
BSU_29080	GO:0032357	13	0.65	0
BSU_40100	GO:0020037	13	0.65	0
BSU_35240	GO:0005886	13	0.65	0
BSU_23110	GO:0030435	13	0.65	0
BSU_16090	GO:0016887	13	0.65	0
BSU_29080	GO:0030435	13	0.65	0
BSU_37150	GO:0005737	13	0.65	0
BSU_37150	GO:0006417	13	0.65	0
BSU_14530	GO:0051287	13	0.65	0
BSU_40100	GO:0033554	13	0.65	0
BSU_28080	GO:0016763	13	0.65	0
BSU_13040	GO:0005737	13	0.65	0
BSU_37150	GO:0071555	13	0.65	0
BSU_23110	GO:1902600	13	0.65	0
BSU_26690	GO:0015658	13	0.65	1
BSU_23110	GO:0016887	13	0.65	0
BSU_33430	GO:0016020	13	0.65	0
BSU_40100	GO:0016020	13	0.65	0
BSU_29020	GO:0016020	13	0.65	0
BSU_29080	GO:0016763	13	0.65	0
BSU_27480	GO:0030435	13	0.65	0
BSU_11820	GO:0030435	13	0.65	0
BSU_29080	GO:0005737	13	0.65	0
BSU_37150	GO:0016763	13	0.65	0
BSU_23110	GO:0005515	13	0.65	0
BSU_26690	GO:0055085	13	0.65	0
BSU_13040	GO:0016763	13	0.65	0
BSU_33430	GO:0032357	13	0.65	0
BSU_23110	GO:0006605	13	0.65	0
BSU_40100	GO:0030435	13	0.65	0
BSU_40100	GO:0006417	13	0.65	0
BSU_00500	GO:0016763	13	0.65	0
BSU_35160	GO:0051287	13	0.65	0
BSU_27250	GO:0006364	13	0.65	0
BSU_29600	GO:0016301	13	0.65	0
BSU_37150	GO:0016020	13	0.65	0
BSU_29080	GO:0016020	13	0.65	0
BSU_11820	GO:1902600	13	0.65	0
BSU_11820	GO:0032993	13	0.65	0
BSU_16090	GO:0051287	13	0.65	0
BSU_23110	GO:0051287	13	0.65	0
BSU_23110	GO:0008137	13	0.65	0
BSU_35240	GO:0016788	13	0.65	0
BSU_16090	GO:0008137	13	0.65	0
BSU_29020	GO:0008233	13	0.65	0
BSU_40100	GO:0016829	13	0.65	0
BSU_40100	GO:1902600	13	0.65	0
BSU_33430	GO:0016829	13	0.65	0
BSU_00500	GO:0006310	13	0.65	0
BSU_37150	GO:0090529	13	0.65	0
BSU_28080	GO:0016020	13	0.65	0
BSU_29600	GO:0005524	13	0.65	0
BSU_00500	GO:0016020	13	0.65	0
BSU_35240	GO:0008233	13	0.65	1
BSU_40100	GO:0006605	13	0.65	0
BSU_26690	GO:0016301	13	0.65	0
BSU_16090	GO:0016020	13	0.65	0
BSU_26690	GO:0016020	13	0.65	1
BSU_11820	GO:0006417	13	0.65	0
BSU_35160	GO:0009381	13	0.65	1
BSU_27250	GO:0019346	13	0.65	1
BSU_27480	GO:0004527	13	0.65	0
BSU_29600	GO:0055085	13	0.65	0
BSU_29080	GO:0004527	13	0.65	0
BSU_37150	GO:0020037	13	0.65	0
BSU_25210	GO:0046872	13	0.65	1
BSU_29600	GO:0016491	13	0.65	0
BSU_40100	GO:0005737	13	0.65	0
BSU_27480	GO:0005829	13	0.65	0
BSU_16090	GO:0008233	13	0.65	0
BSU_27480	GO:0033592	13	0.65	0
BSU_16090	GO:0016491	13	0.65	0
BSU_11820	GO:0032300	13	0.65	0
BSU_27250	GO:0046872	13	0.65	0
BSU_00500	GO:0009097	13	0.65	0
BSU_28080	GO:0009097	13	0.65	0
BSU_27250	GO:0004359	13	0.65	0
BSU_33430	GO:0016887	13	0.65	0
BSU_23110	GO:0016491	13	0.65	0
BSU_40100	GO:0033592	13	0.65	0
BSU_23110	GO:0015293	13	0.65	0
BSU_27480	GO:0005515	13	0.65	0
BSU_29020	GO:0004359	13	0.65	0
BSU_13040	GO:0009097	13	0.65	0
BSU_37150	GO:0009097	13	0.65	0
BSU_27250	GO:0005829	13	0.65	0
BSU_29020	GO:0032993	13	0.65	0
BSU_00500	GO:0016881	13	0.65	0
BSU_40100	GO:0015293	13	0.65	0
BSU_27250	GO:0030488	13	0.65	0
BSU_00500	GO:0005524	13	0.65	0
BSU_23110	GO:0004783	13	0.65	0
BSU_28080	GO:0046872	13	0.65	1
BSU_26690	GO:0045121	13	0.65	0
BSU_16090	GO:0004783	13	0.65	0
BSU_26690	GO:0016887	13	0.65	0
BSU_33430	GO:0009055	13	0.65	0
BSU_29600	GO:0046872	13	0.65	0
BSU_35240	GO:0005524	13	0.65	0
BSU_40100	GO:0009055	13	0.65	0
BSU_40100	GO:0005524	13	0.65	0
BSU_33430	GO:0009097	13	0.65	0
BSU_29020	GO:0004783	13	0.65	0
BSU_40100	GO:0016020	13	0.65	0
BSU_00680	GO:0032993	13	0.65	0
BSU_27250	GO:0005524	13	0.65	0
BSU_11820	GO:0033592	13	0.65	0
BSU_33430	GO:0005737	13	0.65	0
BSU_40100	GO:0016887	13	0.65	0
BSU_40100	GO:0046872	13	0.65	0
BSU_11820	GO:0004359	13	0.65	0
BSU_23110	GO:0046872	13	0.65	0
BSU_00500	GO:0000287	13	0.65	1
BSU_27480	GO:0042276	13	0.65	0
BSU_11820	GO:0030488	13	0.65	0
BSU_13040	GO:0005737	13	0.65	0
BSU_37150	GO:0005737	13	0.65	0
BSU_00500	GO:0016780	13	0.65	0
BSU_29020	GO:0046872	13	0.65	0
BSU_00500	GO:0032993	13	0.65	0
BSU_11820	GO:0000725	13	0.65	1
BSU_16090	GO:0033592	13	0.65	0
BSU_29080	GO:0005737	13	0.65	0
BSU_27250	GO:0003962	13	0.65	1
BSU_23110	GO:0005737	13	0.65	0
BSU_40100	GO:0016887	13	0.65	0
BSU_16090	GO:0009097	13	0.65	0
BSU_13040	GO:0004783	13	0.65	0
BSU_29020	GO:0005524	13	0.65	0
BSU_27480	GO:0046872	13	0.65	0
BSU_29080	GO:0016757	13	0.65	0
BSU_23110	GO:0009055	13	0.65	0
BSU_33430	GO:0019344	13	0.65	1
BSU_29600	GO:0016887	13	0.65	0
BSU_13040	GO:0016020	13	0.65	0
BSU_00680	GO:0015293	13	0.65	0
BSU_11820	GO:0003678	13	0.65	1
BSU_13040	GO:0004657	13	0.65	0
BSU_00500	GO:0016020	13	0.65	0
BSU_33430	GO:0046872	13	0.65	1
BSU_16090	GO:0004359	13	0.65	0
BSU_29080	GO:0042276	13	0.65	0
BSU_37150	GO:0033592	13	0.65	0
BSU_40100	GO:0008137	13	0.65	1
BSU_38170	GO:0005886	13	0.65	1
BSU_27250	GO:0006397	13	0.65	0
BSU_40100	GO:0005524	13	0.65	0
BSU_40100	GO:0004783	13	0.65	0
BSU_10110	GO:0006364	12	0.6	0
BSU_16750	GO:0009361	12	0.6	0
BSU_39730	GO:0006221	12	0.6	0
BSU_19190	GO:0006826	12	0.6	0
BSU_16780	GO:0015293	12	0.6	0
BSU_37510	GO:0055085	12	0.6	0
BSU_08630	GO:0003723	12	0.6	0
BSU_19190	GO:0065002	12	0.6	0
BSU_00820	GO:0051775	12	0.6	0
BSU_00820	GO:0070681	12	0.6	0
BSU_22830	GO:0030170	12	0.6	0
BSU_07840	GO:0006520	12	0.6	0
BSU_02390	GO:0006520	12	0.6	0
BSU_15510	GO:0004359	12	0.6	1
BSU_35530	GO:0015031	12	0.6	0
BSU_24270	GO:0005737	12	0.6	0
BSU_07840	GO:0004783	12	0.6	0
BSU_23260	GO:0005524	12	0.6	0
BSU_37270	GO:0006605	12	0.6	0
BSU_13150	GO:0048476	12	0.6	0
BSU_22830	GO:0004525	12	0.6	0
BSU_00120	GO:0005524	12	0.6	0
BSU_10110	GO:0006605	12	0.6	0
BSU_22830	GO:0005524	12	0.6	0
BSU_33910	GO:0042126	12	0.6	0
BSU_16750	GO:0006412	12	0.6	0
BSU_33910	GO:0009229	12	0.6	0
BSU_31490	GO:0016020	12	0.6	0
BSU_37510	GO:0016020	12	0.6	0
BSU_23260	GO:0008973	12	0.6	0
BSU_00820	GO:0033554	12	0.6	0
BSU_06660	GO:0015711	12	0.6	0
BSU_08630	GO:0005737	12	0.6	0
BSU_19190	GO:0015031	12	0.6	0
BSU_15190	GO:0009229	12	0.6	0
BSU_33910	GO:0009361	12	0.6	0
BSU_19190	GO:0003677	12	0.6	0
BSU_00120	GO:0009229	12	0.6	0
BSU_00120	GO:0033554	12	0.6	0
BSU_15190	GO:0042126	12	0.6	0
BSU_15510	GO:0016746	12	0.6	0
BSU_29100	GO:0030163	12	0.6	0
BSU_00120	GO:0006412	12	0.6	0
BSU_29920	GO:0016020	12	0.6	0
BSU_00820	GO:0016746	12	0.6	0
BSU_08630	GO:0004783	12	0.6	0
BSU_33910	GO:0004783	12	0.6	0
BSU_15520	GO:0004359	12	0.6	0
BSU_33910	GO:0016020	12	0.6	0
BSU_15190	GO:0055085	12	0.6	0
BSU_19190	GO:0015625	12	0.6	0
BSU_37510	GO:0016020	12	0.6	0
BSU_35530	GO:0006364	12	0.6	0
BSU_29100	GO:0048476	12	0.6	0
BSU_04470	GO:0015031	12	0.6	0
BSU_15930	GO:0003677	12	0.6	0
BSU_33910	GO:0006520	12	0.6	0
BSU_22830	GO:0006546	12	0.6	0
BSU_33910	GO:0016746	12	0.6	0
BSU_31630	GO:0009898	12	0.6	0
BSU_15930	GO:0005886	12	0.6	0
BSU_13150	GO:0016746	12	0.6	0
BSU_00120	GO:0005524	12	0.6	0
BSU_29920	GO:0016746	12	0.6	0
BSU_08630	GO:0051775	12	0.6	0
BSU_23260	GO:0003924	12	0.6	0
BSU_00120	GO:0008973	12	0.6	0
BSU_00820	GO:0030152	12	0.6	0
BSU_22830	GO:0046872	12	0.6	0
BSU_37270	GO:0065002	12	0.6	0
BSU_15510	GO:0046872	12	0.6	0
BSU_31490	GO:0016020	12	0.6	0
BSU_23260	GO:0009229	12	0.6	0
BSU_33910	GO:0005524	12	0.6	0
BSU_23260	GO:0009361	12	0.6	0
BSU_00120	GO:0046872	12	0.6	0
BSU_31490	GO:0015031	12	0.6	0
BSU_33910	GO:0006006	12	0.6	0
BSU_37270	GO:0004783	12	0.6	0
BSU_37510	GO:0015031	12	0.6	0
BSU_27530	GO:0004527	12	0.6	0
BSU_08630	GO:0042126	12	0.6	0
BSU_22830	GO:0003677	12	0.6	0
BSU_15510	GO:0003677	12	0.6	0
BSU_33910	GO:0006412	12	0.6	0
BSU_38550	GO:0006520	12	0.6	0
BSU_29100	GO:0006605	12	0.6	0
BSU_22830	GO:0004177	12	0.6	0
BSU_00820	GO:0005886	12	0.6	0
BSU_19190	GO:1902475	12	0.6	0
BSU_15190	GO:0005737	12	0.6	0
BSU_15930	GO:0016746	12	0.6	0
BSU_00820	GO:0071555	12	0.6	0
BSU_15510	GO:0003677	12	0.6	0
BSU_00820	GO:0006355	12	0.6	0
BSU_39730	GO:0042126	12	0.6	0
BSU_00820	GO:0009229	12	0.6	0
BSU_13150	GO:0004527	12	0.6	0
BSU_00120	GO:0009361	12	0.6	0
BSU_16750	GO:0008973	12	0.6	0
BSU_37270	GO:0008705	12	0.6	0
BSU_27530	GO:0003700	12	0.6	0
BSU_35530	GO:0016757	12	0.6	1
BSU_22830	GO:0071555	12	0.6	0
BSU_15510	GO:0004525	12	0.6	0
BSU_23260	GO:0042823	12	0.6	0
BSU_22830	GO:0003700	12	0.6	0
BSU_07840	GO:0033554	12	0.6	0
BSU_07840	GO:0042126	12	0.6	0
BSU_00820	GO:0030170	12	0.6	0
BSU_15520	GO:0016746	12	0.6	0
BSU_00820	GO:0003723	12	0.6	0
BSU_10110	GO:0006284	12	0.6	0
BSU_31630	GO:0015293	12	0.6	0
BSU_00820	GO:0004783	12	0.6	0
BSU_27530	GO:0015031	12	0.6	0
BSU_04470	GO:0006520	12	0.6	0
BSU_23260	GO:0005524	12	0.6	0
BSU_00820	GO:0004177	12	0.6	0
BSU_35470	GO:0030163	12	0.6	0
BSU_00120	GO:0004783	12	0.6	0
BSU_15510	GO:0003677	12	0.6	0
BSU_07840	GO:0015293	12	0.6	0
BSU_37510	GO:0004177	12	0.6	0
BSU_29100	GO:0003677	12	0.6	0
BSU_00820	GO:0042126	12	0.6	0
BSU_07840	GO:0003677	12	0.6	0
BSU_27530	GO:0005737	12	0.6	0
BSU_15930	GO:0004525	12	0.6	1
BSU_00120	GO:0006520	12	0.6	0
BSU_15520	GO:0008705	12	0.6	0
BSU_31490	GO:0004177	12	0.6	0
BSU_23260	GO:0004783	12	0.6	0
BSU_00820	GO:0009361	12	0.6	0
BSU_00820	GO:0006826	12	0.6	0
BSU_07840	GO:0016491	12	0.6	0
BSU_31490	GO:0065002	12	0.6	0
BSU_29100	GO:0006364	12	0.6	0
BSU_37510	GO:0065002	12	0.6	0
BSU_29100	GO:0033554	12	0.6	0
BSU_07840	GO:0006364	12	0.6	0
BSU_39730	GO:0006520	12	0.6	0
BSU_15520	GO:0003677	12	0.6	0
BSU_00120	GO:0005737	12	0.6	0
BSU_15930	GO:0008705	12	0.6	0
BSU_39730	GO:0008705	12	0.6	0
BSU_07840	GO:0008705	12	0.6	0
BSU_16750	GO:0046872	12	0.6	0
BSU_23260	GO:0008705	12	0.6	0
BSU_04470	GO:0004783	12	0.6	0
BSU_37270	GO:0006221	12	0.6	0
BSU_15930	GO:0042126	12	0.6	0
BSU_23260	GO:0006520	12	0.6	0
BSU_15930	GO:0006605	12	0.6	0
BSU_33910	GO:0008705	12	0.6	0
BSU_00120	GO:0070681	12	0.6	0
BSU_37270	GO:0015031	12	0.6	0
BSU_15520	GO:0015293	12	0.6	0
BSU_23260	GO:0042126	12	0.6	0
BSU_10110	GO:0006221	12	0.6	0
BSU_33910	GO:0033554	12	0.6	0
BSU_31490	GO:0055085	12	0.6	0
BSU_22830	GO:0005515	12	0.6	0
BSU_00820	GO:0003677	12	0.6	0
BSU_23260	GO:0006412	12	0.6	0
BSU_37270	GO:0006520	12	0.6	0
BSU_00820	GO:0015625	12	0.6	0
BSU_16750	GO:0042126	12	0.6	0
BSU_00820	GO:0006546	12	0.6	0
BSU_16750	GO:0042823	12	0.6	0
BSU_16750	GO:0004783	12	0.6	0
BSU_00820	GO:0055085	12	0.6	0
BSU_15520	GO:0006364	12	0.6	0
BSU_00120	GO:0006546	12	0.6	0
BSU_04470	GO:0065002	12	0.6	0
BSU_35530	GO:0006221	12	0.6	0
BSU_16780	GO:0003677	12	0.6	0
BSU_15520	GO:0042126	12	0.6	0
BSU_07840	GO:0006221	12	0.6	0
BSU_02390	GO:0006546	12	0.6	0
BSU_15520	GO:0009229	12	0.6	0
BSU_38550	GO:0006546	12	0.6	0
BSU_33910	GO:0016491	12	0.6	0
BSU_37270	GO:0003677	12	0.6	0
BSU_00820	GO:0048476	12	0.6	0
BSU_24740	GO:0015711	12	0.6	0
BSU_35530	GO:0003677	12	0.6	0
BSU_16750	GO:0008705	12	0.6	0
BSU_29100	GO:0004783	12	0.6	0
BSU_19190	GO:0030152	12	0.6	0
BSU_10110	GO:0003677	12	0.6	0
BSU_39730	GO:0033554	12	0.6	0
BSU_29100	GO:0006520	12	0.6	0
BSU_16750	GO:0005524	12	0.6	0
BSU_39730	GO:0004783	12	0.6	0
BSU_00820	GO:0004359	12	0.6	0
BSU_16750	GO:0006520	12	0.6	0
BSU_33910	GO:0016787	12	0.6	0
BSU_15220	GO:0009898	12	0.6	0
BSU_15510	GO:0005515	12	0.6	1
BSU_29100	GO:0016491	12	0.6	0
BSU_00820	GO:0008270	12	0.6	0
BSU_13150	GO:0005829	12	0.6	0
BSU_00120	GO:0016020	12	0.6	0
BSU_23260	GO:0009089	12	0.6	0
BSU_23260	GO:0052656	12	0.6	0
BSU_39730	GO:0019556	12	0.6	0
BSU_15520	GO:0004527	12	0.6	0
BSU_37270	GO:0016301	12	0.6	0
BSU_00820	GO:1990169	12	0.6	0
BSU_00120	GO:1990169	12	0.6	0
BSU_24740	GO:1990169	12	0.6	0
BSU_16780	GO:0004527	12	0.6	1
BSU_29090	GO:0140640	12	0.6	1
BSU_10110	GO:0004527	12	0.6	0
BSU_00820	GO:0070929	12	0.6	0
BSU_23260	GO:0016491	12	0.6	0
BSU_29090	GO:0030163	12	0.6	0
BSU_22830	GO:1990169	12	0.6	0
BSU_15510	GO:0005886	12	0.6	0
BSU_35530	GO:0051726	12	0.6	0
BSU_00820	GO:0006289	12	0.6	0
BSU_37270	GO:0065002	12	0.6	0
BSU_19190	GO:0051726	12	0.6	0
BSU_13150	GO:0005886	12	0.6	0
BSU_00120	GO:0005886	12	0.6	0
BSU_04470	GO:0000287	12	0.6	0
BSU_00820	GO:0009089	12	0.6	0
BSU_18350	GO:0016020	12	0.6	1
BSU_07840	GO:0004527	12	0.6	0
BSU_15510	GO:0051726	12	0.6	0
BSU_29100	GO:0004527	12	0.6	0
BSU_00120	GO:0009089	12	0.6	0
BSU_07840	GO:0046872	12	0.6	1
BSU_00120	GO:0051726	12	0.6	0
BSU_23260	GO:1990169	12	0.6	0
BSU_29920	GO:0005886	12	0.6	0
BSU_04470	GO:0005737	12	0.6	0
BSU_22830	GO:0006164	12	0.6	0
BSU_03220	GO:0016887	12	0.6	0
BSU_22830	GO:0006072	12	0.6	1
BSU_06660	GO:0016887	12	0.6	0
BSU_37270	GO:0030488	12	0.6	0
BSU_24740	GO:0016887	12	0.6	0
BSU_15510	GO:0006289	12	0.6	0
BSU_04470	GO:1902475	12	0.6	0
BSU_37510	GO:0005737	12	0.6	0
BSU_13150	GO:0006950	12	0.6	1
BSU_06660	GO:0005737	12	0.6	0
BSU_16750	GO:0005886	12	0.6	0
BSU_31490	GO:0005737	12	0.6	0
BSU_00820	GO:0005515	12	0.6	0
BSU_22830	GO:0005524	12	0.6	0
BSU_22830	GO:0006289	12	0.6	0
BSU_15510	GO:0046933	12	0.6	0
BSU_00820	GO:0051082	12	0.6	0
BSU_23260	GO:0019556	12	0.6	0
BSU_00820	GO:0016020	12	0.6	0
BSU_15190	GO:0051726	12	0.6	0
BSU_35530	GO:0004527	12	0.6	0
BSU_29920	GO:0051726	12	0.6	0
BSU_23260	GO:0005886	12	0.6	0
BSU_37510	GO:1990169	12	0.6	0
BSU_31490	GO:1990169	12	0.6	0
BSU_23260	GO:0070681	12	0.6	0
BSU_00010	GO:1990101	12	0.6	1
BSU_37270	GO:0005737	12	0.6	0
BSU_00120	GO:0019556	12	0.6	0
BSU_08630	GO:0030488	12	0.6	0
BSU_39730	GO:0005737	12	0.6	0
BSU_33910	GO:0019556	12	0.6	0
BSU_00820	GO:0006418	12	0.6	0
BSU_29100	GO:0016887	12	0.6	0
BSU_33910	GO:0009089	12	0.6	0
BSU_15520	GO:0046933	12	0.6	0
BSU_04470	GO:0016491	12	0.6	0
BSU_07840	GO:0005829	12	0.6	0
BSU_03220	GO:0016887	12	0.6	0
BSU_15190	GO:1902475	12	0.6	0
BSU_39730	GO:0005504	12	0.6	0
BSU_00820	GO:0052656	12	0.6	0
BSU_00120	GO:0005504	12	0.6	0
BSU_15510	GO:0009380	12	0.6	0
BSU_00120	GO:0052656	12	0.6	0
BSU_00820	GO:0005504	12	0.6	0
BSU_23260	GO:0051726	12	0.6	0
BSU_31490	GO:0016020	12	0.6	0
BSU_37510	GO:0016020	12	0.6	0
BSU_27530	GO:0005886	12	0.6	0
BSU_03220	GO:1902475	12	0.6	0
BSU_19190	GO:0005886	12	0.6	1
BSU_22830	GO:0016746	12	0.6	0
BSU_24740	GO:1902475	12	0.6	0
BSU_00820	GO:0016491	12	0.6	0
BSU_33910	GO:0008966	12	0.6	0
BSU_37510	GO:0016887	12	0.6	0
BSU_19190	GO:0009401	12	0.6	0
BSU_33910	GO:0016491	12	0.6	0
BSU_15520	GO:0005829	12	0.6	0
BSU_33910	GO:0016746	12	0.6	0
BSU_00120	GO:0005737	12	0.6	0
BSU_33910	GO:0052656	12	0.6	0
BSU_23260	GO:0016746	12	0.6	0
BSU_37270	GO:0005829	12	0.6	0
BSU_37270	GO:0016887	12	0.6	0
BSU_16750	GO:0051726	12	0.6	0
BSU_04470	GO:0016887	12	0.6	0
BSU_22830	GO:0009380	12	0.6	0
BSU_33910	GO:0016491	12	0.6	0
BSU_04470	GO:0009401	12	0.6	0
BSU_19190	GO:0016887	12	0.6	0
BSU_04470	GO:0005737	12	0.6	0
BSU_15510	GO:0006508	12	0.6	0
BSU_00120	GO:0000287	12	0.6	0
BSU_00820	GO:0030488	12	0.6	0
BSU_16780	GO:0006508	12	0.6	0
BSU_22830	GO:0005886	12	0.6	0
BSU_15520	GO:0006508	12	0.6	0
BSU_22830	GO:0070929	12	0.6	0
BSU_37510	GO:0051726	12	0.6	0
BSU_07840	GO:0005504	12	0.6	0
BSU_33910	GO:0000287	12	0.6	0
BSU_15930	GO:0005829	12	0.6	0
BSU_00820	GO:0006541	12	0.6	0
BSU_07840	GO:0000287	12	0.6	0
BSU_15930	GO:0005886	12	0.6	0
BSU_31490	GO:0051726	12	0.6	0
BSU_00820	GO:0005886	12	0.6	0
BSU_23260	GO:0005524	12	0.6	0
BSU_24740	GO:0009401	12	0.6	0
BSU_23260	GO:0016491	12	0.6	0
BSU_35530	GO:0016887	12	0.6	0
BSU_33910	GO:0005504	12	0.6	0
BSU_00120	GO:0016491	12	0.6	0
BSU_31630	GO:0016887	12	0.6	0
BSU_00820	GO:0016491	12	0.6	0
BSU_03220	GO:0009401	12	0.6	0
BSU_00120	GO:0016491	12	0.6	0
BSU_00820	GO:0019556	12	0.6	0
BSU_04470	GO:0016887	12	0.6	0
BSU_39730	GO:0016491	12	0.6	0
BSU_00820	GO:0016746	12	0.6	0
BSU_24270	GO:0042371	12	0.6	0
BSU_15510	GO:0005829	12	0.6	0
BSU_15190	GO:0009401	12	0.6	0
BSU_00120	GO:0016746	12	0.6	0
BSU_06660	GO:0009401	12	0.6	0
BSU_23260	GO:0005504	12	0.6	0
BSU_19190	GO:0065002	12	0.6	0
BSU_19190	GO:0005737	12	0.6	0
BSU_04470	GO:0055085	12	0.6	0
BSU_23260	GO:0005886	12	0.6	0
BSU_07840	GO:0003746	12	0.6	0
BSU_16750	GO:0046872	12	0.6	0
BSU_29100	GO:0009898	12	0.6	0
BSU_31630	GO:0006605	12	0.6	0
BSU_29920	GO:0004747	12	0.6	1
BSU_06660	GO:0016301	12	0.6	0
BSU_15190	GO:0005737	12	0.6	0
BSU_15930	GO:0005886	12	0.6	0
BSU_19190	GO:0055085	12	0.6	0
BSU_29090	GO:0009898	12	0.6	0
BSU_33910	GO:0006546	12	0.6	0
BSU_10110	GO:0046933	12	0.6	0
BSU_27530	GO:0051775	12	0.6	0
BSU_33910	GO:0008973	12	0.6	0
BSU_27530	GO:0005886	12	0.6	0
BSU_08630	GO:0004527	12	0.6	0
BSU_15190	GO:0016301	12	0.6	0
BSU_15520	GO:0044780	12	0.6	0
BSU_03220	GO:0016301	12	0.6	0
BSU_00820	GO:0044183	12	0.6	0
BSU_15930	GO:0005524	12	0.6	0
BSU_16780	GO:0006284	12	0.6	0
BSU_31490	GO:0000160	12	0.6	0
BSU_37510	GO:0000160	12	0.6	0
BSU_00820	GO:0004525	12	0.6	0
BSU_16780	GO:0009898	12	0.6	0
BSU_29920	GO:0046872	12	0.6	0
BSU_23260	GO:0005737	12	0.6	0
BSU_04470	GO:0006605	12	0.6	0
BSU_15520	GO:0006284	12	0.6	0
BSU_29100	GO:0006289	12	0.6	0
BSU_13150	GO:0046872	12	0.6	0
BSU_29100	GO:0046933	12	0.6	0
BSU_37270	GO:0046933	12	0.6	0
BSU_24740	GO:0016301	12	0.6	0
BSU_08630	GO:0005737	12	0.6	0
BSU_29100	GO:0003746	12	0.6	0
BSU_22830	GO:0030145	12	0.6	0
BSU_31630	GO:0044780	12	0.6	0
BSU_35530	GO:0044780	12	0.6	0
BSU_29920	GO:0005886	12	0.6	0
BSU_23260	GO:0033554	12	0.6	0
BSU_29100	GO:0006284	12	0.6	0
BSU_00120	GO:0003746	12	0.6	0
BSU_00120	GO:0005524	12	0.6	0
BSU_23260	GO:0016787	12	0.6	1
BSU_00820	GO:0016301	12	0.6	0
BSU_10110	GO:0009898	12	0.6	0
BSU_00820	GO:0008973	12	0.6	0
BSU_16750	GO:0003746	12	0.6	0
BSU_10110	GO:0030163	12	0.6	0
BSU_23260	GO:0003746	12	0.6	0
BSU_16750	GO:0033554	12	0.6	0
BSU_00820	GO:0016020	12	0.6	0
BSU_15520	GO:0009898	12	0.6	0
BSU_16780	GO:0044780	12	0.6	0
BSU_10110	GO:0044780	12	0.6	0
BSU_22830	GO:0005524	12	0.6	0
BSU_15520	GO:0030163	12	0.6	0
BSU_23260	GO:0006546	12	0.6	0
BSU_24270	GO:0005737	12	0.6	0
BSU_37510	GO:0006605	12	0.6	0
BSU_15510	GO:0046872	12	0.6	0
BSU_35530	GO:0006605	12	0.6	0
BSU_39730	GO:0000287	12	0.6	1
BSU_22830	GO:0046872	12	0.6	0
BSU_16750	GO:0016301	12	0.6	0
BSU_35470	GO:0009898	12	0.6	0
BSU_29100	GO:0044780	12	0.6	0
BSU_19190	GO:0006605	12	0.6	0
BSU_29920	GO:0005886	12	0.6	0
BSU_00820	GO:0003677	12	0.6	0
BSU_22830	GO:0004519	12	0.6	0
BSU_03220	GO:0006605	12	0.6	0
BSU_15190	GO:0016757	12	0.6	0
BSU_35530	GO:0005737	12	0.6	0
BSU_31490	GO:0016887	12	0.6	0
BSU_31490	GO:0065002	12	0.6	0
BSU_37510	GO:0016887	12	0.6	0
BSU_37510	GO:0065002	12	0.6	0
BSU_29920	GO:0048476	12	0.6	0
BSU_13150	GO:0008233	12	0.6	0
BSU_00120	GO:0005737	12	0.6	0
BSU_16750	GO:0006418	12	0.6	0
BSU_04470	GO:0016887	12	0.6	0
BSU_10110	GO:0005737	12	0.6	0
BSU_39730	GO:0005737	12	0.6	0
BSU_29100	GO:0000725	12	0.6	0
BSU_15930	GO:0032259	12	0.6	0
BSU_07840	GO:0005737	12	0.6	0
BSU_19190	GO:0048476	12	0.6	0
BSU_16750	GO:0070681	12	0.6	0
BSU_15510	GO:0000725	12	0.6	0
BSU_24740	GO:0055085	12	0.6	1
BSU_37510	GO:0097588	12	0.6	0
BSU_37270	GO:0097588	12	0.6	0
BSU_15190	GO:0005515	12	0.6	0
BSU_37270	GO:0005737	12	0.6	0
BSU_00820	GO:0003924	12	0.6	0
BSU_22830	GO:0051082	12	0.6	0
BSU_24270	GO:0005975	12	0.6	0
BSU_10110	GO:0008233	12	0.6	0
BSU_15190	GO:0005975	12	0.6	0
BSU_22830	GO:0006541	12	0.6	0
BSU_19190	GO:0097588	12	0.6	0
BSU_16780	GO:0000725	12	0.6	0
BSU_19190	GO:0016887	12	0.6	0
BSU_00820	GO:0004407	12	0.6	0
BSU_15520	GO:0000725	12	0.6	0
BSU_31490	GO:0097588	12	0.6	0
BSU_16750	GO:0052656	12	0.6	0
BSU_15930	GO:0006541	12	0.6	0
BSU_15520	GO:0048476	12	0.6	0
BSU_04470	GO:0005737	12	0.6	0
BSU_22830	GO:0032259	12	0.6	0
BSU_04470	GO:0046933	12	0.6	0
BSU_00120	GO:0008233	12	0.6	0
BSU_23260	GO:0003924	12	0.6	0
BSU_15520	GO:0008233	12	0.6	0
BSU_39730	GO:0003924	12	0.6	0
BSU_33910	GO:0006541	12	0.6	0
BSU_33910	GO:0005524	12	0.6	0
BSU_31630	GO:0046933	12	0.6	0
BSU_33910	GO:0003924	12	0.6	0
BSU_04470	GO:0016301	12	0.6	0
BSU_35530	GO:0046933	12	0.6	0
BSU_29100	GO:0005737	12	0.6	0
BSU_13150	GO:0006541	12	0.6	0
BSU_22830	GO:0005524	12	0.6	0
BSU_35470	GO:0016787	12	0.6	1
BSU_39730	GO:0003746	12	0.6	0
BSU_00120	GO:0005737	12	0.6	0
BSU_39730	GO:0005737	12	0.6	0
BSU_00820	GO:0032259	12	0.6	0
BSU_04470	GO:0065002	12	0.6	0
BSU_00820	GO:0004527	12	0.6	0
BSU_07840	GO:0005737	12	0.6	0
BSU_24270	GO:0005524	12	0.6	0
BSU_29100	GO:0005737	12	0.6	0
BSU_15510	GO:0048476	12	0.6	0
BSU_39730	GO:0052656	12	0.6	0
BSU_22830	GO:0044183	12	0.6	0
BSU_04470	GO:0003746	12	0.6	0
BSU_00820	GO:0015969	12	0.6	0
BSU_00820	GO:0005886	12	0.6	0
BSU_15930	GO:0003924	12	0.6	0
BSU_24740	GO:0003677	12	0.6	0
BSU_07840	GO:0006284	12	0.6	0
BSU_33910	GO:0003746	12	0.6	0
BSU_33910	GO:0005515	12	0.6	0
BSU_06660	GO:0009055	12	0.6	0
BSU_15520	GO:0033592	12	0.6	0
BSU_33910	GO:0008081	12	0.6	0
BSU_00120	GO:0003824	12	0.6	0
BSU_15930	GO:0019346	12	0.6	0
BSU_00120	GO:0090529	12	0.6	0
BSU_00820	GO:0003934	12	0.6	0
BSU_15190	GO:0090529	12	0.6	0
BSU_00120	GO:0009099	12	0.6	0
BSU_35530	GO:0009099	12	0.6	0
BSU_00120	GO:0016874	12	0.6	0
BSU_16750	GO:0003824	12	0.6	0
BSU_39730	GO:0016757	12	0.6	0
BSU_39730	GO:0008081	12	0.6	0
BSU_23260	GO:0008081	12	0.6	0
BSU_29920	GO:0090529	12	0.6	0
BSU_16750	GO:0008615	12	0.6	0
BSU_37270	GO:0045121	12	0.6	0
BSU_15510	GO:0019346	12	0.6	0
BSU_15510	GO:0033592	12	0.6	0
BSU_07840	GO:0042802	12	0.6	0
BSU_24740	GO:0071555	12	0.6	0
BSU_04470	GO:0008320	12	0.6	0
BSU_33910	GO:0042802	12	0.6	0
BSU_23260	GO:0006354	12	0.6	0
BSU_08630	GO:0003700	12	0.6	0
BSU_33910	GO:0016874	12	0.6	0
BSU_15510	GO:0090529	12	0.6	0
BSU_27530	GO:0003700	12	0.6	0
BSU_07840	GO:0003824	12	0.6	0
BSU_15520	GO:0019346	12	0.6	0
BSU_37270	GO:0016757	12	0.6	0
BSU_33910	GO:0003824	12	0.6	0
BSU_00820	GO:0008615	12	0.6	0
BSU_16750	GO:0005524	12	0.6	0
BSU_29100	GO:0042802	12	0.6	0
BSU_39730	GO:0006310	12	0.6	0
BSU_37510	GO:0008320	12	0.6	0
BSU_08630	GO:0009099	12	0.6	0
BSU_31490	GO:0008320	12	0.6	0
BSU_15520	GO:0009099	12	0.6	0
BSU_23260	GO:0016874	12	0.6	0
BSU_00820	GO:0016765	12	0.6	0
BSU_23260	GO:0006310	12	0.6	0
BSU_35530	GO:0005737	12	0.6	0
BSU_00120	GO:0019346	12	0.6	0
BSU_33910	GO:0050440	12	0.6	0
BSU_23260	GO:0019346	12	0.6	0
BSU_00120	GO:0005524	12	0.6	0
BSU_07840	GO:0009097	12	0.6	0
BSU_19190	GO:0016887	12	0.6	0
BSU_00820	GO:0009097	12	0.6	0
BSU_08630	GO:0003676	12	0.6	0
BSU_19190	GO:0046872	12	0.6	0
BSU_19190	GO:0045121	12	0.6	0
BSU_16750	GO:0016874	12	0.6	0
BSU_07840	GO:0005737	12	0.6	0
BSU_19190	GO:0008320	12	0.6	0
BSU_23260	GO:0009099	12	0.6	0
BSU_35530	GO:0008320	12	0.6	0
BSU_15190	GO:0009099	12	0.6	0
BSU_00820	GO:0004849	12	0.6	0
BSU_33910	GO:0019346	12	0.6	0
BSU_33910	GO:0009099	12	0.6	0
BSU_15930	GO:0008081	12	0.6	0
BSU_37270	GO:0005737	12	0.6	0
BSU_29920	GO:0019346	12	0.6	0
BSU_13150	GO:0019346	12	0.6	0
BSU_15930	GO:0009099	12	0.6	0
BSU_22830	GO:0003934	12	0.6	0
BSU_23260	GO:0008615	12	0.6	0
BSU_00820	GO:0016491	12	0.6	0
BSU_22830	GO:0006354	12	0.6	0
BSU_06660	GO:0005737	12	0.6	0
BSU_06660	GO:0071555	12	0.6	0
BSU_33910	GO:0016757	12	0.6	0
BSU_15930	GO:0002131	12	0.6	0
BSU_00820	GO:0003723	12	0.6	0
BSU_00820	GO:0009090	12	0.6	0
BSU_08630	GO:0016020	12	0.6	0
BSU_29100	GO:0003678	12	0.6	0
BSU_00820	GO:0051539	12	0.6	0
BSU_19190	GO:0004747	12	0.6	0
BSU_33910	GO:0009090	12	0.6	0
BSU_06660	GO:0005886	12	0.6	1
BSU_37270	GO:0071555	12	0.6	0
BSU_22830	GO:0003723	12	0.6	0
BSU_15510	GO:0003824	12	0.6	0
BSU_37510	GO:0042802	12	0.6	0
BSU_00820	GO:0004823	12	0.6	0
BSU_15190	GO:0005737	12	0.6	0
BSU_31490	GO:0042802	12	0.6	0
BSU_24740	GO:0006310	12	0.6	0
BSU_37270	GO:1902475	12	0.6	0
BSU_07840	GO:0016874	12	0.6	0
BSU_33910	GO:0016020	12	0.6	0
BSU_39730	GO:0016874	12	0.6	0
BSU_24270	GO:0006310	12	0.6	0
BSU_16780	GO:0003678	12	0.6	0
BSU_15520	GO:0003678	12	0.6	0
BSU_29920	GO:0016020	12	0.6	0
BSU_15510	GO:0003678	12	0.6	0
BSU_23260	GO:0016020	12	0.6	0
BSU_23260	GO:0004047	12	0.6	0
BSU_15510	GO:0004747	12	0.6	0
BSU_00120	GO:0009090	12	0.6	0
BSU_35530	GO:0042802	12	0.6	0
BSU_23260	GO:0090529	12	0.6	0
BSU_00820	GO:0016020	12	0.6	0
BSU_33910	GO:0004047	12	0.6	0
BSU_39730	GO:0016020	12	0.6	0
BSU_37270	GO:0071555	12	0.6	0
BSU_37270	GO:0016887	12	0.6	0
BSU_24270	GO:0016020	12	0.6	0
BSU_27530	GO:0004747	12	0.6	0
BSU_29100	GO:0016874	12	0.6	0
BSU_31630	GO:0016757	12	0.6	0
BSU_15190	GO:0045121	12	0.6	0
BSU_39730	GO:0003824	12	0.6	0
BSU_33910	GO:0006354	12	0.6	0
BSU_04470	GO:0071555	12	0.6	0
BSU_35530	GO:0090529	12	0.6	0
BSU_19190	GO:0005737	12	0.6	0
BSU_06660	GO:1902475	12	0.6	0
BSU_00820	GO:0003700	12	0.6	0
BSU_29100	GO:0016887	12	0.6	0
BSU_37270	GO:0042802	12	0.6	0
BSU_29100	GO:0003824	12	0.6	0
BSU_19190	GO:0090529	12	0.6	0
BSU_03220	GO:0071555	12	0.6	0
BSU_00120	GO:0005737	12	0.6	0
BSU_04470	GO:0003824	12	0.6	0
BSU_37510	GO:0045121	12	0.6	0
BSU_37510	GO:0090529	12	0.6	0
BSU_27530	GO:0005737	12	0.6	0
BSU_22830	GO:0016020	12	0.6	0
BSU_19190	GO:0071555	12	0.6	0
BSU_07840	GO:0004659	12	0.6	0
BSU_29100	GO:0016020	12	0.6	0
BSU_08630	GO:0005737	12	0.6	0
BSU_22830	GO:0051537	12	0.6	0
BSU_04470	GO:0016757	12	0.6	0
BSU_31490	GO:0090529	12	0.6	0
BSU_31490	GO:0005737	12	0.6	0
BSU_23260	GO:0005524	12	0.6	0
BSU_37510	GO:0005737	12	0.6	0
BSU_31490	GO:0045121	12	0.6	0
BSU_00820	GO:0004659	12	0.6	0
BSU_37270	GO:0004659	12	0.6	0
BSU_33910	GO:0005524	12	0.6	0
BSU_00820	GO:0006006	12	0.6	0
BSU_00820	GO:0033014	12	0.6	0
BSU_37510	GO:0030435	12	0.6	0
BSU_23260	GO:0016740	12	0.6	0
BSU_15190	GO:0004659	12	0.6	0
BSU_33910	GO:0033592	12	0.6	0
BSU_23260	GO:0042802	12	0.6	0
BSU_33910	GO:0016740	12	0.6	0
BSU_27530	GO:0005737	12	0.6	0
BSU_23260	GO:0005737	12	0.6	0
BSU_04470	GO:0030435	12	0.6	0
BSU_23260	GO:0033592	12	0.6	0
BSU_24270	GO:0005737	12	0.6	0
BSU_35530	GO:0016887	12	0.6	0
BSU_16750	GO:0006177	12	0.6	0
BSU_31490	GO:0016887	12	0.6	0
BSU_23260	GO:0004659	12	0.6	0
BSU_31490	GO:0030435	12	0.6	0
BSU_00820	GO:0006310	12	0.6	0
BSU_03220	GO:0016887	12	0.6	0
BSU_00820	GO:0006777	12	0.6	0
BSU_37270	GO:0042802	12	0.6	0
BSU_15510	GO:0009252	12	0.6	0
BSU_31490	GO:0016020	12	0.6	0
BSU_37510	GO:0016020	12	0.6	0
BSU_22830	GO:0016740	12	0.6	0
BSU_33910	GO:0044550	12	0.6	0
BSU_19190	GO:0030435	12	0.6	0
BSU_22830	GO:0006777	12	0.6	0
BSU_22830	GO:0009252	12	0.6	0
BSU_15930	GO:0004659	12	0.6	0
BSU_31630	GO:0042802	12	0.6	0
BSU_16750	GO:0004657	12	0.6	0
BSU_35530	GO:0030435	12	0.6	0
BSU_08630	GO:0005737	12	0.6	0
BSU_00120	GO:0046872	12	0.6	0
BSU_00820	GO:0009252	12	0.6	0
BSU_16750	GO:0005737	12	0.6	0
BSU_00820	GO:0033609	12	0.6	0
BSU_00120	GO:0033592	12	0.6	0
BSU_37270	GO:0006526	12	0.6	0
BSU_37510	GO:0016887	12	0.6	0
BSU_15520	GO:0042802	12	0.6	0
BSU_37510	GO:0042802	12	0.6	0
BSU_04470	GO:0046872	12	0.6	0
BSU_15190	GO:0051992	12	0.6	1
BSU_33910	GO:0006526	12	0.6	0
BSU_16780	GO:0006526	12	0.6	0
BSU_15510	GO:0042802	12	0.6	0
BSU_00820	GO:0051539	12	0.6	0
BSU_15190	GO:0016780	12	0.6	1
BSU_29100	GO:0046872	12	0.6	0
BSU_00820	GO:0006177	12	0.6	0
BSU_35530	GO:0042802	12	0.6	0
BSU_15930	GO:0006397	12	0.6	1
BSU_29920	GO:0042802	12	0.6	0
BSU_00120	GO:0005737	12	0.6	0
BSU_10110	GO:0042802	12	0.6	0
BSU_00820	GO:0033592	12	0.6	0
BSU_03220	GO:0030435	12	0.6	0
BSU_15190	GO:0030435	12	0.6	0
BSU_04470	GO:0016887	12	0.6	0
BSU_22830	GO:0050440	12	0.6	0
BSU_06660	GO:0030435	12	0.6	0
BSU_29100	GO:0006526	12	0.6	0
BSU_00820	GO:0004657	12	0.6	0
BSU_39730	GO:0004659	12	0.6	0
BSU_24740	GO:0030435	12	0.6	0
BSU_13150	GO:0006526	12	0.6	0
BSU_38550	GO:0046872	12	0.6	0
BSU_33910	GO:0004659	12	0.6	0
BSU_02390	GO:0046872	12	0.6	0
BSU_33910	GO:0042802	12	0.6	0
BSU_37270	GO:0030435	12	0.6	0
BSU_15190	GO:0016887	12	0.6	0
BSU_37270	GO:0009099	12	0.6	0
BSU_23260	GO:0009097	12	0.6	0
BSU_22830	GO:0016765	12	0.6	0
BSU_29100	GO:0046872	12	0.6	0
BSU_15930	GO:0033592	12	0.6	0
BSU_15190	GO:0009097	12	0.6	0
BSU_00820	GO:0006354	12	0.6	0
BSU_08630	GO:0009097	12	0.6	0
BSU_31630	GO:0045121	12	0.6	0
BSU_00120	GO:0016757	12	0.6	0
BSU_24270	GO:0003676	12	0.6	0
BSU_24740	GO:0003676	12	0.6	0
BSU_00820	GO:0009099	12	0.6	0
BSU_00120	GO:0006354	12	0.6	0
BSU_35530	GO:0009097	12	0.6	0
BSU_00120	GO:0009097	12	0.6	0
BSU_00120	GO:0005737	12	0.6	0
BSU_33910	GO:0009097	12	0.6	0
BSU_15930	GO:0009097	12	0.6	0
BSU_00820	GO:0044550	12	0.6	0
BSU_23260	GO:0005737	12	0.6	0
BSU_24270	GO:0005737	12	0.6	0
BSU_37270	GO:0009097	12	0.6	0
BSU_29100	GO:0008320	12	0.6	0
BSU_23260	GO:0016757	12	0.6	0
BSU_37270	GO:0009061	12	0.6	1
BSU_27530	GO:0003676	12	0.6	0
BSU_15930	GO:0005829	12	0.6	0
BSU_15520	GO:0009097	12	0.6	0
BSU_13150	GO:0003676	12	0.6	0
BSU_22830	GO:0005975	12	0.6	1
BSU_15510	GO:0016757	12	0.6	0
BSU_15520	GO:0016757	12	0.6	0
BSU_37270	GO:0008320	12	0.6	0
BSU_35530	GO:0045121	12	0.6	0
BSU_16780	GO:0016757	12	0.6	0
BSU_39730	GO:0003676	12	0.6	0
BSU_23260	GO:0003676	12	0.6	0
BSU_39730	GO:0051539	12	0.6	0
BSU_07840	GO:0009099	12	0.6	0
BSU_02390	GO:0016740	12	0.6	0
BSU_38550	GO:0016740	12	0.6	0
BSU_16750	GO:0016740	12	0.6	0
BSU_16750	GO:0044550	12	0.6	0
BSU_00120	GO:0016740	12	0.6	0
BSU_00820	GO:0008081	12	0.6	0
BSU_35530	GO:0009103	12	0.6	1
BSU_33910	GO:0009252	12	0.6	0
BSU_03220	GO:0045121	12	0.6	0
BSU_00820	GO:0005886	12	0.6	0
BSU_03220	GO:0046872	12	0.6	0
BSU_15930	GO:0009252	12	0.6	0
BSU_00120	GO:0044550	12	0.6	0
BSU_00120	GO:0046872	12	0.6	0
BSU_15160	GO:0051301	12	0.6	1
BSU_08630	GO:0004659	12	0.6	0
BSU_35530	GO:0046872	12	0.6	0
BSU_00820	GO:0005506	12	0.6	0
BSU_16750	GO:0046872	12	0.6	0
BSU_22830	GO:0031460	12	0.6	0
BSU_16750	GO:0009099	12	0.6	0
BSU_23260	GO:0051539	12	0.6	0
BSU_00120	GO:0004659	12	0.6	0
BSU_04470	GO:0045121	12	0.6	0
BSU_37510	GO:0046872	12	0.6	0
BSU_31490	GO:0046872	12	0.6	0
BSU_06660	GO:0016887	12	0.6	0
BSU_22830	GO:0004657	12	0.6	0
BSU_15520	GO:0004659	12	0.6	0
BSU_24740	GO:0016887	12	0.6	0
BSU_15930	GO:0051539	12	0.6	0
BSU_23260	GO:0044550	12	0.6	0
BSU_15930	GO:0016491	12	0.6	0
BSU_15930	GO:0016020	12	0.6	0
BSU_19190	GO:0005737	12	0.6	0
BSU_24270	GO:0050440	12	0.6	0
BSU_33910	GO:0004359	12	0.6	0
BSU_24270	GO:0016597	12	0.6	0
BSU_15190	GO:0016597	12	0.6	0
BSU_13150	GO:0004359	12	0.6	0
BSU_23260	GO:0009055	12	0.6	0
BSU_08630	GO:0006508	12	0.6	0
BSU_22830	GO:0004312	12	0.6	0
BSU_15510	GO:0005886	12	0.6	0
BSU_29920	GO:0004359	12	0.6	0
BSU_35530	GO:0005829	12	0.6	0
BSU_00820	GO:0051920	12	0.6	0
BSU_06660	GO:0033214	12	0.6	0
BSU_10110	GO:0006289	12	0.6	0
BSU_24740	GO:0003677	12	0.6	0
BSU_15520	GO:0016763	12	0.6	0
BSU_15190	GO:0006508	12	0.6	0
BSU_16750	GO:0009055	12	0.6	0
BSU_37270	GO:0016763	12	0.6	0
BSU_15930	GO:0004359	12	0.6	0
BSU_24270	GO:0004407	12	0.6	0
BSU_22830	GO:0000156	12	0.6	0
BSU_31630	GO:0005829	12	0.6	0
BSU_22830	GO:0005886	12	0.6	0
BSU_00820	GO:0009055	12	0.6	0
BSU_22830	GO:0051920	12	0.6	0
BSU_00820	GO:0006526	12	0.6	0
BSU_00120	GO:0006526	12	0.6	0
BSU_16780	GO:0006221	12	0.6	0
BSU_29100	GO:0005515	12	0.6	0
BSU_00120	GO:0009055	12	0.6	0
BSU_07840	GO:0005515	12	0.6	0
BSU_15190	GO:0004407	12	0.6	0
BSU_23260	GO:0016491	12	0.6	0
BSU_16750	GO:0006526	12	0.6	0
BSU_23260	GO:0006526	12	0.6	0
BSU_00820	GO:0032259	12	0.6	0
BSU_06660	GO:0003677	12	0.6	0
BSU_33910	GO:0036402	12	0.6	0
BSU_24270	GO:0019464	12	0.6	0
BSU_33910	GO:0006508	12	0.6	0
BSU_39730	GO:0006508	12	0.6	0
BSU_00820	GO:0016597	12	0.6	0
BSU_23260	GO:0006508	12	0.6	0
BSU_00820	GO:0000156	12	0.6	0
BSU_15930	GO:0006508	12	0.6	0
BSU_15930	GO:0016763	12	0.6	0
BSU_15520	GO:0005829	12	0.6	0
BSU_23260	GO:0016763	12	0.6	0
BSU_08630	GO:0006310	12	0.6	0
BSU_04470	GO:0016829	12	0.6	0
BSU_33910	GO:0019464	12	0.6	0
BSU_00820	GO:0005576	12	0.6	0
BSU_00820	GO:0008168	12	0.6	0
BSU_15520	GO:0006508	12	0.6	0
BSU_24740	GO:0033214	12	0.6	0
BSU_33910	GO:0005515	12	0.6	0
BSU_15520	GO:0006221	12	0.6	1
BSU_15930	GO:0008168	12	0.6	0
BSU_37270	GO:0005515	12	0.6	0
BSU_00820	GO:0004312	12	0.6	0
BSU_22830	GO:0005576	12	0.6	0
BSU_00820	GO:0006364	12	0.6	0
BSU_10110	GO:0005829	12	0.6	0
BSU_39730	GO:0005515	12	0.6	0
BSU_15190	GO:0055085	12	0.6	0
BSU_22830	GO:0055085	12	0.6	0
BSU_29090	GO:0006260	12	0.6	1
BSU_08630	GO:0032259	12	0.6	0
BSU_24270	GO:0055085	12	0.6	0
BSU_00820	GO:0006281	12	0.6	0
BSU_22830	GO:0004849	12	0.6	0
BSU_37270	GO:0032259	12	0.6	0
BSU_33910	GO:0006526	12	0.6	0
BSU_07840	GO:0006526	12	0.6	0
BSU_15190	GO:0050440	12	0.6	0
BSU_00820	GO:0005975	12	0.6	0
BSU_23260	GO:0036402	12	0.6	0
BSU_16750	GO:0036402	12	0.6	0
BSU_39730	GO:0009055	12	0.6	0
BSU_00120	GO:0003924	12	0.6	0
BSU_00820	GO:0071555	12	0.6	0
BSU_00820	GO:0003924	12	0.6	0
BSU_23260	GO:0005737	12	0.6	0
BSU_29920	GO:0005886	12	0.6	0
BSU_13150	GO:0051775	12	0.6	0
BSU_00820	GO:0005515	12	0.6	0
BSU_27530	GO:0030152	12	0.6	0
BSU_29100	GO:0015293	12	0.6	0
BSU_37270	GO:0015293	12	0.6	0
BSU_00820	GO:0005886	12	0.6	0
BSU_00120	GO:0046872	12	0.6	0
BSU_23260	GO:0000287	12	0.6	1
BSU_23260	GO:0006006	12	0.6	0
BSU_37270	GO:0019464	12	0.6	0
BSU_22830	GO:0003723	12	0.6	0
BSU_29100	GO:0046872	12	0.6	0
BSU_00120	GO:0006006	12	0.6	0
BSU_22830	GO:0006355	12	0.6	0
BSU_24270	GO:0005524	12	0.6	0
BSU_22830	GO:0008311	12	0.6	0
BSU_00120	GO:0008705	12	0.6	0
BSU_15510	GO:0006355	12	0.6	0
BSU_00820	GO:0042823	12	0.6	0
BSU_16750	GO:0003924	12	0.6	0
BSU_39730	GO:0006412	12	0.6	0
BSU_16750	GO:0006006	12	0.6	0
BSU_39730	GO:0005737	12	0.6	0
BSU_04470	GO:0009055	12	0.6	0
BSU_08630	GO:0048476	12	0.6	0
BSU_27530	GO:0048476	12	0.6	0
BSU_33910	GO:0003924	12	0.6	0
BSU_00120	GO:0036402	12	0.6	0
BSU_29100	GO:0009055	12	0.6	0
BSU_06660	GO:0046942	12	0.6	1
BSU_07840	GO:0005737	12	0.6	0
BSU_37270	GO:0005737	12	0.6	0
BSU_15510	GO:0032259	12	0.6	0
BSU_37270	GO:0005515	12	0.6	0
BSU_13150	GO:0005515	12	0.6	0
BSU_39730	GO:0006526	12	0.6	0
BSU_00820	GO:0016763	12	0.6	0
BSU_23260	GO:0016829	12	0.6	1
BSU_33910	GO:0009055	12	0.6	0
BSU_22830	GO:0032259	12	0.6	0
BSU_29100	GO:0006526	12	0.6	0
BSU_00120	GO:0016491	12	0.6	0
BSU_16780	GO:0030163	12	0.6	0
BSU_15520	GO:0032259	12	0.6	0
BSU_23260	GO:0005515	12	0.6	0
BSU_04470	GO:0006526	12	0.6	0
BSU_15930	GO:0005829	12	0.6	0
BSU_02390	GO:0046872	12	0.6	0
BSU_35530	GO:0046872	12	0.6	0
BSU_07840	GO:0003924	12	0.6	0
BSU_00820	GO:0036402	12	0.6	0
BSU_07840	GO:0016763	12	0.6	0
BSU_00820	GO:0003677	12	0.6	0
BSU_22830	GO:0071555	12	0.6	0
BSU_10110	GO:0015293	12	0.6	0
BSU_15930	GO:0005515	12	0.6	0
BSU_07840	GO:0009055	12	0.6	0
BSU_15510	GO:0005524	12	0.6	1
BSU_16750	GO:0046872	12	0.6	0
BSU_35530	GO:0015293	12	0.6	0
BSU_38550	GO:0046872	12	0.6	0
BSU_39730	GO:0003924	12	0.6	0
BSU_15930	GO:0032259	12	0.6	0
BSU_39730	GO:0016829	12	0.6	0
BSU_19190	GO:0000156	12	0.6	0
BSU_18350	GO:0045121	12	0.6	1
BSU_35530	GO:0140581	12	0.6	0
BSU_39730	GO:0005778	12	0.6	0
BSU_13150	GO:0005515	12	0.6	0
BSU_31490	GO:0016763	12	0.6	0
BSU_07840	GO:0016020	12	0.6	0
BSU_24740	GO:0006281	12	0.6	0
BSU_27530	GO:0005737	12	0.6	0
BSU_04470	GO:0005778	12	0.6	0
BSU_37270	GO:0042126	12	0.6	1
BSU_08630	GO:0005737	12	0.6	0
BSU_23260	GO:0009090	12	0.6	0
BSU_13150	GO:0005778	12	0.6	0
BSU_00120	GO:0071555	12	0.6	0
BSU_15520	GO:0042802	12	0.6	0
BSU_15510	GO:0002131	12	0.6	0
BSU_33910	GO:0000287	12	0.6	0
BSU_04470	GO:0016874	12	0.6	0
BSU_31630	GO:0140581	12	0.6	0
BSU_23260	GO:0019464	12	0.6	0
BSU_04470	GO:0140581	12	0.6	0
BSU_15520	GO:0030435	12	0.6	0
BSU_13150	GO:0002131	12	0.6	0
BSU_33910	GO:0002131	12	0.6	0
BSU_10110	GO:0046872	12	0.6	0
BSU_33910	GO:0005778	12	0.6	0
BSU_29100	GO:0140581	12	0.6	0
BSU_08630	GO:0016763	12	0.6	0
BSU_07840	GO:0005778	12	0.6	0
BSU_29100	GO:0005778	12	0.6	0
BSU_10110	GO:0140581	12	0.6	0
BSU_16750	GO:0016020	12	0.6	0
BSU_24270	GO:0005515	12	0.6	0
BSU_37510	GO:0016020	12	0.6	0
BSU_35530	GO:0016763	12	0.6	0
BSU_31490	GO:0016020	12	0.6	0
BSU_24270	GO:0006281	12	0.6	0
BSU_37270	GO:0140581	12	0.6	0
BSU_00820	GO:0016020	12	0.6	0
BSU_37510	GO:0016763	12	0.6	0
BSU_16750	GO:0009090	12	0.6	0
BSU_15520	GO:0016020	12	0.6	0
BSU_00820	GO:0004747	12	0.6	0
BSU_00120	GO:0004047	12	0.6	0
BSU_24270	GO:0042802	12	0.6	0
BSU_16750	GO:0000287	12	0.6	0
BSU_00820	GO:0004047	12	0.6	0
BSU_31490	GO:0016020	12	0.6	0
BSU_37510	GO:0016020	12	0.6	0
BSU_37270	GO:0030435	12	0.6	0
BSU_16780	GO:0003676	12	0.6	0
BSU_22830	GO:0004047	12	0.6	0
BSU_31490	GO:0003723	12	0.6	0
BSU_16750	GO:0090529	12	0.6	0
BSU_37510	GO:0003723	12	0.6	0
BSU_35530	GO:0030435	12	0.6	0
BSU_31630	GO:0030435	12	0.6	0
BSU_08630	GO:0032357	12	0.6	1
BSU_16780	GO:0042802	12	0.6	0
BSU_10110	GO:0042802	12	0.6	0
BSU_00120	GO:0016763	12	0.6	0
BSU_00820	GO:0090529	12	0.6	0
BSU_15510	GO:0071555	12	0.6	0
BSU_29100	GO:0030435	12	0.6	0
BSU_19190	GO:0071555	12	0.6	0
BSU_00120	GO:0000287	12	0.6	0
BSU_38550	GO:0004047	12	0.6	0
BSU_29920	GO:0071555	12	0.6	0
BSU_15520	GO:0002131	12	0.6	0
BSU_15510	GO:0042802	12	0.6	0
BSU_10110	GO:0030435	12	0.6	0
BSU_04470	GO:0030435	12	0.6	0
BSU_02390	GO:0004047	12	0.6	0
BSU_00120	GO:0005576	12	0.6	0
BSU_00120	GO:0005778	12	0.6	0
BSU_16750	GO:0016829	12	0.6	0
BSU_00820	GO:0050440	12	0.6	0
BSU_29920	GO:0005886	12	0.6	0
BSU_15220	GO:0003676	12	0.6	0
BSU_10110	GO:0003676	12	0.6	0
BSU_33910	GO:0016763	12	0.6	0
BSU_22830	GO:0008168	12	0.6	0
BSU_24270	GO:0006281	12	0.6	0
BSU_39730	GO:0005576	12	0.6	0
BSU_24740	GO:0006281	12	0.6	0
BSU_07840	GO:0016829	12	0.6	0
BSU_00820	GO:0006508	12	0.6	0
BSU_22830	GO:0006364	12	0.6	0
BSU_10110	GO:0051287	12	0.6	0
BSU_23260	GO:0005576	12	0.6	0
BSU_39730	GO:0006281	12	0.6	0
BSU_07840	GO:0006508	12	0.6	0
BSU_38550	GO:0052656	12	0.6	1
BSU_15520	GO:0051287	12	0.6	0
BSU_15930	GO:0005886	12	0.6	0
BSU_08630	GO:0005576	12	0.6	0
BSU_29100	GO:0005515	12	0.6	0
BSU_07840	GO:0005886	12	0.6	0
BSU_39730	GO:0016763	12	0.6	0
BSU_00120	GO:0046872	12	0.6	0
BSU_37270	GO:0006508	12	0.6	0
BSU_29090	GO:0003676	12	0.6	0
BSU_31630	GO:0003676	12	0.6	0
BSU_35530	GO:0051287	12	0.6	0
BSU_00820	GO:0016020	12	0.6	0
BSU_13150	GO:0006281	12	0.6	0
BSU_22830	GO:0019464	12	0.6	0
BSU_29920	GO:0005886	12	0.6	0
BSU_24270	GO:0006222	12	0.6	0
BSU_33910	GO:0005515	12	0.6	0
BSU_23260	GO:0006281	12	0.6	0
BSU_29100	GO:0005829	12	0.6	0
BSU_16780	GO:0005829	12	0.6	0
BSU_13150	GO:0006310	12	0.6	0
BSU_29100	GO:0003676	12	0.6	0
BSU_16780	GO:0140581	12	0.6	0
BSU_29100	GO:0046872	12	0.6	0
BSU_33910	GO:0016020	12	0.6	0
BSU_00820	GO:0016829	12	0.6	0
BSU_16780	GO:0051287	12	0.6	0
BSU_07840	GO:0140581	12	0.6	0
BSU_29920	GO:0002131	12	0.6	0
BSU_16780	GO:0005778	12	0.6	0
BSU_31490	GO:0071555	12	0.6	1
BSU_15190	GO:0016763	12	0.6	0
BSU_15510	GO:0030435	12	0.6	0
BSU_16780	GO:0006364	12	0.6	1
BSU_37510	GO:0016020	12	0.6	0
BSU_31490	GO:0016020	12	0.6	0
BSU_27530	GO:0016020	12	0.6	0
BSU_07840	GO:0051287	12	0.6	0
BSU_00820	GO:0005886	12	0.6	0
BSU_07840	GO:0005829	12	0.6	0
BSU_15510	GO:0016020	12	0.6	0
BSU_00820	GO:0005524	12	0.6	1
BSU_15510	GO:0046872	12	0.6	0
BSU_33910	GO:0016829	12	0.6	0
BSU_00820	GO:0019464	12	0.6	0
BSU_00120	GO:0019464	12	0.6	0
BSU_13150	GO:0046872	12	0.6	0
BSU_00820	GO:0016020	12	0.6	0
BSU_15510	GO:0006364	12	0.6	0
BSU_22830	GO:0051539	12	0.6	0
BSU_00820	GO:0006281	12	0.6	0
BSU_15520	GO:0003676	12	0.6	0
BSU_33910	GO:0070681	12	0.6	0
BSU_29100	GO:0051287	12	0.6	0
BSU_31490	GO:0016887	12	0.6	0
BSU_31630	GO:0016887	12	0.6	0
BSU_23260	GO:0140663	12	0.6	0
BSU_23260	GO:0019344	12	0.6	0
BSU_07840	GO:0006508	12	0.6	0
BSU_23260	GO:0005737	12	0.6	0
BSU_33910	GO:0003677	12	0.6	0
BSU_16750	GO:0071555	12	0.6	0
BSU_24740	GO:0003333	12	0.6	0
BSU_39730	GO:0005737	12	0.6	0
BSU_00820	GO:0016874	12	0.6	0
BSU_00820	GO:0005886	12	0.6	0
BSU_00820	GO:0019344	12	0.6	0
BSU_22830	GO:0004108	12	0.6	0
BSU_07840	GO:0006285	12	0.6	0
BSU_00120	GO:0019344	12	0.6	0
BSU_23260	GO:0004315	12	0.6	0
BSU_27530	GO:0032357	12	0.6	0
BSU_29920	GO:0005886	12	0.6	0
BSU_29920	GO:0005886	12	0.6	0
BSU_22830	GO:0047810	12	0.6	0
BSU_04470	GO:0009401	12	0.6	0
BSU_00820	GO:0016616	12	0.6	0
BSU_19190	GO:0046942	12	0.6	0
BSU_29100	GO:0008137	12	0.6	0
BSU_16750	GO:0019344	12	0.6	0
BSU_03220	GO:0009401	12	0.6	0
BSU_33910	GO:0019344	12	0.6	0
BSU_00820	GO:0047810	12	0.6	0
BSU_07840	GO:0003677	12	0.6	0
BSU_00820	GO:0008889	12	0.6	0
BSU_04470	GO:0019344	12	0.6	0
BSU_23260	GO:0008966	12	0.6	0
BSU_37510	GO:0005829	12	0.6	0
BSU_07840	GO:0008137	12	0.6	0
BSU_39730	GO:0019344	12	0.6	0
BSU_22830	GO:0016616	12	0.6	0
BSU_04470	GO:0046872	12	0.6	0
BSU_37510	GO:0016020	12	0.6	0
BSU_29100	GO:0005829	12	0.6	0
BSU_24740	GO:0046942	12	0.6	0
BSU_31490	GO:0016020	12	0.6	0
BSU_22830	GO:0042128	12	0.6	0
BSU_00820	GO:0004315	12	0.6	0
BSU_29100	GO:0003677	12	0.6	0
BSU_22830	GO:0046872	12	0.6	0
BSU_19190	GO:0071555	12	0.6	0
BSU_29100	GO:0019344	12	0.6	0
BSU_16750	GO:0016616	12	0.6	0
BSU_33910	GO:0003677	12	0.6	0
BSU_22830	GO:0016616	12	0.6	0
BSU_19190	GO:0009401	12	0.6	0
BSU_07840	GO:0019344	12	0.6	0
BSU_15190	GO:0009401	12	0.6	0
BSU_22830	GO:0006397	12	0.6	0
BSU_15520	GO:0016887	12	0.6	0
BSU_13150	GO:0032357	12	0.6	0
BSU_00820	GO:0003677	12	0.6	0
BSU_33910	GO:0004108	12	0.6	0
BSU_07840	GO:0016887	12	0.6	0
BSU_24270	GO:0020037	12	0.6	0
BSU_23260	GO:0008889	12	0.6	0
BSU_16780	GO:0006285	12	0.6	0
BSU_22830	GO:0004315	12	0.6	0
BSU_39730	GO:0008889	12	0.6	0
BSU_15930	GO:0005886	12	0.6	0
BSU_00820	GO:0003677	12	0.6	0
BSU_29100	GO:0016887	12	0.6	0
BSU_15520	GO:0006285	12	0.6	0
BSU_00820	GO:0032357	12	0.6	0
BSU_33910	GO:0008889	12	0.6	0
BSU_37270	GO:0004315	12	0.6	0
BSU_07840	GO:0071555	12	0.6	0
BSU_00120	GO:0005737	12	0.6	0
BSU_16780	GO:0003678	12	0.6	0
BSU_23260	GO:0016887	12	0.6	0
BSU_06660	GO:0003333	12	0.6	0
BSU_39730	GO:0016887	12	0.6	0
BSU_15520	GO:0003678	12	0.6	0
BSU_16750	GO:0016887	12	0.6	0
BSU_07840	GO:0003678	12	0.6	0
BSU_04470	GO:0005524	12	0.6	0
BSU_00820	GO:0004124	12	0.6	0
BSU_22830	GO:0005515	12	0.6	0
BSU_24270	GO:0005737	12	0.6	0
BSU_16780	GO:0016887	12	0.6	0
BSU_08630	GO:0005737	12	0.6	0
BSU_08630	GO:0005737	12	0.6	0
BSU_23260	GO:0047810	12	0.6	0
BSU_16780	GO:0006289	12	0.6	0
BSU_06660	GO:0009401	12	0.6	0
BSU_15930	GO:0008889	12	0.6	0
BSU_00120	GO:0016887	12	0.6	0
BSU_23260	GO:0071555	12	0.6	0
BSU_35530	GO:1902600	12	0.6	0
BSU_33910	GO:0016887	12	0.6	0
BSU_23260	GO:0016779	12	0.6	0
BSU_00820	GO:0016151	12	0.6	0
BSU_24740	GO:0009401	12	0.6	0
BSU_16750	GO:0004315	12	0.6	0
BSU_39730	GO:0008137	12	0.6	0
BSU_04470	GO:0008137	12	0.6	0
BSU_15510	GO:0006397	12	0.6	0
BSU_15930	GO:0006779	12	0.6	0
BSU_15190	GO:0005737	12	0.6	0
BSU_19190	GO:0016874	12	0.6	0
BSU_31490	GO:0005829	12	0.6	0
BSU_00820	GO:0006072	12	0.6	0
BSU_35530	GO:0006508	12	0.6	0
BSU_37270	GO:0005737	12	0.6	0
BSU_15520	GO:0030152	12	0.6	0
BSU_00820	GO:0000310	12	0.6	0
BSU_37270	GO:0032357	12	0.6	0
BSU_07840	GO:0005829	12	0.6	0
BSU_24270	GO:0036440	12	0.6	0
BSU_15190	GO:0036440	12	0.6	0
BSU_37270	GO:0030152	12	0.6	0
BSU_15510	GO:0032300	12	0.6	0
BSU_00820	GO:0005975	12	0.6	0
BSU_29920	GO:0008763	12	0.6	0
BSU_23260	GO:0005975	12	0.6	0
BSU_00820	GO:0071555	12	0.6	0
BSU_16750	GO:0042802	12	0.6	0
BSU_33910	GO:0005886	12	0.6	0
BSU_00820	GO:0006397	12	0.6	0
BSU_22830	GO:0046872	12	0.6	0
BSU_37270	GO:0005829	12	0.6	0
BSU_00820	GO:0030152	12	0.6	0
BSU_00120	GO:0071555	12	0.6	0
BSU_00120	GO:0071555	12	0.6	0
BSU_24740	GO:0008514	12	0.6	0
BSU_07840	GO:0030152	12	0.6	0
BSU_23260	GO:0042802	12	0.6	0
BSU_00820	GO:0008137	12	0.6	0
BSU_00820	GO:0044780	12	0.6	0
BSU_00820	GO:0016020	12	0.6	0
BSU_00820	GO:0015633	12	0.6	0
BSU_15190	GO:0030152	12	0.6	0
BSU_22830	GO:0016740	12	0.6	0
BSU_35530	GO:0016788	12	0.6	0
BSU_00820	GO:0004519	12	0.6	0
BSU_00820	GO:0042802	12	0.6	0
BSU_33910	GO:0043754	12	0.6	0
BSU_00820	GO:0009102	12	0.6	0
BSU_03220	GO:0016491	12	0.6	0
BSU_33910	GO:0030152	12	0.6	0
BSU_39730	GO:0030152	12	0.6	0
BSU_15510	GO:0016887	12	0.6	0
BSU_07840	GO:0004850	12	0.6	0
BSU_15520	GO:0032300	12	0.6	0
BSU_23260	GO:0030152	12	0.6	0
BSU_00120	GO:0008137	12	0.6	0
BSU_00820	GO:0004850	12	0.6	0
BSU_07840	GO:0005737	12	0.6	0
BSU_15930	GO:0030152	12	0.6	0
BSU_00820	GO:0031160	12	0.6	0
BSU_15520	GO:0006289	12	0.6	0
BSU_37270	GO:0006508	12	0.6	0
BSU_22830	GO:0036440	12	0.6	0
BSU_15520	GO:0005829	12	0.6	0
BSU_16750	GO:0046872	12	0.6	0
BSU_27530	GO:0030435	12	0.6	0
BSU_29920	GO:0016887	12	0.6	0
BSU_22830	GO:0000310	12	0.6	0
BSU_39730	GO:0003677	12	0.6	0
BSU_22830	GO:0044780	12	0.6	0
BSU_00820	GO:0016887	12	0.6	0
BSU_22830	GO:0016853	12	0.6	0
BSU_29920	GO:0032300	12	0.6	0
BSU_29100	GO:0006508	12	0.6	0
BSU_15190	GO:0005829	12	0.6	0
BSU_08630	GO:0005829	12	0.6	0
BSU_16750	GO:0008966	12	0.6	0
BSU_33910	GO:0008137	12	0.6	0
BSU_19190	GO:0016887	12	0.6	0
BSU_08630	GO:0019344	12	0.6	0
BSU_24270	GO:0005737	12	0.6	0
BSU_00120	GO:0046872	12	0.6	0
BSU_19190	GO:0003677	12	0.6	0
BSU_31630	GO:0071555	12	0.6	0
BSU_00820	GO:0005886	12	0.6	0
BSU_37270	GO:0019344	12	0.6	0
BSU_00820	GO:0016853	12	0.6	0
BSU_16750	GO:0000049	12	0.6	0
BSU_35530	GO:0005829	12	0.6	0
BSU_00820	GO:0036440	12	0.6	0
BSU_04470	GO:0071555	12	0.6	0
BSU_06660	GO:0008514	12	0.6	0
BSU_00120	GO:0005886	12	0.6	0
BSU_27530	GO:0006355	12	0.6	0
BSU_19190	GO:0003677	12	0.6	0
BSU_15930	GO:0005829	12	0.6	0
BSU_04470	GO:0003677	12	0.6	0
BSU_33910	GO:0005524	12	0.6	0
BSU_00820	GO:0008763	12	0.6	0
BSU_23260	GO:0005524	12	0.6	0
BSU_16750	GO:0009102	12	0.6	0
BSU_39730	GO:0005829	12	0.6	0
BSU_19190	GO:0032300	12	0.6	0
BSU_15510	GO:0005886	12	0.6	0
BSU_29920	GO:0005886	12	0.6	0
BSU_16750	GO:0016779	12	0.6	0
BSU_15510	GO:0016020	12	0.6	0
BSU_03220	GO:0071555	12	0.6	0
BSU_23260	GO:0004108	12	0.6	0
BSU_00820	GO:0006979	12	0.6	0
BSU_15930	GO:0016020	12	0.6	0
BSU_15930	GO:0005524	12	0.6	0
BSU_16750	GO:0005975	12	0.6	0
BSU_37510	GO:0016020	12	0.6	0
BSU_31490	GO:0016020	12	0.6	0
BSU_04470	GO:0016887	12	0.6	0
BSU_13150	GO:0016887	12	0.6	0
BSU_24270	GO:0005524	12	0.6	0
BSU_08630	GO:0000287	12	0.6	0
BSU_27530	GO:0006950	12	0.6	0
BSU_00120	GO:0020037	12	0.6	0
BSU_13150	GO:0003962	12	0.6	0
BSU_15930	GO:0000287	12	0.6	0
BSU_16750	GO:0009061	12	0.6	0
BSU_10110	GO:0005524	12	0.6	0
BSU_06660	GO:0016491	12	0.6	0
BSU_22830	GO:0005515	12	0.6	0
BSU_37510	GO:0006065	12	0.6	0
BSU_29920	GO:0003962	12	0.6	0
BSU_22830	GO:1902210	12	0.6	0
BSU_31490	GO:0016020	12	0.6	0
BSU_31490	GO:0006065	12	0.6	0
BSU_22830	GO:0046872	12	0.6	0
BSU_24740	GO:0016491	12	0.6	0
BSU_37270	GO:0005515	12	0.6	0
BSU_35530	GO:0005737	12	0.6	0
BSU_31490	GO:0005737	12	0.6	0
BSU_00820	GO:0020037	12	0.6	0
BSU_15520	GO:1902600	12	0.6	0
BSU_37270	GO:0071555	12	0.6	0
BSU_29100	GO:0008233	12	0.6	0
BSU_37270	GO:0016780	12	0.6	0
BSU_33910	GO:0003962	12	0.6	0
BSU_08630	GO:0006950	12	0.6	0
BSU_16750	GO:0005515	12	0.6	0
BSU_37270	GO:0016682	12	0.6	0
BSU_19190	GO:0005737	12	0.6	0
BSU_15190	GO:0000287	12	0.6	0
BSU_15190	GO:0000287	12	0.6	0
BSU_29920	GO:0008360	12	0.6	0
BSU_03220	GO:0005524	12	0.6	0
BSU_15510	GO:0003962	12	0.6	0
BSU_23260	GO:0005737	12	0.6	0
BSU_08630	GO:0042276	12	0.6	0
BSU_33910	GO:0008233	12	0.6	0
BSU_15930	GO:0003962	12	0.6	0
BSU_24270	GO:0016780	12	0.6	0
BSU_15190	GO:0006065	12	0.6	0
BSU_37270	GO:0005524	12	0.6	0
BSU_00820	GO:0016682	12	0.6	0
BSU_03220	GO:0015658	12	0.6	0
BSU_00820	GO:0006950	12	0.6	0
BSU_08630	GO:0000287	12	0.6	0
BSU_33910	GO:0000287	12	0.6	0
BSU_03220	GO:0016491	12	0.6	0
BSU_15190	GO:0016491	12	0.6	0
BSU_15190	GO:0009061	12	0.6	0
BSU_15510	GO:1902600	12	0.6	0
BSU_27530	GO:0005737	12	0.6	0
BSU_22830	GO:0045333	12	0.6	0
BSU_00120	GO:0003962	12	0.6	0
BSU_07840	GO:0000287	12	0.6	0
BSU_00120	GO:0006417	12	0.6	0
BSU_39730	GO:0008253	12	0.6	0
BSU_00820	GO:0009061	12	0.6	0
BSU_00820	GO:0006417	12	0.6	0
BSU_15930	GO:0005524	12	0.6	0
BSU_33910	GO:0008253	12	0.6	0
BSU_22830	GO:0003677	12	0.6	0
BSU_22830	GO:0006065	12	0.6	0
BSU_37270	GO:0015658	12	0.6	0
BSU_00820	GO:0004312	12	0.6	0
BSU_00820	GO:0045333	12	0.6	0
BSU_37510	GO:0005737	12	0.6	0
BSU_29100	GO:1902600	12	0.6	0
BSU_00820	GO:0004108	12	0.6	0
BSU_19190	GO:0015658	12	0.6	0
BSU_16750	GO:0000287	12	0.6	0
BSU_38550	GO:0000287	12	0.6	0
BSU_02390	GO:0000287	12	0.6	0
BSU_29100	GO:0006950	12	0.6	0
BSU_15930	GO:0032993	12	0.6	0
BSU_15520	GO:0009061	12	0.6	0
BSU_23260	GO:0032300	12	0.6	0
BSU_15930	GO:0009061	12	0.6	0
BSU_23260	GO:0005737	12	0.6	0
BSU_15520	GO:0000287	12	0.6	0
BSU_19190	GO:0005737	12	0.6	0
BSU_04470	GO:0015658	12	0.6	0
BSU_19190	GO:0007165	12	0.6	0
BSU_23260	GO:0003962	12	0.6	0
BSU_33910	GO:0009061	12	0.6	0
BSU_00120	GO:0005737	12	0.6	0
BSU_15510	GO:0003677	12	0.6	0
BSU_07840	GO:0009061	12	0.6	0
BSU_39730	GO:0009061	12	0.6	0
BSU_19190	GO:0006950	12	0.6	0
BSU_06660	GO:0015658	12	0.6	0
BSU_37270	GO:0000287	12	0.6	0
BSU_16750	GO:0045333	12	0.6	0
BSU_23260	GO:0008253	12	0.6	0
BSU_23260	GO:0009061	12	0.6	0
BSU_00120	GO:0006950	12	0.6	0
BSU_22830	GO:0005524	12	0.6	0
BSU_22830	GO:0020037	12	0.6	0
BSU_16750	GO:0006065	12	0.6	0
BSU_07840	GO:0008233	12	0.6	0
BSU_19190	GO:0055085	12	0.6	0
BSU_16780	GO:0003677	12	0.6	0
BSU_37510	GO:0005524	12	0.6	0
BSU_15510	GO:0032993	12	0.6	0
BSU_00120	GO:0000287	12	0.6	0
BSU_15520	GO:0000049	12	0.6	0
BSU_15190	GO:0015658	12	0.6	0
BSU_35530	GO:0034220	12	0.6	0
BSU_27530	GO:0005886	12	0.6	0
BSU_33910	GO:0020037	12	0.6	0
BSU_37510	GO:0055085	12	0.6	0
BSU_24270	GO:0051992	12	0.6	0
BSU_31490	GO:0055085	12	0.6	0
BSU_27530	GO:0005886	12	0.6	0
BSU_04470	GO:0034220	12	0.6	0
BSU_04470	GO:0003824	12	0.6	0
BSU_22830	GO:0009252	12	0.6	0
BSU_10110	GO:0003678	12	0.6	0
BSU_39730	GO:0003824	12	0.6	0
BSU_00820	GO:0005515	12	0.6	0
BSU_37270	GO:0000287	12	0.6	0
BSU_00820	GO:0005515	12	0.6	0
BSU_10110	GO:0006285	12	0.6	0
BSU_15190	GO:0034220	12	0.6	0
BSU_35530	GO:0008253	12	0.6	0
BSU_33910	GO:0006417	12	0.6	0
BSU_24270	GO:0005737	12	0.6	0
BSU_27530	GO:0042276	12	0.6	0
BSU_24270	GO:0004108	12	0.6	0
BSU_15930	GO:0003677	12	0.6	0
BSU_37270	GO:1902600	12	0.6	0
BSU_23260	GO:0005737	12	0.6	0
BSU_15510	GO:0000049	12	0.6	0
BSU_22830	GO:0009314	12	0.6	0
BSU_31630	GO:0005524	12	0.6	0
BSU_29920	GO:0032993	12	0.6	0
BSU_03220	GO:0034220	12	0.6	0
BSU_06660	GO:0034220	12	0.6	0
BSU_13150	GO:0042276	12	0.6	0
BSU_29100	GO:0003678	12	0.6	0
BSU_27530	GO:0016874	12	0.6	0
BSU_15520	GO:0032993	12	0.6	0
BSU_00120	GO:0016887	12	0.6	0
BSU_31490	GO:0016780	12	0.6	0
BSU_15930	GO:0006417	12	0.6	0
BSU_15930	GO:0015633	12	0.6	0
BSU_37270	GO:0034220	12	0.6	0
BSU_37270	GO:0051992	12	0.6	0
BSU_29100	GO:0006285	12	0.6	0
BSU_37510	GO:0016780	12	0.6	0
BSU_00820	GO:1902210	12	0.6	0
BSU_35530	GO:0005524	12	0.6	0
BSU_22830	GO:0004644	12	0.6	0
BSU_15510	GO:0003824	12	0.6	0
BSU_29100	GO:0071555	12	0.6	0
BSU_19190	GO:0034220	12	0.6	0
BSU_33910	GO:0016887	12	0.6	0
BSU_15520	GO:0016887	12	0.6	0
BSU_00820	GO:0008253	12	0.6	0
BSU_00820	GO:0008168	12	0.6	0
BSU_08630	GO:0009061	12	0.6	0
BSU_37510	GO:0051992	12	0.6	0
BSU_31490	GO:0051992	12	0.6	0
BSU_33910	GO:0000287	12	0.6	0
BSU_00120	GO:0003824	12	0.6	0
BSU_00820	GO:0008360	12	0.6	0
BSU_10110	GO:1902600	12	0.6	0
BSU_07840	GO:0016887	12	0.6	0
BSU_00820	GO:0003677	12	0.6	0
BSU_16780	GO:0003824	12	0.6	0
BSU_33910	GO:0032993	12	0.6	0
BSU_22830	GO:0016757	12	0.6	0
BSU_22830	GO:0006417	12	0.6	0
BSU_27530	GO:0009314	12	0.6	0
BSU_15520	GO:0003962	12	0.6	0
BSU_23260	GO:0016757	12	0.6	0
BSU_15520	GO:0030488	12	0.6	0
BSU_37270	GO:0008253	12	0.6	0
BSU_15930	GO:0000049	12	0.6	0
BSU_07840	GO:0016682	12	0.6	0
BSU_23260	GO:0016151	12	0.6	0
BSU_24740	GO:0015658	12	0.6	0
BSU_00120	GO:0003677	12	0.6	0
BSU_29920	GO:0005886	12	0.6	0
BSU_15190	GO:0005737	12	0.6	0
BSU_19190	GO:0016491	12	0.6	0
BSU_00820	GO:0016757	12	0.6	0
BSU_24740	GO:0034220	12	0.6	0
BSU_00820	GO:0051992	12	0.6	0
BSU_15510	GO:0016887	12	0.6	0
BSU_29920	GO:0051992	12	0.6	0
BSU_15190	GO:0004108	12	0.6	0
BSU_23260	GO:0006417	12	0.6	0
BSU_29100	GO:0003824	12	0.6	0
BSU_29920	GO:0016780	12	0.6	0
BSU_15930	GO:0008253	12	0.6	0
BSU_38550	GO:0005515	12	0.6	0
BSU_23260	GO:0005515	12	0.6	0
BSU_07840	GO:0003824	12	0.6	0
BSU_23260	GO:0015633	12	0.6	0
BSU_29100	GO:0034220	12	0.6	0
BSU_15930	GO:0016151	12	0.6	0
BSU_00820	GO:0016780	12	0.6	0
BSU_33910	GO:0003824	12	0.6	0
BSU_02390	GO:0005515	12	0.6	0
BSU_15930	GO:0000287	12	0.6	0
BSU_19190	GO:0008763	12	0.6	0
BSU_23260	GO:0020037	12	0.6	0
BSU_23260	GO:0043754	12	0.6	0
BSU_15930	GO:0005886	12	0.6	0
BSU_08630	GO:0030152	12	0.6	0
BSU_02390	GO:0006541	12	0.6	0
BSU_19190	GO:0008360	12	0.6	0
BSU_15510	GO:0009103	12	0.6	0
BSU_07840	GO:0005524	12	0.6	0
BSU_00820	GO:0008966	12	0.6	0
BSU_37270	GO:0005524	12	0.6	0
BSU_19190	GO:0016887	12	0.6	0
BSU_15190	GO:0004850	12	0.6	0
BSU_35530	GO:0046872	12	0.6	0
BSU_00120	GO:0006096	12	0.6	0
BSU_08630	GO:0016682	12	0.6	0
BSU_29100	GO:0015833	12	0.6	0
BSU_15930	GO:0090729	12	0.6	0
BSU_29100	GO:0004088	12	0.6	0
BSU_08630	GO:0016887	12	0.6	0
BSU_33910	GO:0035999	12	0.6	0
BSU_07840	GO:0004088	12	0.6	0
BSU_07840	GO:0006289	12	0.6	0
BSU_24270	GO:0016682	12	0.6	0
BSU_37270	GO:0140663	12	0.6	0
BSU_08630	GO:0090729	12	0.6	0
BSU_07840	GO:0005524	12	0.6	0
BSU_35530	GO:0009097	12	0.6	0
BSU_15930	GO:0030488	12	0.6	0
BSU_00120	GO:0004850	12	0.6	0
BSU_04470	GO:0140663	12	0.6	0
BSU_02390	GO:0016491	12	0.6	0
BSU_37510	GO:0004850	12	0.6	0
BSU_00820	GO:0009380	12	0.6	0
BSU_15510	GO:0003677	12	0.6	0
BSU_31490	GO:0004850	12	0.6	0
BSU_35530	GO:0004850	12	0.6	0
BSU_35530	GO:0005524	12	0.6	0
BSU_15520	GO:0009103	12	0.6	0
BSU_04470	GO:0004088	12	0.6	0
BSU_08630	GO:0004850	12	0.6	0
BSU_16780	GO:0009103	12	0.6	0
BSU_37270	GO:0008233	12	0.6	0
BSU_31490	GO:0005524	12	0.6	0
BSU_37510	GO:0005524	12	0.6	0
BSU_38550	GO:0016491	12	0.6	0
BSU_39730	GO:0004088	12	0.6	0
BSU_38550	GO:0006541	12	0.6	0
BSU_00120	GO:0008966	12	0.6	0
BSU_23260	GO:0006096	12	0.6	0
BSU_24270	GO:0006541	12	0.6	0
BSU_00120	GO:0043754	12	0.6	0
BSU_00120	GO:0004088	12	0.6	0
BSU_00820	GO:0043754	12	0.6	0
BSU_00120	GO:0035999	12	0.6	0
BSU_04470	GO:0006508	12	0.6	0
BSU_33910	GO:0005886	12	0.6	0
BSU_15520	GO:0003677	12	0.6	0
BSU_24270	GO:0005737	12	0.6	0
BSU_04470	GO:0015833	12	0.6	0
BSU_16750	GO:0008137	12	0.6	0
BSU_37270	GO:0009103	12	0.6	0
BSU_35530	GO:0008233	12	0.6	0
BSU_31630	GO:0015833	12	0.6	0
BSU_00820	GO:0006400	12	0.6	0
BSU_35530	GO:0015833	12	0.6	0
BSU_33910	GO:0004850	12	0.6	0
BSU_16750	GO:0004088	12	0.6	0
BSU_27530	GO:0016020	12	0.6	0
BSU_23260	GO:0004088	12	0.6	0
BSU_13150	GO:0005515	12	0.6	0
BSU_08630	GO:0032300	12	0.6	0
BSU_00820	GO:0004088	12	0.6	0
BSU_10110	GO:0140663	12	0.6	0
BSU_15190	GO:0006541	12	0.6	0
BSU_15510	GO:0008233	12	0.6	0
BSU_13150	GO:0140663	12	0.6	0
BSU_23260	GO:0009103	12	0.6	0
BSU_33910	GO:0009103	12	0.6	0
BSU_37270	GO:0016788	12	0.6	0
BSU_00820	GO:0035999	12	0.6	0
BSU_33910	GO:0004088	12	0.6	0
BSU_22830	GO:0016746	12	0.6	0
BSU_10110	GO:0015833	12	0.6	0
BSU_31630	GO:0008233	12	0.6	0
BSU_33910	GO:0005515	12	0.6	0
BSU_23260	GO:0008137	12	0.6	0
BSU_39730	GO:0009103	12	0.6	0
BSU_08630	GO:0005737	12	0.6	0
BSU_15510	GO:0016787	12	0.6	0
BSU_00120	GO:0000049	12	0.6	0
BSU_00820	GO:0016887	12	0.6	0
BSU_00120	GO:0009103	12	0.6	0
BSU_10110	GO:0009103	12	0.6	0
BSU_15190	GO:0005737	12	0.6	0
BSU_00820	GO:0016787	12	0.6	0
BSU_33910	GO:0016779	12	0.6	0
BSU_00120	GO:0140663	12	0.6	0
BSU_37270	GO:0009401	12	0.6	0
BSU_15930	GO:0006364	12	0.6	1
BSU_15190	GO:0005829	12	0.6	0
BSU_23260	GO:0032993	12	0.6	0
BSU_08630	GO:0005829	12	0.6	0
BSU_33910	GO:0140663	12	0.6	0
BSU_37270	GO:0016887	12	0.6	0
BSU_16780	GO:0008233	12	0.6	0
BSU_35530	GO:0005829	12	0.6	0
BSU_31490	GO:0005829	12	0.6	0
BSU_37510	GO:0005829	12	0.6	0
BSU_16750	GO:0005504	12	0.6	0
BSU_33910	GO:0005524	12	0.6	0
BSU_07840	GO:0140663	12	0.6	0
BSU_10110	GO:0016887	12	0.6	0
BSU_00820	GO:0051726	12	0.6	0
BSU_22830	GO:0004124	12	0.6	0
BSU_29100	GO:0032993	12	0.6	0
BSU_24740	GO:0046872	12	0.6	0
BSU_04470	GO:0016491	12	0.6	0
BSU_22830	GO:0030488	12	0.6	0
BSU_15930	GO:0005524	12	0.6	0
BSU_33910	GO:0016682	12	0.6	0
BSU_37510	GO:0016887	12	0.6	0
BSU_03220	GO:0046872	12	0.6	0
BSU_19190	GO:0016887	12	0.6	0
BSU_37270	GO:0009097	12	0.6	0
BSU_16750	GO:0140663	12	0.6	0
BSU_16750	GO:0000287	12	0.6	0
BSU_07840	GO:0009097	12	0.6	0
BSU_39730	GO:0005524	12	0.6	0
BSU_39730	GO:0016682	12	0.6	0
BSU_33910	GO:0016788	12	0.6	0
BSU_06660	GO:0046872	12	0.6	0
BSU_39730	GO:0016491	12	0.6	0
BSU_39730	GO:0005829	12	0.6	0
BSU_15520	GO:0009097	12	0.6	0
BSU_07840	GO:0052656	12	0.6	0
BSU_00820	GO:0016779	12	0.6	0
BSU_16750	GO:0005829	12	0.6	0
BSU_29100	GO:0140663	12	0.6	0
BSU_04470	GO:0016787	12	0.6	0
BSU_39730	GO:0016788	12	0.6	0
BSU_19190	GO:0006814	12	0.6	0
BSU_31490	GO:0006814	12	0.6	0
BSU_37510	GO:0006814	12	0.6	0
BSU_33910	GO:0009097	12	0.6	0
BSU_39730	GO:0140663	12	0.6	0
BSU_23260	GO:0000049	12	0.6	0
BSU_16750	GO:0005737	12	0.6	0
BSU_37270	GO:0006096	12	0.6	0
BSU_24740	GO:0006541	12	0.6	0
BSU_39730	GO:0006096	12	0.6	0
BSU_19190	GO:0046872	12	0.6	0
BSU_15510	GO:0046872	12	0.6	0
BSU_04470	GO:0005524	12	0.6	0
BSU_29100	GO:0005515	12	0.6	0
BSU_00820	GO:0016881	12	0.6	0
BSU_23260	GO:0005737	12	0.6	0
BSU_15190	GO:0016682	12	0.6	0
BSU_37270	GO:0042276	12	0.6	0
BSU_23260	GO:0016682	12	0.6	0
BSU_24270	GO:0004170	12	0.6	0
BSU_22830	GO:0046872	12	0.6	0
BSU_16750	GO:0006096	12	0.6	0
BSU_31490	GO:0016881	12	0.6	0
BSU_03220	GO:0016887	12	0.6	0
BSU_15930	GO:0009097	12	0.6	0
BSU_23260	GO:0005737	12	0.6	0
BSU_39730	GO:0005737	12	0.6	0
BSU_13150	GO:0005524	12	0.6	0
BSU_00120	GO:0016779	12	0.6	0
BSU_37270	GO:0005504	12	0.6	0
BSU_13150	GO:0032993	12	0.6	0
BSU_15190	GO:0005737	12	0.6	0
BSU_23260	GO:0016788	12	0.6	0
BSU_37510	GO:0016881	12	0.6	0
BSU_23260	GO:0009097	12	0.6	0
BSU_15510	GO:0030488	12	0.6	0
BSU_15190	GO:0016881	12	0.6	0
BSU_33910	GO:0005524	12	0.6	0
BSU_33910	GO:0000049	12	0.6	0
BSU_29920	GO:0016881	12	0.6	0
BSU_00120	GO:0005524	12	0.6	0
BSU_00120	GO:0009097	12	0.6	0
BSU_00820	GO:0006096	12	0.6	0
BSU_15930	GO:0004850	12	0.6	0
BSU_15930	GO:0006400	12	0.6	0
BSU_04470	GO:0009103	12	0.6	0
BSU_23260	GO:0035999	12	0.6	0
BSU_23260	GO:0006541	12	0.6	0
BSU_15930	GO:0016682	12	0.6	0
BSU_16750	GO:0035999	12	0.6	0
BSU_00820	GO:0032300	12	0.6	0
BSU_08630	GO:0004519	12	0.6	0
BSU_22830	GO:0016787	12	0.6	0
BSU_00820	GO:0006541	12	0.6	0
BSU_33910	GO:0005524	12	0.6	0
BSU_22830	GO:0016887	12	0.6	0
BSU_22830	GO:0005524	12	0.6	0
BSU_00820	GO:0016746	12	0.6	0
BSU_39730	GO:0004850	12	0.6	0
BSU_00820	GO:0016787	12	0.6	0
BSU_22830	GO:0043754	12	0.6	0
BSU_15190	GO:0008763	12	0.6	0
BSU_37270	GO:0004850	12	0.6	0
BSU_00820	GO:0016020	12	0.6	0
BSU_00820	GO:0016788	12	0.6	0
BSU_00120	GO:0005524	12	0.6	0
BSU_16750	GO:0016787	12	0.6	0
BSU_23260	GO:0004850	12	0.6	0
BSU_31630	GO:0009103	12	0.6	0
BSU_31630	GO:0006508	12	0.6	0
BSU_23260	GO:0090729	12	0.6	0
BSU_00120	GO:0005737	12	0.6	0
BSU_15930	GO:0016788	12	0.6	0
BSU_33910	GO:0016787	12	0.6	0
BSU_31490	GO:0031160	12	0.6	0
BSU_24270	GO:0005737	12	0.6	0
BSU_16780	GO:1902600	12	0.6	0
BSU_15520	GO:0004850	12	0.6	0
BSU_29100	GO:0032300	12	0.6	0
BSU_29100	GO:0016887	12	0.6	0
BSU_37270	GO:0015833	12	0.6	0
BSU_16750	GO:0090729	12	0.6	0
BSU_33910	GO:0015833	12	0.6	0
BSU_23260	GO:0005524	12	0.6	0
BSU_31490	GO:0008763	12	0.6	0
BSU_37510	GO:0008763	12	0.6	0
BSU_19190	GO:0016881	12	0.6	0
BSU_00820	GO:0042276	12	0.6	0
BSU_15190	GO:0031160	12	0.6	0
BSU_16750	GO:0005524	12	0.6	0
BSU_27730	GO:0032300	11	0.55	0
BSU_23500	GO:0008081	11	0.55	0
BSU_28780	GO:0005737	11	0.55	0
BSU_40090	GO:0000049	11	0.55	0
BSU_28430	GO:0005515	11	0.55	0
BSU_00550	GO:0005576	11	0.55	0
BSU_01780	GO:0008137	11	0.55	0
BSU_23710	GO:0004659	11	0.55	0
BSU_23710	GO:0016151	11	0.55	0
BSU_28620	GO:0006310	11	0.55	0
BSU_24310	GO:0030288	11	0.55	0
BSU_21870	GO:0009090	11	0.55	0
BSU_09190	GO:0005737	11	0.55	0
BSU_40090	GO:0042802	11	0.55	0
BSU_13400	GO:0050440	11	0.55	0
BSU_25100	GO:0002131	11	0.55	0
BSU_24310	GO:0006065	11	0.55	0
BSU_39400	GO:0000287	11	0.55	0
BSU_09190	GO:0005737	11	0.55	0
BSU_32260	GO:0009061	11	0.55	0
BSU_23870	GO:0005829	11	0.55	0
BSU_37280	GO:0042276	11	0.55	0
BSU_01660	GO:0016020	11	0.55	0
BSU_16530	GO:0016682	11	0.55	0
BSU_23710	GO:0016682	11	0.55	0
BSU_21870	GO:0016151	11	0.55	0
BSU_40090	GO:0033592	11	0.55	0
BSU_01780	GO:0003678	11	0.55	0
BSU_01660	GO:0005515	11	0.55	0
BSU_23870	GO:0005515	11	0.55	0
BSU_16530	GO:0042802	11	0.55	0
BSU_39370	GO:0016763	11	0.55	0
BSU_28620	GO:0003677	11	0.55	0
BSU_39380	GO:0016763	11	0.55	0
BSU_18100	GO:0003676	11	0.55	0
BSU_28070	GO:0050440	11	0.55	0
BSU_28430	GO:0006065	11	0.55	0
BSU_29220	GO:0006177	11	0.55	0
BSU_15180	GO:0006177	11	0.55	0
BSU_01660	GO:0006065	11	0.55	0
BSU_31200	GO:0005737	11	0.55	0
BSU_28620	GO:0017018	11	0.55	0
BSU_37060	GO:0016616	11	0.55	0
BSU_25460	GO:0000049	11	0.55	0
BSU_00510	GO:0016779	11	0.55	0
BSU_14670	GO:0016020	11	0.55	0
BSU_00420	GO:0005975	11	0.55	0
BSU_16530	GO:0003678	11	0.55	0
BSU_14670	GO:0005576	11	0.55	0
BSU_14670	GO:0003676	11	0.55	0
BSU_15180	GO:0005829	11	0.55	0
BSU_14670	GO:0016491	11	0.55	0
BSU_18100	GO:0016887	11	0.55	0
BSU_17410	GO:0005515	11	0.55	0
BSU_33450	GO:0071555	11	0.55	0
BSU_39370	GO:0016682	11	0.55	0
BSU_32260	GO:0016020	11	0.55	0
BSU_21870	GO:0030435	11	0.55	0
BSU_28430	GO:0016151	11	0.55	0
BSU_04570	GO:0032300	11	0.55	0
BSU_40090	GO:0002131	11	0.55	0
BSU_02230	GO:0005737	11	0.55	0
BSU_25460	GO:0016682	11	0.55	0
BSU_02230	GO:0008137	11	0.55	0
BSU_15180	GO:0005515	11	0.55	0
BSU_00550	GO:0003676	11	0.55	0
BSU_02230	GO:0006310	11	0.55	0
BSU_28620	GO:0016151	11	0.55	0
BSU_01780	GO:0005515	11	0.55	0
BSU_28430	GO:0009061	11	0.55	0
BSU_00550	GO:0005515	11	0.55	0
BSU_23870	GO:0016020	11	0.55	0
BSU_24310	GO:0006177	11	0.55	0
BSU_23500	GO:0042802	11	0.55	0
BSU_39400	GO:0000049	11	0.55	0
BSU_29220	GO:0050440	11	0.55	0
BSU_24310	GO:0020037	11	0.55	0
BSU_00510	GO:0005515	11	0.55	0
BSU_02230	GO:0004659	11	0.55	0
BSU_04570	GO:0033592	11	0.55	0
BSU_23870	GO:0033592	11	0.55	0
BSU_23870	GO:0005515	11	0.55	0
BSU_29220	GO:0016151	11	0.55	0
BSU_18100	GO:0005515	11	0.55	0
BSU_39380	GO:0016682	11	0.55	0
BSU_00510	GO:0005515	11	0.55	0
BSU_00550	GO:0005515	11	0.55	0
BSU_37060	GO:0000287	11	0.55	0
BSU_00420	GO:0006777	11	0.55	0
BSU_00510	GO:0016020	11	0.55	0
BSU_14670	GO:0005737	11	0.55	0
BSU_02230	GO:0006354	11	0.55	0
BSU_39400	GO:0042802	11	0.55	0
BSU_09190	GO:0016020	11	0.55	0
BSU_00420	GO:0005515	11	0.55	0
BSU_32260	GO:0046872	11	0.55	0
BSU_21870	GO:0006310	11	0.55	0
BSU_04570	GO:0005515	11	0.55	0
BSU_18100	GO:0005829	11	0.55	0
BSU_21870	GO:0017018	11	0.55	0
BSU_15180	GO:0003677	11	0.55	0
BSU_00510	GO:0005975	11	0.55	0
BSU_22400	GO:0006310	11	0.55	0
BSU_39400	GO:0020037	11	0.55	0
BSU_28070	GO:0016887	11	0.55	0
BSU_35920	GO:0006354	11	0.55	0
BSU_02230	GO:0005515	11	0.55	0
BSU_40090	GO:0000287	11	0.55	0
BSU_18100	GO:0005515	11	0.55	0
BSU_29220	GO:0016020	11	0.55	0
BSU_28630	GO:0002131	11	0.55	0
BSU_14670	GO:0005737	11	0.55	0
BSU_39400	GO:0033592	11	0.55	0
BSU_37060	GO:0006354	11	0.55	0
BSU_01660	GO:0050440	11	0.55	0
BSU_36010	GO:0004659	11	0.55	0
BSU_27730	GO:0002131	11	0.55	0
BSU_22400	GO:0008763	11	0.55	0
BSU_28430	GO:0016020	11	0.55	0
BSU_23710	GO:0002131	11	0.55	0
BSU_28200	GO:0005829	11	0.55	0
BSU_00550	GO:0005975	11	0.55	0
BSU_28430	GO:0016020	11	0.55	0
BSU_39400	GO:0004659	11	0.55	0
BSU_21870	GO:0006177	11	0.55	0
BSU_22450	GO:0005737	11	0.55	0
BSU_23500	GO:0000049	11	0.55	0
BSU_21870	GO:0020037	11	0.55	0
BSU_23870	GO:0003934	11	0.55	0
BSU_02230	GO:0042276	11	0.55	0
BSU_23500	GO:0033592	11	0.55	0
BSU_16530	GO:0033592	11	0.55	0
BSU_28620	GO:0006222	11	0.55	0
BSU_29220	GO:0009090	11	0.55	0
BSU_04570	GO:0006526	11	0.55	0
BSU_28310	GO:0005829	11	0.55	0
BSU_21870	GO:0006222	11	0.55	0
BSU_01780	GO:0046872	11	0.55	0
BSU_27730	GO:0005576	11	0.55	0
BSU_21870	GO:0005524	11	0.55	0
BSU_39380	GO:0030288	11	0.55	0
BSU_28310	GO:0016682	11	0.55	0
BSU_29220	GO:0005886	11	0.55	0
BSU_29220	GO:0036440	11	0.55	0
BSU_01780	GO:0046872	11	0.55	0
BSU_22400	GO:0003676	11	0.55	0
BSU_04570	GO:0046872	11	0.55	0
BSU_24310	GO:0005576	11	0.55	0
BSU_31690	GO:0050440	11	0.55	0
BSU_36010	GO:0000049	11	0.55	0
BSU_00510	GO:0009061	11	0.55	0
BSU_00480	GO:0030288	11	0.55	0
BSU_28630	GO:0009090	11	0.55	0
BSU_23500	GO:0006310	11	0.55	0
BSU_01660	GO:0008763	11	0.55	0
BSU_09190	GO:0005829	11	0.55	0
BSU_23500	GO:0020037	11	0.55	0
BSU_32260	GO:0003676	11	0.55	0
BSU_17410	GO:0005886	11	0.55	0
BSU_18100	GO:0046872	11	0.55	0
BSU_24310	GO:0005737	11	0.55	0
BSU_29220	GO:0006779	11	0.55	0
BSU_36010	GO:0016682	11	0.55	0
BSU_39370	GO:0030288	11	0.55	0
BSU_29220	GO:0006065	11	0.55	0
BSU_00420	GO:0006779	11	0.55	0
BSU_00480	GO:0016757	11	0.55	0
BSU_15180	GO:0016740	11	0.55	0
BSU_02230	GO:0009061	11	0.55	0
BSU_24310	GO:0005737	11	0.55	0
BSU_22450	GO:0005829	11	0.55	0
BSU_16530	GO:0008137	11	0.55	0
BSU_22450	GO:0006222	11	0.55	0
BSU_14900	GO:0003676	11	0.55	0
BSU_32260	GO:0006526	11	0.55	0
BSU_09190	GO:0005515	11	0.55	0
BSU_29220	GO:0005829	11	0.55	0
BSU_23710	GO:0005886	11	0.55	0
BSU_28430	GO:0005737	11	0.55	0
BSU_23870	GO:0005886	11	0.55	0
BSU_28630	GO:0003677	11	0.55	0
BSU_16530	GO:0009061	11	0.55	0
BSU_24310	GO:0005524	11	0.55	0
BSU_02230	GO:0005737	11	0.55	0
BSU_32260	GO:0046872	11	0.55	0
BSU_29220	GO:0005524	11	0.55	0
BSU_17410	GO:0005737	11	0.55	0
BSU_00550	GO:0005886	11	0.55	0
BSU_03760	GO:0046872	11	0.55	0
BSU_02230	GO:0045333	11	0.55	0
BSU_24310	GO:0005886	11	0.55	0
BSU_00550	GO:0046872	11	0.55	0
BSU_31690	GO:0046872	11	0.55	0
BSU_15180	GO:0006310	11	0.55	0
BSU_28430	GO:0016682	11	0.55	0
BSU_25460	GO:0006526	11	0.55	0
BSU_14670	GO:0045333	11	0.55	0
BSU_14670	GO:0009061	11	0.55	0
BSU_13400	GO:0003676	11	0.55	0
BSU_00480	GO:0005576	11	0.55	0
BSU_23870	GO:0045333	11	0.55	0
BSU_13980	GO:0003676	11	0.55	0
BSU_18100	GO:0046872	11	0.55	0
BSU_28310	GO:0000049	11	0.55	0
BSU_13400	GO:0005886	11	0.55	0
BSU_09190	GO:0009061	11	0.55	0
BSU_23500	GO:0016616	11	0.55	0
BSU_04570	GO:0046872	11	0.55	0
BSU_25100	GO:0006526	11	0.55	0
BSU_40400	GO:0003676	11	0.55	0
BSU_28070	GO:0016763	11	0.55	0
BSU_16530	GO:0005737	11	0.55	0
BSU_25100	GO:0016682	11	0.55	0
BSU_25100	GO:0000049	11	0.55	0
BSU_40090	GO:0016779	11	0.55	0
BSU_33450	GO:0042802	11	0.55	0
BSU_24310	GO:0005737	11	0.55	0
BSU_22450	GO:0005737	11	0.55	0
BSU_00510	GO:0008137	11	0.55	0
BSU_17410	GO:0016020	11	0.55	0
BSU_28310	GO:0004659	11	0.55	0
BSU_22400	GO:0016020	11	0.55	0
BSU_29220	GO:0009061	11	0.55	0
BSU_23870	GO:0005975	11	0.55	0
BSU_28430	GO:0050440	11	0.55	0
BSU_37280	GO:0004659	11	0.55	0
BSU_13400	GO:0016020	11	0.55	0
BSU_24310	GO:0009090	11	0.55	0
BSU_16530	GO:0050440	11	0.55	0
BSU_35920	GO:0016682	11	0.55	0
BSU_00510	GO:0033592	11	0.55	0
BSU_36010	GO:0050440	11	0.55	0
BSU_23460	GO:0003676	11	0.55	0
BSU_28200	GO:0003676	11	0.55	0
BSU_17410	GO:0006065	11	0.55	0
BSU_18100	GO:0005975	11	0.55	0
BSU_25460	GO:0032300	11	0.55	0
BSU_02230	GO:0016491	11	0.55	0
BSU_25100	GO:0016763	11	0.55	0
BSU_37060	GO:0016491	11	0.55	0
BSU_15180	GO:0005886	11	0.55	0
BSU_28070	GO:0016682	11	0.55	0
BSU_29220	GO:0030435	11	0.55	0
BSU_18100	GO:0006526	11	0.55	0
BSU_01660	GO:0036440	11	0.55	0
BSU_36810	GO:0003676	11	0.55	0
BSU_37280	GO:0016682	11	0.55	0
BSU_09190	GO:0000049	11	0.55	0
BSU_21870	GO:0051539	11	0.55	0
BSU_33450	GO:0006526	11	0.55	0
BSU_01780	GO:0042802	11	0.55	0
BSU_28780	GO:0005737	11	0.55	0
BSU_13400	GO:0016682	11	0.55	0
BSU_02230	GO:0033592	11	0.55	0
BSU_32260	GO:0005515	11	0.55	0
BSU_01780	GO:0006526	11	0.55	0
BSU_35920	GO:0005515	11	0.55	0
BSU_13400	GO:0016763	11	0.55	0
BSU_23870	GO:0009061	11	0.55	0
BSU_31200	GO:0005737	11	0.55	0
BSU_39370	GO:0004497	11	0.55	0
BSU_14670	GO:0005737	11	0.55	0
BSU_28200	GO:0006526	11	0.55	0
BSU_39380	GO:0005737	11	0.55	0
BSU_28070	GO:0005737	11	0.55	0
BSU_01780	GO:0033592	11	0.55	0
BSU_28430	GO:0036440	11	0.55	0
BSU_15180	GO:0006065	11	0.55	0
BSU_39370	GO:0004407	11	0.55	0
BSU_39400	GO:0005737	11	0.55	0
BSU_36810	GO:0005829	11	0.55	0
BSU_31690	GO:0046872	11	0.55	0
BSU_37280	GO:0005515	11	0.55	0
BSU_00510	GO:0006526	11	0.55	0
BSU_18100	GO:0033592	11	0.55	0
BSU_21870	GO:0005737	11	0.55	0
BSU_40090	GO:0046872	11	0.55	0
BSU_37280	GO:0008320	11	0.55	0
BSU_35920	GO:0016763	11	0.55	0
BSU_28780	GO:0016682	11	0.55	0
BSU_15180	GO:0046872	11	0.55	0
BSU_31690	GO:0008320	11	0.55	0
BSU_32260	GO:0000049	11	0.55	0
BSU_17410	GO:0006979	11	0.55	0
BSU_00510	GO:0004659	11	0.55	0
BSU_39370	GO:0016791	11	0.55	0
BSU_22400	GO:0005886	11	0.55	0
BSU_28620	GO:0003676	11	0.55	0
BSU_00550	GO:0016616	11	0.55	0
BSU_40090	GO:0005524	11	0.55	0
BSU_40090	GO:0006354	11	0.55	0
BSU_04570	GO:0000049	11	0.55	0
BSU_21870	GO:0009102	11	0.55	0
BSU_14670	GO:0008081	11	0.55	0
BSU_23500	GO:0009090	11	0.55	0
BSU_13400	GO:0005737	11	0.55	0
BSU_28630	GO:0008081	11	0.55	0
BSU_39380	GO:0016791	11	0.55	0
BSU_16530	GO:0000049	11	0.55	0
BSU_28070	GO:0005737	11	0.55	0
BSU_15180	GO:0003676	11	0.55	0
BSU_39400	GO:0005737	11	0.55	0
BSU_00510	GO:0016874	11	0.55	0
BSU_15180	GO:0016779	11	0.55	0
BSU_00420	GO:0008033	11	0.55	0
BSU_21870	GO:0005737	11	0.55	0
BSU_02230	GO:0008081	11	0.55	0
BSU_01660	GO:0005737	11	0.55	0
BSU_21870	GO:0044550	11	0.55	0
BSU_32260	GO:0016682	11	0.55	0
BSU_15180	GO:0005829	11	0.55	0
BSU_00510	GO:0042276	11	0.55	0
BSU_23500	GO:0016874	11	0.55	0
BSU_23500	GO:0016682	11	0.55	0
BSU_00420	GO:0016616	11	0.55	0
BSU_04570	GO:0005829	11	0.55	0
BSU_09190	GO:0004659	11	0.55	0
BSU_15180	GO:0046872	11	0.55	0
BSU_23500	GO:0016491	11	0.55	0
BSU_00510	GO:0008081	11	0.55	0
BSU_09190	GO:0008081	11	0.55	0
BSU_23870	GO:0008081	11	0.55	0
BSU_29220	GO:0005829	11	0.55	0
BSU_23710	GO:0003676	11	0.55	0
BSU_39400	GO:0008137	11	0.55	0
BSU_00480	GO:0006637	11	0.55	0
BSU_04570	GO:0003824	11	0.55	0
BSU_28630	GO:0003676	11	0.55	0
BSU_28430	GO:0005886	11	0.55	0
BSU_22450	GO:0006310	11	0.55	0
BSU_28310	GO:0008137	11	0.55	0
BSU_37280	GO:1902475	11	0.55	0
BSU_37060	GO:0008763	11	0.55	0
BSU_23870	GO:0006310	11	0.55	0
BSU_18100	GO:0016020	11	0.55	0
BSU_23870	GO:0006979	11	0.55	0
BSU_23500	GO:0008137	11	0.55	0
BSU_21870	GO:0003676	11	0.55	0
BSU_37280	GO:0016887	11	0.55	0
BSU_37060	GO:0005886	11	0.55	0
BSU_28430	GO:0008081	11	0.55	0
BSU_39380	GO:0005737	11	0.55	0
BSU_18100	GO:0016020	11	0.55	0
BSU_23500	GO:0005524	11	0.55	0
BSU_22450	GO:0005737	11	0.55	0
BSU_13400	GO:0005737	11	0.55	0
BSU_28630	GO:0032300	11	0.55	0
BSU_28780	GO:0005737	11	0.55	0
BSU_40090	GO:0009090	11	0.55	0
BSU_28070	GO:0003824	11	0.55	0
BSU_00510	GO:0000049	11	0.55	0
BSU_25460	GO:0042276	11	0.55	0
BSU_13850	GO:0005737	11	0.55	0
BSU_33450	GO:0000049	11	0.55	0
BSU_00420	GO:0005524	11	0.55	0
BSU_23870	GO:0016616	11	0.55	0
BSU_02230	GO:0016020	11	0.55	0
BSU_15180	GO:0008137	11	0.55	0
BSU_02230	GO:0005886	11	0.55	0
BSU_23500	GO:0005975	11	0.55	0
BSU_24310	GO:0006354	11	0.55	0
BSU_37280	GO:0005737	11	0.55	0
BSU_39400	GO:0006354	11	0.55	0
BSU_01780	GO:0016874	11	0.55	0
BSU_00510	GO:0032300	11	0.55	0
BSU_40090	GO:0016874	11	0.55	0
BSU_14670	GO:0004659	11	0.55	0
BSU_28630	GO:0016874	11	0.55	0
BSU_00420	GO:0003934	11	0.55	0
BSU_22400	GO:0030435	11	0.55	0
BSU_40090	GO:0046872	11	0.55	0
BSU_23500	GO:0004519	11	0.55	0
BSU_22400	GO:0016020	11	0.55	0
BSU_01780	GO:0003824	11	0.55	0
BSU_23870	GO:0003676	11	0.55	0
BSU_01660	GO:0016020	11	0.55	0
BSU_00510	GO:0003676	11	0.55	0
BSU_24310	GO:0009102	11	0.55	0
BSU_02230	GO:0003676	11	0.55	0
BSU_31690	GO:0006979	11	0.55	0
BSU_37280	GO:0005737	11	0.55	0
BSU_13400	GO:0006979	11	0.55	0
BSU_14670	GO:0006354	11	0.55	0
BSU_37060	GO:0005975	11	0.55	0
BSU_15180	GO:0046872	11	0.55	0
BSU_40090	GO:0003824	11	0.55	0
BSU_00510	GO:0006310	11	0.55	0
BSU_21870	GO:0006354	11	0.55	0
BSU_00550	GO:0005886	11	0.55	0
BSU_18100	GO:0046872	11	0.55	0
BSU_18100	GO:0042802	11	0.55	0
BSU_28630	GO:0044550	11	0.55	0
BSU_00550	GO:0006354	11	0.55	0
BSU_29220	GO:0009102	11	0.55	0
BSU_23500	GO:0004659	11	0.55	0
BSU_01660	GO:0006750	11	0.55	0
BSU_18100	GO:0032300	11	0.55	0
BSU_39400	GO:0003824	11	0.55	0
BSU_00550	GO:0005886	11	0.55	0
BSU_28310	GO:0003824	11	0.55	0
BSU_31690	GO:0032300	11	0.55	0
BSU_37060	GO:0004497	11	0.55	0
BSU_24310	GO:0044550	11	0.55	0
BSU_29220	GO:0005737	11	0.55	0
BSU_28310	GO:0005737	11	0.55	0
BSU_29220	GO:0005737	11	0.55	0
BSU_37280	GO:0008081	11	0.55	0
BSU_15180	GO:0005886	11	0.55	0
BSU_25460	GO:0004659	11	0.55	0
BSU_03760	GO:0008320	11	0.55	0
BSU_00510	GO:0003824	11	0.55	0
BSU_23500	GO:0003676	11	0.55	0
BSU_17410	GO:0006750	11	0.55	0
BSU_28070	GO:0008320	11	0.55	0
BSU_28630	GO:0006310	11	0.55	0
BSU_02230	GO:0008763	11	0.55	0
BSU_15180	GO:0033592	11	0.55	0
BSU_00550	GO:0003934	11	0.55	0
BSU_37280	GO:0042802	11	0.55	0
BSU_00510	GO:0005829	11	0.55	0
BSU_27730	GO:0003676	11	0.55	0
BSU_00550	GO:0005829	11	0.55	0
BSU_21870	GO:0016779	11	0.55	0
BSU_37060	GO:0005886	11	0.55	0
BSU_35920	GO:0032300	11	0.55	0
BSU_23500	GO:0003824	11	0.55	0
BSU_15180	GO:0005975	11	0.55	0
BSU_24310	GO:0005737	11	0.55	0
BSU_17410	GO:0016791	11	0.55	0
BSU_37060	GO:0008033	11	0.55	0
BSU_00480	GO:0016791	11	0.55	0
BSU_23500	GO:0005515	11	0.55	0
BSU_40090	GO:0046872	11	0.55	0
BSU_24310	GO:0000287	11	0.55	0
BSU_40090	GO:0044550	11	0.55	0
BSU_33940	GO:0003676	11	0.55	0
BSU_29220	GO:0008081	11	0.55	0
BSU_28630	GO:0016779	11	0.55	0
BSU_39400	GO:0016682	11	0.55	0
BSU_23870	GO:0016491	11	0.55	0
BSU_00420	GO:0016740	11	0.55	0
BSU_28780	GO:0004407	11	0.55	0
BSU_25460	GO:0002131	11	0.55	0
BSU_00550	GO:0016740	11	0.55	0
BSU_23500	GO:0016020	11	0.55	0
BSU_18100	GO:0016020	11	0.55	0
BSU_02230	GO:0005737	11	0.55	0
BSU_25460	GO:0005515	11	0.55	0
BSU_32260	GO:0002131	11	0.55	0
BSU_18100	GO:0006310	11	0.55	0
BSU_00420	GO:0006354	11	0.55	0
BSU_29220	GO:0016779	11	0.55	0
BSU_37060	GO:0016151	11	0.55	0
BSU_04570	GO:0046872	11	0.55	0
BSU_29220	GO:0000287	11	0.55	0
BSU_22400	GO:0005886	11	0.55	0
BSU_22400	GO:0005886	11	0.55	0
BSU_15180	GO:0009090	11	0.55	0
BSU_37060	GO:0003934	11	0.55	0
BSU_04570	GO:0002131	11	0.55	0
BSU_28620	GO:0004497	11	0.55	0
BSU_28620	GO:0008081	11	0.55	0
BSU_25460	GO:0005515	11	0.55	0
BSU_23710	GO:0006310	11	0.55	0
BSU_21870	GO:0006777	11	0.55	0
BSU_02230	GO:0032300	11	0.55	0
BSU_37060	GO:0008081	11	0.55	0
BSU_16530	GO:0005737	11	0.55	0
BSU_14670	GO:0042276	11	0.55	0
BSU_29220	GO:0016682	11	0.55	0
BSU_37060	GO:0006750	11	0.55	0
BSU_21870	GO:0016682	11	0.55	0
BSU_40400	GO:0005829	11	0.55	0
BSU_02230	GO:0006777	11	0.55	0
BSU_35920	GO:0016757	11	0.55	0
BSU_18100	GO:0008320	11	0.55	0
BSU_29220	GO:0044550	11	0.55	0
BSU_00420	GO:0005886	11	0.55	0
BSU_23500	GO:0002131	11	0.55	0
BSU_23500	GO:0006354	11	0.55	0
BSU_23500	GO:0003934	11	0.55	0
BSU_28630	GO:0050440	11	0.55	0
BSU_31690	GO:0016887	11	0.55	0
BSU_17410	GO:0005886	11	0.55	0
BSU_15180	GO:0009102	11	0.55	0
BSU_01780	GO:0016763	11	0.55	0
BSU_28310	GO:0050440	11	0.55	0
BSU_04570	GO:0042802	11	0.55	0
BSU_35920	GO:0033592	11	0.55	0
BSU_15180	GO:0032300	11	0.55	0
BSU_16530	GO:0016020	11	0.55	0
BSU_23500	GO:0016151	11	0.55	0
BSU_37060	GO:0006777	11	0.55	0
BSU_39400	GO:0003678	11	0.55	0
BSU_00480	GO:0006354	11	0.55	0
BSU_04570	GO:0005515	11	0.55	0
BSU_29220	GO:0004659	11	0.55	0
BSU_29220	GO:0008137	11	0.55	0
BSU_23870	GO:0000049	11	0.55	0
BSU_13400	GO:0005886	11	0.55	0
BSU_33450	GO:0003676	11	0.55	0
BSU_00550	GO:0006310	11	0.55	0
BSU_00550	GO:0008763	11	0.55	0
BSU_37280	GO:0005737	11	0.55	0
BSU_40090	GO:0008137	11	0.55	0
BSU_25460	GO:0016020	11	0.55	0
BSU_00480	GO:0020037	11	0.55	0
BSU_35920	GO:0020037	11	0.55	0
BSU_01780	GO:0002131	11	0.55	0
BSU_25100	GO:0016020	11	0.55	0
BSU_01780	GO:0046872	11	0.55	0
BSU_39400	GO:0016874	11	0.55	0
BSU_00510	GO:0044550	11	0.55	0
BSU_17410	GO:0050440	11	0.55	0
BSU_29220	GO:0032300	11	0.55	0
BSU_14670	GO:0016151	11	0.55	0
BSU_28630	GO:0016020	11	0.55	0
BSU_23870	GO:0020037	11	0.55	0
BSU_28310	GO:0016020	11	0.55	0
BSU_02230	GO:0006979	11	0.55	0
BSU_01780	GO:0000049	11	0.55	0
BSU_04570	GO:0005975	11	0.55	0
BSU_18100	GO:0000049	11	0.55	0
BSU_13400	GO:0005886	11	0.55	0
BSU_24310	GO:0046872	11	0.55	0
BSU_35920	GO:0008137	11	0.55	0
BSU_00510	GO:0009090	11	0.55	0
BSU_23500	GO:0005515	11	0.55	0
BSU_21870	GO:0008081	11	0.55	0
BSU_23870	GO:0004659	11	0.55	0
BSU_23710	GO:0008081	11	0.55	0
BSU_28620	GO:0016491	11	0.55	0
BSU_40400	GO:0003678	11	0.55	0
BSU_35920	GO:0006777	11	0.55	0
BSU_23870	GO:0016151	11	0.55	0
BSU_15180	GO:0044550	11	0.55	0
BSU_21870	GO:0016491	11	0.55	0
BSU_28630	GO:0003824	11	0.55	0
BSU_00480	GO:0006777	11	0.55	0
BSU_35920	GO:0016020	11	0.55	0
BSU_04570	GO:0004659	11	0.55	0
BSU_09190	GO:0020037	11	0.55	0
BSU_14670	GO:0006979	11	0.55	0
BSU_09190	GO:0016020	11	0.55	0
BSU_28310	GO:0016874	11	0.55	0
BSU_09190	GO:0005886	11	0.55	0
BSU_25100	GO:0003678	11	0.55	0
BSU_36010	GO:0016020	11	0.55	0
BSU_00510	GO:0002131	11	0.55	0
BSU_37060	GO:0005515	11	0.55	0
BSU_00550	GO:0030288	11	0.55	0
BSU_39400	GO:0016020	11	0.55	0
BSU_32260	GO:0003678	11	0.55	0
BSU_14670	GO:0030288	11	0.55	0
BSU_25460	GO:0003678	11	0.55	0
BSU_00550	GO:0016791	11	0.55	0
BSU_33450	GO:0002131	11	0.55	0
BSU_28630	GO:0008137	11	0.55	0
BSU_24310	GO:0016779	11	0.55	0
BSU_24310	GO:0006777	11	0.55	0
BSU_15180	GO:0005829	11	0.55	0
BSU_28200	GO:0003678	11	0.55	0
BSU_00550	GO:0030435	11	0.55	0
BSU_37060	GO:0016740	11	0.55	0
BSU_24310	GO:0016791	11	0.55	0
BSU_18100	GO:0002131	11	0.55	0
BSU_24310	GO:0050440	11	0.55	0
BSU_22450	GO:0003676	11	0.55	0
BSU_28780	GO:0020037	11	0.55	0
BSU_23710	GO:0016020	11	0.55	0
BSU_31690	GO:0030288	11	0.55	0
BSU_31200	GO:0020037	11	0.55	0
BSU_28070	GO:0002131	11	0.55	0
BSU_13850	GO:0016682	11	0.55	0
BSU_15180	GO:0008763	11	0.55	0
BSU_16530	GO:0042276	11	0.55	0
BSU_32260	GO:0033592	11	0.55	0
BSU_23870	GO:0002131	11	0.55	0
BSU_25460	GO:0033592	11	0.55	0
BSU_02230	GO:0016151	11	0.55	0
BSU_39400	GO:0008081	11	0.55	0
BSU_25460	GO:0009061	11	0.55	0
BSU_24310	GO:0008168	11	0.55	0
BSU_28630	GO:0016763	11	0.55	0
BSU_28630	GO:0004850	11	0.55	0
BSU_37060	GO:0004529	11	0.55	0
BSU_28070	GO:0016301	11	0.55	0
BSU_00420	GO:0006637	11	0.55	0
BSU_21870	GO:0005737	11	0.55	0
BSU_01660	GO:0031160	11	0.55	0
BSU_17410	GO:0031160	11	0.55	0
BSU_28200	GO:0009898	11	0.55	0
BSU_29220	GO:0035999	11	0.55	0
BSU_37280	GO:0004850	11	0.55	0
BSU_40090	GO:0008973	11	0.55	0
BSU_40400	GO:0005737	11	0.55	0
BSU_23500	GO:0003746	11	0.55	0
BSU_28630	GO:0035999	11	0.55	0
BSU_14670	GO:0016788	11	0.55	0
BSU_16530	GO:0004850	11	0.55	0
BSU_00550	GO:0004525	11	0.55	0
BSU_35920	GO:0015969	11	0.55	0
BSU_25460	GO:0004850	11	0.55	0
BSU_00510	GO:0004525	11	0.55	0
BSU_31200	GO:0015969	11	0.55	0
BSU_14670	GO:0005524	11	0.55	0
BSU_39400	GO:0003746	11	0.55	0
BSU_40090	GO:0005524	11	0.55	0
BSU_28070	GO:0006605	11	0.55	0
BSU_02230	GO:0004850	11	0.55	0
BSU_28430	GO:0005737	11	0.55	0
BSU_00420	GO:0044183	11	0.55	0
BSU_39380	GO:0005737	11	0.55	0
BSU_09190	GO:0004850	11	0.55	0
BSU_00510	GO:0004850	11	0.55	0
BSU_14900	GO:0009898	11	0.55	0
BSU_23870	GO:0032300	11	0.55	0
BSU_00550	GO:0004519	11	0.55	0
BSU_13400	GO:0042276	11	0.55	0
BSU_13400	GO:0005737	11	0.55	0
BSU_22400	GO:0042276	11	0.55	0
BSU_27730	GO:0046872	11	0.55	0
BSU_40090	GO:0046872	11	0.55	0
BSU_00480	GO:0046872	11	0.55	0
BSU_14670	GO:0004850	11	0.55	0
BSU_24310	GO:0005975	11	0.55	0
BSU_36810	GO:0009898	11	0.55	0
BSU_33940	GO:0009898	11	0.55	0
BSU_31690	GO:0031160	11	0.55	0
BSU_03760	GO:0015969	11	0.55	0
BSU_13400	GO:0031160	11	0.55	0
BSU_31690	GO:0015969	11	0.55	0
BSU_00550	GO:0044183	11	0.55	0
BSU_28620	GO:0004529	11	0.55	0
BSU_29220	GO:0005737	11	0.55	0
BSU_28310	GO:0003746	11	0.55	0
BSU_37060	GO:0044183	11	0.55	0
BSU_28630	GO:0006605	11	0.55	0
BSU_35920	GO:0071555	11	0.55	0
BSU_15180	GO:0044183	11	0.55	0
BSU_33450	GO:0003746	11	0.55	0
BSU_00550	GO:0032259	11	0.55	0
BSU_00510	GO:0032259	11	0.55	0
BSU_15180	GO:0048476	11	0.55	0
BSU_32260	GO:0016788	11	0.55	0
BSU_16530	GO:0003746	11	0.55	0
BSU_18100	GO:0032259	11	0.55	0
BSU_23870	GO:0016788	11	0.55	0
BSU_23870	GO:0032259	11	0.55	0
BSU_28070	GO:0065002	11	0.55	0
BSU_40400	GO:0015833	11	0.55	0
BSU_37280	GO:0005737	11	0.55	0
BSU_22450	GO:0032259	11	0.55	0
BSU_23710	GO:0004850	11	0.55	0
BSU_36010	GO:0004850	11	0.55	0
BSU_28310	GO:0004850	11	0.55	0
BSU_15180	GO:0035999	11	0.55	0
BSU_04570	GO:0003677	11	0.55	0
BSU_23870	GO:0070929	11	0.55	0
BSU_09190	GO:0032259	11	0.55	0
BSU_37060	GO:0051156	11	0.55	0
BSU_37280	GO:0015833	11	0.55	0
BSU_15180	GO:0031160	11	0.55	0
BSU_28070	GO:0015833	11	0.55	0
BSU_23500	GO:0004850	11	0.55	0
BSU_23500	GO:0032259	11	0.55	0
BSU_29220	GO:0005524	11	0.55	0
BSU_29220	GO:0005737	11	0.55	0
BSU_29220	GO:0004850	11	0.55	0
BSU_28310	GO:0005737	11	0.55	0
BSU_00480	GO:0071555	11	0.55	0
BSU_00550	GO:0015969	11	0.55	0
BSU_37060	GO:0032259	11	0.55	0
BSU_29220	GO:0003677	11	0.55	0
BSU_18100	GO:0009103	11	0.55	0
BSU_02230	GO:0015969	11	0.55	0
BSU_39400	GO:0005737	11	0.55	0
BSU_21870	GO:0035999	11	0.55	0
BSU_37280	GO:0055085	11	0.55	0
BSU_21870	GO:0050660	11	0.55	0
BSU_23500	GO:0044183	11	0.55	0
BSU_28630	GO:0016682	11	0.55	0
BSU_18100	GO:0004525	11	0.55	0
BSU_04570	GO:0032259	11	0.55	0
BSU_28070	GO:0009103	11	0.55	0
BSU_23870	GO:0004525	11	0.55	0
BSU_23460	GO:0009898	11	0.55	0
BSU_40090	GO:0003746	11	0.55	0
BSU_04570	GO:0005829	11	0.55	0
BSU_18100	GO:0046872	11	0.55	0
BSU_04570	GO:0048476	11	0.55	0
BSU_32260	GO:0009898	11	0.55	0
BSU_03760	GO:0046940	11	0.55	0
BSU_25460	GO:0048476	11	0.55	0
BSU_13400	GO:0016020	11	0.55	0
BSU_00420	GO:0051301	11	0.55	0
BSU_28630	GO:0003746	11	0.55	0
BSU_31690	GO:0055085	11	0.55	0
BSU_28070	GO:0015031	11	0.55	0
BSU_37060	GO:0003677	11	0.55	0
BSU_03760	GO:0055085	11	0.55	0
BSU_28630	GO:0005829	11	0.55	0
BSU_24310	GO:0006355	11	0.55	0
BSU_00420	GO:0046872	11	0.55	0
BSU_17410	GO:0016020	11	0.55	0
BSU_28430	GO:0005829	11	0.55	0
BSU_00550	GO:0046872	11	0.55	0
BSU_22400	GO:0016020	11	0.55	0
BSU_37060	GO:0006072	11	0.55	0
BSU_00510	GO:0008973	11	0.55	0
BSU_29220	GO:0042802	11	0.55	0
BSU_37060	GO:0015969	11	0.55	0
BSU_04570	GO:0004525	11	0.55	0
BSU_21870	GO:0005737	11	0.55	0
BSU_25460	GO:0003677	11	0.55	0
BSU_32260	GO:0005886	11	0.55	0
BSU_00420	GO:0006164	11	0.55	0
BSU_00550	GO:0006164	11	0.55	0
BSU_18100	GO:0055085	11	0.55	0
BSU_00550	GO:0032357	11	0.55	0
BSU_13850	GO:0055085	11	0.55	0
BSU_23870	GO:0032357	11	0.55	0
BSU_18100	GO:0042276	11	0.55	0
BSU_24310	GO:0071555	11	0.55	0
BSU_37280	GO:0006605	11	0.55	0
BSU_28310	GO:0003677	11	0.55	0
BSU_01660	GO:0032357	11	0.55	0
BSU_25460	GO:0004525	11	0.55	0
BSU_15180	GO:0003677	11	0.55	0
BSU_24310	GO:0004108	11	0.55	0
BSU_28620	GO:0005829	11	0.55	0
BSU_04570	GO:0006072	11	0.55	0
BSU_02230	GO:0048476	11	0.55	0
BSU_00420	GO:0004519	11	0.55	0
BSU_01660	GO:0016020	11	0.55	0
BSU_25100	GO:0005829	11	0.55	0
BSU_40090	GO:0046872	11	0.55	0
BSU_28070	GO:0005829	11	0.55	0
BSU_28310	GO:0005829	11	0.55	0
BSU_36010	GO:0005829	11	0.55	0
BSU_23870	GO:0004850	11	0.55	0
BSU_39380	GO:0005524	11	0.55	0
BSU_33450	GO:0009898	11	0.55	0
BSU_28620	GO:0005524	11	0.55	0
BSU_23710	GO:0032300	11	0.55	0
BSU_17410	GO:0005737	11	0.55	0
BSU_14670	GO:0005829	11	0.55	0
BSU_40400	GO:0009898	11	0.55	0
BSU_15180	GO:0006072	11	0.55	0
BSU_23870	GO:0044183	11	0.55	0
BSU_15180	GO:0042802	11	0.55	0
BSU_13850	GO:0005737	11	0.55	0
BSU_00510	GO:0005829	11	0.55	0
BSU_37280	GO:0005829	11	0.55	0
BSU_37060	GO:0006637	11	0.55	0
BSU_09190	GO:0005829	11	0.55	0
BSU_15180	GO:0046872	11	0.55	0
BSU_09190	GO:0005737	11	0.55	0
BSU_39370	GO:0005524	11	0.55	0
BSU_37280	GO:0032357	11	0.55	0
BSU_23870	GO:0005829	11	0.55	0
BSU_28780	GO:0005737	11	0.55	0
BSU_22450	GO:0005737	11	0.55	0
BSU_13850	GO:0016301	11	0.55	0
BSU_13850	GO:0003677	11	0.55	0
BSU_21870	GO:0005524	11	0.55	0
BSU_04570	GO:0003677	11	0.55	0
BSU_28780	GO:0005524	11	0.55	0
BSU_13980	GO:0009898	11	0.55	0
BSU_16530	GO:0005737	11	0.55	0
BSU_23710	GO:0005829	11	0.55	0
BSU_23500	GO:0006072	11	0.55	0
BSU_02230	GO:0016301	11	0.55	0
BSU_04570	GO:0046872	11	0.55	0
BSU_28430	GO:0032357	11	0.55	0
BSU_00550	GO:0016301	11	0.55	0
BSU_29220	GO:0005829	11	0.55	0
BSU_00510	GO:0003746	11	0.55	0
BSU_22400	GO:0005886	11	0.55	0
BSU_00510	GO:0003677	11	0.55	0
BSU_13400	GO:0006355	11	0.55	0
BSU_22400	GO:0006355	11	0.55	0
BSU_18100	GO:0016301	11	0.55	0
BSU_02230	GO:0003677	11	0.55	0
BSU_24310	GO:0042802	11	0.55	0
BSU_21870	GO:0042802	11	0.55	0
BSU_21870	GO:0005975	11	0.55	0
BSU_13400	GO:0005886	11	0.55	0
BSU_01780	GO:0003746	11	0.55	0
BSU_25460	GO:0005829	11	0.55	0
BSU_28430	GO:0004850	11	0.55	0
BSU_28630	GO:0048476	11	0.55	0
BSU_39370	GO:0005576	11	0.55	0
BSU_00510	GO:0016788	11	0.55	0
BSU_36010	GO:0016788	11	0.55	0
BSU_18100	GO:0016887	11	0.55	0
BSU_23500	GO:0070929	11	0.55	0
BSU_39370	GO:0016757	11	0.55	0
BSU_35920	GO:0005504	11	0.55	0
BSU_29220	GO:0005524	11	0.55	0
BSU_37280	GO:0005504	11	0.55	0
BSU_15180	GO:0008270	11	0.55	0
BSU_23870	GO:0019556	11	0.55	0
BSU_40090	GO:0005504	11	0.55	0
BSU_00550	GO:0005829	11	0.55	0
BSU_18100	GO:0005829	11	0.55	0
BSU_32260	GO:0005504	11	0.55	0
BSU_39380	GO:0016757	11	0.55	0
BSU_39400	GO:0005504	11	0.55	0
BSU_28310	GO:0016491	11	0.55	0
BSU_01780	GO:0051726	11	0.55	0
BSU_09190	GO:0019556	11	0.55	0
BSU_28310	GO:0016788	11	0.55	0
BSU_32260	GO:0005829	11	0.55	0
BSU_01660	GO:0016020	11	0.55	0
BSU_00510	GO:0015833	11	0.55	0
BSU_23500	GO:0005504	11	0.55	0
BSU_23870	GO:0005504	11	0.55	0
BSU_23710	GO:0016788	11	0.55	0
BSU_09190	GO:0005504	11	0.55	0
BSU_39400	GO:0016491	11	0.55	0
BSU_31690	GO:1902475	11	0.55	0
BSU_39400	GO:0016788	11	0.55	0
BSU_09190	GO:0009103	11	0.55	0
BSU_21870	GO:0016788	11	0.55	0
BSU_24310	GO:0051726	11	0.55	0
BSU_37060	GO:0019556	11	0.55	0
BSU_01780	GO:0004850	11	0.55	0
BSU_28200	GO:0004527	11	0.55	0
BSU_37280	GO:0065002	11	0.55	0
BSU_24310	GO:0016757	11	0.55	0
BSU_17410	GO:0019556	11	0.55	0
BSU_29220	GO:0005975	11	0.55	0
BSU_37060	GO:0070929	11	0.55	0
BSU_15180	GO:0016491	11	0.55	0
BSU_25460	GO:0005504	11	0.55	0
BSU_28200	GO:0015833	11	0.55	0
BSU_33450	GO:0015833	11	0.55	0
BSU_09190	GO:0016020	11	0.55	0
BSU_18100	GO:0065002	11	0.55	0
BSU_14670	GO:0005504	11	0.55	0
BSU_00480	GO:0016757	11	0.55	0
BSU_00510	GO:0005504	11	0.55	0
BSU_00510	GO:0019556	11	0.55	0
BSU_00510	GO:0051726	11	0.55	0
BSU_00510	GO:0016491	11	0.55	0
BSU_25460	GO:0016491	11	0.55	0
BSU_39400	GO:0005524	11	0.55	0
BSU_18100	GO:0016020	11	0.55	0
BSU_14670	GO:0005829	11	0.55	0
BSU_23500	GO:0009380	11	0.55	0
BSU_21870	GO:0008270	11	0.55	0
BSU_28630	GO:0005829	11	0.55	0
BSU_28430	GO:0005829	11	0.55	0
BSU_28310	GO:0005829	11	0.55	0
BSU_37280	GO:0005829	11	0.55	0
BSU_18100	GO:1902475	11	0.55	0
BSU_36010	GO:0005829	11	0.55	0
BSU_36010	GO:0005504	11	0.55	0
BSU_37280	GO:0016887	11	0.55	0
BSU_37280	GO:0019556	11	0.55	0
BSU_25460	GO:0005829	11	0.55	0
BSU_23710	GO:0005829	11	0.55	0
BSU_24310	GO:0008270	11	0.55	0
BSU_28430	GO:0005504	11	0.55	0
BSU_40090	GO:0016491	11	0.55	0
BSU_28070	GO:0016887	11	0.55	0
BSU_37060	GO:0009380	11	0.55	0
BSU_29220	GO:0005829	11	0.55	0
BSU_25460	GO:0009380	11	0.55	0
BSU_00510	GO:0005829	11	0.55	0
BSU_17410	GO:0016757	11	0.55	0
BSU_28430	GO:0016788	11	0.55	0
BSU_16530	GO:0005504	11	0.55	0
BSU_04570	GO:0009380	11	0.55	0
BSU_28630	GO:0051726	11	0.55	0
BSU_29220	GO:0005504	11	0.55	0
BSU_29220	GO:0008270	11	0.55	0
BSU_02230	GO:0005504	11	0.55	0
BSU_01780	GO:0005504	11	0.55	0
BSU_02230	GO:0019556	11	0.55	0
BSU_23500	GO:0016491	11	0.55	0
BSU_00550	GO:0003700	11	0.55	0
BSU_28430	GO:0005975	11	0.55	0
BSU_09190	GO:0005829	11	0.55	0
BSU_39380	GO:0005829	11	0.55	0
BSU_39370	GO:0005829	11	0.55	0
BSU_28630	GO:0016788	11	0.55	0
BSU_13850	GO:1902475	11	0.55	0
BSU_28310	GO:0005504	11	0.55	0
BSU_23870	GO:0005829	11	0.55	0
BSU_21870	GO:0051726	11	0.55	0
BSU_25100	GO:0005829	11	0.55	0
BSU_28070	GO:0005829	11	0.55	0
BSU_13400	GO:0005829	11	0.55	0
BSU_21870	GO:0016491	11	0.55	0
BSU_17410	GO:0016020	11	0.55	0
BSU_01780	GO:0004527	11	0.55	0
BSU_18100	GO:0016887	11	0.55	0
BSU_13400	GO:0005975	11	0.55	0
BSU_28070	GO:0005975	11	0.55	0
BSU_02230	GO:0005737	11	0.55	0
BSU_09190	GO:0005737	11	0.55	0
BSU_35920	GO:0004850	11	0.55	0
BSU_17410	GO:0005829	11	0.55	0
BSU_28630	GO:0009103	11	0.55	0
BSU_37280	GO:0097588	11	0.55	0
BSU_28630	GO:0016491	11	0.55	0
BSU_28310	GO:0009103	11	0.55	0
BSU_36010	GO:0009103	11	0.55	0
BSU_13400	GO:0005515	11	0.55	0
BSU_23500	GO:0005524	11	0.55	0
BSU_23710	GO:0009103	11	0.55	0
BSU_37280	GO:0016788	11	0.55	0
BSU_39370	GO:0004850	11	0.55	0
BSU_01660	GO:0016757	11	0.55	0
BSU_00550	GO:0070929	11	0.55	0
BSU_39380	GO:0004850	11	0.55	0
BSU_18100	GO:0097588	11	0.55	0
BSU_00510	GO:0009103	11	0.55	0
BSU_15180	GO:0005515	11	0.55	0
BSU_37280	GO:0016887	11	0.55	0
BSU_00420	GO:0015935	11	0.55	0
BSU_28780	GO:0005737	11	0.55	0
BSU_37280	GO:0009103	11	0.55	0
BSU_36010	GO:0005975	11	0.55	0
BSU_00480	GO:0016051	11	0.55	0
BSU_31690	GO:0048476	11	0.55	0
BSU_28310	GO:0005975	11	0.55	0
BSU_25460	GO:0003677	11	0.55	0
BSU_15180	GO:0016757	11	0.55	0
BSU_28630	GO:0005975	11	0.55	0
BSU_02230	GO:0005737	11	0.55	0
BSU_02230	GO:0016788	11	0.55	0
BSU_37060	GO:0015935	11	0.55	0
BSU_40400	GO:0003677	11	0.55	0
BSU_00420	GO:0070929	11	0.55	0
BSU_17410	GO:0016051	11	0.55	0
BSU_13400	GO:0004850	11	0.55	0
BSU_14670	GO:0005737	11	0.55	0
BSU_28070	GO:0004850	11	0.55	0
BSU_17410	GO:0005515	11	0.55	0
BSU_00510	GO:0035999	11	0.55	0
BSU_18100	GO:0015833	11	0.55	0
BSU_25100	GO:0004850	11	0.55	0
BSU_31690	GO:0005515	11	0.55	0
BSU_04570	GO:0009103	11	0.55	0
BSU_00550	GO:0016757	11	0.55	0
BSU_16530	GO:0016788	11	0.55	0
BSU_21870	GO:0005737	11	0.55	0
BSU_29220	GO:0016788	11	0.55	0
BSU_24310	GO:0019556	11	0.55	0
BSU_00510	GO:0016887	11	0.55	0
BSU_27730	GO:0019556	11	0.55	0
BSU_00510	GO:0009380	11	0.55	0
BSU_17410	GO:0005975	11	0.55	0
BSU_32260	GO:0004527	11	0.55	0
BSU_37280	GO:0016301	11	0.55	0
BSU_33450	GO:0004527	11	0.55	0
BSU_03760	GO:1902475	11	0.55	0
BSU_37060	GO:0006164	11	0.55	0
BSU_23500	GO:0016491	11	0.55	0
BSU_39400	GO:0005737	11	0.55	0
BSU_37060	GO:0004519	11	0.55	0
BSU_14900	GO:0004527	11	0.55	0
BSU_15180	GO:0016020	11	0.55	0
BSU_21870	GO:0005524	11	0.55	0
BSU_29220	GO:0051726	11	0.55	0
BSU_04570	GO:0016020	11	0.55	0
BSU_24310	GO:0005524	11	0.55	0
BSU_36810	GO:0004527	11	0.55	0
BSU_33940	GO:0004527	11	0.55	0
BSU_00480	GO:0019556	11	0.55	0
BSU_00420	GO:0016020	11	0.55	0
BSU_00420	GO:0009380	11	0.55	0
BSU_31200	GO:0005737	11	0.55	0
BSU_23500	GO:0016788	11	0.55	0
BSU_25460	GO:0016788	11	0.55	0
BSU_39380	GO:0005737	11	0.55	0
BSU_31690	GO:0005975	11	0.55	0
BSU_23500	GO:0019556	11	0.55	0
BSU_16530	GO:0009103	11	0.55	0
BSU_24310	GO:0005737	11	0.55	0
BSU_40400	GO:0004527	11	0.55	0
BSU_28070	GO:1902475	11	0.55	0
BSU_40090	GO:0035999	11	0.55	0
BSU_00550	GO:0019556	11	0.55	0
BSU_28780	GO:0005524	11	0.55	0
BSU_18100	GO:0009380	11	0.55	0
BSU_14670	GO:0019556	11	0.55	0
BSU_00480	GO:0019344	11	0.55	0
BSU_04570	GO:0051726	11	0.55	0
BSU_15180	GO:0051726	11	0.55	0
BSU_23500	GO:0035999	11	0.55	0
BSU_13980	GO:0004527	11	0.55	0
BSU_00550	GO:0009380	11	0.55	0
BSU_14670	GO:0016757	11	0.55	0
BSU_23870	GO:0009380	11	0.55	0
BSU_23460	GO:0004527	11	0.55	0
BSU_21870	GO:0071555	11	0.55	0
BSU_39400	GO:0003677	11	0.55	0
BSU_29220	GO:0004108	11	0.55	0
BSU_15180	GO:0046872	11	0.55	0
BSU_21870	GO:0016757	11	0.55	0
BSU_14670	GO:0005737	11	0.55	0
BSU_00510	GO:0016763	11	0.55	0
BSU_02230	GO:0005737	11	0.55	0
BSU_27730	GO:0030152	11	0.55	0
BSU_15180	GO:0005515	11	0.55	0
BSU_23870	GO:0016682	11	0.55	0
BSU_09190	GO:0016763	11	0.55	0
BSU_14670	GO:0008168	11	0.55	0
BSU_22400	GO:0006450	11	0.55	0
BSU_23500	GO:0005515	11	0.55	0
BSU_00510	GO:0036402	11	0.55	0
BSU_37060	GO:0010468	11	0.55	0
BSU_18100	GO:0071555	11	0.55	0
BSU_23870	GO:0016763	11	0.55	0
BSU_02230	GO:0008168	11	0.55	0
BSU_00510	GO:0016491	11	0.55	0
BSU_00420	GO:0046872	11	0.55	0
BSU_37060	GO:0003677	11	0.55	0
BSU_00550	GO:0046872	11	0.55	0
BSU_28620	GO:0008311	11	0.55	0
BSU_23500	GO:0016757	11	0.55	0
BSU_32260	GO:0005515	11	0.55	0
BSU_32260	GO:0046872	11	0.55	0
BSU_04570	GO:0003677	11	0.55	0
BSU_23710	GO:0005515	11	0.55	0
BSU_40090	GO:0009055	11	0.55	0
BSU_02230	GO:0016763	11	0.55	0
BSU_01780	GO:0009055	11	0.55	0
BSU_01780	GO:0006950	11	0.55	0
BSU_15180	GO:0003677	11	0.55	0
BSU_00420	GO:0004527	11	0.55	0
BSU_14670	GO:0016763	11	0.55	0
BSU_04570	GO:0006950	11	0.55	0
BSU_36010	GO:0004108	11	0.55	0
BSU_28310	GO:0004108	11	0.55	0
BSU_35920	GO:0005515	11	0.55	0
BSU_28630	GO:0004108	11	0.55	0
BSU_27730	GO:0005515	11	0.55	0
BSU_37280	GO:0005515	11	0.55	0
BSU_00510	GO:0016682	11	0.55	0
BSU_25460	GO:0006950	11	0.55	0
BSU_25100	GO:0005515	11	0.55	0
BSU_32260	GO:0006950	11	0.55	0
BSU_24310	GO:0016757	11	0.55	0
BSU_25460	GO:0003677	11	0.55	0
BSU_09190	GO:0016682	11	0.55	0
BSU_40090	GO:0005515	11	0.55	0
BSU_28630	GO:0005515	11	0.55	0
BSU_25460	GO:0005515	11	0.55	0
BSU_23500	GO:0009055	11	0.55	0
BSU_33450	GO:0046872	11	0.55	0
BSU_00420	GO:0016757	11	0.55	0
BSU_28620	GO:0008168	11	0.55	0
BSU_28630	GO:0006006	11	0.55	0
BSU_27730	GO:0046872	11	0.55	0
BSU_21870	GO:0036402	11	0.55	0
BSU_23710	GO:0048476	11	0.55	0
BSU_24310	GO:0006006	11	0.55	0
BSU_18100	GO:0046872	11	0.55	0
BSU_13400	GO:0048476	11	0.55	0
BSU_13850	GO:0034220	11	0.55	0
BSU_21870	GO:0006006	11	0.55	0
BSU_35920	GO:0009055	11	0.55	0
BSU_00550	GO:0048476	11	0.55	0
BSU_37060	GO:0006450	11	0.55	0
BSU_24310	GO:0036402	11	0.55	0
BSU_39370	GO:0009055	11	0.55	0
BSU_29220	GO:0005737	11	0.55	0
BSU_39380	GO:0009055	11	0.55	0
BSU_21870	GO:0008168	11	0.55	0
BSU_37060	GO:0008311	11	0.55	0
BSU_00420	GO:0010468	11	0.55	0
BSU_18100	GO:0048476	11	0.55	0
BSU_00510	GO:0003677	11	0.55	0
BSU_28310	GO:0009055	11	0.55	0
BSU_18100	GO:0034220	11	0.55	0
BSU_00510	GO:0003677	11	0.55	0
BSU_01780	GO:0005515	11	0.55	0
BSU_04570	GO:0005515	11	0.55	0
BSU_01780	GO:0016491	11	0.55	0
BSU_37060	GO:0005886	11	0.55	0
BSU_01780	GO:0046872	11	0.55	0
BSU_37060	GO:0016757	11	0.55	0
BSU_39400	GO:0009055	11	0.55	0
BSU_37060	GO:0008168	11	0.55	0
BSU_00420	GO:0008311	11	0.55	0
BSU_09190	GO:0004783	11	0.55	0
BSU_00550	GO:0008311	11	0.55	0
BSU_13850	GO:0030152	11	0.55	0
BSU_23870	GO:0005515	11	0.55	0
BSU_23870	GO:0048476	11	0.55	0
BSU_02230	GO:0016757	11	0.55	0
BSU_00510	GO:0005515	11	0.55	0
BSU_40090	GO:0046872	11	0.55	0
BSU_15180	GO:0036402	11	0.55	0
BSU_18100	GO:0005515	11	0.55	0
BSU_29220	GO:0008168	11	0.55	0
BSU_23500	GO:0006006	11	0.55	0
BSU_23870	GO:0004783	11	0.55	0
BSU_29220	GO:0006006	11	0.55	0
BSU_18100	GO:0009061	11	0.55	0
BSU_02230	GO:0005515	11	0.55	0
BSU_00510	GO:0009055	11	0.55	0
BSU_29220	GO:0016763	11	0.55	0
BSU_00510	GO:0005576	11	0.55	0
BSU_23710	GO:0016763	11	0.55	0
BSU_25100	GO:0006950	11	0.55	0
BSU_21870	GO:0006779	11	0.55	0
BSU_21870	GO:0005737	11	0.55	0
BSU_15180	GO:0016616	11	0.55	0
BSU_32260	GO:0005829	11	0.55	0
BSU_16530	GO:0020037	11	0.55	0
BSU_09190	GO:0006310	11	0.55	0
BSU_02230	GO:0016682	11	0.55	0
BSU_14670	GO:0006310	11	0.55	0
BSU_16530	GO:0005515	11	0.55	0
BSU_25100	GO:0005829	11	0.55	0
BSU_37060	GO:0009401	11	0.55	0
BSU_37060	GO:0008740	11	0.55	0
BSU_04570	GO:0005576	11	0.55	0
BSU_39400	GO:0009061	11	0.55	0
BSU_25460	GO:0005576	11	0.55	0
BSU_40090	GO:0036402	11	0.55	0
BSU_39400	GO:0005515	11	0.55	0
BSU_02230	GO:0020037	11	0.55	0
BSU_28070	GO:0016874	11	0.55	0
BSU_29220	GO:0005737	11	0.55	0
BSU_36010	GO:0016763	11	0.55	0
BSU_23710	GO:0009061	11	0.55	0
BSU_39400	GO:0036402	11	0.55	0
BSU_39380	GO:0005576	11	0.55	0
BSU_28200	GO:0003677	11	0.55	0
BSU_00550	GO:0006950	11	0.55	0
BSU_27730	GO:0046872	11	0.55	0
BSU_28430	GO:0016763	11	0.55	0
BSU_28430	GO:0045333	11	0.55	0
BSU_23870	GO:0005576	11	0.55	0
BSU_33450	GO:0046872	11	0.55	0
BSU_23500	GO:0009061	11	0.55	0
BSU_18100	GO:0005576	11	0.55	0
BSU_37060	GO:0020037	11	0.55	0
BSU_23500	GO:0003677	11	0.55	0
BSU_23500	GO:0036402	11	0.55	0
BSU_00550	GO:0019825	11	0.55	0
BSU_28310	GO:0016763	11	0.55	0
BSU_33450	GO:0005515	11	0.55	0
BSU_16530	GO:0004108	11	0.55	0
BSU_23500	GO:0003677	11	0.55	0
BSU_01780	GO:0005515	11	0.55	0
BSU_00420	GO:0005576	11	0.55	0
BSU_28620	GO:0008740	11	0.55	0
BSU_24310	GO:0045333	11	0.55	0
BSU_29220	GO:0045333	11	0.55	0
BSU_23870	GO:0016874	11	0.55	0
BSU_09190	GO:0042276	11	0.55	0
BSU_13400	GO:0006950	11	0.55	0
BSU_24310	GO:0009055	11	0.55	0
BSU_40400	GO:0005515	11	0.55	0
BSU_18100	GO:0016874	11	0.55	0
BSU_37060	GO:0003677	11	0.55	0
BSU_25460	GO:0016763	11	0.55	0
BSU_23710	GO:0006950	11	0.55	0
BSU_27730	GO:0006950	11	0.55	0
BSU_37060	GO:0000155	11	0.55	0
BSU_00420	GO:0020037	11	0.55	0
BSU_16530	GO:0016763	11	0.55	0
BSU_15180	GO:0009055	11	0.55	0
BSU_04570	GO:0005515	11	0.55	0
BSU_02230	GO:0003677	11	0.55	0
BSU_00420	GO:0016597	11	0.55	0
BSU_37280	GO:0016763	11	0.55	0
BSU_40090	GO:0020037	11	0.55	0
BSU_00550	GO:0016597	11	0.55	0
BSU_37060	GO:0019825	11	0.55	0
BSU_21870	GO:0006637	11	0.55	0
BSU_00510	GO:0006950	11	0.55	0
BSU_14670	GO:0016682	11	0.55	0
BSU_09190	GO:0005515	11	0.55	0
BSU_25460	GO:0005515	11	0.55	0
BSU_28630	GO:0016491	11	0.55	0
BSU_36010	GO:0009061	11	0.55	0
BSU_28630	GO:0009061	11	0.55	0
BSU_40090	GO:0005515	11	0.55	0
BSU_37060	GO:0005576	11	0.55	0
BSU_23500	GO:0016763	11	0.55	0
BSU_23870	GO:0006950	11	0.55	0
BSU_28310	GO:0009061	11	0.55	0
BSU_00510	GO:0005515	11	0.55	0
BSU_36010	GO:0005515	11	0.55	0
BSU_28310	GO:0005515	11	0.55	0
BSU_18100	GO:0006950	11	0.55	0
BSU_37060	GO:0004407	11	0.55	0
BSU_28630	GO:0005515	11	0.55	0
BSU_28630	GO:0009055	11	0.55	0
BSU_28070	GO:0009061	11	0.55	0
BSU_18100	GO:0005515	11	0.55	0
BSU_25100	GO:0009061	11	0.55	0
BSU_23500	GO:0005576	11	0.55	0
BSU_37280	GO:0071555	11	0.55	0
BSU_28200	GO:0005515	11	0.55	0
BSU_35920	GO:0009061	11	0.55	0
BSU_13980	GO:0005829	11	0.55	0
BSU_22400	GO:0006950	11	0.55	0
BSU_29220	GO:0009055	11	0.55	0
BSU_15180	GO:0006006	11	0.55	0
BSU_00420	GO:0003677	11	0.55	0
BSU_28630	GO:0036402	11	0.55	0
BSU_40090	GO:0016491	11	0.55	0
BSU_18100	GO:0032357	11	0.55	0
BSU_31690	GO:0009401	11	0.55	0
BSU_03760	GO:0009401	11	0.55	0
BSU_00550	GO:0042276	11	0.55	0
BSU_37060	GO:0016874	11	0.55	0
BSU_37060	GO:0004525	11	0.55	0
BSU_00510	GO:0004783	11	0.55	0
BSU_00510	GO:0048476	11	0.55	0
BSU_23500	GO:0006520	11	0.55	0
BSU_22450	GO:0006779	11	0.55	0
BSU_15180	GO:0004783	11	0.55	0
BSU_00510	GO:0009229	11	0.55	0
BSU_33450	GO:0006285	11	0.55	0
BSU_23870	GO:0006779	11	0.55	0
BSU_15180	GO:0030152	11	0.55	0
BSU_39400	GO:0006520	11	0.55	0
BSU_13400	GO:0032357	11	0.55	0
BSU_27730	GO:0032357	11	0.55	0
BSU_23710	GO:0032357	11	0.55	0
BSU_37060	GO:0015625	11	0.55	0
BSU_21870	GO:0005524	11	0.55	0
BSU_00550	GO:0016874	11	0.55	0
BSU_21870	GO:0008973	11	0.55	0
BSU_28430	GO:0004108	11	0.55	0
BSU_04570	GO:0009229	11	0.55	0
BSU_24310	GO:0042128	11	0.55	0
BSU_02230	GO:0071555	11	0.55	0
BSU_22450	GO:0005737	11	0.55	0
BSU_13850	GO:0009401	11	0.55	0
BSU_01660	GO:0008881	11	0.55	0
BSU_28780	GO:0005737	11	0.55	0
BSU_24310	GO:0008973	11	0.55	0
BSU_37060	GO:0030152	11	0.55	0
BSU_29220	GO:0005524	11	0.55	0
BSU_01780	GO:0004783	11	0.55	0
BSU_17410	GO:0004108	11	0.55	0
BSU_15180	GO:0015625	11	0.55	0
BSU_22400	GO:0032357	11	0.55	0
BSU_23500	GO:0004525	11	0.55	0
BSU_36010	GO:0009229	11	0.55	0
BSU_28310	GO:0009229	11	0.55	0
BSU_17410	GO:0003677	11	0.55	0
BSU_13850	GO:0005737	11	0.55	0
BSU_28630	GO:0009229	11	0.55	0
BSU_17410	GO:0005737	11	0.55	0
BSU_01780	GO:0005886	11	0.55	0
BSU_23870	GO:0009229	11	0.55	0
BSU_18100	GO:0009229	11	0.55	0
BSU_28310	GO:0006520	11	0.55	0
BSU_28630	GO:0004783	11	0.55	0
BSU_40090	GO:0004783	11	0.55	0
BSU_02230	GO:0015625	11	0.55	0
BSU_21870	GO:0005524	11	0.55	0
BSU_24310	GO:0046940	11	0.55	0
BSU_22400	GO:0030152	11	0.55	0
BSU_24310	GO:0005737	11	0.55	0
BSU_00420	GO:0006072	11	0.55	0
BSU_28070	GO:0065002	11	0.55	0
BSU_37060	GO:0051301	11	0.55	0
BSU_37280	GO:0015031	11	0.55	0
BSU_00510	GO:0006072	11	0.55	0
BSU_24310	GO:0046872	11	0.55	0
BSU_37280	GO:0006520	11	0.55	0
BSU_18100	GO:0006072	11	0.55	0
BSU_00550	GO:0006072	11	0.55	0
BSU_18100	GO:0006605	11	0.55	0
BSU_00550	GO:0015625	11	0.55	0
BSU_37060	GO:0046940	11	0.55	0
BSU_09190	GO:0005886	11	0.55	0
BSU_01660	GO:0004108	11	0.55	0
BSU_28630	GO:0003677	11	0.55	0
BSU_15180	GO:0008973	11	0.55	0
BSU_21870	GO:0003824	11	0.55	0
BSU_15180	GO:0005829	11	0.55	0
BSU_18100	GO:0005829	11	0.55	0
BSU_23870	GO:0006072	11	0.55	0
BSU_27730	GO:0015031	11	0.55	0
BSU_00420	GO:0044205	11	0.55	0
BSU_37060	GO:0071555	11	0.55	0
BSU_40090	GO:0003677	11	0.55	0
BSU_28430	GO:0005886	11	0.55	0
BSU_31690	GO:0003677	11	0.55	0
BSU_13400	GO:0003700	11	0.55	0
BSU_22400	GO:0003700	11	0.55	0
BSU_25460	GO:0009229	11	0.55	0
BSU_32260	GO:0009229	11	0.55	0
BSU_24310	GO:0005524	11	0.55	0
BSU_29220	GO:0004783	11	0.55	0
BSU_37280	GO:0009401	11	0.55	0
BSU_25460	GO:0006520	11	0.55	0
BSU_13400	GO:0005515	11	0.55	0
BSU_13850	GO:0015031	11	0.55	0
BSU_31690	GO:0005515	11	0.55	0
BSU_18100	GO:0015031	11	0.55	0
BSU_37060	GO:0044205	11	0.55	0
BSU_17410	GO:0005515	11	0.55	0
BSU_00550	GO:0005515	11	0.55	0
BSU_00550	GO:0006779	11	0.55	0
BSU_00480	GO:0005524	11	0.55	0
BSU_18100	GO:0016020	11	0.55	0
BSU_17410	GO:0008881	11	0.55	0
BSU_31690	GO:0004108	11	0.55	0
BSU_31690	GO:0034220	11	0.55	0
BSU_21870	GO:0005524	11	0.55	0
BSU_28430	GO:0005737	11	0.55	0
BSU_40090	GO:0006006	11	0.55	0
BSU_25100	GO:0042276	11	0.55	0
BSU_24310	GO:0005524	11	0.55	0
BSU_37060	GO:0004177	11	0.55	0
BSU_13980	GO:0006285	11	0.55	0
BSU_25460	GO:0006355	11	0.55	0
BSU_15180	GO:0004525	11	0.55	0
BSU_04570	GO:0006355	11	0.55	0
BSU_31690	GO:0016874	11	0.55	0
BSU_37280	GO:0004783	11	0.55	0
BSU_22400	GO:0019825	11	0.55	0
BSU_37280	GO:0009055	11	0.55	0
BSU_37280	GO:0034220	11	0.55	0
BSU_22400	GO:0048476	11	0.55	0
BSU_28630	GO:0006520	11	0.55	0
BSU_03760	GO:0016874	11	0.55	0
BSU_23500	GO:0005524	11	0.55	0
BSU_23870	GO:0004519	11	0.55	0
BSU_00420	GO:0005886	11	0.55	0
BSU_32260	GO:0009055	11	0.55	0
BSU_00510	GO:0006355	11	0.55	0
BSU_40090	GO:0005524	11	0.55	0
BSU_39380	GO:0004519	11	0.55	0
BSU_27730	GO:0042276	11	0.55	0
BSU_28070	GO:0034220	11	0.55	0
BSU_28780	GO:0005524	11	0.55	0
BSU_16530	GO:0005975	11	0.55	0
BSU_00550	GO:0030152	11	0.55	0
BSU_29220	GO:0036402	11	0.55	0
BSU_23500	GO:0006355	11	0.55	0
BSU_03760	GO:0034220	11	0.55	0
BSU_01780	GO:0003677	11	0.55	0
BSU_00510	GO:0006006	11	0.55	0
BSU_40400	GO:0006285	11	0.55	0
BSU_21870	GO:0005737	11	0.55	0
BSU_04570	GO:0046872	11	0.55	0
BSU_02230	GO:0030152	11	0.55	0
BSU_00550	GO:0006450	11	0.55	0
BSU_28310	GO:0006285	11	0.55	0
BSU_00420	GO:0046872	11	0.55	0
BSU_00480	GO:0005524	11	0.55	0
BSU_23500	GO:0004177	11	0.55	0
BSU_00550	GO:0046872	11	0.55	0
BSU_22450	GO:0006450	11	0.55	0
BSU_28430	GO:0004783	11	0.55	0
BSU_04570	GO:0003677	11	0.55	0
BSU_37060	GO:0006355	11	0.55	0
BSU_32260	GO:0004783	11	0.55	0
BSU_00420	GO:0006355	11	0.55	0
BSU_40090	GO:0006520	11	0.55	0
BSU_39400	GO:0009229	11	0.55	0
BSU_09190	GO:0032357	11	0.55	0
BSU_00510	GO:0006520	11	0.55	0
BSU_28630	GO:0008973	11	0.55	0
BSU_18100	GO:0065002	11	0.55	0
BSU_23500	GO:0004783	11	0.55	0
BSU_27730	GO:0016874	11	0.55	0
BSU_23500	GO:0009229	11	0.55	0
BSU_01780	GO:0006520	11	0.55	0
BSU_00420	GO:0005524	11	0.55	0
BSU_02230	GO:0003677	11	0.55	0
BSU_01780	GO:0006285	11	0.55	0
BSU_00510	GO:0032357	11	0.55	0
BSU_13400	GO:0004108	11	0.55	0
BSU_40090	GO:0009229	11	0.55	0
BSU_22400	GO:0016874	11	0.55	0
BSU_00420	GO:0071555	11	0.55	0
BSU_37280	GO:0065002	11	0.55	0
BSU_00510	GO:0003677	11	0.55	0
BSU_22400	GO:0015625	11	0.55	0
BSU_35920	GO:0009229	11	0.55	0
BSU_28200	GO:0006285	11	0.55	0
BSU_28070	GO:0004108	11	0.55	0
BSU_32260	GO:0006285	11	0.55	0
BSU_29220	GO:0008973	11	0.55	0
BSU_25100	GO:0048476	11	0.55	0
BSU_02230	GO:0009229	11	0.55	0
BSU_35920	GO:0004783	11	0.55	0
BSU_18100	GO:0006355	11	0.55	0
BSU_25100	GO:0006285	11	0.55	0
BSU_02230	GO:0032357	11	0.55	0
BSU_01780	GO:0009229	11	0.55	0
BSU_23870	GO:0006355	11	0.55	0
BSU_14670	GO:0032357	11	0.55	0
BSU_28070	GO:0071555	11	0.55	0
BSU_13400	GO:0005737	11	0.55	0
BSU_40090	GO:0005886	11	0.55	0
BSU_04570	GO:0005886	11	0.55	0
BSU_23870	GO:0004177	11	0.55	0
BSU_28310	GO:0004783	11	0.55	0
BSU_32260	GO:0071555	11	0.55	0
BSU_00550	GO:0004177	11	0.55	0
BSU_16530	GO:0005886	11	0.55	0
BSU_16530	GO:0009229	11	0.55	0
BSU_00420	GO:0004177	11	0.55	0
BSU_39380	GO:0005737	11	0.55	0
BSU_39400	GO:0004783	11	0.55	0
BSU_28310	GO:0005886	11	0.55	0
BSU_09190	GO:0071555	11	0.55	0
BSU_00420	GO:0004525	11	0.55	0
BSU_36010	GO:0005737	11	0.55	0
BSU_23870	GO:0051539	11	0.55	0
BSU_01780	GO:0003962	11	0.55	0
BSU_37280	GO:0007165	11	0.55	0
BSU_00480	GO:0046677	11	0.55	0
BSU_02230	GO:0051992	11	0.55	0
BSU_21870	GO:0009252	11	0.55	0
BSU_14670	GO:0051992	11	0.55	0
BSU_24310	GO:0046677	11	0.55	0
BSU_00510	GO:0051992	11	0.55	0
BSU_09190	GO:0051992	11	0.55	0
BSU_23870	GO:0051992	11	0.55	0
BSU_18100	GO:0016887	11	0.55	0
BSU_28630	GO:0051992	11	0.55	0
BSU_36010	GO:0051992	11	0.55	0
BSU_37060	GO:0009252	11	0.55	0
BSU_04570	GO:0016887	11	0.55	0
BSU_25460	GO:0016887	11	0.55	0
BSU_37280	GO:0051992	11	0.55	0
BSU_39370	GO:0046677	11	0.55	0
BSU_32260	GO:0016887	11	0.55	0
BSU_39380	GO:0046677	11	0.55	0
BSU_28630	GO:0008889	11	0.55	0
BSU_00510	GO:0003677	11	0.55	0
BSU_37280	GO:0004315	11	0.55	0
BSU_23870	GO:0003962	11	0.55	0
BSU_39400	GO:0016887	11	0.55	0
BSU_02230	GO:0003677	11	0.55	0
BSU_28310	GO:0016887	11	0.55	0
BSU_18100	GO:0003962	11	0.55	0
BSU_00510	GO:0003962	11	0.55	0
BSU_33450	GO:0003962	11	0.55	0
BSU_28630	GO:0008966	11	0.55	0
BSU_17410	GO:0046677	11	0.55	0
BSU_16530	GO:0016887	11	0.55	0
BSU_24310	GO:0009252	11	0.55	0
BSU_25460	GO:0051992	11	0.55	0
BSU_00550	GO:0046677	11	0.55	0
BSU_21870	GO:0051287	11	0.55	0
BSU_00550	GO:0009314	11	0.55	0
BSU_18100	GO:0015658	11	0.55	0
BSU_04570	GO:0003677	11	0.55	0
BSU_13850	GO:0015658	11	0.55	0
BSU_00550	GO:0000287	11	0.55	0
BSU_39380	GO:0000287	11	0.55	0
BSU_03760	GO:0016491	11	0.55	0
BSU_39370	GO:0000287	11	0.55	0
BSU_31690	GO:0016491	11	0.55	0
BSU_35920	GO:0000287	11	0.55	0
BSU_25100	GO:0000287	11	0.55	0
BSU_28070	GO:0000287	11	0.55	0
BSU_13400	GO:0000287	11	0.55	0
BSU_28430	GO:0000287	11	0.55	0
BSU_39400	GO:0000287	11	0.55	0
BSU_23710	GO:0003962	11	0.55	0
BSU_27730	GO:0003962	11	0.55	0
BSU_23500	GO:0003962	11	0.55	0
BSU_24310	GO:0000287	11	0.55	0
BSU_01660	GO:0046677	11	0.55	0
BSU_27730	GO:0000287	11	0.55	0
BSU_16530	GO:0051992	11	0.55	0
BSU_04570	GO:0003962	11	0.55	0
BSU_02230	GO:0008360	11	0.55	0
BSU_00420	GO:0009252	11	0.55	0
BSU_01660	GO:0051992	11	0.55	0
BSU_17410	GO:0051992	11	0.55	0
BSU_25100	GO:0016887	11	0.55	0
BSU_25460	GO:0003962	11	0.55	0
BSU_32260	GO:0003962	11	0.55	0
BSU_23870	GO:0005524	11	0.55	0
BSU_00420	GO:0005524	11	0.55	0
BSU_15180	GO:0051992	11	0.55	0
BSU_04570	GO:0051992	11	0.55	0
BSU_13400	GO:0009314	11	0.55	0
BSU_00550	GO:0008360	11	0.55	0
BSU_28430	GO:0008889	11	0.55	0
BSU_23710	GO:0008889	11	0.55	0
BSU_40090	GO:0003962	11	0.55	0
BSU_23500	GO:0044780	11	0.55	0
BSU_03760	GO:0071555	11	0.55	0
BSU_09190	GO:0019344	11	0.55	0
BSU_00550	GO:0016887	11	0.55	0
BSU_23870	GO:0019344	11	0.55	0
BSU_18100	GO:0016020	11	0.55	0
BSU_37060	GO:0016787	11	0.55	0
BSU_28430	GO:0019344	11	0.55	0
BSU_01660	GO:0046872	11	0.55	0
BSU_37280	GO:0019344	11	0.55	0
BSU_32260	GO:0019344	11	0.55	0
BSU_35920	GO:0019344	11	0.55	0
BSU_21870	GO:0008966	11	0.55	0
BSU_28310	GO:0019344	11	0.55	0
BSU_37060	GO:0008360	11	0.55	0
BSU_37280	GO:0055085	11	0.55	0
BSU_02230	GO:0016887	11	0.55	0
BSU_24310	GO:0005886	11	0.55	0
BSU_32260	GO:0006508	11	0.55	0
BSU_18100	GO:0055085	11	0.55	0
BSU_35920	GO:0005886	11	0.55	0
BSU_02230	GO:0030152	11	0.55	0
BSU_14670	GO:0030152	11	0.55	0
BSU_04570	GO:0044780	11	0.55	0
BSU_00510	GO:0030152	11	0.55	0
BSU_09190	GO:0030152	11	0.55	0
BSU_22400	GO:0016020	11	0.55	0
BSU_23870	GO:0030152	11	0.55	0
BSU_14670	GO:0016020	11	0.55	0
BSU_00550	GO:0005886	11	0.55	0
BSU_01660	GO:0016020	11	0.55	0
BSU_15180	GO:0008966	11	0.55	0
BSU_32260	GO:0030152	11	0.55	0
BSU_37060	GO:0044780	11	0.55	0
BSU_29220	GO:0005886	11	0.55	0
BSU_39400	GO:0019344	11	0.55	0
BSU_23870	GO:0008889	11	0.55	0
BSU_09190	GO:0003677	11	0.55	0
BSU_24310	GO:0008966	11	0.55	0
BSU_03760	GO:0015093	11	0.55	0
BSU_02230	GO:0004315	11	0.55	0
BSU_28630	GO:0016887	11	0.55	0
BSU_28430	GO:0004315	11	0.55	0
BSU_24310	GO:0004315	11	0.55	0
BSU_29220	GO:0008889	11	0.55	0
BSU_28630	GO:0019344	11	0.55	0
BSU_28620	GO:0008889	11	0.55	0
BSU_29220	GO:0019344	11	0.55	0
BSU_00510	GO:0016887	11	0.55	0
BSU_29220	GO:0004315	11	0.55	0
BSU_39400	GO:0008889	11	0.55	0
BSU_01780	GO:0016887	11	0.55	0
BSU_40090	GO:0016887	11	0.55	0
BSU_21870	GO:0008889	11	0.55	0
BSU_15180	GO:0019344	11	0.55	0
BSU_23500	GO:0008889	11	0.55	0
BSU_00510	GO:0008889	11	0.55	0
BSU_00510	GO:0019344	11	0.55	0
BSU_14670	GO:0008889	11	0.55	0
BSU_23500	GO:0019344	11	0.55	0
BSU_02230	GO:0008889	11	0.55	0
BSU_00550	GO:0004315	11	0.55	0
BSU_00510	GO:0004315	11	0.55	0
BSU_37280	GO:0008889	11	0.55	0
BSU_28620	GO:0016787	11	0.55	0
BSU_40090	GO:0019344	11	0.55	0
BSU_00420	GO:0004315	11	0.55	0
BSU_18100	GO:0004315	11	0.55	0
BSU_23870	GO:0004315	11	0.55	0
BSU_01780	GO:0019344	11	0.55	0
BSU_37060	GO:0008889	11	0.55	0
BSU_28780	GO:0004315	11	0.55	0
BSU_31200	GO:0004315	11	0.55	0
BSU_28630	GO:0003962	11	0.55	0
BSU_37060	GO:0005886	11	0.55	0
BSU_23870	GO:0016020	11	0.55	0
BSU_36810	GO:0003678	11	0.55	0
BSU_25100	GO:0003678	11	0.55	0
BSU_00480	GO:0047810	11	0.55	0
BSU_32260	GO:0003678	11	0.55	0
BSU_28070	GO:0003824	11	0.55	0
BSU_28200	GO:0003678	11	0.55	0
BSU_18100	GO:0003824	11	0.55	0
BSU_13400	GO:0005737	11	0.55	0
BSU_33450	GO:0003824	11	0.55	0
BSU_25460	GO:0003824	11	0.55	0
BSU_32260	GO:0003824	11	0.55	0
BSU_01780	GO:0003678	11	0.55	0
BSU_24310	GO:0047810	11	0.55	0
BSU_21870	GO:0047810	11	0.55	0
BSU_23500	GO:0047810	11	0.55	0
BSU_37060	GO:0047810	11	0.55	0
BSU_40400	GO:0003678	11	0.55	0
BSU_35920	GO:0047810	11	0.55	0
BSU_00480	GO:0008270	11	0.55	0
BSU_09190	GO:0000287	11	0.55	0
BSU_29220	GO:0000287	11	0.55	0
BSU_23870	GO:0008253	11	0.55	0
BSU_40090	GO:0003824	11	0.55	0
BSU_32260	GO:0008253	11	0.55	0
BSU_37060	GO:0009314	11	0.55	0
BSU_37060	GO:0000287	11	0.55	0
BSU_17410	GO:0005515	11	0.55	0
BSU_39400	GO:0003824	11	0.55	0
BSU_25460	GO:0000287	11	0.55	0
BSU_28310	GO:0003824	11	0.55	0
BSU_37280	GO:0000287	11	0.55	0
BSU_13400	GO:0005886	11	0.55	0
BSU_14670	GO:0000287	11	0.55	0
BSU_04570	GO:0003824	11	0.55	0
BSU_28310	GO:0003678	11	0.55	0
BSU_15180	GO:0003677	11	0.55	0
BSU_37280	GO:0046942	11	0.55	0
BSU_01780	GO:0003824	11	0.55	0
BSU_31200	GO:0043041	11	0.55	0
BSU_28620	GO:0005524	11	0.55	0
BSU_13400	GO:0043041	11	0.55	0
BSU_21870	GO:0016853	11	0.55	0
BSU_21870	GO:0005524	11	0.55	0
BSU_37060	GO:0000310	11	0.55	0
BSU_24310	GO:0016853	11	0.55	0
BSU_23710	GO:0005524	11	0.55	0
BSU_28430	GO:0005524	11	0.55	0
BSU_32260	GO:0043754	11	0.55	0
BSU_25460	GO:0043754	11	0.55	0
BSU_04570	GO:0043754	11	0.55	0
BSU_00480	GO:0016853	11	0.55	0
BSU_15180	GO:0005886	11	0.55	0
BSU_00550	GO:0043754	11	0.55	0
BSU_00510	GO:0043754	11	0.55	0
BSU_29220	GO:0005524	11	0.55	0
BSU_23500	GO:0000310	11	0.55	0
BSU_02230	GO:0047810	11	0.55	0
BSU_37060	GO:0016853	11	0.55	0
BSU_18100	GO:0046942	11	0.55	0
BSU_00420	GO:0047810	11	0.55	0
BSU_37060	GO:0050660	11	0.55	0
BSU_22400	GO:0005886	11	0.55	0
BSU_23870	GO:0005524	11	0.55	0
BSU_09190	GO:0005524	11	0.55	0
BSU_14670	GO:0005524	11	0.55	0
BSU_37280	GO:0005524	11	0.55	0
BSU_00420	GO:0008270	11	0.55	0
BSU_00420	GO:0016853	11	0.55	0
BSU_02230	GO:0016853	11	0.55	0
BSU_23500	GO:0005524	11	0.55	0
BSU_24310	GO:0016616	11	0.55	0
BSU_28430	GO:0016616	11	0.55	0
BSU_28780	GO:0043041	11	0.55	0
BSU_00510	GO:0008253	11	0.55	0
BSU_39400	GO:0000287	11	0.55	0
BSU_25100	GO:0003962	11	0.55	0
BSU_21870	GO:0005737	11	0.55	0
BSU_17410	GO:0006144	11	0.55	0
BSU_23500	GO:0005524	11	0.55	0
BSU_09190	GO:0000287	11	0.55	0
BSU_32260	GO:0000287	11	0.55	0
BSU_31200	GO:0005737	11	0.55	0
BSU_28780	GO:0005737	11	0.55	0
BSU_37060	GO:0003677	11	0.55	0
BSU_00480	GO:0006144	11	0.55	0
BSU_23870	GO:0004312	11	0.55	0
BSU_18100	GO:0004312	11	0.55	0
BSU_31690	GO:0007165	11	0.55	0
BSU_00420	GO:0004312	11	0.55	0
BSU_00510	GO:0004312	11	0.55	0
BSU_00420	GO:0009314	11	0.55	0
BSU_00550	GO:0004312	11	0.55	0
BSU_24310	GO:0005737	11	0.55	0
BSU_39400	GO:0005737	11	0.55	0
BSU_28630	GO:0008253	11	0.55	0
BSU_14670	GO:0000287	11	0.55	0
BSU_29220	GO:0000287	11	0.55	0
BSU_13850	GO:0016491	11	0.55	0
BSU_31690	GO:0015658	11	0.55	0
BSU_03760	GO:0015658	11	0.55	0
BSU_02230	GO:0004312	11	0.55	0
BSU_28070	GO:0015658	11	0.55	0
BSU_02230	GO:0005737	11	0.55	0
BSU_29220	GO:0008966	11	0.55	0
BSU_04570	GO:0004312	11	0.55	0
BSU_25460	GO:0000287	11	0.55	0
BSU_16530	GO:0005737	11	0.55	0
BSU_37280	GO:0000287	11	0.55	0
BSU_15180	GO:0004312	11	0.55	0
BSU_00420	GO:0046872	11	0.55	0
BSU_13400	GO:0004312	11	0.55	0
BSU_37280	GO:0015658	11	0.55	0
BSU_28430	GO:0008253	11	0.55	0
BSU_35920	GO:0005886	11	0.55	0
BSU_13850	GO:0000287	11	0.55	0
BSU_28200	GO:0003824	11	0.55	0
BSU_39380	GO:0000287	11	0.55	0
BSU_39370	GO:0000287	11	0.55	0
BSU_35920	GO:0000287	11	0.55	0
BSU_31200	GO:0005737	11	0.55	0
BSU_25460	GO:0008253	11	0.55	0
BSU_16530	GO:0008253	11	0.55	0
BSU_28780	GO:0005737	11	0.55	0
BSU_25100	GO:0000287	11	0.55	0
BSU_28070	GO:0000287	11	0.55	0
BSU_13400	GO:0000287	11	0.55	0
BSU_37280	GO:0008253	11	0.55	0
BSU_02230	GO:0008253	11	0.55	0
BSU_00510	GO:0003824	11	0.55	0
BSU_28430	GO:0000287	11	0.55	0
BSU_28780	GO:0000287	11	0.55	0
BSU_28630	GO:0003824	11	0.55	0
BSU_28620	GO:0005524	11	0.55	0
BSU_29220	GO:0005737	11	0.55	0
BSU_28310	GO:0008253	11	0.55	0
BSU_36010	GO:0008253	11	0.55	0
BSU_23710	GO:0008253	11	0.55	0
BSU_22400	GO:0005737	11	0.55	0
BSU_21870	GO:0008253	11	0.55	0
BSU_39400	GO:0008253	11	0.55	0
BSU_37060	GO:0016020	11	0.55	0
BSU_13400	GO:0005737	11	0.55	0
BSU_01660	GO:0016020	11	0.55	0
BSU_29220	GO:0008253	11	0.55	0
BSU_03760	GO:0005737	11	0.55	0
BSU_02230	GO:0005737	11	0.55	0
BSU_37060	GO:0006144	11	0.55	0
BSU_31690	GO:0005737	11	0.55	0
BSU_23500	GO:0008253	11	0.55	0
BSU_37280	GO:0030152	11	0.55	0
BSU_16530	GO:0030152	11	0.55	0
BSU_40090	GO:0005886	11	0.55	0
BSU_37060	GO:0006289	11	0.55	0
BSU_21870	GO:0070681	11	0.55	0
BSU_37280	GO:0005737	11	0.55	0
BSU_28630	GO:0052656	11	0.55	0
BSU_16530	GO:0005737	11	0.55	0
BSU_24310	GO:0070681	11	0.55	0
BSU_25460	GO:0006289	11	0.55	0
BSU_29220	GO:0009089	11	0.55	0
BSU_37060	GO:1990169	11	0.55	0
BSU_39370	GO:1990169	11	0.55	0
BSU_00550	GO:0051082	11	0.55	0
BSU_00420	GO:0051082	11	0.55	0
BSU_28630	GO:0009089	11	0.55	0
BSU_28780	GO:1990169	11	0.55	0
BSU_04570	GO:0006289	11	0.55	0
BSU_23870	GO:0051082	11	0.55	0
BSU_00420	GO:1990169	11	0.55	0
BSU_02230	GO:0005737	11	0.55	0
BSU_24310	GO:0009089	11	0.55	0
BSU_23500	GO:0006289	11	0.55	0
BSU_32260	GO:0000725	11	0.55	0
BSU_25460	GO:0000725	11	0.55	0
BSU_23500	GO:0051082	11	0.55	0
BSU_15180	GO:0006418	11	0.55	0
BSU_29220	GO:0005737	11	0.55	0
BSU_28200	GO:0000725	11	0.55	0
BSU_00510	GO:0003924	11	0.55	0
BSU_09190	GO:0003924	11	0.55	0
BSU_23870	GO:0003924	11	0.55	0
BSU_39400	GO:0000725	11	0.55	0
BSU_24310	GO:0005737	11	0.55	0
BSU_16530	GO:0000725	11	0.55	0
BSU_01780	GO:0000725	11	0.55	0
BSU_37060	GO:0051082	11	0.55	0
BSU_14670	GO:0005737	11	0.55	0
BSU_24310	GO:0052656	11	0.55	0
BSU_02230	GO:1990169	11	0.55	0
BSU_02230	GO:0003924	11	0.55	0
BSU_00550	GO:0005886	11	0.55	0
BSU_40090	GO:0009089	11	0.55	0
BSU_02230	GO:0005886	11	0.55	0
BSU_40090	GO:0000287	11	0.55	0
BSU_00420	GO:0006289	11	0.55	0
BSU_04570	GO:0005886	11	0.55	0
BSU_25460	GO:0005886	11	0.55	0
BSU_28630	GO:0016491	11	0.55	0
BSU_18100	GO:0009401	11	0.55	0
BSU_01780	GO:0000287	11	0.55	0
BSU_21870	GO:0016491	11	0.55	0
BSU_37060	GO:0005886	11	0.55	0
BSU_13850	GO:0009401	11	0.55	0
BSU_28430	GO:0016746	11	0.55	0
BSU_40090	GO:0008966	11	0.55	0
BSU_18100	GO:0006289	11	0.55	0
BSU_00510	GO:0006289	11	0.55	0
BSU_00510	GO:0005886	11	0.55	0
BSU_21870	GO:0009089	11	0.55	0
BSU_24310	GO:1990169	11	0.55	0
BSU_00420	GO:0005515	11	0.55	0
BSU_15180	GO:0009089	11	0.55	0
BSU_23500	GO:1990169	11	0.55	0
BSU_00510	GO:0009089	11	0.55	0
BSU_33450	GO:0006508	11	0.55	0
BSU_23500	GO:0008966	11	0.55	0
BSU_39400	GO:0006508	11	0.55	0
BSU_39380	GO:0000287	11	0.55	0
BSU_39370	GO:0000287	11	0.55	0
BSU_35920	GO:0000287	11	0.55	0
BSU_15180	GO:0052656	11	0.55	0
BSU_21870	GO:1990169	11	0.55	0
BSU_29220	GO:0005886	11	0.55	0
BSU_39400	GO:0000287	11	0.55	0
BSU_24310	GO:0005886	11	0.55	0
BSU_14670	GO:0003924	11	0.55	0
BSU_25460	GO:0046933	11	0.55	0
BSU_15180	GO:0016491	11	0.55	0
BSU_03760	GO:0055085	11	0.55	0
BSU_37280	GO:0046933	11	0.55	0
BSU_24310	GO:0046872	11	0.55	0
BSU_28430	GO:0005886	11	0.55	0
BSU_40400	GO:0046933	11	0.55	0
BSU_23460	GO:0030163	11	0.55	0
BSU_23710	GO:0005524	11	0.55	0
BSU_23870	GO:0005524	11	0.55	0
BSU_00420	GO:0005524	11	0.55	0
BSU_32260	GO:0006284	11	0.55	0
BSU_28620	GO:0005524	11	0.55	0
BSU_01780	GO:0006284	11	0.55	0
BSU_04570	GO:0016020	11	0.55	0
BSU_09190	GO:0005524	11	0.55	0
BSU_28200	GO:0006284	11	0.55	0
BSU_21870	GO:0052656	11	0.55	0
BSU_23710	GO:0005886	11	0.55	0
BSU_21870	GO:0005886	11	0.55	0
BSU_28630	GO:0003924	11	0.55	0
BSU_00420	GO:0005524	11	0.55	0
BSU_13980	GO:0044780	11	0.55	0
BSU_32260	GO:0030163	11	0.55	0
BSU_32260	GO:0044780	11	0.55	0
BSU_28200	GO:0044780	11	0.55	0
BSU_15180	GO:0070681	11	0.55	0
BSU_23500	GO:0005524	11	0.55	0
BSU_18100	GO:0046933	11	0.55	0
BSU_29220	GO:0005886	11	0.55	0
BSU_33450	GO:0044780	11	0.55	0
BSU_37060	GO:0006525	11	0.55	0
BSU_01780	GO:0044780	11	0.55	0
BSU_15180	GO:0046872	11	0.55	0
BSU_28620	GO:0005886	11	0.55	0
BSU_25100	GO:0006284	11	0.55	0
BSU_13850	GO:0055085	11	0.55	0
BSU_21870	GO:0005524	11	0.55	0
BSU_28430	GO:0003924	11	0.55	0
BSU_25100	GO:0000725	11	0.55	0
BSU_28200	GO:0046933	11	0.55	0
BSU_28070	GO:0005737	11	0.55	0
BSU_31690	GO:0005737	11	0.55	0
BSU_23500	GO:0003924	11	0.55	0
BSU_33450	GO:0046933	11	0.55	0
BSU_17410	GO:0005737	11	0.55	0
BSU_09190	GO:0005737	11	0.55	0
BSU_24310	GO:0006418	11	0.55	0
BSU_37060	GO:0003924	11	0.55	0
BSU_40400	GO:0000725	11	0.55	0
BSU_21870	GO:0006418	11	0.55	0
BSU_04570	GO:0046933	11	0.55	0
BSU_00480	GO:0003677	11	0.55	0
BSU_01660	GO:0005737	11	0.55	0
BSU_29220	GO:0052656	11	0.55	0
BSU_37280	GO:0003924	11	0.55	0
BSU_13400	GO:0005737	11	0.55	0
BSU_29220	GO:0006418	11	0.55	0
BSU_40400	GO:0030163	11	0.55	0
BSU_00510	GO:0046933	11	0.55	0
BSU_24310	GO:0005524	11	0.55	0
BSU_23710	GO:0003924	11	0.55	0
BSU_21870	GO:0003924	11	0.55	0
BSU_33450	GO:0006284	11	0.55	0
BSU_28070	GO:0046933	11	0.55	0
BSU_00480	GO:0005524	11	0.55	0
BSU_39400	GO:0003924	11	0.55	0
BSU_28620	GO:0003924	11	0.55	0
BSU_28310	GO:0052656	11	0.55	0
BSU_36010	GO:0052656	11	0.55	0
BSU_29220	GO:0003924	11	0.55	0
BSU_01780	GO:0052656	11	0.55	0
BSU_02230	GO:0005515	11	0.55	0
BSU_15180	GO:0051082	11	0.55	0
BSU_28780	GO:0005524	11	0.55	0
BSU_15180	GO:0005886	11	0.55	0
BSU_23870	GO:0006289	11	0.55	0
BSU_25460	GO:0030152	11	0.55	0
BSU_01780	GO:0004088	11	0.55	0
BSU_23500	GO:0016787	11	0.55	0
BSU_00510	GO:0004088	11	0.55	0
BSU_37060	GO:0006400	11	0.55	0
BSU_15180	GO:0004088	11	0.55	0
BSU_37060	GO:0016787	11	0.55	0
BSU_13400	GO:0005886	11	0.55	0
BSU_24310	GO:0005737	11	0.55	0
BSU_23500	GO:0052656	11	0.55	0
BSU_00550	GO:0006400	11	0.55	0
BSU_21870	GO:0005737	11	0.55	0
BSU_17410	GO:0005886	11	0.55	0
BSU_02230	GO:0016746	11	0.55	0
BSU_25460	GO:0016787	11	0.55	0
BSU_04570	GO:0016787	11	0.55	0
BSU_28630	GO:0004088	11	0.55	0
BSU_15180	GO:0016887	11	0.55	0
BSU_37060	GO:0004170	11	0.55	0
BSU_29220	GO:0004088	11	0.55	0
BSU_37060	GO:0016746	11	0.55	0
BSU_23500	GO:0006096	11	0.55	0
BSU_22400	GO:0016887	11	0.55	0
BSU_16530	GO:0006096	11	0.55	0
BSU_28310	GO:0004088	11	0.55	0
BSU_39400	GO:0004088	11	0.55	0
BSU_02230	GO:0006096	11	0.55	0
BSU_01780	GO:0006096	11	0.55	0
BSU_23500	GO:0004088	11	0.55	0
BSU_28430	GO:0006096	11	0.55	0
BSU_00510	GO:0008966	11	0.55	0
BSU_37280	GO:0140663	11	0.55	0
BSU_15180	GO:0016787	11	0.55	0
BSU_23500	GO:0016746	11	0.55	0
BSU_25100	GO:0140663	11	0.55	0
BSU_40090	GO:0004088	11	0.55	0
BSU_00420	GO:0016746	11	0.55	0
BSU_31690	GO:0016887	11	0.55	0
BSU_22400	GO:0008360	11	0.55	0
BSU_04570	GO:0016020	11	0.55	0
BSU_28630	GO:0030152	11	0.55	0
BSU_28430	GO:0030152	11	0.55	0
BSU_28310	GO:0030152	11	0.55	0
BSU_36010	GO:0030152	11	0.55	0
BSU_23710	GO:0030152	11	0.55	0
BSU_39400	GO:0030152	11	0.55	0
BSU_23870	GO:0044780	11	0.55	0
BSU_29220	GO:0030152	11	0.55	0
BSU_18100	GO:0044780	11	0.55	0
BSU_00510	GO:0044780	11	0.55	0
BSU_00550	GO:0044780	11	0.55	0
BSU_00550	GO:0016020	11	0.55	0
BSU_23500	GO:0030152	11	0.55	0
BSU_00510	GO:0016020	11	0.55	0
BSU_00420	GO:0016020	11	0.55	0
BSU_00420	GO:0044780	11	0.55	0
BSU_28070	GO:0030152	11	0.55	0
BSU_17410	GO:0016746	11	0.55	0
BSU_25100	GO:0030152	11	0.55	0
BSU_03760	GO:0016887	11	0.55	0
BSU_13400	GO:0006400	11	0.55	0
BSU_00510	GO:0016787	11	0.55	0
BSU_00420	GO:0016787	11	0.55	0
BSU_31690	GO:0016746	11	0.55	0
BSU_18100	GO:0016787	11	0.55	0
BSU_13400	GO:0016746	11	0.55	0
BSU_23870	GO:0016787	11	0.55	0
BSU_01660	GO:0016787	11	0.55	0
BSU_15180	GO:0006400	11	0.55	0
BSU_02230	GO:0006400	11	0.55	0
BSU_22450	GO:0006400	11	0.55	0
BSU_37060	GO:0016887	11	0.55	0
BSU_40400	GO:0006508	11	0.55	0
BSU_35920	GO:0030152	11	0.55	0
BSU_35920	GO:0004088	11	0.55	0
BSU_39400	GO:0006096	11	0.55	0
BSU_22400	GO:0005886	11	0.55	0
BSU_28070	GO:0009401	11	0.55	0
BSU_40090	GO:0016491	11	0.55	0
BSU_39400	GO:0016746	11	0.55	0
BSU_29220	GO:0070681	11	0.55	0
BSU_24310	GO:0016746	11	0.55	0
BSU_40090	GO:0052656	11	0.55	0
BSU_40090	GO:0016746	11	0.55	0
BSU_28630	GO:0140663	11	0.55	0
BSU_23500	GO:0016491	11	0.55	0
BSU_31690	GO:0016887	11	0.55	0
BSU_35920	GO:0016746	11	0.55	0
BSU_39400	GO:0016491	11	0.55	0
BSU_23870	GO:0016746	11	0.55	0
BSU_28310	GO:0016491	11	0.55	0
BSU_18100	GO:0016746	11	0.55	0
BSU_00510	GO:0016746	11	0.55	0
BSU_28070	GO:0016887	11	0.55	0
BSU_03760	GO:0016887	11	0.55	0
BSU_37060	GO:0003677	11	0.55	0
BSU_31690	GO:0016887	11	0.55	0
BSU_01780	GO:0016746	11	0.55	0
BSU_27730	GO:0005886	11	0.55	0
BSU_02230	GO:0016746	11	0.55	0
BSU_28630	GO:0005886	11	0.55	0
BSU_00510	GO:0016491	11	0.55	0
BSU_16530	GO:0016746	11	0.55	0
BSU_13400	GO:0005886	11	0.55	0
BSU_31690	GO:0009401	11	0.55	0
BSU_35920	GO:0005886	11	0.55	0
BSU_00510	GO:0052656	11	0.55	0
BSU_00550	GO:0006289	11	0.55	0
BSU_03760	GO:0009401	11	0.55	0
BSU_28630	GO:0070681	11	0.55	0
BSU_23500	GO:0009089	11	0.55	0
BSU_23500	GO:0016746	11	0.55	0
BSU_00550	GO:0016746	11	0.55	0
BSU_00510	GO:0140663	11	0.55	0
BSU_40090	GO:0006096	11	0.55	0
BSU_13400	GO:0016887	11	0.55	0
BSU_04570	GO:0004088	11	0.55	0
BSU_27730	GO:0008360	11	0.55	0
BSU_28630	GO:0006096	11	0.55	0
BSU_22450	GO:0004170	11	0.55	0
BSU_39400	GO:0140663	11	0.55	0
BSU_29220	GO:0006096	11	0.55	0
BSU_18100	GO:0004088	11	0.55	0
BSU_28310	GO:0140663	11	0.55	0
BSU_32260	GO:0006096	11	0.55	0
BSU_37280	GO:0006096	11	0.55	0
BSU_28310	GO:0006096	11	0.55	0
BSU_36010	GO:0006096	11	0.55	0
BSU_23870	GO:0004088	11	0.55	0
BSU_35920	GO:0006096	11	0.55	0
BSU_00420	GO:0003677	11	0.55	0
BSU_15180	GO:0006096	11	0.55	0
BSU_29220	GO:0000287	11	0.55	0
BSU_35920	GO:0016491	11	0.55	0
BSU_00510	GO:0006096	11	0.55	0
BSU_24310	GO:0000287	11	0.55	0
BSU_01780	GO:0140663	11	0.55	0
BSU_39370	GO:0016491	11	0.55	0
BSU_37280	GO:0009401	11	0.55	0
BSU_37280	GO:0016887	11	0.55	0
BSU_03760	GO:0016887	11	0.55	0
BSU_04570	GO:0016746	11	0.55	0
BSU_40090	GO:0140663	11	0.55	0
BSU_25460	GO:0016746	11	0.55	0
BSU_32260	GO:0016746	11	0.55	0
BSU_03760	GO:0006826	11	0.55	0
BSU_18100	GO:0016887	11	0.55	0
BSU_23500	GO:0140663	11	0.55	0
BSU_28620	GO:0004170	11	0.55	0
BSU_21870	GO:0004170	11	0.55	0
BSU_28630	GO:0003677	11	0.55	0
BSU_18100	GO:0043754	11	0.55	0
BSU_00550	GO:0000310	11	0.55	0
BSU_00550	GO:0003723	11	0.55	0
BSU_22400	GO:0005737	11	0.55	0
BSU_15180	GO:0004849	11	0.55	0
BSU_16530	GO:0005829	11	0.55	1
BSU_39380	GO:0019556	11	0.55	1
BSU_04570	GO:0004359	11	0.55	0
BSU_31200	GO:0017000	11	0.55	0
BSU_15940	GO:0006260	11	0.55	1
BSU_40400	GO:0006364	11	0.55	0
BSU_25460	GO:0004359	11	0.55	0
BSU_32260	GO:0004359	11	0.55	0
BSU_13850	GO:0005737	11	0.55	0
BSU_28780	GO:0005737	11	0.55	0
BSU_22450	GO:0005737	11	0.55	0
BSU_39380	GO:0005737	11	0.55	0
BSU_28070	GO:0005737	11	0.55	0
BSU_28070	GO:0015293	11	0.55	0
BSU_00510	GO:0015293	11	0.55	0
BSU_13980	GO:0046677	11	0.55	1
BSU_09190	GO:0046872	11	0.55	1
BSU_28780	GO:0017000	11	0.55	0
BSU_01780	GO:0004359	11	0.55	0
BSU_33450	GO:0006364	11	0.55	0
BSU_39400	GO:0033554	11	0.55	0
BSU_11430	GO:0055085	11	0.55	1
BSU_32260	GO:0006364	11	0.55	0
BSU_28310	GO:0033554	11	0.55	0
BSU_25460	GO:0015293	11	0.55	0
BSU_23460	GO:0006364	11	0.55	0
BSU_39400	GO:0016763	11	0.55	1
BSU_16530	GO:0015293	11	0.55	0
BSU_13980	GO:0006364	11	0.55	0
BSU_23870	GO:0003723	11	0.55	0
BSU_24310	GO:0035999	11	0.55	1
BSU_28310	GO:0006289	11	0.55	0
BSU_13400	GO:0005737	11	0.55	0
BSU_37060	GO:0003723	11	0.55	0
BSU_00550	GO:0030145	11	0.55	0
BSU_18100	GO:0015293	11	0.55	0
BSU_14670	GO:0005737	11	0.55	0
BSU_09190	GO:0005737	11	0.55	0
BSU_37280	GO:0005737	11	0.55	0
BSU_15180	GO:0004359	11	0.55	0
BSU_09190	GO:0015293	11	0.55	0
BSU_32260	GO:0015293	11	0.55	0
BSU_40400	GO:0006289	11	0.55	0
BSU_23710	GO:0004359	11	0.55	0
BSU_23500	GO:0051920	11	0.55	0
BSU_27730	GO:0004359	11	0.55	0
BSU_16530	GO:0004659	11	0.55	1
BSU_28630	GO:0004359	11	0.55	0
BSU_37060	GO:0051920	11	0.55	0
BSU_23870	GO:0042276	11	0.55	1
BSU_40090	GO:0004359	11	0.55	0
BSU_15180	GO:0003723	11	0.55	0
BSU_02230	GO:0005737	11	0.55	0
BSU_00420	GO:0008168	11	0.55	1
BSU_16530	GO:0005737	11	0.55	0
BSU_28430	GO:0005737	11	0.55	0
BSU_28310	GO:0005737	11	0.55	0
BSU_23500	GO:0003723	11	0.55	0
BSU_36010	GO:0005737	11	0.55	0
BSU_13980	GO:0008658	11	0.55	1
BSU_27730	GO:0004527	11	0.55	0
BSU_21870	GO:0005737	11	0.55	0
BSU_39400	GO:0005737	11	0.55	0
BSU_23710	GO:0004527	11	0.55	0
BSU_23500	GO:0004359	11	0.55	0
BSU_29220	GO:0005737	11	0.55	0
BSU_40400	GO:0015293	11	0.55	0
BSU_09190	GO:0008253	11	0.55	1
BSU_37280	GO:0015293	11	0.55	0
BSU_33450	GO:0003678	11	0.55	1
BSU_00420	GO:0030145	11	0.55	0
BSU_14900	GO:0006364	11	0.55	0
BSU_13400	GO:0003677	11	0.55	1
BSU_23500	GO:0006541	11	0.55	0
BSU_15180	GO:0006541	11	0.55	0
BSU_16530	GO:0005524	11	0.55	0
BSU_22400	GO:0005886	11	0.55	0
BSU_09190	GO:0016788	11	0.55	1
BSU_27730	GO:0005886	11	0.55	0
BSU_23710	GO:0006541	11	0.55	0
BSU_27730	GO:0006541	11	0.55	0
BSU_28630	GO:0006541	11	0.55	0
BSU_28620	GO:0006259	11	0.55	0
BSU_40090	GO:0006541	11	0.55	0
BSU_40400	GO:0005737	11	0.55	0
BSU_00420	GO:0003677	11	0.55	0
BSU_00510	GO:0004527	11	0.55	0
BSU_39400	GO:0005737	11	0.55	0
BSU_37060	GO:0004527	11	0.55	0
BSU_15180	GO:0005886	11	0.55	0
BSU_02230	GO:0004527	11	0.55	0
BSU_13400	GO:0005886	11	0.55	0
BSU_28430	GO:0030488	11	0.55	0
BSU_04570	GO:0006541	11	0.55	0
BSU_28070	GO:0005737	11	0.55	0
BSU_23870	GO:0030488	11	0.55	0
BSU_28310	GO:0005737	11	0.55	0
BSU_21870	GO:0005524	11	0.55	0
BSU_25460	GO:0006541	11	0.55	0
BSU_32260	GO:0006541	11	0.55	0
BSU_25100	GO:0005829	11	0.55	0
BSU_23870	GO:0005524	11	0.55	0
BSU_39400	GO:0005524	11	0.55	0
BSU_36010	GO:0005737	11	0.55	0
BSU_21870	GO:0005886	11	0.55	0
BSU_37280	GO:0030488	11	0.55	0
BSU_23500	GO:0005524	11	0.55	0
BSU_28430	GO:0046872	11	0.55	1
BSU_16530	GO:0005737	11	0.55	0
BSU_40090	GO:0006546	11	0.55	0
BSU_23500	GO:0033554	11	0.55	0
BSU_25100	GO:0005515	11	0.55	0
BSU_23870	GO:0004359	11	0.55	0
BSU_37060	GO:0030170	11	0.55	0
BSU_00510	GO:0033554	11	0.55	0
BSU_02230	GO:0006546	11	0.55	0
BSU_18100	GO:0004359	11	0.55	0
BSU_01780	GO:0033554	11	0.55	0
BSU_00420	GO:0006546	11	0.55	0
BSU_00510	GO:0004359	11	0.55	0
BSU_28200	GO:0006364	11	0.55	0
BSU_28430	GO:0051539	11	0.55	1
BSU_01780	GO:0006364	11	0.55	0
BSU_33940	GO:0006364	11	0.55	0
BSU_36810	GO:0006364	11	0.55	0
BSU_00550	GO:0030170	11	0.55	0
BSU_00420	GO:0030170	11	0.55	0
BSU_25100	GO:0032993	11	0.55	1
BSU_37060	GO:0006546	11	0.55	0
BSU_21870	GO:0004324	11	0.55	0
BSU_13980	GO:0006289	11	0.55	0
BSU_00420	GO:0005524	11	0.55	0
BSU_23520	GO:0032993	11	0.55	1
BSU_29220	GO:0033554	11	0.55	0
BSU_24310	GO:0006546	11	0.55	0
BSU_14850	GO:0051301	11	0.55	1
BSU_28630	GO:0033554	11	0.55	0
BSU_21870	GO:0006546	11	0.55	0
BSU_37060	GO:0003677	11	0.55	0
BSU_15180	GO:0030170	11	0.55	0
BSU_24310	GO:0033554	11	0.55	0
BSU_35920	GO:0005886	11	0.55	0
BSU_21870	GO:0033554	11	0.55	0
BSU_15180	GO:0033554	11	0.55	0
BSU_37060	GO:0030145	11	0.55	0
BSU_23500	GO:0006546	11	0.55	0
BSU_25100	GO:0004359	11	0.55	0
BSU_35920	GO:0004359	11	0.55	0
BSU_00420	GO:0000310	11	0.55	0
BSU_18100	GO:0045121	11	0.55	0
BSU_21870	GO:0005524	11	0.55	0
BSU_29220	GO:0090529	11	0.55	0
BSU_28780	GO:0005737	11	0.55	0
BSU_29220	GO:0006281	11	0.55	0
BSU_00550	GO:0005886	11	0.55	0
BSU_37280	GO:0045121	11	0.55	0
BSU_27520	GO:0003677	11	0.55	1
BSU_23870	GO:0016765	11	0.55	0
BSU_15180	GO:0090529	11	0.55	0
BSU_04570	GO:0090529	11	0.55	0
BSU_31200	GO:0005737	11	0.55	0
BSU_39380	GO:0005737	11	0.55	0
BSU_00420	GO:0016765	11	0.55	0
BSU_00550	GO:0016765	11	0.55	0
BSU_17410	GO:0030288	11	0.55	1
BSU_24310	GO:0090529	11	0.55	0
BSU_02230	GO:0005737	11	0.55	0
BSU_27310	GO:0071972	11	0.55	1
BSU_15180	GO:0045121	11	0.55	0
BSU_03760	GO:0005737	11	0.55	0
BSU_37060	GO:0006281	11	0.55	0
BSU_28310	GO:0046872	11	0.55	1
BSU_21870	GO:0042802	11	0.55	0
BSU_28620	GO:0042802	11	0.55	0
BSU_31690	GO:0005737	11	0.55	0
BSU_16530	GO:0046872	11	0.55	1
BSU_31200	GO:0005737	11	0.55	0
BSU_28430	GO:0045121	11	0.55	0
BSU_29220	GO:0005524	11	0.55	0
BSU_37280	GO:0071555	11	0.55	0
BSU_15950	GO:0005047	11	0.55	1
BSU_28630	GO:0090529	11	0.55	0
BSU_24310	GO:0005524	11	0.55	0
BSU_04570	GO:0045121	11	0.55	0
BSU_31200	GO:0000160	11	0.55	0
BSU_39400	GO:0004850	11	0.55	1
BSU_18100	GO:0071555	11	0.55	0
BSU_28430	GO:0004657	11	0.55	0
BSU_36010	GO:0009097	11	0.55	1
BSU_01780	GO:0046872	11	0.55	0
BSU_21870	GO:0005737	11	0.55	0
BSU_00550	GO:0033014	11	0.55	0
BSU_00420	GO:0033014	11	0.55	0
BSU_23870	GO:0004657	11	0.55	0
BSU_00420	GO:0004657	11	0.55	0
BSU_00550	GO:0004657	11	0.55	0
BSU_37060	GO:0004849	11	0.55	0
BSU_31200	GO:0033014	11	0.55	0
BSU_32260	GO:0046872	11	0.55	0
BSU_40090	GO:0046872	11	0.55	0
BSU_28780	GO:0033014	11	0.55	0
BSU_29220	GO:0033014	11	0.55	0
BSU_02230	GO:0033014	11	0.55	0
BSU_13850	GO:0055085	11	0.55	0
BSU_24310	GO:0005737	11	0.55	0
BSU_37060	GO:0016765	11	0.55	0
BSU_24310	GO:0004657	11	0.55	0
BSU_40090	GO:0005524	11	0.55	0
BSU_23500	GO:0016765	11	0.55	0
BSU_13980	GO:0008360	11	0.55	1
BSU_00550	GO:0004849	11	0.55	0
BSU_37060	GO:0000160	11	0.55	0
BSU_03760	GO:0055085	11	0.55	0
BSU_00420	GO:0004849	11	0.55	0
BSU_23500	GO:0005524	11	0.55	0
BSU_28070	GO:0045121	11	0.55	0
BSU_31690	GO:0045121	11	0.55	0
BSU_15180	GO:0046872	11	0.55	0
BSU_39400	GO:0005829	11	0.55	1
BSU_29220	GO:0004657	11	0.55	0
BSU_15180	GO:0000287	11	0.55	1
BSU_29220	GO:0005737	11	0.55	0
BSU_21870	GO:0090529	11	0.55	0
BSU_22450	GO:0042802	11	0.55	0
BSU_23870	GO:0006364	11	0.55	0
BSU_04570	GO:0006364	11	0.55	0
BSU_25100	GO:0051287	11	0.55	0
BSU_25460	GO:0006364	11	0.55	0
BSU_39400	GO:0016829	11	0.55	0
BSU_23500	GO:0016829	11	0.55	0
BSU_18100	GO:0004527	11	0.55	0
BSU_35920	GO:0005524	11	0.55	1
BSU_28620	GO:0006281	11	0.55	0
BSU_13980	GO:0051287	11	0.55	0
BSU_37060	GO:0006364	11	0.55	0
BSU_23870	GO:0004527	11	0.55	0
BSU_13400	GO:0017000	11	0.55	0
BSU_23500	GO:0006364	11	0.55	0
BSU_21870	GO:0006281	11	0.55	0
BSU_28310	GO:0051287	11	0.55	0
BSU_40090	GO:0016829	11	0.55	0
BSU_33900	GO:0006096	11	0.55	1
BSU_28310	GO:0016829	11	0.55	0
BSU_37060	GO:0042802	11	0.55	0
BSU_32260	GO:0051287	11	0.55	0
BSU_37280	GO:0005515	11	0.55	0
BSU_33450	GO:0051287	11	0.55	0
BSU_18100	GO:0006364	11	0.55	0
BSU_03760	GO:0007165	11	0.55	1
BSU_00510	GO:0006364	11	0.55	0
BSU_00550	GO:0006364	11	0.55	0
BSU_40400	GO:0016020	11	0.55	1
BSU_00550	GO:0051920	11	0.55	0
BSU_00420	GO:0051920	11	0.55	0
BSU_40400	GO:0051287	11	0.55	0
BSU_02230	GO:0006281	11	0.55	0
BSU_02230	GO:0005886	11	0.55	0
BSU_23870	GO:0051920	11	0.55	0
BSU_23500	GO:0006281	11	0.55	0
BSU_15180	GO:0006281	11	0.55	0
BSU_36810	GO:0051287	11	0.55	0
BSU_01780	GO:0016829	11	0.55	0
BSU_28070	GO:0071555	11	0.55	0
BSU_13400	GO:0005737	11	0.55	0
BSU_02230	GO:0005737	11	0.55	0
BSU_01780	GO:0090529	11	0.55	0
BSU_33450	GO:0030435	11	0.55	0
BSU_28200	GO:0030435	11	0.55	0
BSU_00510	GO:0090529	11	0.55	0
BSU_29220	GO:0071555	11	0.55	0
BSU_14670	GO:0006281	11	0.55	0
BSU_24310	GO:0071555	11	0.55	0
BSU_18100	GO:0030435	11	0.55	0
BSU_39400	GO:0071555	11	0.55	0
BSU_40400	GO:0030435	11	0.55	0
BSU_31690	GO:0016301	11	0.55	1
BSU_14900	GO:0022904	11	0.55	1
BSU_01200	GO:0003723	11	0.55	1
BSU_37280	GO:0030435	11	0.55	0
BSU_04570	GO:0009252	11	0.55	1
BSU_28630	GO:0016829	11	0.55	0
BSU_28200	GO:0030163	11	0.55	1
BSU_22400	GO:0005737	11	0.55	0
BSU_01780	GO:0051287	11	0.55	0
BSU_15180	GO:0006364	11	0.55	0
BSU_00510	GO:0016829	11	0.55	0
BSU_00550	GO:0004527	11	0.55	0
BSU_28610	GO:0005737	11	0.55	1
BSU_28200	GO:0051287	11	0.55	0
BSU_22400	GO:0004527	11	0.55	1
BSU_15180	GO:0016829	11	0.55	0
BSU_24310	GO:0016829	11	0.55	0
BSU_13850	GO:0015633	11	0.55	1
BSU_25460	GO:0030435	11	0.55	0
BSU_04570	GO:0030435	11	0.55	0
BSU_22450	GO:0006281	11	0.55	0
BSU_00510	GO:0030435	11	0.55	0
BSU_36830	GO:0005524	11	0.55	1
BSU_24310	GO:0005886	11	0.55	0
BSU_28630	GO:0005829	11	0.55	0
BSU_27730	GO:0005829	11	0.55	0
BSU_23710	GO:0005524	11	0.55	0
BSU_33450	GO:0009097	11	0.55	0
BSU_01780	GO:1902600	11	0.55	0
BSU_23870	GO:0015633	11	0.55	0
BSU_40090	GO:0005524	11	0.55	0
BSU_21870	GO:0016787	11	0.55	0
BSU_04570	GO:0032993	11	0.55	0
BSU_01780	GO:0009097	11	0.55	0
BSU_09190	GO:0015633	11	0.55	0
BSU_00510	GO:0015633	11	0.55	0
BSU_32260	GO:0005524	11	0.55	0
BSU_14670	GO:0015633	11	0.55	0
BSU_15180	GO:0000049	11	0.55	0
BSU_02230	GO:0015633	11	0.55	0
BSU_28630	GO:0016787	11	0.55	0
BSU_29220	GO:0016787	11	0.55	0
BSU_32260	GO:1902600	11	0.55	0
BSU_15180	GO:0016787	11	0.55	0
BSU_28070	GO:1902600	11	0.55	0
BSU_33450	GO:0006289	11	0.55	0
BSU_25460	GO:0009097	11	0.55	0
BSU_23500	GO:0009097	11	0.55	0
BSU_09190	GO:0005737	11	0.55	0
BSU_00510	GO:0032993	11	0.55	0
BSU_01780	GO:0016787	11	0.55	0
BSU_00510	GO:0016787	11	0.55	0
BSU_39400	GO:0009097	11	0.55	0
BSU_23710	GO:0009097	11	0.55	0
BSU_28630	GO:0009097	11	0.55	0
BSU_28070	GO:0009097	11	0.55	0
BSU_25100	GO:0009097	11	0.55	0
BSU_37060	GO:0004124	11	0.55	0
BSU_33450	GO:0032993	11	0.55	0
BSU_01780	GO:0032993	11	0.55	0
BSU_09190	GO:0005524	11	0.55	0
BSU_32260	GO:0032993	11	0.55	0
BSU_37280	GO:0015633	11	0.55	0
BSU_16530	GO:0009097	11	0.55	0
BSU_40090	GO:0006417	11	0.55	0
BSU_21870	GO:0015633	11	0.55	0
BSU_23710	GO:0015633	11	0.55	0
BSU_39400	GO:0006417	11	0.55	0
BSU_37060	GO:0009228	11	0.55	0
BSU_28430	GO:0015633	11	0.55	0
BSU_23500	GO:0006417	11	0.55	0
BSU_14670	GO:0005524	11	0.55	0
BSU_00420	GO:0046872	11	0.55	0
BSU_09190	GO:0005524	11	0.55	0
BSU_23870	GO:0005524	11	0.55	0
BSU_37060	GO:0004672	11	0.55	0
BSU_40400	GO:1902600	11	0.55	0
BSU_16530	GO:0006417	11	0.55	0
BSU_37280	GO:0005524	11	0.55	0
BSU_28630	GO:0005515	11	0.55	0
BSU_24310	GO:0006417	11	0.55	0
BSU_28620	GO:0015633	11	0.55	0
BSU_21870	GO:0000049	11	0.55	0
BSU_35920	GO:0006417	11	0.55	0
BSU_32260	GO:0006417	11	0.55	0
BSU_25460	GO:0006417	11	0.55	0
BSU_24310	GO:0000049	11	0.55	0
BSU_04570	GO:0006417	11	0.55	0
BSU_37060	GO:0015633	11	0.55	0
BSU_29220	GO:0000049	11	0.55	0
BSU_23500	GO:0015633	11	0.55	0
BSU_18100	GO:0008233	11	0.55	0
BSU_32260	GO:0008233	11	0.55	0
BSU_00550	GO:0006417	11	0.55	0
BSU_00510	GO:0006417	11	0.55	0
BSU_18100	GO:0006417	11	0.55	0
BSU_23870	GO:0006417	11	0.55	0
BSU_23500	GO:0032993	11	0.55	0
BSU_29220	GO:0015633	11	0.55	0
BSU_14670	GO:0005737	11	0.55	0
BSU_18100	GO:0032993	11	0.55	0
BSU_23710	GO:0005829	11	0.55	0
BSU_02230	GO:0043754	11	0.55	0
BSU_02230	GO:0016616	11	0.55	0
BSU_29220	GO:0090729	11	0.55	0
BSU_17410	GO:0005737	11	0.55	0
BSU_28630	GO:0006541	11	0.55	0
BSU_28430	GO:0043754	11	0.55	0
BSU_17410	GO:0090729	11	0.55	0
BSU_13850	GO:0005737	11	0.55	0
BSU_28070	GO:0005515	11	0.55	0
BSU_18100	GO:0005515	11	0.55	0
BSU_37060	GO:0016874	11	0.55	0
BSU_28620	GO:0090729	11	0.55	0
BSU_28620	GO:0009027	11	0.55	0
BSU_00510	GO:0005515	11	0.55	0
BSU_28200	GO:0005515	11	0.55	0
BSU_23870	GO:0006541	11	0.55	0
BSU_01780	GO:0043754	11	0.55	0
BSU_24310	GO:0090729	11	0.55	0
BSU_00510	GO:0006541	11	0.55	0
BSU_16530	GO:0043754	11	0.55	0
BSU_35920	GO:0016853	11	0.55	0
BSU_23870	GO:0043754	11	0.55	0
BSU_21870	GO:0006556	11	0.55	0
BSU_35920	GO:0043754	11	0.55	0
BSU_23870	GO:0000310	11	0.55	0
BSU_40090	GO:0043754	11	0.55	0
BSU_24310	GO:0043754	11	0.55	0
BSU_24310	GO:0006556	11	0.55	0
BSU_29220	GO:0006541	11	0.55	0
BSU_39400	GO:0043754	11	0.55	0
BSU_15180	GO:0090729	11	0.55	0
BSU_21870	GO:0006541	11	0.55	0
BSU_23500	GO:0043754	11	0.55	0
BSU_24310	GO:0005737	11	0.55	0
BSU_21870	GO:0090729	11	0.55	0
BSU_01660	GO:0090729	11	0.55	0
BSU_22450	GO:0009027	11	0.55	0
BSU_37280	GO:0009097	11	0.55	0
BSU_13400	GO:0005737	11	0.55	0
BSU_28430	GO:0005737	11	0.55	0
BSU_21870	GO:0005737	11	0.55	0
BSU_39400	GO:0005737	11	0.55	0
BSU_23500	GO:0004124	11	0.55	0
BSU_29220	GO:0005737	11	0.55	0
BSU_39400	GO:0016787	11	0.55	0
BSU_25460	GO:0032993	11	0.55	0
BSU_23500	GO:0016787	11	0.55	0
BSU_37280	GO:0005737	11	0.55	0
BSU_23870	GO:0009097	11	0.55	0
BSU_09190	GO:0009097	11	0.55	0
BSU_00510	GO:0009097	11	0.55	0
BSU_23870	GO:0032993	11	0.55	0
BSU_40090	GO:0016787	11	0.55	0
BSU_02230	GO:0005737	11	0.55	0
BSU_28310	GO:0016787	11	0.55	0
BSU_39380	GO:0005737	11	0.55	0
BSU_02230	GO:0006541	11	0.55	0
BSU_37060	GO:0005886	11	0.55	0
BSU_37280	GO:0008233	11	0.55	0
BSU_33450	GO:0005515	11	0.55	0
BSU_23500	GO:0006541	11	0.55	0
BSU_04570	GO:0005515	11	0.55	0
BSU_15180	GO:0006541	11	0.55	0
BSU_25460	GO:0005515	11	0.55	0
BSU_03760	GO:0140359	11	0.55	0
BSU_28620	GO:0006541	11	0.55	0
BSU_23710	GO:0006541	11	0.55	0
BSU_40400	GO:0005515	11	0.55	0
BSU_28620	GO:0016874	11	0.55	0
BSU_22450	GO:0006541	11	0.55	0
BSU_21870	GO:0016874	11	0.55	0
BSU_28780	GO:0005737	11	0.55	0
BSU_22450	GO:0005737	11	0.55	0
BSU_25460	GO:1902600	11	0.55	0
BSU_24310	GO:0046872	11	0.55	0
BSU_00420	GO:0009228	11	0.55	0
BSU_18100	GO:0016887	11	0.55	0
BSU_23710	GO:0030488	11	0.55	0
BSU_37060	GO:0016881	11	0.55	0
BSU_16530	GO:0005524	11	0.55	0
BSU_37280	GO:0005524	11	0.55	0
BSU_14670	GO:0005524	11	0.55	0
BSU_09190	GO:0005524	11	0.55	0
BSU_25100	GO:0006289	11	0.55	0
BSU_40090	GO:0005524	11	0.55	0
BSU_02230	GO:0016881	11	0.55	0
BSU_15180	GO:0030488	11	0.55	0
BSU_29220	GO:0005524	11	0.55	0
BSU_23710	GO:0016887	11	0.55	0
BSU_00550	GO:0016881	11	0.55	0
BSU_23870	GO:0016887	11	0.55	0
BSU_04570	GO:0004527	11	0.55	0
BSU_27730	GO:0030488	11	0.55	0
BSU_00420	GO:0050660	11	0.55	0
BSU_25100	GO:0005524	11	0.55	0
BSU_00510	GO:0016887	11	0.55	0
BSU_04570	GO:0016020	11	0.55	0
BSU_00420	GO:0004124	11	0.55	0
BSU_22400	GO:0016881	11	0.55	0
BSU_02230	GO:0016020	11	0.55	0
BSU_37060	GO:0050660	11	0.55	0
BSU_00550	GO:0016020	11	0.55	0
BSU_00510	GO:0016020	11	0.55	0
BSU_00550	GO:0005829	11	0.55	0
BSU_18100	GO:0016020	11	0.55	0
BSU_25460	GO:0016887	11	0.55	0
BSU_04570	GO:0016887	11	0.55	0
BSU_02230	GO:0016887	11	0.55	0
BSU_27730	GO:0016020	11	0.55	0
BSU_00480	GO:0005524	11	0.55	0
BSU_23870	GO:0004124	11	0.55	0
BSU_01660	GO:0016881	11	0.55	0
BSU_23870	GO:0005829	11	0.55	0
BSU_33450	GO:1902600	11	0.55	0
BSU_32260	GO:0030488	11	0.55	0
BSU_04570	GO:0030488	11	0.55	0
BSU_23870	GO:0006541	11	0.55	0
BSU_18100	GO:0006541	11	0.55	0
BSU_01780	GO:0030488	11	0.55	0
BSU_00510	GO:0006541	11	0.55	0
BSU_00550	GO:0006541	11	0.55	0
BSU_15180	GO:0005829	11	0.55	0
BSU_01780	GO:0005524	11	0.55	0
BSU_28620	GO:0005829	11	0.55	0
BSU_00550	GO:0030488	11	0.55	0
BSU_00510	GO:0030488	11	0.55	0
BSU_36010	GO:0009099	11	0.55	1
BSU_29220	GO:0005886	11	0.55	0
BSU_15180	GO:0005886	11	0.55	0
BSU_18100	GO:0030488	11	0.55	0
BSU_25460	GO:0030488	11	0.55	0
BSU_25460	GO:0005829	11	0.55	0
BSU_40090	GO:0005524	11	0.55	0
BSU_32260	GO:0005524	11	0.55	0
BSU_23500	GO:0030488	11	0.55	0
BSU_18100	GO:0005829	11	0.55	0
BSU_00550	GO:0005737	11	0.55	1
BSU_00510	GO:0005829	11	0.55	0
BSU_28620	GO:0003723	11	0.55	1
BSU_00550	GO:0005829	11	0.55	0
BSU_40090	GO:0033554	11	0.55	1
BSU_23710	GO:0005524	11	0.55	0
BSU_28310	GO:0009097	11	0.55	1
BSU_23500	GO:0005524	11	0.55	0
BSU_33940	GO:0004365	11	0.55	1
BSU_24310	GO:0005524	11	0.55	0
BSU_37060	GO:0005886	11	0.55	0
BSU_04570	GO:0005829	11	0.55	0
BSU_35920	GO:0005737	11	0.55	1
BSU_25460	GO:0016020	11	0.55	0
BSU_22450	GO:0005829	11	0.55	0
BSU_23870	GO:0006397	11	0.55	0
BSU_04570	GO:1902210	11	0.55	0
BSU_27730	GO:0032993	11	0.55	0
BSU_28200	GO:0006289	11	0.55	0
BSU_28630	GO:0032993	11	0.55	0
BSU_00480	GO:0046872	11	0.55	0
BSU_40090	GO:0032993	11	0.55	0
BSU_16530	GO:0016780	11	0.55	0
BSU_40090	GO:0016887	11	0.55	0
BSU_09190	GO:0071555	11	0.55	0
BSU_01660	GO:0016780	11	0.55	0
BSU_17410	GO:0016780	11	0.55	0
BSU_01780	GO:0016887	11	0.55	0
BSU_00550	GO:1902210	11	0.55	0
BSU_00510	GO:1902210	11	0.55	0
BSU_15180	GO:0016780	11	0.55	0
BSU_04570	GO:0016780	11	0.55	0
BSU_23710	GO:0032993	11	0.55	0
BSU_36010	GO:0016780	11	0.55	0
BSU_15180	GO:0016887	11	0.55	0
BSU_28630	GO:0016780	11	0.55	0
BSU_02230	GO:0006417	11	0.55	0
BSU_01780	GO:0006417	11	0.55	0
BSU_37060	GO:0016780	11	0.55	0
BSU_28200	GO:1902600	11	0.55	0
BSU_28070	GO:0005524	11	0.55	0
BSU_09190	GO:0008233	11	0.55	0
BSU_25460	GO:0016780	11	0.55	0
BSU_37280	GO:0016780	11	0.55	0
BSU_23500	GO:1902210	11	0.55	0
BSU_02230	GO:0016780	11	0.55	0
BSU_14670	GO:0016780	11	0.55	0
BSU_37060	GO:1902210	11	0.55	0
BSU_00510	GO:0016780	11	0.55	0
BSU_09190	GO:0016780	11	0.55	0
BSU_23870	GO:0016780	11	0.55	0
BSU_37060	GO:0004644	11	0.55	0
BSU_29220	GO:0071555	11	0.55	0
BSU_28630	GO:0071555	11	0.55	0
BSU_15180	GO:0006397	11	0.55	0
BSU_35920	GO:0016887	11	0.55	0
BSU_25460	GO:0006397	11	0.55	0
BSU_22400	GO:0016020	11	0.55	0
BSU_04570	GO:0006397	11	0.55	0
BSU_31690	GO:0016887	11	0.55	0
BSU_28630	GO:0016887	11	0.55	0
BSU_15180	GO:0016020	11	0.55	0
BSU_00550	GO:0004124	11	0.55	0
BSU_00510	GO:0071555	11	0.55	0
BSU_28620	GO:0005829	11	0.55	0
BSU_00550	GO:0006397	11	0.55	0
BSU_00510	GO:0006397	11	0.55	0
BSU_37060	GO:0016020	11	0.55	0
BSU_00420	GO:0006397	11	0.55	0
BSU_18100	GO:0006397	11	0.55	0
BSU_28630	GO:0016020	11	0.55	0
BSU_00420	GO:1902210	11	0.55	0
BSU_02230	GO:0005886	11	0.55	0
BSU_23500	GO:0006397	11	0.55	0
BSU_01780	GO:0006289	11	0.55	0
BSU_18100	GO:1902210	11	0.55	0
BSU_24310	GO:0071555	11	0.55	0
BSU_00550	GO:0004644	11	0.55	0
BSU_00420	GO:0004644	11	0.55	0
BSU_23870	GO:1902210	11	0.55	0
BSU_29220	GO:0016887	11	0.55	0
BSU_28780	GO:0005524	11	0.55	0
BSU_21870	GO:0071555	11	0.55	0
BSU_00550	GO:0005886	11	0.55	0
BSU_32260	GO:0006289	11	0.55	0
BSU_31200	GO:0046872	11	0.55	0
BSU_13400	GO:0016020	11	0.55	0
BSU_37060	GO:0006397	11	0.55	0
BSU_37060	GO:0003677	11	0.55	0
BSU_09190	GO:0008889	11	0.55	0
BSU_22400	GO:0004747	11	0.55	0
BSU_24310	GO:0005506	11	0.55	0
BSU_01780	GO:0005886	11	0.55	0
BSU_24310	GO:0009361	11	0.55	0
BSU_39400	GO:0071555	11	0.55	0
BSU_15180	GO:0009097	11	0.55	0
BSU_23870	GO:0051539	11	0.55	0
BSU_37060	GO:0003723	11	0.55	0
BSU_40090	GO:0006412	11	0.55	0
BSU_09190	GO:0016757	11	0.55	0
BSU_14670	GO:0009099	11	0.55	0
BSU_01780	GO:0009097	11	0.55	0
BSU_28310	GO:0005886	11	0.55	0
BSU_35920	GO:0009097	11	0.55	0
BSU_37280	GO:0006508	11	0.55	0
BSU_28200	GO:0006221	11	0.55	0
BSU_25100	GO:0009097	11	0.55	0
BSU_16530	GO:0005886	11	0.55	0
BSU_28070	GO:0009097	11	0.55	0
BSU_37060	GO:0005886	11	0.55	0
BSU_33940	GO:0030163	11	0.55	0
BSU_15180	GO:0042823	11	0.55	0
BSU_16530	GO:0016757	11	0.55	0
BSU_23870	GO:0009099	11	0.55	0
BSU_23710	GO:0051539	11	0.55	0
BSU_23500	GO:0008705	11	0.55	0
BSU_36010	GO:0051539	11	0.55	0
BSU_37060	GO:0008033	11	0.55	0
BSU_22400	GO:0006281	11	0.55	0
BSU_21870	GO:0009361	11	0.55	0
BSU_32260	GO:0009099	11	0.55	0
BSU_00510	GO:0006412	11	0.55	0
BSU_09190	GO:0009099	11	0.55	0
BSU_00420	GO:0051775	11	0.55	0
BSU_00510	GO:0009099	11	0.55	0
BSU_23500	GO:0019464	11	0.55	0
BSU_00480	GO:0005506	11	0.55	0
BSU_28630	GO:0051539	11	0.55	0
BSU_36810	GO:0030163	11	0.55	0
BSU_24310	GO:0003924	11	0.55	0
BSU_00510	GO:0051775	11	0.55	0
BSU_01780	GO:0004659	11	0.55	0
BSU_04570	GO:0005886	11	0.55	0
BSU_13400	GO:0051775	11	0.55	0
BSU_37280	GO:0071555	11	0.55	0
BSU_21870	GO:0003677	11	0.55	0
BSU_16530	GO:0006508	11	0.55	0
BSU_25460	GO:0006508	11	0.55	0
BSU_29220	GO:0009361	11	0.55	0
BSU_14670	GO:0006281	11	0.55	0
BSU_37060	GO:0006751	11	0.55	0
BSU_28620	GO:0008033	11	0.55	0
BSU_24310	GO:0019464	11	0.55	0
BSU_33450	GO:0006221	11	0.55	0
BSU_23500	GO:0006508	11	0.55	0
BSU_28630	GO:0009097	11	0.55	0
BSU_39400	GO:0006412	11	0.55	0
BSU_13400	GO:0004747	11	0.55	0
BSU_00550	GO:0008168	11	0.55	0
BSU_23500	GO:0009097	11	0.55	0
BSU_31690	GO:0000156	11	0.55	0
BSU_23870	GO:0000156	11	0.55	0
BSU_28070	GO:0042802	11	0.55	0
BSU_15180	GO:0003924	11	0.55	0
BSU_37060	GO:0016491	11	0.55	0
BSU_21870	GO:0019464	11	0.55	0
BSU_23500	GO:0006412	11	0.55	0
BSU_21870	GO:0003924	11	0.55	0
BSU_28430	GO:0009097	11	0.55	0
BSU_23710	GO:0009097	11	0.55	0
BSU_16530	GO:0008705	11	0.55	0
BSU_39400	GO:0019464	11	0.55	0
BSU_40090	GO:0005886	11	0.55	0
BSU_27730	GO:0051775	11	0.55	0
BSU_23710	GO:0051775	11	0.55	0
BSU_27730	GO:0004747	11	0.55	0
BSU_09190	GO:0006281	11	0.55	0
BSU_39400	GO:0009097	11	0.55	0
BSU_22400	GO:0051775	11	0.55	0
BSU_28630	GO:0009361	11	0.55	0
BSU_29220	GO:0009097	11	0.55	0
BSU_24310	GO:0051537	11	0.55	0
BSU_01780	GO:0008705	11	0.55	0
BSU_33450	GO:0008705	11	0.55	0
BSU_28630	GO:0004747	11	0.55	0
BSU_37060	GO:0019464	11	0.55	0
BSU_37060	GO:0008168	11	0.55	0
BSU_39380	GO:0005506	11	0.55	0
BSU_00480	GO:0016740	11	0.55	0
BSU_00420	GO:0016740	11	0.55	0
BSU_22450	GO:0006281	11	0.55	0
BSU_28630	GO:0009252	11	0.55	0
BSU_25100	GO:0008705	11	0.55	0
BSU_25100	GO:0006221	11	0.55	0
BSU_40090	GO:0009252	11	0.55	0
BSU_18100	GO:0030435	11	0.55	0
BSU_28070	GO:0008705	11	0.55	0
BSU_28630	GO:0008705	11	0.55	0
BSU_02230	GO:0006826	11	0.55	0
BSU_28310	GO:0008705	11	0.55	0
BSU_00420	GO:0016020	11	0.55	0
BSU_21870	GO:0016740	11	0.55	0
BSU_36010	GO:0008705	11	0.55	0
BSU_23710	GO:0008705	11	0.55	0
BSU_28780	GO:0003723	11	0.55	0
BSU_00550	GO:0016020	11	0.55	0
BSU_02230	GO:0005506	11	0.55	0
BSU_27730	GO:0009252	11	0.55	0
BSU_37060	GO:0006826	11	0.55	0
BSU_02230	GO:0005886	11	0.55	0
BSU_23710	GO:0009252	11	0.55	0
BSU_14670	GO:0005737	11	0.55	0
BSU_40090	GO:0005515	11	0.55	0
BSU_23500	GO:0003723	11	0.55	0
BSU_15180	GO:0006826	11	0.55	0
BSU_00510	GO:0016746	11	0.55	0
BSU_37060	GO:0004747	11	0.55	0
BSU_28430	GO:0042126	11	0.55	0
BSU_18100	GO:0016746	11	0.55	0
BSU_23870	GO:0016746	11	0.55	0
BSU_40090	GO:0009361	11	0.55	0
BSU_35920	GO:0016020	11	0.55	0
BSU_37060	GO:0005515	11	0.55	0
BSU_14670	GO:0005886	11	0.55	0
BSU_31200	GO:0016020	11	0.55	0
BSU_23870	GO:0016020	11	0.55	0
BSU_21870	GO:0004047	11	0.55	0
BSU_14670	GO:0006508	11	0.55	0
BSU_24310	GO:0004047	11	0.55	0
BSU_23870	GO:0003723	11	0.55	0
BSU_28430	GO:0005886	11	0.55	0
BSU_23500	GO:0005515	11	0.55	0
BSU_32260	GO:0008705	11	0.55	0
BSU_15180	GO:0004747	11	0.55	0
BSU_29220	GO:0006412	11	0.55	0
BSU_40090	GO:0008705	11	0.55	0
BSU_39400	GO:0008705	11	0.55	0
BSU_00510	GO:0070681	11	0.55	0
BSU_24310	GO:0006412	11	0.55	0
BSU_17410	GO:0005506	11	0.55	0
BSU_21870	GO:0006412	11	0.55	0
BSU_22400	GO:0005886	11	0.55	0
BSU_28620	GO:0051539	11	0.55	0
BSU_29220	GO:0003924	11	0.55	0
BSU_09190	GO:0005886	11	0.55	0
BSU_15180	GO:0009361	11	0.55	0
BSU_15180	GO:0006412	11	0.55	0
BSU_09190	GO:0071555	11	0.55	0
BSU_39400	GO:0051539	11	0.55	0
BSU_28630	GO:0003924	11	0.55	0
BSU_16530	GO:0019464	11	0.55	0
BSU_37280	GO:0016757	11	0.55	0
BSU_23870	GO:0008705	11	0.55	0
BSU_02230	GO:0006508	11	0.55	0
BSU_37060	GO:0005886	11	0.55	0
BSU_00550	GO:0006826	11	0.55	0
BSU_24310	GO:0042823	11	0.55	0
BSU_37060	GO:0051301	11	0.55	0
BSU_18100	GO:0006281	11	0.55	0
BSU_25460	GO:0008705	11	0.55	0
BSU_40090	GO:0004047	11	0.55	0
BSU_00510	GO:0009361	11	0.55	0
BSU_37280	GO:0008705	11	0.55	0
BSU_29220	GO:0051539	11	0.55	0
BSU_23870	GO:0005506	11	0.55	0
BSU_21870	GO:0042823	11	0.55	0
BSU_00550	GO:0003723	11	0.55	0
BSU_17410	GO:0006751	11	0.55	0
BSU_00510	GO:0008705	11	0.55	0
BSU_09190	GO:0008705	11	0.55	0
BSU_14900	GO:0030163	11	0.55	0
BSU_18100	GO:0000156	11	0.55	0
BSU_23870	GO:0019346	11	0.55	0
BSU_33450	GO:0030163	11	0.55	0
BSU_27730	GO:0032259	11	0.55	0
BSU_28630	GO:0019346	11	0.55	0
BSU_04570	GO:0032259	11	0.55	0
BSU_23500	GO:0003924	11	0.55	0
BSU_04570	GO:0003700	11	0.55	0
BSU_23500	GO:0004312	11	0.55	0
BSU_32260	GO:0006221	11	0.55	0
BSU_39400	GO:0003924	11	0.55	0
BSU_25460	GO:0006221	11	0.55	0
BSU_23710	GO:0032259	11	0.55	0
BSU_37060	GO:0071555	11	0.55	0
BSU_04570	GO:0005886	11	0.55	0
BSU_27730	GO:0019346	11	0.55	0
BSU_28070	GO:0071555	11	0.55	0
BSU_04570	GO:0019346	11	0.55	0
BSU_18100	GO:0006526	11	0.55	0
BSU_23870	GO:0006526	11	0.55	0
BSU_23710	GO:0019346	11	0.55	0
BSU_28310	GO:0003924	11	0.55	0
BSU_37060	GO:0004312	11	0.55	0
BSU_32260	GO:0042802	11	0.55	0
BSU_28310	GO:0006412	11	0.55	0
BSU_04570	GO:0006526	11	0.55	0
BSU_01780	GO:0019346	11	0.55	0
BSU_21870	GO:0008615	11	0.55	0
BSU_25100	GO:0019346	11	0.55	0
BSU_21870	GO:0016491	11	0.55	0
BSU_00550	GO:0005886	11	0.55	0
BSU_29220	GO:0009099	11	0.55	0
BSU_39400	GO:0009099	11	0.55	0
BSU_23710	GO:0009099	11	0.55	0
BSU_28430	GO:0009099	11	0.55	0
BSU_01780	GO:0032259	11	0.55	0
BSU_40090	GO:0003924	11	0.55	0
BSU_28630	GO:0009099	11	0.55	0
BSU_40090	GO:0019346	11	0.55	0
BSU_28070	GO:0009099	11	0.55	0
BSU_29220	GO:0004823	11	0.55	0
BSU_25100	GO:0009099	11	0.55	0
BSU_37060	GO:0003677	11	0.55	0
BSU_35920	GO:0009099	11	0.55	0
BSU_25460	GO:0005886	11	0.55	0
BSU_25460	GO:0032259	11	0.55	0
BSU_15180	GO:0032259	11	0.55	0
BSU_01780	GO:0006526	11	0.55	0
BSU_32260	GO:0019346	11	0.55	0
BSU_22400	GO:0003700	11	0.55	0
BSU_40090	GO:0006526	11	0.55	0
BSU_23500	GO:0000156	11	0.55	0
BSU_18100	GO:0003700	11	0.55	0
BSU_28630	GO:0006526	11	0.55	0
BSU_23870	GO:0003700	11	0.55	0
BSU_37280	GO:0019464	11	0.55	0
BSU_23500	GO:0005886	11	0.55	0
BSU_09190	GO:0042802	11	0.55	0
BSU_13850	GO:0071555	11	0.55	0
BSU_00510	GO:0006526	11	0.55	0
BSU_18100	GO:0071555	11	0.55	0
BSU_13400	GO:0003700	11	0.55	0
BSU_37060	GO:0000156	11	0.55	0
BSU_15180	GO:0006526	11	0.55	0
BSU_27730	GO:0003700	11	0.55	0
BSU_23710	GO:0003700	11	0.55	0
BSU_00550	GO:0003700	11	0.55	0
BSU_00550	GO:0051539	11	0.55	0
BSU_21870	GO:0005515	11	0.55	0
BSU_29220	GO:0006526	11	0.55	0
BSU_02230	GO:0003700	11	0.55	0
BSU_15180	GO:0009099	11	0.55	0
BSU_28630	GO:0016757	11	0.55	0
BSU_35920	GO:0006526	11	0.55	0
BSU_03760	GO:0071555	11	0.55	0
BSU_39400	GO:0005515	11	0.55	0
BSU_28310	GO:0006526	11	0.55	0
BSU_01780	GO:0009099	11	0.55	0
BSU_39400	GO:0006526	11	0.55	0
BSU_32260	GO:0032259	11	0.55	0
BSU_31690	GO:0071555	11	0.55	0
BSU_15180	GO:0008615	11	0.55	0
BSU_23500	GO:0032259	11	0.55	0
BSU_00510	GO:0003700	11	0.55	0
BSU_25460	GO:0019346	11	0.55	0
BSU_23500	GO:0006526	11	0.55	0
BSU_04570	GO:0016757	11	0.55	0
BSU_04570	GO:0000156	11	0.55	0
BSU_15180	GO:0005886	11	0.55	0
BSU_37060	GO:0003700	11	0.55	0
BSU_18100	GO:0042802	11	0.55	0
BSU_39400	GO:0006508	11	0.55	0
BSU_37280	GO:0009099	11	0.55	0
BSU_00420	GO:0071555	11	0.55	0
BSU_00550	GO:0071555	11	0.55	0
BSU_23710	GO:0006508	11	0.55	0
BSU_02230	GO:0009097	11	0.55	0
BSU_00510	GO:0016757	11	0.55	0
BSU_35920	GO:0019464	11	0.55	0
BSU_36010	GO:0006508	11	0.55	0
BSU_28430	GO:0032259	11	0.55	0
BSU_14670	GO:0009097	11	0.55	0
BSU_28310	GO:0006508	11	0.55	0
BSU_28430	GO:0006508	11	0.55	0
BSU_18100	GO:0016757	11	0.55	0
BSU_00510	GO:0005886	11	0.55	0
BSU_00510	GO:0003924	11	0.55	0
BSU_31200	GO:0003677	11	0.55	0
BSU_28630	GO:0006508	11	0.55	0
BSU_37280	GO:0009097	11	0.55	0
BSU_23870	GO:0051775	11	0.55	0
BSU_02230	GO:0009099	11	0.55	0
BSU_00510	GO:0019346	11	0.55	0
BSU_37280	GO:0006281	11	0.55	0
BSU_14670	GO:0005506	11	0.55	0
BSU_00420	GO:0008033	11	0.55	0
BSU_14670	GO:0071555	11	0.55	0
BSU_29220	GO:0008615	11	0.55	0
BSU_00420	GO:0051301	11	0.55	0
BSU_40090	GO:0019464	11	0.55	0
BSU_00420	GO:0000156	11	0.55	0
BSU_25460	GO:0009097	11	0.55	0
BSU_00510	GO:0000156	11	0.55	0
BSU_15180	GO:0004823	11	0.55	0
BSU_18100	GO:0051775	11	0.55	0
BSU_00550	GO:0000156	11	0.55	0
BSU_18100	GO:0019346	11	0.55	0
BSU_16530	GO:0009097	11	0.55	0
BSU_00550	GO:0005506	11	0.55	0
BSU_29220	GO:0006508	11	0.55	0
BSU_37060	GO:0006096	11	0.55	0
BSU_21870	GO:0004823	11	0.55	0
BSU_00420	GO:0005886	11	0.55	0
BSU_00420	GO:0051539	11	0.55	0
BSU_00420	GO:0004312	11	0.55	0
BSU_24310	GO:0008615	11	0.55	0
BSU_23710	GO:0016757	11	0.55	0
BSU_00550	GO:0004312	11	0.55	0
BSU_31200	GO:0005886	11	0.55	0
BSU_21870	GO:0005198	11	0.55	0
BSU_01780	GO:0003924	11	0.55	0
BSU_00550	GO:0051775	11	0.55	0
BSU_23500	GO:0009099	11	0.55	0
BSU_37280	GO:0032259	11	0.55	0
BSU_36010	GO:0016757	11	0.55	0
BSU_18100	GO:0032259	11	0.55	0
BSU_00510	GO:0032259	11	0.55	0
BSU_23870	GO:0005886	11	0.55	0
BSU_00550	GO:0032259	11	0.55	0
BSU_00420	GO:0000976	11	0.55	0
BSU_28310	GO:0016757	11	0.55	0
BSU_33450	GO:0019346	11	0.55	0
BSU_24310	GO:0004823	11	0.55	0
BSU_35920	GO:0006508	11	0.55	0
BSU_03760	GO:0003677	11	0.55	0
BSU_23870	GO:0008168	11	0.55	0
BSU_01780	GO:0006221	11	0.55	0
BSU_00420	GO:0006525	11	0.55	0
BSU_37060	GO:0005886	11	0.55	0
BSU_00510	GO:0009097	11	0.55	0
BSU_24310	GO:0005198	11	0.55	0
BSU_28070	GO:0016757	11	0.55	0
BSU_09190	GO:0009097	11	0.55	0
BSU_18100	GO:0016020	11	0.55	0
BSU_25100	GO:0006508	11	0.55	0
BSU_23870	GO:0004312	11	0.55	0
BSU_31200	GO:0019464	11	0.55	0
BSU_35920	GO:0005886	11	0.55	0
BSU_23870	GO:0009097	11	0.55	0
BSU_23870	GO:0032259	11	0.55	0
BSU_16530	GO:0009099	11	0.55	0
BSU_28780	GO:0019464	11	0.55	0
BSU_25460	GO:0009099	11	0.55	0
BSU_32260	GO:0042126	11	0.55	0
BSU_01660	GO:0006751	11	0.55	0
BSU_01780	GO:0009252	11	0.55	0
BSU_02230	GO:0016020	11	0.55	0
BSU_00480	GO:0005515	11	0.55	0
BSU_00510	GO:0016020	11	0.55	0
BSU_02230	GO:0033609	11	0.55	0
BSU_25100	GO:0042126	11	0.55	0
BSU_28070	GO:0042126	11	0.55	0
BSU_28310	GO:0006221	11	0.55	0
BSU_00550	GO:0016020	11	0.55	0
BSU_36010	GO:0006221	11	0.55	0
BSU_39400	GO:0006221	11	0.55	0
BSU_35920	GO:0004659	11	0.55	0
BSU_28630	GO:0042126	11	0.55	0
BSU_03760	GO:0030435	11	0.55	0
BSU_22400	GO:0005737	11	0.55	0
BSU_28310	GO:0042126	11	0.55	0
BSU_40090	GO:0016740	11	0.55	0
BSU_00510	GO:0006281	11	0.55	0
BSU_18100	GO:0004747	11	0.55	0
BSU_28620	GO:0140098	11	0.55	0
BSU_14670	GO:0033609	11	0.55	0
BSU_35920	GO:0042126	11	0.55	0
BSU_25100	GO:0004659	11	0.55	0
BSU_15180	GO:0016746	11	0.55	0
BSU_18100	GO:0009252	11	0.55	0
BSU_04570	GO:0005886	11	0.55	0
BSU_27730	GO:0016020	11	0.55	0
BSU_23870	GO:0005886	11	0.55	0
BSU_00420	GO:0003677	11	0.55	0
BSU_00510	GO:0009252	11	0.55	0
BSU_00550	GO:0009252	11	0.55	0
BSU_04570	GO:0003677	11	0.55	0
BSU_00420	GO:0016798	11	0.55	0
BSU_00420	GO:0140098	11	0.55	0
BSU_18100	GO:0005778	11	0.55	0
BSU_37060	GO:0003677	11	0.55	0
BSU_18100	GO:0042126	11	0.55	0
BSU_25460	GO:0140581	11	0.55	0
BSU_25460	GO:0003677	11	0.55	0
BSU_02230	GO:0005737	11	0.55	0
BSU_23500	GO:0051539	11	0.55	0
BSU_18100	GO:0016020	11	0.55	0
BSU_02230	GO:0006281	11	0.55	0
BSU_00420	GO:0016491	11	0.55	0
BSU_23500	GO:0006281	11	0.55	0
BSU_37060	GO:0140098	11	0.55	0
BSU_28620	GO:0016491	11	0.55	0
BSU_28070	GO:0003677	11	0.55	0
BSU_02230	GO:0004047	11	0.55	0
BSU_17410	GO:0006631	11	0.55	0
BSU_37060	GO:0051539	11	0.55	0
BSU_37060	GO:0004047	11	0.55	0
BSU_36010	GO:0003677	11	0.55	0
BSU_16530	GO:0003677	11	0.55	0
BSU_37060	GO:0016020	11	0.55	0
BSU_23500	GO:0042126	11	0.55	0
BSU_04570	GO:0004747	11	0.55	0
BSU_25460	GO:0042126	11	0.55	0
BSU_23500	GO:0004047	11	0.55	0
BSU_16530	GO:0042126	11	0.55	0
BSU_37060	GO:0016020	11	0.55	0
BSU_00420	GO:0004047	11	0.55	0
BSU_02230	GO:0004747	11	0.55	0
BSU_25460	GO:0009252	11	0.55	0
BSU_00510	GO:0004747	11	0.55	0
BSU_36010	GO:0042126	11	0.55	0
BSU_00550	GO:0004747	11	0.55	0
BSU_23710	GO:0042126	11	0.55	0
BSU_04570	GO:0016020	11	0.55	0
BSU_13400	GO:0005737	11	0.55	0
BSU_25460	GO:0016020	11	0.55	0
BSU_32260	GO:0009252	11	0.55	0
BSU_40400	GO:0006284	11	0.55	0
BSU_24310	GO:0016740	11	0.55	0
BSU_39400	GO:0042126	11	0.55	0
BSU_00510	GO:0003677	11	0.55	0
BSU_37060	GO:0033609	11	0.55	0
BSU_16530	GO:0006221	11	0.55	0
BSU_00420	GO:0019464	11	0.55	0
BSU_00420	GO:0003677	11	0.55	0
BSU_23500	GO:0003677	11	0.55	0
BSU_35920	GO:0016020	11	0.55	0
BSU_29220	GO:0033609	11	0.55	0
BSU_02230	GO:0051539	11	0.55	0
BSU_33450	GO:0005778	11	0.55	0
BSU_28430	GO:0004659	11	0.55	0
BSU_40400	GO:0044780	11	0.55	0
BSU_17410	GO:0004222	11	0.55	0
BSU_28630	GO:0004659	11	0.55	0
BSU_14670	GO:0051539	11	0.55	0
BSU_35920	GO:0005515	11	0.55	0
BSU_13980	GO:0030163	11	0.55	0
BSU_37060	GO:0017018	11	0.55	0
BSU_28070	GO:0042802	11	0.55	0
BSU_40090	GO:0005778	11	0.55	0
BSU_00550	GO:0016020	11	0.55	0
BSU_40400	GO:0140581	11	0.55	0
BSU_16530	GO:0005778	11	0.55	0
BSU_16530	GO:0005515	11	0.55	0
BSU_36810	GO:0044780	11	0.55	0
BSU_01780	GO:0005778	11	0.55	0
BSU_39400	GO:0070681	11	0.55	0
BSU_18100	GO:0016020	11	0.55	0
BSU_37280	GO:0006526	11	0.55	0
BSU_28070	GO:0140581	11	0.55	0
BSU_15180	GO:0008168	11	0.55	0
BSU_09190	GO:0051539	11	0.55	0
BSU_00510	GO:0051539	11	0.55	0
BSU_23500	GO:0005886	11	0.55	0
BSU_28620	GO:0016798	11	0.55	0
BSU_01660	GO:0016787	11	0.55	0
BSU_28310	GO:0005778	11	0.55	0
BSU_39400	GO:0005778	11	0.55	0
BSU_31200	GO:0005515	11	0.55	0
BSU_37060	GO:0051539	11	0.55	0
BSU_22400	GO:0005886	11	0.55	0
BSU_28630	GO:0006526	11	0.55	0
BSU_23500	GO:0070681	11	0.55	0
BSU_28780	GO:0005515	11	0.55	0
BSU_37060	GO:0005886	11	0.55	0
BSU_40090	GO:0006526	11	0.55	0
BSU_13980	GO:0006284	11	0.55	0
BSU_35920	GO:0016746	11	0.55	0
BSU_28310	GO:0006284	11	0.55	0
BSU_00510	GO:0005778	11	0.55	0
BSU_35920	GO:0016740	11	0.55	0
BSU_02230	GO:0005886	11	0.55	0
BSU_28630	GO:0005778	11	0.55	0
BSU_14670	GO:0005886	11	0.55	0
BSU_13400	GO:0004222	11	0.55	0
BSU_16530	GO:0009252	11	0.55	0
BSU_23870	GO:0016020	11	0.55	0
BSU_03760	GO:0006508	11	0.55	0
BSU_09190	GO:0005886	11	0.55	0
BSU_13850	GO:0030435	11	0.55	0
BSU_31690	GO:0140359	11	0.55	0
BSU_23870	GO:0009252	11	0.55	0
BSU_03760	GO:0140359	11	0.55	0
BSU_31200	GO:0016020	11	0.55	0
BSU_32260	GO:0006508	11	0.55	0
BSU_28070	GO:0004659	11	0.55	0
BSU_16530	GO:0140581	11	0.55	0
BSU_23710	GO:0016746	11	0.55	0
BSU_15180	GO:0003677	11	0.55	0
BSU_40090	GO:0070681	11	0.55	0
BSU_25460	GO:0051539	11	0.55	0
BSU_24310	GO:0005737	11	0.55	0
BSU_16530	GO:0051539	11	0.55	0
BSU_37060	GO:0016798	11	0.55	0
BSU_00420	GO:0016020	11	0.55	0
BSU_25100	GO:0016746	11	0.55	0
BSU_28200	GO:0140581	11	0.55	0
BSU_33450	GO:0140581	11	0.55	0
BSU_40090	GO:0016746	11	0.55	0
BSU_27730	GO:0016746	11	0.55	0
BSU_01660	GO:0016020	11	0.55	0
BSU_22450	GO:0140098	11	0.55	0
BSU_21870	GO:0005737	11	0.55	0
BSU_28620	GO:0003677	11	0.55	0
BSU_31200	GO:0016740	11	0.55	0
BSU_28630	GO:0016746	11	0.55	0
BSU_28200	GO:0005778	11	0.55	0
BSU_23500	GO:0016746	11	0.55	0
BSU_23500	GO:0019346	11	0.55	0
BSU_01780	GO:0003677	11	0.55	0
BSU_01660	GO:0005737	11	0.55	0
BSU_23500	GO:0051539	11	0.55	0
BSU_23500	GO:0009361	11	0.55	0
BSU_00510	GO:0016020	11	0.55	0
BSU_14670	GO:0042126	11	0.55	0
BSU_37280	GO:0030435	11	0.55	0
BSU_02230	GO:0019464	11	0.55	0
BSU_01780	GO:0019464	11	0.55	0
BSU_01660	GO:0016020	11	0.55	0
BSU_00510	GO:0006508	11	0.55	0
BSU_23870	GO:0042126	11	0.55	0
BSU_02230	GO:0016740	11	0.55	0
BSU_25460	GO:0016746	11	0.55	0
BSU_37280	GO:0042802	11	0.55	0
BSU_32260	GO:0016746	11	0.55	0
BSU_23500	GO:0016740	11	0.55	0
BSU_29220	GO:0042126	11	0.55	0
BSU_01780	GO:0016746	11	0.55	0
BSU_29220	GO:0042823	11	0.55	0
BSU_23500	GO:0008168	11	0.55	0
BSU_21870	GO:0006281	11	0.55	0
BSU_00510	GO:0016020	11	0.55	0
BSU_28630	GO:0006281	11	0.55	0
BSU_01660	GO:0016020	11	0.55	0
BSU_17410	GO:0005737	11	0.55	0
BSU_28310	GO:0003677	11	0.55	0
BSU_15180	GO:0006281	11	0.55	0
BSU_23500	GO:0009252	11	0.55	0
BSU_04570	GO:0016746	11	0.55	0
BSU_37060	GO:0016740	11	0.55	0
BSU_03760	GO:0031460	11	0.55	0
BSU_32260	GO:0003677	11	0.55	0
BSU_25460	GO:0004747	11	0.55	0
BSU_40400	GO:0003677	11	0.55	0
BSU_28620	GO:0006281	11	0.55	0
BSU_00510	GO:0042126	11	0.55	0
BSU_02230	GO:0042126	11	0.55	0
BSU_28200	GO:0003677	11	0.55	0
BSU_37060	GO:0016020	11	0.55	0
BSU_28620	GO:0033609	11	0.55	0
BSU_22400	GO:0006826	11	0.55	0
BSU_09190	GO:0006508	11	0.55	0
BSU_09190	GO:0042126	11	0.55	0
BSU_25460	GO:0003677	11	0.55	0
BSU_23870	GO:0006508	11	0.55	0
BSU_16150	GO:0016788	10	0.5	0
BSU_35170	GO:0004747	10	0.5	0
BSU_11230	GO:0002131	10	0.5	0
BSU_00920	GO:0006417	10	0.5	0
BSU_11240	GO:0004747	10	0.5	0
BSU_36590	GO:0071555	10	0.5	0
BSU_18130	GO:0016788	10	0.5	0
BSU_09310	GO:0016779	10	0.5	0
BSU_35000	GO:0016682	10	0.5	0
BSU_05940	GO:0050660	10	0.5	0
BSU_05940	GO:0006750	10	0.5	0
BSU_01770	GO:0016682	10	0.5	0
BSU_11230	GO:1902210	10	0.5	0
BSU_29690	GO:0004222	10	0.5	0
BSU_11230	GO:0016491	10	0.5	0
BSU_15430	GO:0003677	10	0.5	0
BSU_06490	GO:0016779	10	0.5	0
BSU_14270	GO:0008233	10	0.5	0
BSU_14040	GO:0004222	10	0.5	0
BSU_38260	GO:0016788	10	0.5	0
BSU_16060	GO:0008233	10	0.5	0
BSU_37050	GO:0016052	10	0.5	0
BSU_11230	GO:0004747	10	0.5	0
BSU_29790	GO:0003677	10	0.5	0
BSU_06030	GO:0016788	10	0.5	0
BSU_13620	GO:0016787	10	0.5	0
BSU_35170	GO:0005778	10	0.5	0
BSU_38630	GO:1902210	10	0.5	0
BSU_11240	GO:0016787	10	0.5	0
BSU_16150	GO:0005524	10	0.5	0
BSU_41020	GO:0002131	10	0.5	0
BSU_11240	GO:0016887	10	0.5	0
BSU_11700	GO:0016787	10	0.5	0
BSU_29210	GO:0016682	10	0.5	0
BSU_00100	GO:0005524	10	0.5	0
BSU_02560	GO:0005829	10	0.5	0
BSU_16510	GO:0005829	10	0.5	0
BSU_30200	GO:0016020	10	0.5	0
BSU_16060	GO:0003677	10	0.5	0
BSU_15650	GO:0005829	10	0.5	0
BSU_13030	GO:0006635	10	0.5	0
BSU_16400	GO:0016491	10	0.5	0
BSU_15650	GO:0008233	10	0.5	0
BSU_15230	GO:0016787	10	0.5	0
BSU_29470	GO:0003677	10	0.5	0
BSU_14770	GO:0008033	10	0.5	0
BSU_14490	GO:0042802	10	0.5	0
BSU_27330	GO:1902210	10	0.5	0
BSU_15430	GO:0008033	10	0.5	0
BSU_28640	GO:0008033	10	0.5	0
BSU_27740	GO:0004747	10	0.5	0
BSU_27740	GO:0016887	10	0.5	0
BSU_16150	GO:0032993	10	0.5	0
BSU_27710	GO:0050660	10	0.5	0
BSU_06030	GO:0019346	10	0.5	0
BSU_01770	GO:0016787	10	0.5	0
BSU_32680	GO:0000049	10	0.5	0
BSU_27330	GO:0050660	10	0.5	0
BSU_29690	GO:0006750	10	0.5	0
BSU_15870	GO:0016788	10	0.5	0
BSU_06490	GO:0016787	10	0.5	0
BSU_29210	GO:0004108	10	0.5	0
BSU_27330	GO:0005829	10	0.5	0
BSU_05940	GO:0051539	10	0.5	0
BSU_29790	GO:0008033	10	0.5	0
BSU_34430	GO:0004222	10	0.5	0
BSU_01540	GO:0016682	10	0.5	0
BSU_27330	GO:0003677	10	0.5	0
BSU_29470	GO:0016887	10	0.5	0
BSU_09310	GO:0016787	10	0.5	0
BSU_32680	GO:0008233	10	0.5	0
BSU_06030	GO:0032993	10	0.5	0
BSU_11230	GO:0016887	10	0.5	0
BSU_11700	GO:0004047	10	0.5	0
BSU_00920	GO:0016787	10	0.5	0
BSU_35000	GO:0016788	10	0.5	0
BSU_00920	GO:0016788	10	0.5	0
BSU_32680	GO:0016682	10	0.5	0
BSU_15650	GO:0005737	10	0.5	0
BSU_16150	GO:0002131	10	0.5	0
BSU_27740	GO:0019346	10	0.5	0
BSU_15230	GO:0030488	10	0.5	0
BSU_11240	GO:0003677	10	0.5	0
BSU_00070	GO:0003676	10	0.5	0
BSU_15650	GO:0032508	10	0.5	0
BSU_00070	GO:0016887	10	0.5	0
BSU_41020	GO:0006417	10	0.5	0
BSU_11230	GO:0003677	10	0.5	0
BSU_17190	GO:0030488	10	0.5	0
BSU_41020	GO:0005778	10	0.5	0
BSU_14770	GO:0003677	10	0.5	0
BSU_32680	GO:0016491	10	0.5	0
BSU_13740	GO:0016788	10	0.5	0
BSU_04060	GO:0071555	10	0.5	0
BSU_00750	GO:0004108	10	0.5	0
BSU_12160	GO:0016788	10	0.5	0
BSU_15430	GO:0004047	10	0.5	0
BSU_41020	GO:0032993	10	0.5	0
BSU_29210	GO:0030488	10	0.5	0
BSU_11700	GO:0003677	10	0.5	0
BSU_14490	GO:0032993	10	0.5	0
BSU_28290	GO:0016788	10	0.5	0
BSU_29470	GO:0019346	10	0.5	0
BSU_13930	GO:0016052	10	0.5	0
BSU_32680	GO:0004108	10	0.5	0
BSU_35000	GO:0008233	10	0.5	0
BSU_11240	GO:0005515	10	0.5	0
BSU_32680	GO:0016020	10	0.5	0
BSU_14770	GO:0004047	10	0.5	0
BSU_11230	GO:0030488	10	0.5	0
BSU_11240	GO:0030488	10	0.5	0
BSU_11700	GO:0008033	10	0.5	0
BSU_06440	GO:0006417	10	0.5	0
BSU_38260	GO:0016682	10	0.5	0
BSU_13990	GO:0032993	10	0.5	0
BSU_11240	GO:0032993	10	0.5	0
BSU_16060	GO:0005524	10	0.5	0
BSU_29470	GO:0004747	10	0.5	0
BSU_14270	GO:0003677	10	0.5	0
BSU_35170	GO:0019346	10	0.5	0
BSU_11230	GO:0032993	10	0.5	0
BSU_29210	GO:0016788	10	0.5	0
BSU_33420	GO:0042802	10	0.5	0
BSU_11700	GO:0016788	10	0.5	0
BSU_11240	GO:0016788	10	0.5	0
BSU_38740	GO:0006508	10	0.5	0
BSU_16570	GO:0004047	10	0.5	0
BSU_03510	GO:0019346	10	0.5	0
BSU_38740	GO:0071555	10	0.5	0
BSU_01770	GO:0006417	10	0.5	0
BSU_15200	GO:0003677	10	0.5	0
BSU_33420	GO:0005524	10	0.5	0
BSU_16310	GO:0016491	10	0.5	0
BSU_11240	GO:0002131	10	0.5	0
BSU_06490	GO:0009090	10	0.5	0
BSU_00920	GO:0016887	10	0.5	0
BSU_06030	GO:0016887	10	0.5	0
BSU_01770	GO:0016779	10	0.5	0
BSU_11700	GO:0009090	10	0.5	0
BSU_14270	GO:0004047	10	0.5	0
BSU_28290	GO:0006417	10	0.5	0
BSU_13990	GO:0016887	10	0.5	0
BSU_38630	GO:0003677	10	0.5	0
BSU_14490	GO:0016887	10	0.5	0
BSU_01770	GO:0016788	10	0.5	0
BSU_01540	GO:0016788	10	0.5	0
BSU_35000	GO:0016887	10	0.5	0
BSU_03510	GO:0016787	10	0.5	0
BSU_36590	GO:0006508	10	0.5	0
BSU_00070	GO:0032993	10	0.5	0
BSU_29880	GO:0016052	10	0.5	0
BSU_33420	GO:0008233	10	0.5	0
BSU_41020	GO:0016788	10	0.5	0
BSU_15230	GO:0006417	10	0.5	0
BSU_35000	GO:0005778	10	0.5	0
BSU_35260	GO:0005515	10	0.5	0
BSU_09310	GO:0016788	10	0.5	0
BSU_38630	GO:0016788	10	0.5	0
BSU_15230	GO:0032993	10	0.5	0
BSU_15650	GO:0004222	10	0.5	0
BSU_41020	GO:0003677	10	0.5	0
BSU_27330	GO:0008033	10	0.5	0
BSU_13930	GO:0004222	10	0.5	0
BSU_29470	GO:0016788	10	0.5	0
BSU_06440	GO:0016787	10	0.5	0
BSU_06490	GO:0016788	10	0.5	0
BSU_00070	GO:0002131	10	0.5	0
BSU_28230	GO:0030488	10	0.5	0
BSU_35000	GO:0006417	10	0.5	0
BSU_29790	GO:0050660	10	0.5	0
BSU_29880	GO:0008233	10	0.5	0
BSU_09310	GO:0009090	10	0.5	0
BSU_28290	GO:0016682	10	0.5	0
BSU_01770	GO:0071555	10	0.5	0
BSU_04560	GO:0016052	10	0.5	0
BSU_16150	GO:0003677	10	0.5	0
BSU_29470	GO:0016787	10	0.5	0
BSU_01540	GO:0004747	10	0.5	0
BSU_29880	GO:0010133	10	0.5	0
BSU_29690	GO:0004108	10	0.5	0
BSU_11700	GO:0006637	10	0.5	0
BSU_29790	GO:1902210	10	0.5	0
BSU_28290	GO:0005886	10	0.5	0
BSU_28290	GO:0016887	10	0.5	0
BSU_22730	GO:0004747	10	0.5	0
BSU_27850	GO:0016779	10	0.5	0
BSU_05940	GO:0051301	10	0.5	0
BSU_35170	GO:0006417	10	0.5	0
BSU_29470	GO:0016682	10	0.5	0
BSU_38260	GO:0004047	10	0.5	0
BSU_27740	GO:0006417	10	0.5	0
BSU_15430	GO:0009090	10	0.5	0
BSU_03510	GO:0002131	10	0.5	0
BSU_15430	GO:0004747	10	0.5	0
BSU_28230	GO:0016887	10	0.5	0
BSU_27550	GO:0071555	10	0.5	0
BSU_27850	GO:0071555	10	0.5	0
BSU_15650	GO:0003700	10	0.5	0
BSU_00920	GO:0003677	10	0.5	0
BSU_27850	GO:0004047	10	0.5	0
BSU_27330	GO:0005886	10	0.5	0
BSU_00070	GO:0006417	10	0.5	0
BSU_03460	GO:0004108	10	0.5	0
BSU_12160	GO:0016682	10	0.5	0
BSU_30200	GO:0004108	10	0.5	0
BSU_41020	GO:0005886	10	0.5	0
BSU_16400	GO:0005524	10	0.5	0
BSU_11700	GO:0016682	10	0.5	0
BSU_01770	GO:0004108	10	0.5	0
BSU_11240	GO:0016682	10	0.5	0
BSU_01770	GO:0005886	10	0.5	0
BSU_03510	GO:0000049	10	0.5	0
BSU_41020	GO:0016682	10	0.5	0
BSU_16400	GO:1902210	10	0.5	0
BSU_15430	GO:0051301	10	0.5	0
BSU_29470	GO:0000049	10	0.5	0
BSU_14490	GO:0008233	10	0.5	0
BSU_00920	GO:0004747	10	0.5	0
BSU_27550	GO:0004747	10	0.5	0
BSU_30200	GO:0009090	10	0.5	0
BSU_16150	GO:0071555	10	0.5	0
BSU_36590	GO:0004108	10	0.5	0
BSU_13740	GO:0006310	10	0.5	0
BSU_01770	GO:0009090	10	0.5	0
BSU_16310	GO:0005524	10	0.5	0
BSU_09310	GO:0016682	10	0.5	0
BSU_27710	GO:0005886	10	0.5	0
BSU_06440	GO:0016887	10	0.5	0
BSU_27330	GO:0003700	10	0.5	0
BSU_06490	GO:0071555	10	0.5	0
BSU_38740	GO:0042802	10	0.5	0
BSU_14770	GO:0006637	10	0.5	0
BSU_03510	GO:0016887	10	0.5	0
BSU_06030	GO:0006417	10	0.5	0
BSU_15430	GO:0006637	10	0.5	0
BSU_38260	GO:0071555	10	0.5	0
BSU_29210	GO:0004747	10	0.5	0
BSU_29470	GO:0032993	10	0.5	0
BSU_16150	GO:1902210	10	0.5	0
BSU_27710	GO:0071555	10	0.5	0
BSU_13740	GO:0006750	10	0.5	0
BSU_05940	GO:0005886	10	0.5	0
BSU_16570	GO:0006637	10	0.5	0
BSU_03510	GO:0004108	10	0.5	0
BSU_27740	GO:0000049	10	0.5	0
BSU_36590	GO:0042802	10	0.5	0
BSU_35260	GO:0032300	10	0.5	0
BSU_38630	GO:0016682	10	0.5	0
BSU_29790	GO:0004519	10	0.5	0
BSU_03510	GO:0006417	10	0.5	0
BSU_35170	GO:0000049	10	0.5	0
BSU_27550	GO:0016779	10	0.5	0
BSU_27740	GO:0032993	10	0.5	0
BSU_29790	GO:0005886	10	0.5	0
BSU_01770	GO:0004047	10	0.5	0
BSU_33420	GO:0071555	10	0.5	0
BSU_03510	GO:0071555	10	0.5	0
BSU_15870	GO:0005886	10	0.5	0
BSU_16150	GO:0006417	10	0.5	0
BSU_35170	GO:0032993	10	0.5	0
BSU_14490	GO:0004108	10	0.5	0
BSU_14270	GO:0006637	10	0.5	0
BSU_29470	GO:0071555	10	0.5	0
BSU_01540	GO:0032300	10	0.5	0
BSU_15230	GO:0016887	10	0.5	0
BSU_06440	GO:0009090	10	0.5	0
BSU_27710	GO:0004047	10	0.5	0
BSU_32680	GO:0032993	10	0.5	0
BSU_29790	GO:0005886	10	0.5	0
BSU_27330	GO:0006750	10	0.5	0
BSU_29210	GO:0005515	10	0.5	0
BSU_14770	GO:0009090	10	0.5	0
BSU_15200	GO:0004747	10	0.5	0
BSU_28290	GO:0016787	10	0.5	0
BSU_27710	GO:0051301	10	0.5	0
BSU_41020	GO:0005524	10	0.5	0
BSU_16150	GO:0000049	10	0.5	0
BSU_06490	GO:0071555	10	0.5	0
BSU_09310	GO:0071555	10	0.5	0
BSU_27710	GO:1902210	10	0.5	0
BSU_00070	GO:0032300	10	0.5	0
BSU_29470	GO:0002131	10	0.5	0
BSU_38260	GO:0006417	10	0.5	0
BSU_00070	GO:0005886	10	0.5	0
BSU_29210	GO:0016887	10	0.5	0
BSU_16570	GO:0003677	10	0.5	0
BSU_03510	GO:0032993	10	0.5	0
BSU_15430	GO:0016779	10	0.5	0
BSU_17190	GO:0005524	10	0.5	0
BSU_13930	GO:0006782	10	0.5	0
BSU_03510	GO:0005524	10	0.5	0
BSU_05940	GO:1902210	10	0.5	0
BSU_05940	GO:0003677	10	0.5	0
BSU_17190	GO:0032993	10	0.5	0
BSU_14270	GO:0051301	10	0.5	0
BSU_11700	GO:0071555	10	0.5	0
BSU_16150	GO:0019346	10	0.5	0
BSU_16150	GO:0016682	10	0.5	0
BSU_00920	GO:0016682	10	0.5	0
BSU_27710	GO:0006637	10	0.5	0
BSU_27710	GO:0003677	10	0.5	0
BSU_35170	GO:0032300	10	0.5	0
BSU_13620	GO:0016779	10	0.5	0
BSU_00070	GO:0000049	10	0.5	0
BSU_35260	GO:0005778	10	0.5	0
BSU_27550	GO:0004108	10	0.5	0
BSU_13990	GO:0005886	10	0.5	0
BSU_16570	GO:0009090	10	0.5	0
BSU_03510	GO:0005886	10	0.5	0
BSU_13620	GO:0009090	10	0.5	0
BSU_35000	GO:0003676	10	0.5	0
BSU_29470	GO:1902210	10	0.5	0
BSU_35260	GO:0042802	10	0.5	0
BSU_27850	GO:0004108	10	0.5	0
BSU_11700	GO:0004747	10	0.5	0
BSU_15650	GO:0000160	10	0.5	0
BSU_00920	GO:0019346	10	0.5	0
BSU_02560	GO:0016020	10	0.5	0
BSU_27330	GO:0051301	10	0.5	0
BSU_14770	GO:0016779	10	0.5	0
BSU_06440	GO:0005886	10	0.5	0
BSU_06490	GO:0016682	10	0.5	0
BSU_28230	GO:0032993	10	0.5	0
BSU_14270	GO:0050660	10	0.5	0
BSU_15430	GO:0050660	10	0.5	0
BSU_29470	GO:0004108	10	0.5	0
BSU_15430	GO:0071555	10	0.5	0
BSU_29790	GO:0005886	10	0.5	0
BSU_16570	GO:0071555	10	0.5	0
BSU_35260	GO:0004747	10	0.5	0
BSU_06030	GO:0002131	10	0.5	0
BSU_40880	GO:0003700	10	0.5	0
BSU_41020	GO:0016887	10	0.5	0
BSU_11230	GO:0000049	10	0.5	0
BSU_27850	GO:0016787	10	0.5	0
BSU_16570	GO:0016779	10	0.5	0
BSU_28230	GO:0005524	10	0.5	0
BSU_30940	GO:0004108	10	0.5	0
BSU_09310	GO:0004108	10	0.5	0
BSU_27740	GO:0002131	10	0.5	0
BSU_38740	GO:0004747	10	0.5	0
BSU_03350	GO:0016020	10	0.5	0
BSU_14040	GO:0016020	10	0.5	0
BSU_27220	GO:0010133	10	0.5	0
BSU_28640	GO:0004747	10	0.5	0
BSU_13930	GO:0003700	10	0.5	0
BSU_11240	GO:0000049	10	0.5	0
BSU_01540	GO:0005886	10	0.5	0
BSU_03510	GO:0008233	10	0.5	0
BSU_00070	GO:0019346	10	0.5	0
BSU_41020	GO:0004747	10	0.5	0
BSU_15870	GO:0004747	10	0.5	0
BSU_28640	GO:0004108	10	0.5	0
BSU_13620	GO:0071555	10	0.5	0
BSU_29470	GO:0016779	10	0.5	0
BSU_14770	GO:0071555	10	0.5	0
BSU_06030	GO:0000049	10	0.5	0
BSU_35000	GO:0005886	10	0.5	0
BSU_28290	GO:0004108	10	0.5	0
BSU_13930	GO:0032259	10	0.5	0
BSU_27850	GO:0006637	10	0.5	0
BSU_29790	GO:0004747	10	0.5	0
BSU_22490	GO:0010133	10	0.5	0
BSU_13740	GO:0016682	10	0.5	0
BSU_14490	GO:0004747	10	0.5	0
BSU_37050	GO:0010133	10	0.5	0
BSU_16310	GO:0016757	10	0.5	0
BSU_35170	GO:0002131	10	0.5	0
BSU_03460	GO:0006782	10	0.5	0
BSU_00920	GO:0002131	10	0.5	0
BSU_01770	GO:0005886	10	0.5	0
BSU_33420	GO:0016757	10	0.5	0
BSU_16310	GO:0005515	10	0.5	0
BSU_13930	GO:0006310	10	0.5	0
BSU_01770	GO:0044550	10	0.5	0
BSU_29470	GO:0016491	10	0.5	0
BSU_00750	GO:0050440	10	0.5	0
BSU_27850	GO:0016491	10	0.5	0
BSU_28640	GO:0016491	10	0.5	0
BSU_09310	GO:0051539	10	0.5	0
BSU_27710	GO:0016740	10	0.5	0
BSU_35260	GO:0030435	10	0.5	0
BSU_03510	GO:0051287	10	0.5	0
BSU_01540	GO:0051287	10	0.5	0
BSU_38630	GO:0051539	10	0.5	0
BSU_28640	GO:0006281	10	0.5	0
BSU_15230	GO:0046872	10	0.5	0
BSU_27710	GO:0042802	10	0.5	0
BSU_13990	GO:0051287	10	0.5	0
BSU_38260	GO:0005737	10	0.5	0
BSU_35000	GO:0051287	10	0.5	0
BSU_15650	GO:0033214	10	0.5	0
BSU_27220	GO:0042802	10	0.5	0
BSU_11240	GO:0051539	10	0.5	0
BSU_06440	GO:0046872	10	0.5	0
BSU_11700	GO:0044550	10	0.5	0
BSU_01770	GO:0016740	10	0.5	0
BSU_22730	GO:0016491	10	0.5	0
BSU_40880	GO:0006310	10	0.5	0
BSU_41020	GO:0051539	10	0.5	0
BSU_11700	GO:0042802	10	0.5	0
BSU_16400	GO:0016020	10	0.5	0
BSU_40880	GO:0003700	10	0.5	0
BSU_32680	GO:0050440	10	0.5	0
BSU_09310	GO:0044550	10	0.5	0
BSU_06490	GO:0044550	10	0.5	0
BSU_00070	GO:0051287	10	0.5	0
BSU_16400	GO:0030435	10	0.5	0
BSU_15230	GO:0051287	10	0.5	0
BSU_15430	GO:0016740	10	0.5	0
BSU_05940	GO:0042802	10	0.5	0
BSU_04060	GO:0005515	10	0.5	0
BSU_14270	GO:0016740	10	0.5	0
BSU_14770	GO:0016740	10	0.5	0
BSU_00070	GO:0030435	10	0.5	0
BSU_35170	GO:0030435	10	0.5	0
BSU_27550	GO:0005886	10	0.5	0
BSU_06030	GO:0030435	10	0.5	0
BSU_01540	GO:0030435	10	0.5	0
BSU_11700	GO:0004519	10	0.5	0
BSU_00100	GO:0042802	10	0.5	0
BSU_05940	GO:0000287	10	0.5	0
BSU_27710	GO:0000287	10	0.5	0
BSU_00100	GO:0016887	10	0.5	0
BSU_00920	GO:0030435	10	0.5	0
BSU_35170	GO:0006310	10	0.5	0
BSU_30200	GO:0016491	10	0.5	0
BSU_28640	GO:0005886	10	0.5	0
BSU_28230	GO:0051287	10	0.5	0
BSU_30200	GO:0044550	10	0.5	0
BSU_38260	GO:0016491	10	0.5	0
BSU_11240	GO:0030435	10	0.5	0
BSU_11230	GO:0030435	10	0.5	0
BSU_29470	GO:0030435	10	0.5	0
BSU_27740	GO:0030435	10	0.5	0
BSU_27850	GO:0050440	10	0.5	0
BSU_15650	GO:0000287	10	0.5	0
BSU_11700	GO:0016740	10	0.5	0
BSU_29210	GO:0050440	10	0.5	0
BSU_26650	GO:0005515	10	0.5	0
BSU_27550	GO:0050440	10	0.5	0
BSU_35000	GO:0030435	10	0.5	0
BSU_13620	GO:0042802	10	0.5	0
BSU_13740	GO:0006281	10	0.5	0
BSU_14270	GO:0042802	10	0.5	0
BSU_15650	GO:0005506	10	0.5	0
BSU_16570	GO:0046872	10	0.5	0
BSU_29210	GO:0004359	10	0.5	0
BSU_13740	GO:0017000	10	0.5	0
BSU_14270	GO:0051156	10	0.5	0
BSU_28640	GO:0055085	10	0.5	0
BSU_14270	GO:0051539	10	0.5	0
BSU_01770	GO:0008081	10	0.5	0
BSU_27550	GO:0046872	10	0.5	0
BSU_15650	GO:0030152	10	0.5	0
BSU_15870	GO:0030152	10	0.5	0
BSU_28230	GO:0004359	10	0.5	0
BSU_28230	GO:0016491	10	0.5	0
BSU_01770	GO:0005506	10	0.5	0
BSU_30200	GO:0055085	10	0.5	0
BSU_17190	GO:0004359	10	0.5	0
BSU_27850	GO:0055085	10	0.5	0
BSU_36590	GO:0033214	10	0.5	0
BSU_16060	GO:0016491	10	0.5	0
BSU_27550	GO:0044550	10	0.5	0
BSU_14270	GO:0016491	10	0.5	0
BSU_16060	GO:0051539	10	0.5	0
BSU_06030	GO:0046872	10	0.5	0
BSU_29790	GO:0005886	10	0.5	0
BSU_15230	GO:0004359	10	0.5	0
BSU_00070	GO:0016491	10	0.5	0
BSU_27550	GO:0055085	10	0.5	0
BSU_03350	GO:0046872	10	0.5	0
BSU_29880	GO:0017000	10	0.5	0
BSU_14040	GO:0046872	10	0.5	0
BSU_33420	GO:0015293	10	0.5	0
BSU_36590	GO:0046872	10	0.5	0
BSU_11240	GO:0016491	10	0.5	0
BSU_15650	GO:0008081	10	0.5	0
BSU_13620	GO:0051539	10	0.5	0
BSU_14270	GO:0016787	10	0.5	0
BSU_26650	GO:0030001	10	0.5	0
BSU_15650	GO:0055085	10	0.5	0
BSU_15430	GO:0051156	10	0.5	0
BSU_26650	GO:0033214	10	0.5	0
BSU_25790	GO:0033214	10	0.5	0
BSU_14770	GO:0044550	10	0.5	0
BSU_04560	GO:0017000	10	0.5	0
BSU_29880	GO:0016787	10	0.5	0
BSU_11700	GO:0051539	10	0.5	0
BSU_16150	GO:0006310	10	0.5	0
BSU_16570	GO:0051156	10	0.5	0
BSU_06490	GO:0006281	10	0.5	0
BSU_09310	GO:0006281	10	0.5	0
BSU_13620	GO:0044550	10	0.5	0
BSU_16310	GO:0051287	10	0.5	0
BSU_15650	GO:0006310	10	0.5	0
BSU_15200	GO:0051156	10	0.5	0
BSU_32680	GO:0004359	10	0.5	0
BSU_29690	GO:0046872	10	0.5	0
BSU_38740	GO:0033214	10	0.5	0
BSU_06490	GO:0005506	10	0.5	0
BSU_00750	GO:0046872	10	0.5	0
BSU_32680	GO:0055085	10	0.5	0
BSU_16570	GO:0044550	10	0.5	0
BSU_16150	GO:0008081	10	0.5	0
BSU_06030	GO:0051287	10	0.5	0
BSU_01770	GO:0006281	10	0.5	0
BSU_38770	GO:0033214	10	0.5	0
BSU_14040	GO:0055085	10	0.5	0
BSU_15430	GO:0044550	10	0.5	0
BSU_03350	GO:0055085	10	0.5	0
BSU_33420	GO:0030435	10	0.5	0
BSU_35260	GO:0051287	10	0.5	0
BSU_15650	GO:0055085	10	0.5	0
BSU_36590	GO:0005515	10	0.5	0
BSU_35260	GO:0030435	10	0.5	0
BSU_29690	GO:0050440	10	0.5	0
BSU_29880	GO:0006096	10	0.5	0
BSU_03510	GO:0042802	10	0.5	0
BSU_00920	GO:0042802	10	0.5	0
BSU_05940	GO:0051539	10	0.5	0
BSU_11700	GO:0016765	10	0.5	0
BSU_02560	GO:0032993	10	0.5	0
BSU_15200	GO:0005886	10	0.5	0
BSU_28640	GO:0051156	10	0.5	0
BSU_27330	GO:0006083	10	0.5	0
BSU_15650	GO:0006096	10	0.5	0
BSU_14270	GO:0006096	10	0.5	0
BSU_04060	GO:0055085	10	0.5	0
BSU_14270	GO:0006083	10	0.5	0
BSU_16570	GO:0006083	10	0.5	0
BSU_38630	GO:0016765	10	0.5	0
BSU_27330	GO:0016765	10	0.5	0
BSU_14490	GO:0042802	10	0.5	0
BSU_06030	GO:0033592	10	0.5	0
BSU_03510	GO:0033592	10	0.5	0
BSU_27330	GO:0032993	10	0.5	0
BSU_29790	GO:0017000	10	0.5	0
BSU_09310	GO:0005524	10	0.5	0
BSU_16400	GO:0016887	10	0.5	0
BSU_06490	GO:0005524	10	0.5	0
BSU_01770	GO:0005524	10	0.5	0
BSU_30200	GO:0005524	10	0.5	0
BSU_16150	GO:0033592	10	0.5	0
BSU_05940	GO:0016765	10	0.5	0
BSU_15870	GO:0005737	10	0.5	0
BSU_00070	GO:0033592	10	0.5	0
BSU_27710	GO:0016765	10	0.5	0
BSU_13030	GO:0016740	10	0.5	0
BSU_29690	GO:0005524	10	0.5	0
BSU_12160	GO:0004657	10	0.5	0
BSU_27850	GO:0000287	10	0.5	0
BSU_16150	GO:0051539	10	0.5	0
BSU_04560	GO:0033014	10	0.5	0
BSU_37050	GO:0033014	10	0.5	0
BSU_29880	GO:0050661	10	0.5	0
BSU_41020	GO:0033592	10	0.5	0
BSU_37050	GO:0050661	10	0.5	0
BSU_01770	GO:0033014	10	0.5	0
BSU_09310	GO:0033014	10	0.5	0
BSU_00920	GO:0051539	10	0.5	0
BSU_29880	GO:0033014	10	0.5	0
BSU_13030	GO:0006537	10	0.5	0
BSU_01770	GO:0050440	10	0.5	0
BSU_34430	GO:0033014	10	0.5	0
BSU_13740	GO:0033014	10	0.5	0
BSU_32680	GO:0051539	10	0.5	0
BSU_15230	GO:0033592	10	0.5	0
BSU_29790	GO:0033014	10	0.5	0
BSU_27220	GO:0004657	10	0.5	0
BSU_18130	GO:0042802	10	0.5	0
BSU_30200	GO:0000287	10	0.5	0
BSU_17190	GO:0004657	10	0.5	0
BSU_38260	GO:0033592	10	0.5	0
BSU_29880	GO:0004657	10	0.5	0
BSU_01770	GO:0051539	10	0.5	0
BSU_15650	GO:0005515	10	0.5	0
BSU_15650	GO:0051539	10	0.5	0
BSU_29790	GO:0004657	10	0.5	0
BSU_01540	GO:0042802	10	0.5	0
BSU_22490	GO:0004657	10	0.5	0
BSU_28290	GO:0033592	10	0.5	0
BSU_35000	GO:0042802	10	0.5	0
BSU_37050	GO:0004657	10	0.5	0
BSU_32680	GO:0042802	10	0.5	0
BSU_15430	GO:0005886	10	0.5	0
BSU_14220	GO:0016740	10	0.5	0
BSU_15650	GO:0006281	10	0.5	0
BSU_11700	GO:0000287	10	0.5	0
BSU_38740	GO:0030435	10	0.5	0
BSU_27710	GO:0006281	10	0.5	0
BSU_22730	GO:0005886	10	0.5	0
BSU_28640	GO:0042802	10	0.5	0
BSU_02560	GO:0005737	10	0.5	0
BSU_22730	GO:0051156	10	0.5	0
BSU_38260	GO:0030435	10	0.5	0
BSU_28230	GO:0030435	10	0.5	0
BSU_27220	GO:0000287	10	0.5	0
BSU_13620	GO:0000287	10	0.5	0
BSU_33420	GO:0030435	10	0.5	0
BSU_13740	GO:0042802	10	0.5	0
BSU_03510	GO:0050440	10	0.5	0
BSU_16570	GO:0032993	10	0.5	0
BSU_36590	GO:0030435	10	0.5	0
BSU_41020	GO:0042802	10	0.5	0
BSU_06490	GO:0042802	10	0.5	0
BSU_05940	GO:0006281	10	0.5	0
BSU_29470	GO:0051539	10	0.5	0
BSU_16310	GO:0030435	10	0.5	0
BSU_00100	GO:0030435	10	0.5	0
BSU_28640	GO:0050440	10	0.5	0
BSU_13930	GO:0005737	10	0.5	0
BSU_15650	GO:0042802	10	0.5	0
BSU_22730	GO:0042802	10	0.5	0
BSU_15230	GO:0042802	10	0.5	0
BSU_30200	GO:0050440	10	0.5	0
BSU_36590	GO:0050440	10	0.5	0
BSU_27710	GO:0051539	10	0.5	0
BSU_33420	GO:0016887	10	0.5	0
BSU_15200	GO:0017000	10	0.5	0
BSU_28290	GO:0042802	10	0.5	0
BSU_16060	GO:0032993	10	0.5	0
BSU_15650	GO:0016787	10	0.5	0
BSU_13620	GO:0005524	10	0.5	0
BSU_35170	GO:0033592	10	0.5	0
BSU_14490	GO:0050440	10	0.5	0
BSU_06440	GO:0042802	10	0.5	0
BSU_38630	GO:0033592	10	0.5	0
BSU_29790	GO:0005886	10	0.5	0
BSU_15870	GO:0005886	10	0.5	0
BSU_29470	GO:0033592	10	0.5	0
BSU_27740	GO:0033592	10	0.5	0
BSU_14270	GO:0006281	10	0.5	0
BSU_22730	GO:0000287	10	0.5	0
BSU_14770	GO:0005524	10	0.5	0
BSU_29790	GO:0016765	10	0.5	0
BSU_14490	GO:0016887	10	0.5	0
BSU_16570	GO:0005886	10	0.5	0
BSU_15650	GO:0005737	10	0.5	0
BSU_28640	GO:0006310	10	0.5	0
BSU_11230	GO:0033592	10	0.5	0
BSU_38630	GO:0006281	10	0.5	0
BSU_38260	GO:0016740	10	0.5	0
BSU_15430	GO:0032993	10	0.5	0
BSU_27850	GO:0005524	10	0.5	0
BSU_14270	GO:0000287	10	0.5	0
BSU_16060	GO:0000287	10	0.5	0
BSU_11700	GO:0006281	10	0.5	0
BSU_27550	GO:0051156	10	0.5	0
BSU_14270	GO:0032993	10	0.5	0
BSU_11240	GO:0033592	10	0.5	0
BSU_29880	GO:0000287	10	0.5	0
BSU_04060	GO:0030435	10	0.5	0
BSU_12160	GO:0006281	10	0.5	0
BSU_27220	GO:0006281	10	0.5	0
BSU_22490	GO:0016740	10	0.5	0
BSU_13620	GO:0006281	10	0.5	0
BSU_00100	GO:0015293	10	0.5	0
BSU_29790	GO:0046872	10	0.5	0
BSU_14770	GO:0042802	10	0.5	0
BSU_13740	GO:0016491	10	0.5	0
BSU_29790	GO:0070929	10	0.5	0
BSU_29790	GO:0016757	10	0.5	0
BSU_13740	GO:0008081	10	0.5	0
BSU_33420	GO:0055085	10	0.5	0
BSU_15650	GO:0055085	10	0.5	0
BSU_11700	GO:0005886	10	0.5	0
BSU_13990	GO:0008233	10	0.5	0
BSU_22730	GO:0005886	10	0.5	0
BSU_13030	GO:0071555	10	0.5	0
BSU_09310	GO:0005886	10	0.5	0
BSU_06490	GO:0005886	10	0.5	0
BSU_15650	GO:0015969	10	0.5	0
BSU_27550	GO:0005886	10	0.5	0
BSU_11230	GO:0005515	10	0.5	0
BSU_14220	GO:0071555	10	0.5	0
BSU_13620	GO:0005886	10	0.5	0
BSU_04060	GO:0055085	10	0.5	0
BSU_14770	GO:0005886	10	0.5	0
BSU_16570	GO:0005886	10	0.5	0
BSU_16060	GO:0008081	10	0.5	0
BSU_30200	GO:0016979	10	0.5	0
BSU_32680	GO:0030488	10	0.5	0
BSU_15870	GO:0016757	10	0.5	0
BSU_04560	GO:0016757	10	0.5	0
BSU_14270	GO:0008081	10	0.5	0
BSU_12160	GO:0030488	10	0.5	0
BSU_16570	GO:0005886	10	0.5	0
BSU_01540	GO:0030488	10	0.5	0
BSU_14770	GO:0030288	10	0.5	0
BSU_38630	GO:0004519	10	0.5	0
BSU_36590	GO:1902475	10	0.5	0
BSU_15200	GO:0016757	10	0.5	0
BSU_15430	GO:0005886	10	0.5	0
BSU_29790	GO:0015969	10	0.5	0
BSU_15870	GO:0015969	10	0.5	0
BSU_16510	GO:0015969	10	0.5	0
BSU_01770	GO:0016491	10	0.5	0
BSU_04060	GO:0016301	10	0.5	0
BSU_02560	GO:0015969	10	0.5	0
BSU_15650	GO:0016491	10	0.5	0
BSU_28290	GO:0005737	10	0.5	0
BSU_27220	GO:0008081	10	0.5	0
BSU_06440	GO:0005737	10	0.5	0
BSU_35000	GO:0005737	10	0.5	0
BSU_27550	GO:0017000	10	0.5	0
BSU_28290	GO:0016757	10	0.5	0
BSU_27850	GO:0004324	10	0.5	0
BSU_16570	GO:0017000	10	0.5	0
BSU_27550	GO:0004324	10	0.5	0
BSU_22490	GO:0006546	10	0.5	0
BSU_38260	GO:0006546	10	0.5	0
BSU_13740	GO:0004324	10	0.5	0
BSU_27850	GO:0017000	10	0.5	0
BSU_28640	GO:0005886	10	0.5	0
BSU_22490	GO:0071555	10	0.5	0
BSU_36590	GO:0016301	10	0.5	0
BSU_14490	GO:0005737	10	0.5	0
BSU_38740	GO:0016301	10	0.5	0
BSU_27330	GO:0051156	10	0.5	0
BSU_06440	GO:0019346	10	0.5	0
BSU_13620	GO:0008081	10	0.5	0
BSU_00070	GO:0008233	10	0.5	0
BSU_38260	GO:0071555	10	0.5	0
BSU_30200	GO:0005886	10	0.5	0
BSU_06440	GO:0008233	10	0.5	0
BSU_13990	GO:0005737	10	0.5	0
BSU_28640	GO:0017000	10	0.5	0
BSU_35260	GO:0005737	10	0.5	0
BSU_01540	GO:0005737	10	0.5	0
BSU_32680	GO:0019346	10	0.5	0
BSU_29210	GO:0008081	10	0.5	0
BSU_15650	GO:0016301	10	0.5	0
BSU_36590	GO:0042371	10	0.5	0
BSU_25790	GO:1902475	10	0.5	0
BSU_15650	GO:0016757	10	0.5	0
BSU_15650	GO:0051156	10	0.5	0
BSU_11230	GO:0019346	10	0.5	0
BSU_27740	GO:0030488	10	0.5	0
BSU_11240	GO:0019346	10	0.5	0
BSU_11700	GO:0070929	10	0.5	0
BSU_35170	GO:0030488	10	0.5	0
BSU_27330	GO:0005886	10	0.5	0
BSU_15230	GO:0019346	10	0.5	0
BSU_15230	GO:0016757	10	0.5	0
BSU_27550	GO:0016979	10	0.5	0
BSU_00100	GO:0016757	10	0.5	0
BSU_03510	GO:0030488	10	0.5	0
BSU_15200	GO:0008033	10	0.5	0
BSU_30200	GO:0042371	10	0.5	0
BSU_14040	GO:0042371	10	0.5	0
BSU_05940	GO:0004519	10	0.5	0
BSU_41020	GO:0042802	10	0.5	0
BSU_00750	GO:0042371	10	0.5	0
BSU_29210	GO:0016491	10	0.5	0
BSU_14270	GO:0008033	10	0.5	0
BSU_16150	GO:0016491	10	0.5	0
BSU_38630	GO:0030488	10	0.5	0
BSU_16570	GO:0042371	10	0.5	0
BSU_28640	GO:0042371	10	0.5	0
BSU_01540	GO:0008233	10	0.5	0
BSU_29470	GO:0030488	10	0.5	0
BSU_41020	GO:0019346	10	0.5	0
BSU_27550	GO:0042371	10	0.5	0
BSU_29790	GO:0051156	10	0.5	0
BSU_27850	GO:0042371	10	0.5	0
BSU_18130	GO:0005737	10	0.5	0
BSU_03350	GO:0042371	10	0.5	0
BSU_27330	GO:0004519	10	0.5	0
BSU_15650	GO:0006782	10	0.5	0
BSU_00070	GO:0030488	10	0.5	0
BSU_22730	GO:0008081	10	0.5	0
BSU_28230	GO:0019346	10	0.5	0
BSU_15200	GO:0005886	10	0.5	0
BSU_05940	GO:0070929	10	0.5	0
BSU_15430	GO:0016979	10	0.5	0
BSU_14770	GO:0016757	10	0.5	0
BSU_16310	GO:0005737	10	0.5	0
BSU_27850	GO:0005886	10	0.5	0
BSU_29880	GO:0008081	10	0.5	0
BSU_15430	GO:0005886	10	0.5	0
BSU_27550	GO:0005886	10	0.5	0
BSU_15870	GO:0030288	10	0.5	0
BSU_33420	GO:0016301	10	0.5	0
BSU_27710	GO:0070929	10	0.5	0
BSU_14270	GO:0005886	10	0.5	0
BSU_11700	GO:0005886	10	0.5	0
BSU_17190	GO:0019346	10	0.5	0
BSU_27710	GO:0004519	10	0.5	0
BSU_28640	GO:0008081	10	0.5	0
BSU_06030	GO:0030488	10	0.5	0
BSU_00920	GO:0030488	10	0.5	0
BSU_35010	GO:0016757	10	0.5	0
BSU_16150	GO:0030488	10	0.5	0
BSU_29210	GO:0019346	10	0.5	0
BSU_27330	GO:0070929	10	0.5	0
BSU_38630	GO:0070929	10	0.5	0
BSU_13030	GO:0016757	10	0.5	0
BSU_15650	GO:0042371	10	0.5	0
BSU_16570	GO:0016979	10	0.5	0
BSU_27850	GO:0008081	10	0.5	0
BSU_04060	GO:1902475	10	0.5	0
BSU_29470	GO:0016757	10	0.5	0
BSU_12160	GO:0008081	10	0.5	0
BSU_15870	GO:0005506	10	0.5	0
BSU_03510	GO:0016491	10	0.5	0
BSU_16150	GO:0015293	10	0.5	0
BSU_30200	GO:0003824	10	0.5	0
BSU_29470	GO:0008081	10	0.5	0
BSU_01770	GO:0071555	10	0.5	0
BSU_27710	GO:0008081	10	0.5	0
BSU_38630	GO:0016491	10	0.5	0
BSU_28640	GO:0051539	10	0.5	0
BSU_00920	GO:0015293	10	0.5	0
BSU_03510	GO:0004359	10	0.5	0
BSU_25790	GO:0030001	10	0.5	0
BSU_09310	GO:0016491	10	0.5	0
BSU_00750	GO:0055085	10	0.5	0
BSU_06490	GO:0008081	10	0.5	0
BSU_01540	GO:0016491	10	0.5	0
BSU_16510	GO:0005886	10	0.5	0
BSU_37050	GO:0017000	10	0.5	0
BSU_13030	GO:0005506	10	0.5	0
BSU_29790	GO:0030170	10	0.5	0
BSU_14270	GO:0030152	10	0.5	0
BSU_09310	GO:0008081	10	0.5	0
BSU_27710	GO:0071555	10	0.5	0
BSU_38630	GO:0008081	10	0.5	0
BSU_14770	GO:0005506	10	0.5	0
BSU_06490	GO:0003824	10	0.5	0
BSU_11700	GO:0030152	10	0.5	0
BSU_01540	GO:0015293	10	0.5	0
BSU_29470	GO:0015293	10	0.5	0
BSU_29790	GO:0051539	10	0.5	0
BSU_27330	GO:0030152	10	0.5	0
BSU_27330	GO:0005886	10	0.5	0
BSU_35000	GO:0015293	10	0.5	0
BSU_06440	GO:0016491	10	0.5	0
BSU_14040	GO:0005576	10	0.5	0
BSU_27740	GO:0004359	10	0.5	0
BSU_34430	GO:0005576	10	0.5	0
BSU_05940	GO:0006751	10	0.5	0
BSU_14040	GO:0005506	10	0.5	0
BSU_03350	GO:0005506	10	0.5	0
BSU_29210	GO:0051539	10	0.5	0
BSU_27330	GO:0046872	10	0.5	0
BSU_11700	GO:0005886	10	0.5	0
BSU_28290	GO:0051539	10	0.5	0
BSU_27850	GO:0044550	10	0.5	0
BSU_29880	GO:0051539	10	0.5	0
BSU_38740	GO:0030152	10	0.5	0
BSU_00920	GO:0016491	10	0.5	0
BSU_16310	GO:0015293	10	0.5	0
BSU_41020	GO:0004359	10	0.5	0
BSU_13930	GO:0005576	10	0.5	0
BSU_16570	GO:0055085	10	0.5	0
BSU_13620	GO:0016491	10	0.5	0
BSU_38630	GO:0004359	10	0.5	0
BSU_35170	GO:0004359	10	0.5	0
BSU_29470	GO:0044550	10	0.5	0
BSU_05940	GO:0008081	10	0.5	0
BSU_35260	GO:0015293	10	0.5	0
BSU_33420	GO:0046872	10	0.5	0
BSU_11700	GO:0016491	10	0.5	0
BSU_14490	GO:0015293	10	0.5	0
BSU_38770	GO:0030001	10	0.5	0
BSU_29470	GO:0004359	10	0.5	0
BSU_24240	GO:0030152	10	0.5	0
BSU_00100	GO:0046872	10	0.5	0
BSU_22730	GO:0051539	10	0.5	0
BSU_29690	GO:0006751	10	0.5	0
BSU_33420	GO:0005515	10	0.5	0
BSU_11700	GO:0051156	10	0.5	0
BSU_29790	GO:0030152	10	0.5	0
BSU_16400	GO:0055085	10	0.5	0
BSU_13990	GO:0016757	10	0.5	0
BSU_11700	GO:0008081	10	0.5	0
BSU_11700	GO:0030170	10	0.5	0
BSU_14270	GO:0030170	10	0.5	0
BSU_27330	GO:0015969	10	0.5	0
BSU_14270	GO:0006546	10	0.5	0
BSU_06490	GO:0004324	10	0.5	0
BSU_13030	GO:0030288	10	0.5	0
BSU_11700	GO:0006546	10	0.5	0
BSU_35260	GO:0046872	10	0.5	0
BSU_14770	GO:0030170	10	0.5	0
BSU_27850	GO:0071555	10	0.5	0
BSU_27710	GO:0006546	10	0.5	0
BSU_11240	GO:0004359	10	0.5	0
BSU_27850	GO:0003824	10	0.5	0
BSU_38630	GO:0030170	10	0.5	0
BSU_14490	GO:0046872	10	0.5	0
BSU_14770	GO:0006546	10	0.5	0
BSU_00920	GO:0016301	10	0.5	0
BSU_27330	GO:0030170	10	0.5	0
BSU_13620	GO:0004324	10	0.5	0
BSU_16570	GO:0004324	10	0.5	0
BSU_27850	GO:0006546	10	0.5	0
BSU_15430	GO:0004324	10	0.5	0
BSU_15430	GO:0030170	10	0.5	0
BSU_14770	GO:0004324	10	0.5	0
BSU_25790	GO:0016301	10	0.5	0
BSU_22730	GO:0015969	10	0.5	0
BSU_15430	GO:0006546	10	0.5	0
BSU_16570	GO:0006546	10	0.5	0
BSU_15200	GO:0030170	10	0.5	0
BSU_11700	GO:0004324	10	0.5	0
BSU_15870	GO:0016301	10	0.5	0
BSU_29790	GO:0016301	10	0.5	0
BSU_16400	GO:0046872	10	0.5	0
BSU_13740	GO:0006751	10	0.5	0
BSU_32680	GO:0016757	10	0.5	0
BSU_15200	GO:0030152	10	0.5	0
BSU_35000	GO:0016757	10	0.5	0
BSU_15430	GO:0003824	10	0.5	0
BSU_14770	GO:0003824	10	0.5	0
BSU_13620	GO:0003824	10	0.5	0
BSU_00920	GO:0004359	10	0.5	0
BSU_06030	GO:0004359	10	0.5	0
BSU_00100	GO:0005515	10	0.5	0
BSU_01540	GO:0016757	10	0.5	0
BSU_00750	GO:0017000	10	0.5	0
BSU_35010	GO:0030288	10	0.5	0
BSU_06490	GO:0016491	10	0.5	0
BSU_27710	GO:0016491	10	0.5	0
BSU_16570	GO:0030152	10	0.5	0
BSU_11700	GO:0003824	10	0.5	0
BSU_15430	GO:0030152	10	0.5	0
BSU_16150	GO:0004359	10	0.5	0
BSU_11700	GO:0071555	10	0.5	0
BSU_27550	GO:0003824	10	0.5	0
BSU_27330	GO:0006751	10	0.5	0
BSU_30200	GO:0004324	10	0.5	0
BSU_27710	GO:0030170	10	0.5	0
BSU_05940	GO:0016491	10	0.5	0
BSU_14770	GO:0015969	10	0.5	0
BSU_01770	GO:0006546	10	0.5	0
BSU_16570	GO:0071555	10	0.5	0
BSU_05940	GO:0030170	10	0.5	0
BSU_03350	GO:0030288	10	0.5	0
BSU_15430	GO:0071555	10	0.5	0
BSU_00070	GO:0004359	10	0.5	0
BSU_14770	GO:0071555	10	0.5	0
BSU_14040	GO:0030288	10	0.5	0
BSU_16570	GO:0003824	10	0.5	0
BSU_14270	GO:0071555	10	0.5	0
BSU_27330	GO:0032508	10	0.5	0
BSU_00920	GO:0003746	10	0.5	0
BSU_29210	GO:0032993	10	0.5	0
BSU_05940	GO:0030435	10	0.5	0
BSU_27710	GO:0016746	10	0.5	0
BSU_27710	GO:0004170	10	0.5	0
BSU_11700	GO:0006400	10	0.5	0
BSU_15200	GO:0016887	10	0.5	0
BSU_35500	GO:0030163	10	0.5	0
BSU_16570	GO:0008360	10	0.5	0
BSU_15200	GO:0004525	10	0.5	0
BSU_14270	GO:0016887	10	0.5	0
BSU_16510	GO:0030435	10	0.5	0
BSU_27330	GO:0006400	10	0.5	0
BSU_15230	GO:0004525	10	0.5	0
BSU_11700	GO:0004170	10	0.5	0
BSU_27850	GO:0003924	10	0.5	0
BSU_38260	GO:0004850	10	0.5	0
BSU_15650	GO:0015711	10	0.5	0
BSU_27330	GO:0008033	10	0.5	0
BSU_15430	GO:0016887	10	0.5	0
BSU_14270	GO:0006400	10	0.5	0
BSU_16570	GO:0009361	10	0.5	0
BSU_11700	GO:0008311	10	0.5	0
BSU_41020	GO:0006221	10	0.5	0
BSU_13030	GO:0046872	10	0.5	0
BSU_15650	GO:0030420	10	0.5	0
BSU_15430	GO:0009361	10	0.5	0
BSU_16570	GO:0016887	10	0.5	0
BSU_16570	GO:0006400	10	0.5	0
BSU_28290	GO:0003924	10	0.5	0
BSU_05940	GO:0004170	10	0.5	0
BSU_14770	GO:0005524	10	0.5	0
BSU_15430	GO:0006400	10	0.5	0
BSU_29470	GO:0006520	10	0.5	0
BSU_38740	GO:0005737	10	0.5	0
BSU_14770	GO:0004525	10	0.5	0
BSU_32680	GO:0004850	10	0.5	0
BSU_27850	GO:0005524	10	0.5	0
BSU_29790	GO:0003677	10	0.5	0
BSU_15650	GO:0006400	10	0.5	0
BSU_11700	GO:0016887	10	0.5	0
BSU_14040	GO:0016746	10	0.5	0
BSU_01770	GO:0005737	10	0.5	0
BSU_34430	GO:0016746	10	0.5	0
BSU_22490	GO:0005524	10	0.5	0
BSU_14270	GO:0008360	10	0.5	0
BSU_27550	GO:0009361	10	0.5	0
BSU_28290	GO:0005737	10	0.5	0
BSU_27850	GO:0009361	10	0.5	0
BSU_15650	GO:0030435	10	0.5	0
BSU_06490	GO:0005737	10	0.5	0
BSU_14220	GO:0005524	10	0.5	0
BSU_12160	GO:0004850	10	0.5	0
BSU_11240	GO:0004850	10	0.5	0
BSU_41020	GO:0004850	10	0.5	0
BSU_06490	GO:0005737	10	0.5	0
BSU_29690	GO:0005524	10	0.5	0
BSU_09310	GO:0005737	10	0.5	0
BSU_16310	GO:0046872	10	0.5	0
BSU_35010	GO:0045892	10	0.5	0
BSU_15870	GO:0006400	10	0.5	0
BSU_04560	GO:0006400	10	0.5	0
BSU_15430	GO:0008360	10	0.5	0
BSU_01770	GO:0016746	10	0.5	0
BSU_11230	GO:0046872	10	0.5	0
BSU_15650	GO:0008033	10	0.5	0
BSU_13930	GO:0016746	10	0.5	0
BSU_13620	GO:0005737	10	0.5	0
BSU_27740	GO:0046872	10	0.5	0
BSU_06030	GO:0046872	10	0.5	0
BSU_29210	GO:0004850	10	0.5	0
BSU_28290	GO:0004850	10	0.5	0
BSU_38260	GO:0005524	10	0.5	0
BSU_14770	GO:0009361	10	0.5	0
BSU_29470	GO:0003924	10	0.5	0
BSU_15200	GO:0006400	10	0.5	0
BSU_33420	GO:0009401	10	0.5	0
BSU_38740	GO:0006826	10	0.5	0
BSU_27330	GO:0003677	10	0.5	0
BSU_38740	GO:0016491	10	0.5	0
BSU_11240	GO:0070681	10	0.5	0
BSU_29690	GO:0016491	10	0.5	0
BSU_27710	GO:0003677	10	0.5	0
BSU_00920	GO:0006520	10	0.5	0
BSU_06440	GO:0009361	10	0.5	0
BSU_28230	GO:0006221	10	0.5	0
BSU_11230	GO:0004525	10	0.5	0
BSU_09310	GO:0070681	10	0.5	0
BSU_15650	GO:0009401	10	0.5	0
BSU_28640	GO:0008360	10	0.5	0
BSU_01770	GO:0009361	10	0.5	0
BSU_02560	GO:0016887	10	0.5	0
BSU_16310	GO:0030163	10	0.5	0
BSU_01770	GO:0005524	10	0.5	0
BSU_36590	GO:0006826	10	0.5	0
BSU_11240	GO:0051726	10	0.5	0
BSU_29470	GO:0005975	10	0.5	0
BSU_01770	GO:0005737	10	0.5	0
BSU_14770	GO:0051726	10	0.5	0
BSU_06490	GO:0005737	10	0.5	0
BSU_09310	GO:0005737	10	0.5	0
BSU_11700	GO:0051726	10	0.5	0
BSU_01770	GO:0005737	10	0.5	0
BSU_01540	GO:0006520	10	0.5	0
BSU_33420	GO:0016887	10	0.5	0
BSU_00920	GO:0070681	10	0.5	0
BSU_09310	GO:0051726	10	0.5	0
BSU_11700	GO:0070681	10	0.5	0
BSU_03510	GO:0006520	10	0.5	0
BSU_06490	GO:0051726	10	0.5	0
BSU_00070	GO:0051726	10	0.5	0
BSU_06490	GO:0070681	10	0.5	0
BSU_28290	GO:0006520	10	0.5	0
BSU_16150	GO:0016887	10	0.5	0
BSU_15230	GO:0006221	10	0.5	0
BSU_16400	GO:0006814	10	0.5	0
BSU_13620	GO:0005737	10	0.5	0
BSU_27550	GO:0008360	10	0.5	0
BSU_15230	GO:0006520	10	0.5	0
BSU_11700	GO:0009361	10	0.5	0
BSU_27710	GO:0005524	10	0.5	0
BSU_22730	GO:0004170	10	0.5	0
BSU_13620	GO:0009361	10	0.5	0
BSU_28230	GO:0006520	10	0.5	0
BSU_22730	GO:0008360	10	0.5	0
BSU_28640	GO:0016887	10	0.5	0
BSU_27550	GO:0016887	10	0.5	0
BSU_15650	GO:0004170	10	0.5	0
BSU_22730	GO:0016887	10	0.5	0
BSU_09310	GO:0009361	10	0.5	0
BSU_06490	GO:0009361	10	0.5	0
BSU_03510	GO:0051726	10	0.5	0
BSU_17190	GO:0016887	10	0.5	0
BSU_05940	GO:0003677	10	0.5	0
BSU_29210	GO:0006221	10	0.5	0
BSU_00070	GO:0006520	10	0.5	0
BSU_06490	GO:0004170	10	0.5	0
BSU_00100	GO:0016887	10	0.5	0
BSU_11240	GO:0004525	10	0.5	0
BSU_00920	GO:0051726	10	0.5	0
BSU_11700	GO:0004525	10	0.5	0
BSU_03510	GO:0016887	10	0.5	0
BSU_13740	GO:0004170	10	0.5	0
BSU_01770	GO:0051726	10	0.5	0
BSU_11240	GO:0006520	10	0.5	0
BSU_15650	GO:0006814	10	0.5	0
BSU_28640	GO:0004170	10	0.5	0
BSU_09310	GO:0005737	10	0.5	0
BSU_29790	GO:0008033	10	0.5	0
BSU_11700	GO:0003677	10	0.5	0
BSU_38740	GO:0007165	10	0.5	0
BSU_05940	GO:0016787	10	0.5	0
BSU_00750	GO:0005975	10	0.5	0
BSU_15650	GO:0030152	10	0.5	0
BSU_06490	GO:0003924	10	0.5	0
BSU_34430	GO:0046872	10	0.5	0
BSU_03460	GO:0046872	10	0.5	0
BSU_16510	GO:0003677	10	0.5	0
BSU_30940	GO:0046872	10	0.5	0
BSU_27710	GO:0016787	10	0.5	0
BSU_29790	GO:0016887	10	0.5	0
BSU_15430	GO:0005975	10	0.5	0
BSU_27330	GO:0046940	10	0.5	0
BSU_03350	GO:0046872	10	0.5	0
BSU_05940	GO:0051301	10	0.5	0
BSU_00920	GO:0003924	10	0.5	0
BSU_11700	GO:0044780	10	0.5	0
BSU_11230	GO:0044780	10	0.5	0
BSU_13030	GO:0005524	10	0.5	0
BSU_27330	GO:0044780	10	0.5	0
BSU_40880	GO:0006355	10	0.5	0
BSU_29470	GO:0044780	10	0.5	0
BSU_02560	GO:0016020	10	0.5	0
BSU_11240	GO:0003924	10	0.5	0
BSU_16570	GO:0006434	10	0.5	0
BSU_38260	GO:0016020	10	0.5	0
BSU_05940	GO:0008311	10	0.5	0
BSU_09310	GO:0003924	10	0.5	0
BSU_01770	GO:0070681	10	0.5	0
BSU_02560	GO:0046940	10	0.5	0
BSU_15650	GO:0016787	10	0.5	0
BSU_16400	GO:0016020	10	0.5	0
BSU_38630	GO:0044780	10	0.5	0
BSU_22730	GO:0046940	10	0.5	0
BSU_15430	GO:0036402	10	0.5	0
BSU_16060	GO:0009055	10	0.5	0
BSU_27710	GO:0044780	10	0.5	0
BSU_01770	GO:0003924	10	0.5	0
BSU_14270	GO:0005886	10	0.5	0
BSU_22490	GO:0005524	10	0.5	0
BSU_15230	GO:0036402	10	0.5	0
BSU_38770	GO:0006811	10	0.5	0
BSU_13620	GO:0016787	10	0.5	0
BSU_27330	GO:0044205	10	0.5	0
BSU_02560	GO:0003677	10	0.5	0
BSU_27710	GO:0044205	10	0.5	0
BSU_14270	GO:0016787	10	0.5	0
BSU_27330	GO:0030163	10	0.5	0
BSU_05940	GO:0044205	10	0.5	0
BSU_14770	GO:0036402	10	0.5	0
BSU_27330	GO:0046872	10	0.5	0
BSU_13620	GO:0036402	10	0.5	0
BSU_11700	GO:0036402	10	0.5	0
BSU_15430	GO:0051301	10	0.5	0
BSU_14220	GO:0005524	10	0.5	0
BSU_14770	GO:0051301	10	0.5	0
BSU_27330	GO:0051301	10	0.5	0
BSU_27710	GO:0051301	10	0.5	0
BSU_29470	GO:0005886	10	0.5	0
BSU_27330	GO:0008360	10	0.5	0
BSU_00920	GO:0004315	10	0.5	0
BSU_36590	GO:0007165	10	0.5	0
BSU_27220	GO:0016787	10	0.5	0
BSU_16150	GO:0004315	10	0.5	0
BSU_14270	GO:0051301	10	0.5	0
BSU_22730	GO:0005886	10	0.5	0
BSU_15200	GO:0044205	10	0.5	0
BSU_14770	GO:0044205	10	0.5	0
BSU_11700	GO:0051301	10	0.5	0
BSU_14270	GO:0044205	10	0.5	0
BSU_11700	GO:0044205	10	0.5	0
BSU_13930	GO:0006355	10	0.5	0
BSU_03350	GO:0016020	10	0.5	0
BSU_09310	GO:0004850	10	0.5	0
BSU_16150	GO:0016020	10	0.5	0
BSU_06490	GO:0042802	10	0.5	0
BSU_16400	GO:0044780	10	0.5	0
BSU_09310	GO:0042802	10	0.5	0
BSU_29470	GO:0036402	10	0.5	0
BSU_35000	GO:0004850	10	0.5	0
BSU_01770	GO:0004850	10	0.5	0
BSU_01540	GO:0004850	10	0.5	0
BSU_15740	GO:0008033	10	0.5	0
BSU_28290	GO:0036402	10	0.5	0
BSU_00920	GO:0004850	10	0.5	0
BSU_16150	GO:0004850	10	0.5	0
BSU_29790	GO:0044780	10	0.5	0
BSU_27330	GO:0008311	10	0.5	0
BSU_27850	GO:0036402	10	0.5	0
BSU_29470	GO:0009361	10	0.5	0
BSU_13620	GO:0005737	10	0.5	0
BSU_16150	GO:0036402	10	0.5	0
BSU_13030	GO:0005524	10	0.5	0
BSU_29790	GO:0006400	10	0.5	0
BSU_38630	GO:0004850	10	0.5	0
BSU_18130	GO:0046872	10	0.5	0
BSU_29470	GO:0004850	10	0.5	0
BSU_14490	GO:0046872	10	0.5	0
BSU_30200	GO:0005737	10	0.5	0
BSU_13990	GO:0046872	10	0.5	0
BSU_30200	GO:0042802	10	0.5	0
BSU_29790	GO:0030435	10	0.5	0
BSU_28290	GO:0005975	10	0.5	0
BSU_29880	GO:0006400	10	0.5	0
BSU_27330	GO:0016887	10	0.5	0
BSU_01770	GO:0042802	10	0.5	0
BSU_24240	GO:0030435	10	0.5	0
BSU_11700	GO:0008360	10	0.5	0
BSU_00920	GO:0016020	10	0.5	0
BSU_35170	GO:0046872	10	0.5	0
BSU_11700	GO:0003924	10	0.5	0
BSU_11700	GO:0042802	10	0.5	0
BSU_35010	GO:0005524	10	0.5	0
BSU_15430	GO:0016787	10	0.5	0
BSU_16570	GO:0016787	10	0.5	0
BSU_15230	GO:0003924	10	0.5	0
BSU_15870	GO:0006355	10	0.5	0
BSU_27550	GO:0016787	10	0.5	0
BSU_27550	GO:0003677	10	0.5	0
BSU_30940	GO:0005524	10	0.5	0
BSU_28640	GO:0016787	10	0.5	0
BSU_27550	GO:0042802	10	0.5	0
BSU_13620	GO:0003924	10	0.5	0
BSU_27850	GO:0003677	10	0.5	0
BSU_00070	GO:0046872	10	0.5	0
BSU_05940	GO:0044780	10	0.5	0
BSU_27850	GO:0042802	10	0.5	0
BSU_14040	GO:0006434	10	0.5	0
BSU_27710	GO:0008311	10	0.5	0
BSU_16570	GO:0042802	10	0.5	0
BSU_14770	GO:0042802	10	0.5	0
BSU_03460	GO:0005524	10	0.5	0
BSU_16150	GO:0044780	10	0.5	0
BSU_27550	GO:0036402	10	0.5	0
BSU_29790	GO:0016020	10	0.5	0
BSU_38740	GO:0005737	10	0.5	0
BSU_13620	GO:0042802	10	0.5	0
BSU_09310	GO:0005524	10	0.5	0
BSU_03350	GO:0006434	10	0.5	0
BSU_09310	GO:0006355	10	0.5	0
BSU_16060	GO:0008033	10	0.5	0
BSU_14040	GO:0005524	10	0.5	0
BSU_04060	GO:0006355	10	0.5	0
BSU_06440	GO:0016020	10	0.5	0
BSU_15430	GO:0042802	10	0.5	0
BSU_14040	GO:0008881	10	0.5	0
BSU_29470	GO:0070681	10	0.5	0
BSU_29790	GO:0044205	10	0.5	0
BSU_38260	GO:0016887	10	0.5	0
BSU_15650	GO:0055085	10	0.5	0
BSU_35000	GO:0003746	10	0.5	0
BSU_03350	GO:0016020	10	0.5	0
BSU_09310	GO:0003924	10	0.5	0
BSU_38630	GO:0003924	10	0.5	0
BSU_06030	GO:0046933	10	0.5	0
BSU_13990	GO:0046933	10	0.5	0
BSU_28290	GO:0005737	10	0.5	0
BSU_02560	GO:0016020	10	0.5	0
BSU_29470	GO:0003924	10	0.5	0
BSU_27710	GO:0003924	10	0.5	0
BSU_01540	GO:0046933	10	0.5	0
BSU_15200	GO:0015935	10	0.5	0
BSU_14270	GO:0015935	10	0.5	0
BSU_38740	GO:0015711	10	0.5	0
BSU_15230	GO:0016746	10	0.5	0
BSU_01540	GO:0005737	10	0.5	0
BSU_22490	GO:0003677	10	0.5	0
BSU_27710	GO:0005886	10	0.5	0
BSU_15650	GO:0005215	10	0.5	0
BSU_15650	GO:0042906	10	0.5	0
BSU_14270	GO:0003924	10	0.5	0
BSU_29790	GO:0004525	10	0.5	0
BSU_00070	GO:0046933	10	0.5	0
BSU_13740	GO:0003924	10	0.5	0
BSU_35260	GO:0003746	10	0.5	0
BSU_00920	GO:0046933	10	0.5	0
BSU_13620	GO:0003924	10	0.5	0
BSU_32680	GO:0006520	10	0.5	0
BSU_27220	GO:0003924	10	0.5	0
BSU_11700	GO:0003924	10	0.5	0
BSU_06440	GO:0005737	10	0.5	0
BSU_14770	GO:0005524	10	0.5	0
BSU_35000	GO:0046933	10	0.5	0
BSU_06490	GO:0003924	10	0.5	0
BSU_29210	GO:0016746	10	0.5	0
BSU_16570	GO:0019877	10	0.5	0
BSU_36590	GO:0005975	10	0.5	0
BSU_16150	GO:0003924	10	0.5	0
BSU_16400	GO:0016020	10	0.5	0
BSU_28290	GO:0006221	10	0.5	0
BSU_29790	GO:0015935	10	0.5	0
BSU_14770	GO:0015935	10	0.5	0
BSU_03510	GO:0005975	10	0.5	0
BSU_14490	GO:0005975	10	0.5	0
BSU_12160	GO:0003924	10	0.5	0
BSU_14770	GO:0006289	10	0.5	0
BSU_15650	GO:0005737	10	0.5	0
BSU_15870	GO:0005737	10	0.5	0
BSU_14270	GO:0019344	10	0.5	0
BSU_15430	GO:0019344	10	0.5	0
BSU_16570	GO:0019344	10	0.5	0
BSU_30200	GO:0005975	10	0.5	0
BSU_27740	GO:0046933	10	0.5	0
BSU_05940	GO:0004525	10	0.5	0
BSU_29210	GO:0006520	10	0.5	0
BSU_36590	GO:0015711	10	0.5	0
BSU_11700	GO:0015935	10	0.5	0
BSU_05940	GO:0003924	10	0.5	0
BSU_38260	GO:0016020	10	0.5	0
BSU_16060	GO:0019877	10	0.5	0
BSU_27330	GO:0015935	10	0.5	0
BSU_16150	GO:0006520	10	0.5	0
BSU_16400	GO:0016887	10	0.5	0
BSU_15430	GO:0019877	10	0.5	0
BSU_01770	GO:0003924	10	0.5	0
BSU_27710	GO:0015935	10	0.5	0
BSU_15650	GO:0003924	10	0.5	0
BSU_28640	GO:0005975	10	0.5	0
BSU_05940	GO:0015935	10	0.5	0
BSU_13620	GO:0005524	10	0.5	0
BSU_16060	GO:0003924	10	0.5	0
BSU_30200	GO:0005737	10	0.5	0
BSU_09310	GO:0005524	10	0.5	0
BSU_06440	GO:0003746	10	0.5	0
BSU_29790	GO:0016787	10	0.5	0
BSU_00100	GO:0046933	10	0.5	0
BSU_33420	GO:0005737	10	0.5	0
BSU_11240	GO:0003746	10	0.5	0
BSU_15230	GO:0003746	10	0.5	0
BSU_33420	GO:0046933	10	0.5	0
BSU_14770	GO:0070681	10	0.5	0
BSU_27850	GO:0003677	10	0.5	0
BSU_06490	GO:0005524	10	0.5	0
BSU_15430	GO:0070681	10	0.5	0
BSU_16150	GO:0005524	10	0.5	0
BSU_04060	GO:0055085	10	0.5	0
BSU_25000	GO:0030163	10	0.5	0
BSU_27550	GO:0005975	10	0.5	0
BSU_06440	GO:0005886	10	0.5	0
BSU_03510	GO:0003746	10	0.5	0
BSU_15200	GO:0016787	10	0.5	0
BSU_04560	GO:0016787	10	0.5	0
BSU_27710	GO:0003677	10	0.5	0
BSU_16310	GO:0005737	10	0.5	0
BSU_15230	GO:0070681	10	0.5	0
BSU_06030	GO:0030163	10	0.5	0
BSU_01770	GO:0005524	10	0.5	0
BSU_06440	GO:0005524	10	0.5	0
BSU_01540	GO:0003746	10	0.5	0
BSU_05940	GO:0005524	10	0.5	0
BSU_14270	GO:0003677	10	0.5	0
BSU_00070	GO:0003746	10	0.5	0
BSU_15430	GO:0003677	10	0.5	0
BSU_16570	GO:0003677	10	0.5	0
BSU_38630	GO:0005524	10	0.5	0
BSU_27710	GO:0005524	10	0.5	0
BSU_15650	GO:0015878	10	0.5	0
BSU_16310	GO:0046933	10	0.5	0
BSU_15740	GO:0003677	10	0.5	0
BSU_03510	GO:0004525	10	0.5	0
BSU_13990	GO:0005737	10	0.5	0
BSU_06440	GO:0005524	10	0.5	0
BSU_30200	GO:0003924	10	0.5	0
BSU_28640	GO:0003924	10	0.5	0
BSU_13930	GO:0016020	10	0.5	0
BSU_30200	GO:0005524	10	0.5	0
BSU_14040	GO:0016020	10	0.5	0
BSU_29690	GO:0016020	10	0.5	0
BSU_27850	GO:0003924	10	0.5	0
BSU_34430	GO:0016020	10	0.5	0
BSU_22730	GO:0003924	10	0.5	0
BSU_28230	GO:0016746	10	0.5	0
BSU_29470	GO:0003746	10	0.5	0
BSU_29880	GO:0003924	10	0.5	0
BSU_29210	GO:0003924	10	0.5	0
BSU_35260	GO:0046933	10	0.5	0
BSU_35000	GO:0005737	10	0.5	0
BSU_32680	GO:0016746	10	0.5	0
BSU_27850	GO:0005975	10	0.5	0
BSU_28230	GO:0003746	10	0.5	0
BSU_00100	GO:0030163	10	0.5	0
BSU_06440	GO:0016020	10	0.5	0
BSU_13990	GO:0030163	10	0.5	0
BSU_35000	GO:0030163	10	0.5	0
BSU_00920	GO:0004525	10	0.5	0
BSU_35260	GO:0005737	10	0.5	0
BSU_01770	GO:0005886	10	0.5	0
BSU_40880	GO:0005524	10	0.5	0
BSU_14490	GO:0005737	10	0.5	0
BSU_16150	GO:0004525	10	0.5	0
BSU_28290	GO:0003746	10	0.5	0
BSU_16060	GO:0005524	10	0.5	0
BSU_14490	GO:0046933	10	0.5	0
BSU_33420	GO:0016887	10	0.5	0
BSU_14270	GO:0006289	10	0.5	0
BSU_13620	GO:0070681	10	0.5	0
BSU_13620	GO:0016491	10	0.5	0
BSU_29470	GO:0016491	10	0.5	0
BSU_29210	GO:0005975	10	0.5	0
BSU_13990	GO:0006221	10	0.5	0
BSU_26650	GO:0015711	10	0.5	0
BSU_27850	GO:0016491	10	0.5	0
BSU_32680	GO:0051726	10	0.5	0
BSU_15650	GO:0005737	10	0.5	0
BSU_27550	GO:0016491	10	0.5	0
BSU_25790	GO:0009401	10	0.5	0
BSU_34430	GO:0008881	10	0.5	0
BSU_03510	GO:0016746	10	0.5	0
BSU_38630	GO:0004525	10	0.5	0
BSU_15430	GO:0016491	10	0.5	0
BSU_06030	GO:0016746	10	0.5	0
BSU_14770	GO:0016491	10	0.5	0
BSU_30200	GO:0009089	10	0.5	0
BSU_28290	GO:0005524	10	0.5	0
BSU_16310	GO:0016887	10	0.5	0
BSU_16150	GO:0006289	10	0.5	0
BSU_27550	GO:0008881	10	0.5	0
BSU_01770	GO:0009089	10	0.5	0
BSU_14270	GO:1990169	10	0.5	0
BSU_14770	GO:1990169	10	0.5	0
BSU_15430	GO:1990169	10	0.5	0
BSU_35170	GO:0016746	10	0.5	0
BSU_14490	GO:0016887	10	0.5	0
BSU_27850	GO:1990169	10	0.5	0
BSU_16570	GO:1990169	10	0.5	0
BSU_27740	GO:0016746	10	0.5	0
BSU_06440	GO:0009089	10	0.5	0
BSU_37050	GO:0005737	10	0.5	0
BSU_18130	GO:0030163	10	0.5	0
BSU_29470	GO:0004525	10	0.5	0
BSU_29790	GO:0006289	10	0.5	0
BSU_00920	GO:0016746	10	0.5	0
BSU_00920	GO:0006289	10	0.5	0
BSU_11700	GO:0016491	10	0.5	0
BSU_04560	GO:0008881	10	0.5	0
BSU_06440	GO:0016491	10	0.5	0
BSU_30200	GO:0009361	10	0.5	0
BSU_06440	GO:0006520	10	0.5	0
BSU_15430	GO:0003677	10	0.5	0
BSU_41020	GO:0004525	10	0.5	0
BSU_06440	GO:0005737	10	0.5	0
BSU_30200	GO:0016491	10	0.5	0
BSU_03350	GO:0008881	10	0.5	0
BSU_15200	GO:0003677	10	0.5	0
BSU_38740	GO:0009401	10	0.5	0
BSU_36590	GO:0009401	10	0.5	0
BSU_15650	GO:0006826	10	0.5	0
BSU_14770	GO:0003677	10	0.5	0
BSU_14270	GO:0003677	10	0.5	0
BSU_28290	GO:0070681	10	0.5	0
BSU_02560	GO:0016020	10	0.5	0
BSU_03510	GO:0016491	10	0.5	0
BSU_28290	GO:0051726	10	0.5	0
BSU_11240	GO:0016491	10	0.5	0
BSU_29470	GO:0051726	10	0.5	0
BSU_30200	GO:0005737	10	0.5	0
BSU_09310	GO:0016491	10	0.5	0
BSU_06490	GO:0016491	10	0.5	0
BSU_04060	GO:0009401	10	0.5	0
BSU_25790	GO:0015711	10	0.5	0
BSU_01540	GO:0016491	10	0.5	0
BSU_34430	GO:0071555	10	0.5	0
BSU_16150	GO:0016746	10	0.5	0
BSU_00920	GO:0016491	10	0.5	0
BSU_13930	GO:0071555	10	0.5	0
BSU_01770	GO:0016491	10	0.5	0
BSU_00070	GO:0016746	10	0.5	0
BSU_11700	GO:1990169	10	0.5	0
BSU_01540	GO:0006221	10	0.5	0
BSU_14220	GO:0003677	10	0.5	0
BSU_15200	GO:0051726	10	0.5	0
BSU_29690	GO:0005737	10	0.5	0
BSU_11240	GO:0046933	10	0.5	0
BSU_27330	GO:0006289	10	0.5	0
BSU_29470	GO:0006289	10	0.5	0
BSU_38740	GO:0005737	10	0.5	0
BSU_35260	GO:0051726	10	0.5	0
BSU_27710	GO:0006289	10	0.5	0
BSU_11230	GO:0016746	10	0.5	0
BSU_27740	GO:0004525	10	0.5	0
BSU_27740	GO:0006289	10	0.5	0
BSU_16150	GO:1990169	10	0.5	0
BSU_22490	GO:0019344	10	0.5	0
BSU_27220	GO:0005737	10	0.5	0
BSU_14220	GO:0019344	10	0.5	0
BSU_13030	GO:0003677	10	0.5	0
BSU_38630	GO:0006289	10	0.5	0
BSU_36590	GO:0016887	10	0.5	0
BSU_14040	GO:0005737	10	0.5	0
BSU_26650	GO:0016887	10	0.5	0
BSU_35170	GO:0046933	10	0.5	0
BSU_17190	GO:0006520	10	0.5	0
BSU_29470	GO:0046933	10	0.5	0
BSU_11700	GO:0006289	10	0.5	0
BSU_14270	GO:0019877	10	0.5	0
BSU_25790	GO:0016887	10	0.5	0
BSU_11240	GO:0016746	10	0.5	0
BSU_11230	GO:0046933	10	0.5	0
BSU_11240	GO:0006289	10	0.5	0
BSU_11230	GO:0006289	10	0.5	0
BSU_38770	GO:0016887	10	0.5	0
BSU_41020	GO:0006289	10	0.5	0
BSU_03460	GO:0005737	10	0.5	0
BSU_35010	GO:0005737	10	0.5	0
BSU_05940	GO:0006289	10	0.5	0
BSU_15230	GO:0051726	10	0.5	0
BSU_16400	GO:0051726	10	0.5	0
BSU_28230	GO:0051726	10	0.5	0
BSU_27550	GO:0070681	10	0.5	0
BSU_15430	GO:0009089	10	0.5	0
BSU_13990	GO:0051726	10	0.5	0
BSU_01540	GO:0051726	10	0.5	0
BSU_35000	GO:0051726	10	0.5	0
BSU_14770	GO:0009089	10	0.5	0
BSU_13620	GO:0009089	10	0.5	0
BSU_11700	GO:0009089	10	0.5	0
BSU_27710	GO:1990169	10	0.5	0
BSU_27850	GO:0070681	10	0.5	0
BSU_09310	GO:0009089	10	0.5	0
BSU_06490	GO:0009089	10	0.5	0
BSU_16400	GO:0016887	10	0.5	0
BSU_35000	GO:0006221	10	0.5	0
BSU_27850	GO:0005524	10	0.5	0
BSU_00070	GO:0016887	10	0.5	0
BSU_16570	GO:0009089	10	0.5	0
BSU_29470	GO:0016746	10	0.5	0
BSU_29880	GO:0005737	10	0.5	0
BSU_35170	GO:0004525	10	0.5	0
BSU_27330	GO:0019877	10	0.5	0
BSU_29470	GO:0009089	10	0.5	0
BSU_29690	GO:0005975	10	0.5	0
BSU_06030	GO:0016887	10	0.5	0
BSU_00920	GO:0016887	10	0.5	0
BSU_41020	GO:0016746	10	0.5	0
BSU_27710	GO:0004525	10	0.5	0
BSU_13030	GO:0019344	10	0.5	0
BSU_16570	GO:0008881	10	0.5	0
BSU_27850	GO:0009089	10	0.5	0
BSU_27550	GO:0009089	10	0.5	0
BSU_38630	GO:0016746	10	0.5	0
BSU_01770	GO:1990169	10	0.5	0
BSU_11240	GO:0036402	10	0.5	0
BSU_16060	GO:0016787	10	0.5	0
BSU_30200	GO:0016779	10	0.5	0
BSU_14270	GO:0005975	10	0.5	0
BSU_28640	GO:0006222	10	0.5	0
BSU_01770	GO:0005886	10	0.5	0
BSU_16400	GO:0016020	10	0.5	0
BSU_27550	GO:0005886	10	0.5	0
BSU_22730	GO:0005886	10	0.5	0
BSU_16570	GO:0008270	10	0.5	0
BSU_15430	GO:0008270	10	0.5	0
BSU_29790	GO:0005886	10	0.5	0
BSU_15870	GO:0005886	10	0.5	0
BSU_15430	GO:0005975	10	0.5	0
BSU_14270	GO:0008270	10	0.5	0
BSU_14270	GO:0009697	10	0.5	0
BSU_15200	GO:0005975	10	0.5	0
BSU_27710	GO:0008270	10	0.5	0
BSU_14770	GO:0005975	10	0.5	0
BSU_22490	GO:0016616	10	0.5	0
BSU_28640	GO:0005886	10	0.5	0
BSU_29790	GO:0016616	10	0.5	0
BSU_27550	GO:0046872	10	0.5	0
BSU_14270	GO:0051539	10	0.5	0
BSU_14220	GO:0008270	10	0.5	0
BSU_41020	GO:0032300	10	0.5	0
BSU_18130	GO:0003676	10	0.5	0
BSU_00100	GO:0003676	10	0.5	0
BSU_22490	GO:0008270	10	0.5	0
BSU_15430	GO:0009435	10	0.5	0
BSU_15430	GO:0046872	10	0.5	0
BSU_01770	GO:0047810	10	0.5	0
BSU_16570	GO:0046872	10	0.5	0
BSU_29210	GO:0003677	10	0.5	0
BSU_15430	GO:0046872	10	0.5	0
BSU_34430	GO:0006631	10	0.5	0
BSU_27850	GO:0008270	10	0.5	0
BSU_16060	GO:0009435	10	0.5	0
BSU_16150	GO:0005524	10	0.5	0
BSU_14770	GO:0051539	10	0.5	0
BSU_29470	GO:0009090	10	0.5	0
BSU_16570	GO:0043041	10	0.5	0
BSU_38630	GO:0005524	10	0.5	0
BSU_25790	GO:0003723	10	0.5	0
BSU_09310	GO:0005524	10	0.5	0
BSU_26650	GO:0003723	10	0.5	0
BSU_27850	GO:0009102	10	0.5	0
BSU_13740	GO:0006222	10	0.5	0
BSU_27550	GO:0009102	10	0.5	0
BSU_27330	GO:0005975	10	0.5	0
BSU_15650	GO:0009697	10	0.5	0
BSU_00750	GO:0043041	10	0.5	0
BSU_29470	GO:0005975	10	0.5	0
BSU_27710	GO:0005975	10	0.5	0
BSU_12160	GO:0005524	10	0.5	0
BSU_28230	GO:0003676	10	0.5	0
BSU_27710	GO:0005524	10	0.5	0
BSU_06490	GO:0005524	10	0.5	0
BSU_27550	GO:0043041	10	0.5	0
BSU_11230	GO:0005975	10	0.5	0
BSU_38260	GO:0016020	10	0.5	0
BSU_02560	GO:0016020	10	0.5	0
BSU_01770	GO:0005524	10	0.5	0
BSU_11700	GO:0005975	10	0.5	0
BSU_03350	GO:0016020	10	0.5	0
BSU_12160	GO:0016616	10	0.5	0
BSU_27220	GO:0016616	10	0.5	0
BSU_06440	GO:0016020	10	0.5	0
BSU_29690	GO:0006631	10	0.5	0
BSU_14040	GO:0006631	10	0.5	0
BSU_16570	GO:0009435	10	0.5	0
BSU_27850	GO:0043041	10	0.5	0
BSU_05940	GO:0005524	10	0.5	0
BSU_38630	GO:0005975	10	0.5	0
BSU_27710	GO:0047810	10	0.5	0
BSU_27330	GO:0005886	10	0.5	0
BSU_35170	GO:0005975	10	0.5	0
BSU_27740	GO:0005515	10	0.5	0
BSU_11700	GO:0019464	10	0.5	0
BSU_27330	GO:0009435	10	0.5	0
BSU_13030	GO:0047810	10	0.5	0
BSU_41020	GO:0019464	10	0.5	0
BSU_05940	GO:0016616	10	0.5	0
BSU_13930	GO:0005515	10	0.5	0
BSU_13990	GO:0003824	10	0.5	0
BSU_05940	GO:0005515	10	0.5	0
BSU_28640	GO:0005886	10	0.5	0
BSU_14040	GO:0005515	10	0.5	0
BSU_29690	GO:0005886	10	0.5	0
BSU_27550	GO:0005886	10	0.5	0
BSU_14040	GO:0005886	10	0.5	0
BSU_14220	GO:0047810	10	0.5	0
BSU_22730	GO:0005886	10	0.5	0
BSU_28290	GO:0032300	10	0.5	0
BSU_11230	GO:0003824	10	0.5	0
BSU_14770	GO:0019464	10	0.5	0
BSU_15650	GO:0005515	10	0.5	0
BSU_01540	GO:0009061	10	0.5	0
BSU_28290	GO:0019464	10	0.5	0
BSU_27330	GO:0009314	10	0.5	0
BSU_14040	GO:0005737	10	0.5	0
BSU_03350	GO:0005737	10	0.5	0
BSU_27330	GO:0016616	10	0.5	0
BSU_06440	GO:0000156	10	0.5	0
BSU_00750	GO:0016020	10	0.5	0
BSU_16150	GO:0005515	10	0.5	0
BSU_27710	GO:0016616	10	0.5	0
BSU_13030	GO:0016757	10	0.5	0
BSU_00920	GO:0005515	10	0.5	0
BSU_33420	GO:0005737	10	0.5	0
BSU_15230	GO:0019464	10	0.5	0
BSU_34430	GO:0005515	10	0.5	0
BSU_35170	GO:0005515	10	0.5	0
BSU_13030	GO:0008270	10	0.5	0
BSU_06440	GO:0005886	10	0.5	0
BSU_25000	GO:0003676	10	0.5	0
BSU_11700	GO:0005886	10	0.5	0
BSU_27740	GO:0003824	10	0.5	0
BSU_35170	GO:0003824	10	0.5	0
BSU_27850	GO:0047810	10	0.5	0
BSU_14270	GO:0009435	10	0.5	0
BSU_41020	GO:0005515	10	0.5	0
BSU_11230	GO:0005515	10	0.5	0
BSU_11240	GO:0005515	10	0.5	0
BSU_16570	GO:0047810	10	0.5	0
BSU_15870	GO:0005737	10	0.5	0
BSU_15430	GO:0047810	10	0.5	0
BSU_14770	GO:0047810	10	0.5	0
BSU_14270	GO:0047810	10	0.5	0
BSU_11700	GO:0047810	10	0.5	0
BSU_06440	GO:0019464	10	0.5	0
BSU_16310	GO:0003676	10	0.5	0
BSU_38630	GO:0005515	10	0.5	0
BSU_16570	GO:0005886	10	0.5	0
BSU_14490	GO:0003824	10	0.5	0
BSU_27710	GO:0005515	10	0.5	0
BSU_29470	GO:0005515	10	0.5	0
BSU_00070	GO:0006221	10	0.5	0
BSU_27330	GO:0005515	10	0.5	0
BSU_22490	GO:0047810	10	0.5	0
BSU_16570	GO:0003677	10	0.5	0
BSU_06030	GO:0003824	10	0.5	0
BSU_15430	GO:0005886	10	0.5	0
BSU_15200	GO:0005886	10	0.5	0
BSU_27710	GO:0019464	10	0.5	0
BSU_14270	GO:0005886	10	0.5	0
BSU_38260	GO:0047810	10	0.5	0
BSU_16150	GO:0003824	10	0.5	0
BSU_27220	GO:0005524	10	0.5	0
BSU_27740	GO:0005975	10	0.5	0
BSU_12160	GO:0009061	10	0.5	0
BSU_00070	GO:0005515	10	0.5	0
BSU_15650	GO:0030420	10	0.5	0
BSU_01770	GO:0043754	10	0.5	0
BSU_00920	GO:0043754	10	0.5	0
BSU_29470	GO:0005778	10	0.5	0
BSU_30200	GO:0070681	10	0.5	0
BSU_15430	GO:0032508	10	0.5	0
BSU_30200	GO:0016301	10	0.5	0
BSU_11700	GO:0005886	10	0.5	0
BSU_03460	GO:0009027	10	0.5	0
BSU_15230	GO:0000049	10	0.5	0
BSU_03510	GO:0005515	10	0.5	0
BSU_13930	GO:0009027	10	0.5	0
BSU_38630	GO:0016616	10	0.5	0
BSU_28640	GO:0016020	10	0.5	0
BSU_35500	GO:0003676	10	0.5	0
BSU_35000	GO:0043754	10	0.5	0
BSU_06030	GO:0003676	10	0.5	0
BSU_22490	GO:0006637	10	0.5	0
BSU_29790	GO:0016740	10	0.5	0
BSU_27550	GO:0046872	10	0.5	0
BSU_14270	GO:0016301	10	0.5	0
BSU_15650	GO:0140359	10	0.5	0
BSU_16060	GO:0016301	10	0.5	0
BSU_06440	GO:0043754	10	0.5	0
BSU_35000	GO:0032300	10	0.5	0
BSU_13990	GO:0003676	10	0.5	0
BSU_14490	GO:0005515	10	0.5	0
BSU_13990	GO:0032300	10	0.5	0
BSU_22730	GO:0003677	10	0.5	0
BSU_06030	GO:0032300	10	0.5	0
BSU_29880	GO:0016301	10	0.5	0
BSU_00920	GO:0032300	10	0.5	0
BSU_14220	GO:0006637	10	0.5	0
BSU_28290	GO:0005778	10	0.5	0
BSU_13740	GO:0016616	10	0.5	0
BSU_27740	GO:0032300	10	0.5	0
BSU_35000	GO:0000049	10	0.5	0
BSU_27330	GO:0051539	10	0.5	0
BSU_41020	GO:0000049	10	0.5	0
BSU_38740	GO:0016787	10	0.5	0
BSU_28230	GO:0002131	10	0.5	0
BSU_28290	GO:0000049	10	0.5	0
BSU_35170	GO:0005515	10	0.5	0
BSU_16510	GO:0046316	10	0.5	0
BSU_29470	GO:0005515	10	0.5	0
BSU_01540	GO:0032993	10	0.5	0
BSU_29210	GO:0002131	10	0.5	0
BSU_17190	GO:0002131	10	0.5	0
BSU_00920	GO:0032993	10	0.5	0
BSU_29210	GO:0000049	10	0.5	0
BSU_27710	GO:0051539	10	0.5	0
BSU_15230	GO:0002131	10	0.5	0
BSU_27740	GO:0005515	10	0.5	0
BSU_27330	GO:0005886	10	0.5	0
BSU_06440	GO:0005778	10	0.5	0
BSU_36590	GO:0140359	10	0.5	0
BSU_28230	GO:0005778	10	0.5	0
BSU_28640	GO:0009027	10	0.5	0
BSU_14270	GO:0032508	10	0.5	0
BSU_15230	GO:0005778	10	0.5	0
BSU_11240	GO:0005778	10	0.5	0
BSU_00920	GO:0005515	10	0.5	0
BSU_06030	GO:0005515	10	0.5	0
BSU_03510	GO:0005778	10	0.5	0
BSU_06440	GO:0000049	10	0.5	0
BSU_00070	GO:0005778	10	0.5	0
BSU_00920	GO:0005778	10	0.5	0
BSU_29690	GO:0016787	10	0.5	0
BSU_32680	GO:0002131	10	0.5	0
BSU_01540	GO:0005778	10	0.5	0
BSU_41020	GO:0043754	10	0.5	0
BSU_15230	GO:0043754	10	0.5	0
BSU_13620	GO:0005524	10	0.5	0
BSU_16150	GO:0005975	10	0.5	0
BSU_16570	GO:0009102	10	0.5	0
BSU_30200	GO:0005524	10	0.5	0
BSU_32680	GO:0005524	10	0.5	0
BSU_38260	GO:0005524	10	0.5	0
BSU_03350	GO:0006650	10	0.5	0
BSU_15650	GO:0016787	10	0.5	0
BSU_15430	GO:0009102	10	0.5	0
BSU_29790	GO:0043041	10	0.5	0
BSU_15430	GO:0005886	10	0.5	0
BSU_14040	GO:0006650	10	0.5	0
BSU_14770	GO:0009102	10	0.5	0
BSU_01770	GO:0019464	10	0.5	0
BSU_13930	GO:0006631	10	0.5	0
BSU_13620	GO:0009102	10	0.5	0
BSU_03510	GO:0043754	10	0.5	0
BSU_15200	GO:0043041	10	0.5	0
BSU_27850	GO:0005524	10	0.5	0
BSU_29210	GO:0032300	10	0.5	0
BSU_13740	GO:0043041	10	0.5	0
BSU_05940	GO:0005975	10	0.5	0
BSU_38770	GO:0003723	10	0.5	0
BSU_37050	GO:0043041	10	0.5	0
BSU_06490	GO:0006222	10	0.5	0
BSU_13740	GO:0005524	10	0.5	0
BSU_29880	GO:0043041	10	0.5	0
BSU_16060	GO:0005524	10	0.5	0
BSU_22490	GO:0016616	10	0.5	0
BSU_04560	GO:0043041	10	0.5	0
BSU_29880	GO:0005524	10	0.5	0
BSU_16570	GO:0016020	10	0.5	0
BSU_16510	GO:0006222	10	0.5	0
BSU_27850	GO:0009090	10	0.5	0
BSU_16570	GO:0005886	10	0.5	0
BSU_15650	GO:0016301	10	0.5	0
BSU_15200	GO:0005886	10	0.5	0
BSU_05940	GO:0016740	10	0.5	0
BSU_00920	GO:0019464	10	0.5	0
BSU_06490	GO:0009102	10	0.5	0
BSU_16570	GO:0006650	10	0.5	0
BSU_14270	GO:0016740	10	0.5	0
BSU_27550	GO:0032508	10	0.5	0
BSU_38260	GO:0043754	10	0.5	0
BSU_01770	GO:0009102	10	0.5	0
BSU_29470	GO:0032300	10	0.5	0
BSU_11700	GO:0016740	10	0.5	0
BSU_38630	GO:0051539	10	0.5	0
BSU_38630	GO:0016740	10	0.5	0
BSU_27330	GO:0016740	10	0.5	0
BSU_27850	GO:0016020	10	0.5	0
BSU_27710	GO:0016740	10	0.5	0
BSU_28290	GO:0043754	10	0.5	0
BSU_16570	GO:0032508	10	0.5	0
BSU_09310	GO:0009102	10	0.5	0
BSU_15650	GO:0006508	10	0.5	0
BSU_14770	GO:0016740	10	0.5	0
BSU_27550	GO:0016020	10	0.5	0
BSU_11700	GO:0009102	10	0.5	0
BSU_06030	GO:0043754	10	0.5	0
BSU_16150	GO:0043754	10	0.5	0
BSU_16570	GO:0046872	10	0.5	0
BSU_14270	GO:0005886	10	0.5	0
BSU_11700	GO:0051539	10	0.5	0
BSU_15430	GO:0016740	10	0.5	0
BSU_29790	GO:0005975	10	0.5	0
BSU_00070	GO:0043754	10	0.5	0
BSU_15200	GO:0016740	10	0.5	0
BSU_27550	GO:0009090	10	0.5	0
BSU_11240	GO:0032300	10	0.5	0
BSU_06440	GO:0070681	10	0.5	0
BSU_11230	GO:0032300	10	0.5	0
BSU_36590	GO:0005737	10	0.5	0
BSU_27710	GO:0006222	10	0.5	0
BSU_15650	GO:0003333	10	0.5	0
BSU_16570	GO:0051287	10	0.5	0
BSU_16310	GO:0006285	10	0.5	0
BSU_14770	GO:0009252	10	0.5	0
BSU_14270	GO:0009252	10	0.5	0
BSU_13990	GO:0006285	10	0.5	0
BSU_13620	GO:0051287	10	0.5	0
BSU_14490	GO:0006285	10	0.5	0
BSU_11700	GO:0009252	10	0.5	0
BSU_14770	GO:0051287	10	0.5	0
BSU_03510	GO:0036402	10	0.5	0
BSU_35260	GO:0006285	10	0.5	0
BSU_16150	GO:0016887	10	0.5	0
BSU_01770	GO:0003677	10	0.5	0
BSU_29790	GO:0046872	10	0.5	0
BSU_27710	GO:0009252	10	0.5	0
BSU_15430	GO:0051287	10	0.5	0
BSU_15430	GO:0009252	10	0.5	0
BSU_27710	GO:0005886	10	0.5	0
BSU_18130	GO:0006285	10	0.5	0
BSU_27740	GO:0005886	10	0.5	0
BSU_05940	GO:0005886	10	0.5	0
BSU_01770	GO:0036402	10	0.5	0
BSU_01540	GO:0036402	10	0.5	0
BSU_06490	GO:0051287	10	0.5	0
BSU_35000	GO:0006285	10	0.5	0
BSU_03510	GO:0070681	10	0.5	0
BSU_22490	GO:0003824	10	0.5	0
BSU_11230	GO:0000156	10	0.5	0
BSU_00100	GO:0006285	10	0.5	0
BSU_35170	GO:0005886	10	0.5	0
BSU_25000	GO:0006285	10	0.5	0
BSU_11700	GO:0051287	10	0.5	0
BSU_16570	GO:0009252	10	0.5	0
BSU_14770	GO:0005524	10	0.5	0
BSU_06030	GO:0016887	10	0.5	0
BSU_03350	GO:0046872	10	0.5	0
BSU_15650	GO:0030163	10	0.5	0
BSU_29880	GO:0008168	10	0.5	0
BSU_11700	GO:0008168	10	0.5	0
BSU_09310	GO:0008168	10	0.5	0
BSU_38630	GO:0008168	10	0.5	0
BSU_30940	GO:0009252	10	0.5	0
BSU_27710	GO:0008168	10	0.5	0
BSU_06490	GO:0008168	10	0.5	0
BSU_29470	GO:0003677	10	0.5	0
BSU_27550	GO:0051287	10	0.5	0
BSU_05940	GO:0008168	10	0.5	0
BSU_29470	GO:0000156	10	0.5	0
BSU_15650	GO:0008360	10	0.5	0
BSU_27850	GO:0051287	10	0.5	0
BSU_36590	GO:0046872	10	0.5	0
BSU_27710	GO:0000156	10	0.5	0
BSU_27330	GO:0003677	10	0.5	0
BSU_27710	GO:0005524	10	0.5	0
BSU_12160	GO:0008168	10	0.5	0
BSU_27220	GO:0008168	10	0.5	0
BSU_11230	GO:0016887	10	0.5	0
BSU_38630	GO:0005886	10	0.5	0
BSU_38630	GO:0000156	10	0.5	0
BSU_16150	GO:0005515	10	0.5	0
BSU_14040	GO:0046872	10	0.5	0
BSU_13740	GO:0016757	10	0.5	0
BSU_27740	GO:0016887	10	0.5	0
BSU_14270	GO:0030152	10	0.5	0
BSU_13740	GO:0008168	10	0.5	0
BSU_16060	GO:0008168	10	0.5	0
BSU_01770	GO:0016757	10	0.5	0
BSU_29210	GO:0016887	10	0.5	0
BSU_14270	GO:0008168	10	0.5	0
BSU_27330	GO:0000156	10	0.5	0
BSU_32680	GO:0005975	10	0.5	0
BSU_27850	GO:0009252	10	0.5	0
BSU_38740	GO:0003333	10	0.5	0
BSU_01770	GO:0008168	10	0.5	0
BSU_29790	GO:0008311	10	0.5	0
BSU_29690	GO:0003677	10	0.5	0
BSU_29790	GO:0005886	10	0.5	0
BSU_14040	GO:0003677	10	0.5	0
BSU_11240	GO:0004315	10	0.5	0
BSU_38630	GO:0004315	10	0.5	0
BSU_06440	GO:0003924	10	0.5	0
BSU_35170	GO:0006221	10	0.5	0
BSU_00070	GO:0030163	10	0.5	0
BSU_28290	GO:0016887	10	0.5	0
BSU_36590	GO:0022857	10	0.5	0
BSU_28230	GO:0016887	10	0.5	0
BSU_15230	GO:0016887	10	0.5	0
BSU_11240	GO:0016887	10	0.5	0
BSU_01540	GO:0070681	10	0.5	0
BSU_36590	GO:0003333	10	0.5	0
BSU_13740	GO:0004315	10	0.5	0
BSU_22730	GO:0003677	10	0.5	0
BSU_01540	GO:0006285	10	0.5	0
BSU_29690	GO:0004315	10	0.5	0
BSU_27850	GO:0005524	10	0.5	0
BSU_09310	GO:0036402	10	0.5	0
BSU_26650	GO:0006811	10	0.5	0
BSU_29790	GO:0004315	10	0.5	0
BSU_25790	GO:0003333	10	0.5	0
BSU_26650	GO:0003333	10	0.5	0
BSU_05940	GO:0004315	10	0.5	0
BSU_15870	GO:0009314	10	0.5	0
BSU_01540	GO:0003924	10	0.5	0
BSU_03510	GO:0003924	10	0.5	0
BSU_34430	GO:0003677	10	0.5	0
BSU_06440	GO:0046872	10	0.5	0
BSU_06490	GO:0036402	10	0.5	0
BSU_29470	GO:0016887	10	0.5	0
BSU_24240	GO:0030163	10	0.5	0
BSU_00070	GO:0016887	10	0.5	0
BSU_35000	GO:0016887	10	0.5	0
BSU_38770	GO:0022857	10	0.5	0
BSU_03510	GO:0006285	10	0.5	0
BSU_15650	GO:0003677	10	0.5	0
BSU_12160	GO:0004315	10	0.5	0
BSU_00920	GO:0005886	10	0.5	0
BSU_15740	GO:0003677	10	0.5	0
BSU_00750	GO:0003677	10	0.5	0
BSU_15650	GO:0022857	10	0.5	0
BSU_03510	GO:0005886	10	0.5	0
BSU_00920	GO:0036402	10	0.5	0
BSU_15230	GO:0006285	10	0.5	0
BSU_03510	GO:0004315	10	0.5	0
BSU_30200	GO:0051287	10	0.5	0
BSU_28230	GO:0006285	10	0.5	0
BSU_41020	GO:0016887	10	0.5	0
BSU_15230	GO:0046872	10	0.5	0
BSU_27220	GO:0004315	10	0.5	0
BSU_16150	GO:0005886	10	0.5	0
BSU_16060	GO:0008311	10	0.5	0
BSU_27330	GO:0046872	10	0.5	0
BSU_27740	GO:0006221	10	0.5	0
BSU_28290	GO:0004315	10	0.5	0
BSU_00920	GO:0016887	10	0.5	0
BSU_29790	GO:0003677	10	0.5	0
BSU_00070	GO:0006285	10	0.5	0
BSU_15230	GO:0004315	10	0.5	0
BSU_26650	GO:0022857	10	0.5	0
BSU_06440	GO:0016887	10	0.5	0
BSU_25790	GO:0022857	10	0.5	0
BSU_34430	GO:0008033	10	0.5	0
BSU_27330	GO:0003677	10	0.5	0
BSU_06030	GO:0006285	10	0.5	0
BSU_38770	GO:0003333	10	0.5	0
BSU_03510	GO:0016887	10	0.5	0
BSU_34430	GO:0009252	10	0.5	0
BSU_11700	GO:0016757	10	0.5	0
BSU_27710	GO:0009314	10	0.5	0
BSU_03350	GO:0016020	10	0.5	0
BSU_00920	GO:0009061	10	0.5	0
BSU_16150	GO:0009061	10	0.5	0
BSU_15650	GO:0015658	10	0.5	0
BSU_28290	GO:0005515	10	0.5	0
BSU_30200	GO:0036402	10	0.5	0
BSU_16060	GO:0005524	10	0.5	0
BSU_33420	GO:0015658	10	0.5	0
BSU_15230	GO:0005515	10	0.5	0
BSU_00750	GO:0016597	10	0.5	0
BSU_38740	GO:0015658	10	0.5	0
BSU_41020	GO:0005515	10	0.5	0
BSU_25790	GO:0008324	10	0.5	0
BSU_17190	GO:0005524	10	0.5	0
BSU_38770	GO:0008324	10	0.5	0
BSU_27710	GO:0005886	10	0.5	0
BSU_22490	GO:0016757	10	0.5	0
BSU_37050	GO:0006631	10	0.5	0
BSU_14770	GO:0005524	10	0.5	0
BSU_13930	GO:0009314	10	0.5	0
BSU_14270	GO:0016616	10	0.5	0
BSU_15230	GO:0000287	10	0.5	0
BSU_29470	GO:0005515	10	0.5	0
BSU_38630	GO:0009061	10	0.5	0
BSU_29470	GO:0009061	10	0.5	0
BSU_11700	GO:0016616	10	0.5	0
BSU_15870	GO:0008360	10	0.5	0
BSU_29880	GO:0006631	10	0.5	0
BSU_40880	GO:0009314	10	0.5	0
BSU_29790	GO:0009314	10	0.5	0
BSU_33420	GO:0007165	10	0.5	0
BSU_38260	GO:0016757	10	0.5	0
BSU_16570	GO:0016597	10	0.5	0
BSU_35000	GO:0009061	10	0.5	0
BSU_16150	GO:0000156	10	0.5	0
BSU_02560	GO:0016020	10	0.5	0
BSU_41020	GO:0009061	10	0.5	0
BSU_28290	GO:0009061	10	0.5	0
BSU_37050	GO:0005737	10	0.5	0
BSU_06030	GO:0006221	10	0.5	0
BSU_00920	GO:0006221	10	0.5	0
BSU_00750	GO:0005737	10	0.5	0
BSU_15230	GO:0003824	10	0.5	0
BSU_00070	GO:0003824	10	0.5	0
BSU_00920	GO:0005515	10	0.5	0
BSU_29790	GO:0005515	10	0.5	0
BSU_00920	GO:0003824	10	0.5	0
BSU_03350	GO:0006222	10	0.5	0
BSU_14040	GO:0006222	10	0.5	0
BSU_01540	GO:0003824	10	0.5	0
BSU_06440	GO:0003824	10	0.5	0
BSU_30200	GO:0005737	10	0.5	0
BSU_30940	GO:0006222	10	0.5	0
BSU_27850	GO:0019464	10	0.5	0
BSU_06490	GO:0003677	10	0.5	0
BSU_28230	GO:0003824	10	0.5	0
BSU_15230	GO:0009061	10	0.5	0
BSU_38260	GO:0016020	10	0.5	0
BSU_05940	GO:0009314	10	0.5	0
BSU_13740	GO:0005737	10	0.5	0
BSU_38260	GO:0019464	10	0.5	0
BSU_17190	GO:0009061	10	0.5	0
BSU_29470	GO:0003824	10	0.5	0
BSU_29880	GO:0005737	10	0.5	0
BSU_38260	GO:0005515	10	0.5	0
BSU_28230	GO:0032300	10	0.5	0
BSU_28290	GO:0003824	10	0.5	0
BSU_38630	GO:0016616	10	0.5	0
BSU_14220	GO:0016757	10	0.5	0
BSU_06440	GO:0005515	10	0.5	0
BSU_29790	GO:0000156	10	0.5	0
BSU_14770	GO:0016616	10	0.5	0
BSU_11240	GO:0009061	10	0.5	0
BSU_15650	GO:0008168	10	0.5	0
BSU_38260	GO:0000287	10	0.5	0
BSU_11240	GO:0005886	10	0.5	0
BSU_15870	GO:0000287	10	0.5	0
BSU_16570	GO:0046872	10	0.5	0
BSU_35260	GO:0005515	10	0.5	0
BSU_14490	GO:0005515	10	0.5	0
BSU_03350	GO:0016597	10	0.5	0
BSU_11230	GO:0003677	10	0.5	0
BSU_11700	GO:0003677	10	0.5	0
BSU_36590	GO:0004527	10	0.5	0
BSU_14270	GO:0003677	10	0.5	0
BSU_11240	GO:0005515	10	0.5	0
BSU_14040	GO:0016597	10	0.5	0
BSU_00750	GO:0046872	10	0.5	0
BSU_00100	GO:0009061	10	0.5	0
BSU_11230	GO:0005515	10	0.5	0
BSU_15740	GO:0004527	10	0.5	0
BSU_27850	GO:0016757	10	0.5	0
BSU_13930	GO:0000976	10	0.5	0
BSU_16570	GO:0016757	10	0.5	0
BSU_16060	GO:0030152	10	0.5	0
BSU_35170	GO:0000156	10	0.5	0
BSU_27740	GO:0000156	10	0.5	0
BSU_14270	GO:0016757	10	0.5	0
BSU_14770	GO:0016757	10	0.5	0
BSU_15430	GO:0016757	10	0.5	0
BSU_41020	GO:0005886	10	0.5	0
BSU_13620	GO:0008168	10	0.5	0
BSU_11230	GO:0005886	10	0.5	0
BSU_27550	GO:0046872	10	0.5	0
BSU_29880	GO:0030152	10	0.5	0
BSU_29210	GO:0005515	10	0.5	0
BSU_29790	GO:0016597	10	0.5	0
BSU_25790	GO:0015658	10	0.5	0
BSU_15200	GO:0003677	10	0.5	0
BSU_32680	GO:0000287	10	0.5	0
BSU_27550	GO:0016597	10	0.5	0
BSU_35170	GO:0005515	10	0.5	0
BSU_36590	GO:0015658	10	0.5	0
BSU_05940	GO:0005524	10	0.5	0
BSU_06030	GO:0005515	10	0.5	0
BSU_03510	GO:0006221	10	0.5	0
BSU_15650	GO:0007165	10	0.5	0
BSU_30200	GO:0016597	10	0.5	0
BSU_27710	GO:0005524	10	0.5	0
BSU_00070	GO:0005515	10	0.5	0
BSU_38630	GO:0005524	10	0.5	0
BSU_01540	GO:0000287	10	0.5	0
BSU_28640	GO:0016597	10	0.5	0
BSU_29210	GO:0009061	10	0.5	0
BSU_00920	GO:0000287	10	0.5	0
BSU_27850	GO:0016597	10	0.5	0
BSU_16150	GO:0000287	10	0.5	0
BSU_38630	GO:0000287	10	0.5	0
BSU_32680	GO:0009061	10	0.5	0
BSU_38260	GO:0009061	10	0.5	0
BSU_28230	GO:0030163	10	0.5	0
BSU_27740	GO:0005515	10	0.5	0
BSU_05940	GO:0000156	10	0.5	0
BSU_29210	GO:0000287	10	0.5	0
BSU_40880	GO:0000976	10	0.5	0
BSU_04060	GO:0015658	10	0.5	0
BSU_29790	GO:0000976	10	0.5	0
BSU_11700	GO:0005886	10	0.5	0
BSU_15430	GO:0003677	10	0.5	0
BSU_06440	GO:0036402	10	0.5	0
BSU_12160	GO:0000287	10	0.5	0
BSU_11240	GO:0000287	10	0.5	0
BSU_14770	GO:0005886	10	0.5	0
BSU_41020	GO:0000287	10	0.5	0
BSU_36590	GO:0016597	10	0.5	0
BSU_14490	GO:0032300	10	0.5	0
BSU_29790	GO:0016881	10	0.5	1
BSU_38630	GO:0033014	10	0.5	0
BSU_14040	GO:0005737	10	0.5	0
BSU_15230	GO:0004659	10	0.5	0
BSU_35260	GO:0003678	10	0.5	0
BSU_35000	GO:0003678	10	0.5	0
BSU_16570	GO:0017118	10	0.5	0
BSU_13990	GO:0003678	10	0.5	0
BSU_13930	GO:0050660	10	0.5	0
BSU_30200	GO:0050660	10	0.5	0
BSU_13740	GO:0050660	10	0.5	0
BSU_15430	GO:0017118	10	0.5	0
BSU_27220	GO:0050660	10	0.5	0
BSU_15230	GO:0003678	10	0.5	0
BSU_14490	GO:0003678	10	0.5	0
BSU_11230	GO:0003824	10	0.5	0
BSU_15870	GO:0005737	10	0.5	0
BSU_06490	GO:0050660	10	0.5	0
BSU_14490	GO:0003824	10	0.5	0
BSU_01540	GO:0003678	10	0.5	0
BSU_11700	GO:0003677	10	0.5	0
BSU_13930	GO:0005737	10	0.5	0
BSU_00070	GO:0003678	10	0.5	0
BSU_38260	GO:0055085	10	0.5	0
BSU_13990	GO:0003824	10	0.5	0
BSU_03510	GO:0003678	10	0.5	0
BSU_30200	GO:0006556	10	0.5	0
BSU_01540	GO:0003678	10	0.5	0
BSU_38770	GO:0006865	10	0.5	0
BSU_00070	GO:0003678	10	0.5	0
BSU_28290	GO:0003678	10	0.5	0
BSU_14270	GO:0003677	10	0.5	0
BSU_16570	GO:0000287	10	0.5	0
BSU_01770	GO:0006556	10	0.5	0
BSU_27550	GO:0000287	10	0.5	0
BSU_27850	GO:0000287	10	0.5	0
BSU_06030	GO:0003678	10	0.5	0
BSU_16060	GO:0005829	10	0.5	0
BSU_16060	GO:0016651	10	0.5	0
BSU_16400	GO:0046942	10	0.5	0
BSU_06030	GO:0003678	10	0.5	0
BSU_27550	GO:0017118	10	0.5	0
BSU_14270	GO:0016651	10	0.5	0
BSU_03510	GO:0003678	10	0.5	0
BSU_15650	GO:0006865	10	0.5	0
BSU_11240	GO:0003678	10	0.5	0
BSU_37050	GO:0016020	10	0.5	0
BSU_29210	GO:0003678	10	0.5	0
BSU_22490	GO:0050660	10	0.5	0
BSU_27330	GO:0005829	10	0.5	0
BSU_28230	GO:0003678	10	0.5	0
BSU_26650	GO:0006865	10	0.5	0
BSU_01770	GO:0005737	10	0.5	0
BSU_28230	GO:0003678	10	0.5	0
BSU_14770	GO:0000287	10	0.5	0
BSU_03350	GO:0005737	10	0.5	0
BSU_16570	GO:0008531	10	0.5	0
BSU_00070	GO:0016874	10	0.5	0
BSU_15870	GO:0008253	10	0.5	0
BSU_28230	GO:0003824	10	0.5	0
BSU_28290	GO:0003824	10	0.5	0
BSU_27710	GO:0000287	10	0.5	0
BSU_05940	GO:0003934	10	0.5	0
BSU_01540	GO:0004659	10	0.5	0
BSU_35000	GO:0004659	10	0.5	0
BSU_29470	GO:0003824	10	0.5	0
BSU_38630	GO:0000287	10	0.5	0
BSU_15230	GO:0016874	10	0.5	0
BSU_41020	GO:0000287	10	0.5	0
BSU_27710	GO:0003934	10	0.5	0
BSU_06030	GO:0008253	10	0.5	0
BSU_11240	GO:0000287	10	0.5	0
BSU_18130	GO:0008253	10	0.5	0
BSU_13740	GO:0005737	10	0.5	0
BSU_11700	GO:0000287	10	0.5	0
BSU_12160	GO:0000287	10	0.5	0
BSU_13620	GO:0005737	10	0.5	0
BSU_27220	GO:0005737	10	0.5	0
BSU_27330	GO:0003934	10	0.5	0
BSU_05940	GO:0000287	10	0.5	0
BSU_15230	GO:0003824	10	0.5	0
BSU_00070	GO:0003824	10	0.5	0
BSU_01540	GO:0000287	10	0.5	0
BSU_13990	GO:0003678	10	0.5	0
BSU_14490	GO:0003678	10	0.5	0
BSU_30200	GO:0017118	10	0.5	0
BSU_35260	GO:0003678	10	0.5	0
BSU_16150	GO:0004659	10	0.5	0
BSU_00920	GO:0004659	10	0.5	0
BSU_16400	GO:0005737	10	0.5	0
BSU_06490	GO:0005737	10	0.5	0
BSU_16150	GO:0000287	10	0.5	0
BSU_00920	GO:0000287	10	0.5	0
BSU_16310	GO:0003678	10	0.5	0
BSU_15650	GO:0031222	10	0.5	0
BSU_33420	GO:0005737	10	0.5	0
BSU_15650	GO:0005737	10	0.5	0
BSU_06440	GO:0016874	10	0.5	0
BSU_29790	GO:0003934	10	0.5	0
BSU_06440	GO:0003824	10	0.5	0
BSU_01540	GO:0003824	10	0.5	0
BSU_01540	GO:0016874	10	0.5	0
BSU_00920	GO:0003824	10	0.5	0
BSU_18130	GO:0003678	10	0.5	0
BSU_00920	GO:0016874	10	0.5	0
BSU_15430	GO:0000287	10	0.5	0
BSU_15230	GO:0003678	10	0.5	0
BSU_00920	GO:0009252	10	0.5	0
BSU_29690	GO:0005886	10	0.5	0
BSU_38740	GO:0046942	10	0.5	0
BSU_06030	GO:0046872	10	0.5	0
BSU_13620	GO:0050660	10	0.5	0
BSU_18130	GO:0046872	10	0.5	0
BSU_01770	GO:0005737	10	0.5	0
BSU_15650	GO:0005737	10	0.5	0
BSU_29210	GO:0003677	10	0.5	0
BSU_16510	GO:0005886	10	0.5	0
BSU_32680	GO:0005886	10	0.5	0
BSU_00070	GO:0046872	10	0.5	0
BSU_13990	GO:0016874	10	0.5	0
BSU_13930	GO:0005737	10	0.5	0
BSU_35010	GO:0005737	10	0.5	0
BSU_03510	GO:0046872	10	0.5	0
BSU_03350	GO:0005737	10	0.5	0
BSU_38770	GO:0046942	10	0.5	0
BSU_14040	GO:0005737	10	0.5	0
BSU_11700	GO:0050660	10	0.5	0
BSU_26650	GO:0046942	10	0.5	0
BSU_25790	GO:0046942	10	0.5	0
BSU_09310	GO:0050660	10	0.5	0
BSU_13930	GO:0005886	10	0.5	0
BSU_27740	GO:0046872	10	0.5	0
BSU_14270	GO:0050660	10	0.5	0
BSU_00100	GO:0046872	10	0.5	0
BSU_14770	GO:0016853	10	0.5	0
BSU_06030	GO:0005829	10	0.5	0
BSU_14770	GO:0006556	10	0.5	0
BSU_11700	GO:0000310	10	0.5	0
BSU_05940	GO:0008740	10	0.5	0
BSU_14490	GO:0016874	10	0.5	0
BSU_27330	GO:0009401	10	0.5	0
BSU_27710	GO:0008740	10	0.5	0
BSU_13620	GO:0006556	10	0.5	0
BSU_29880	GO:0005737	10	0.5	0
BSU_27220	GO:0008740	10	0.5	0
BSU_13620	GO:0008740	10	0.5	0
BSU_14270	GO:0008740	10	0.5	0
BSU_36590	GO:0046942	10	0.5	0
BSU_13740	GO:0005737	10	0.5	0
BSU_13620	GO:0005737	10	0.5	0
BSU_27220	GO:0005737	10	0.5	0
BSU_12160	GO:0005737	10	0.5	0
BSU_09310	GO:0005737	10	0.5	0
BSU_15740	GO:0003677	10	0.5	0
BSU_29880	GO:0008740	10	0.5	0
BSU_11700	GO:0006556	10	0.5	0
BSU_06490	GO:0005737	10	0.5	0
BSU_22730	GO:0008740	10	0.5	0
BSU_14040	GO:0005886	10	0.5	0
BSU_34430	GO:0005886	10	0.5	0
BSU_41020	GO:0003678	10	0.5	0
BSU_35170	GO:0046872	10	0.5	0
BSU_02560	GO:0016020	10	0.5	0
BSU_33420	GO:0046872	10	0.5	0
BSU_28230	GO:0005829	10	0.5	0
BSU_38260	GO:0016020	10	0.5	0
BSU_17190	GO:0016874	10	0.5	0
BSU_16310	GO:0046872	10	0.5	0
BSU_27740	GO:0003678	10	0.5	0
BSU_35170	GO:0003678	10	0.5	0
BSU_00920	GO:0003678	10	0.5	0
BSU_16400	GO:0016020	10	0.5	0
BSU_15430	GO:0003677	10	0.5	0
BSU_30200	GO:0000287	10	0.5	0
BSU_35000	GO:0003678	10	0.5	0
BSU_06440	GO:0000287	10	0.5	0
BSU_06440	GO:0003678	10	0.5	0
BSU_15200	GO:0003677	10	0.5	0
BSU_00920	GO:0000287	10	0.5	0
BSU_00070	GO:0005829	10	0.5	0
BSU_01770	GO:0050660	10	0.5	0
BSU_15650	GO:0050660	10	0.5	0
BSU_11240	GO:0000287	10	0.5	0
BSU_11700	GO:0000287	10	0.5	0
BSU_13620	GO:0000287	10	0.5	0
BSU_15650	GO:0046942	10	0.5	0
BSU_06490	GO:0006556	10	0.5	0
BSU_03350	GO:0016020	10	0.5	0
BSU_22490	GO:0016020	10	0.5	0
BSU_27710	GO:0050660	10	0.5	0
BSU_11230	GO:0046872	10	0.5	0
BSU_33420	GO:0046942	10	0.5	0
BSU_15230	GO:0046872	10	0.5	0
BSU_16570	GO:0003677	10	0.5	0
BSU_28230	GO:0046872	10	0.5	0
BSU_15870	GO:0005737	10	0.5	0
BSU_06440	GO:0016020	10	0.5	0
BSU_03510	GO:0005829	10	0.5	0
BSU_30940	GO:0005886	10	0.5	0
BSU_13990	GO:0046872	10	0.5	0
BSU_24240	GO:0005886	10	0.5	0
BSU_15200	GO:0005886	10	0.5	0
BSU_13930	GO:0016020	10	0.5	0
BSU_14040	GO:0016020	10	0.5	0
BSU_29690	GO:0016020	10	0.5	0
BSU_34430	GO:0016020	10	0.5	0
BSU_01540	GO:0005829	10	0.5	0
BSU_14490	GO:0046872	10	0.5	0
BSU_35260	GO:0046872	10	0.5	0
BSU_05940	GO:0050660	10	0.5	0
BSU_09310	GO:0006556	10	0.5	0
BSU_12160	GO:0005737	10	0.5	0
BSU_27220	GO:0000287	10	0.5	0
BSU_09310	GO:0005737	10	0.5	0
BSU_11700	GO:0017018	10	0.5	0
BSU_15430	GO:0071555	10	0.5	0
BSU_01770	GO:0005737	10	0.5	0
BSU_29880	GO:0017018	10	0.5	0
BSU_16570	GO:0006177	10	0.5	0
BSU_06440	GO:0003962	10	0.5	0
BSU_15430	GO:0006177	10	0.5	0
BSU_30200	GO:0071555	10	0.5	0
BSU_16060	GO:0017018	10	0.5	0
BSU_13990	GO:0006526	10	0.5	0
BSU_14770	GO:0006177	10	0.5	0
BSU_14490	GO:0006526	10	0.5	0
BSU_13620	GO:0006177	10	0.5	0
BSU_24240	GO:0005886	10	0.5	0
BSU_29790	GO:0005886	10	0.5	0
BSU_27330	GO:0046872	10	0.5	0
BSU_11700	GO:0006177	10	0.5	0
BSU_00070	GO:0006526	10	0.5	0
BSU_14270	GO:0017018	10	0.5	0
BSU_16150	GO:0006526	10	0.5	0
BSU_00920	GO:0006526	10	0.5	0
BSU_06030	GO:0006526	10	0.5	0
BSU_13740	GO:0017018	10	0.5	0
BSU_13620	GO:0017018	10	0.5	0
BSU_16570	GO:0071555	10	0.5	0
BSU_22730	GO:0017018	10	0.5	0
BSU_27550	GO:0071555	10	0.5	0
BSU_34430	GO:0071555	10	0.5	0
BSU_29690	GO:0004312	10	0.5	0
BSU_29790	GO:0046872	10	0.5	0
BSU_05940	GO:0004312	10	0.5	0
BSU_04560	GO:0004312	10	0.5	0
BSU_27710	GO:0006777	10	0.5	0
BSU_28290	GO:0005737	10	0.5	0
BSU_15650	GO:0006144	10	0.5	0
BSU_28290	GO:0004659	10	0.5	0
BSU_35010	GO:0016651	10	0.5	0
BSU_01770	GO:0006777	10	0.5	0
BSU_29210	GO:0004659	10	0.5	0
BSU_29470	GO:0008966	10	0.5	0
BSU_15200	GO:0004312	10	0.5	0
BSU_15650	GO:0005737	10	0.5	0
BSU_11230	GO:0004312	10	0.5	0
BSU_11700	GO:0006777	10	0.5	0
BSU_27850	GO:0006177	10	0.5	0
BSU_27550	GO:0006177	10	0.5	0
BSU_06440	GO:0005737	10	0.5	0
BSU_30200	GO:0008531	10	0.5	0
BSU_30200	GO:0016651	10	0.5	0
BSU_15870	GO:0005737	10	0.5	0
BSU_29790	GO:0004312	10	0.5	0
BSU_09310	GO:0006177	10	0.5	0
BSU_13620	GO:0000287	10	0.5	0
BSU_03510	GO:0006526	10	0.5	0
BSU_15430	GO:0005886	10	0.5	0
BSU_16570	GO:0005886	10	0.5	0
BSU_15230	GO:0003962	10	0.5	0
BSU_36590	GO:0008531	10	0.5	0
BSU_22730	GO:0005886	10	0.5	0
BSU_11240	GO:0003962	10	0.5	0
BSU_11230	GO:0003962	10	0.5	0
BSU_32680	GO:0004659	10	0.5	0
BSU_27550	GO:0005886	10	0.5	0
BSU_41020	GO:0003962	10	0.5	0
BSU_38260	GO:0004659	10	0.5	0
BSU_28640	GO:0005886	10	0.5	0
BSU_15650	GO:0017018	10	0.5	0
BSU_14770	GO:0046872	10	0.5	0
BSU_38740	GO:0016491	10	0.5	0
BSU_36590	GO:0016491	10	0.5	0
BSU_00070	GO:0009252	10	0.5	0
BSU_15200	GO:0046872	10	0.5	0
BSU_27220	GO:0017018	10	0.5	0
BSU_15650	GO:0033609	10	0.5	0
BSU_01770	GO:0033609	10	0.5	0
BSU_16150	GO:0009252	10	0.5	0
BSU_15430	GO:0046872	10	0.5	0
BSU_05940	GO:0017018	10	0.5	0
BSU_15200	GO:0005886	10	0.5	0
BSU_06490	GO:0017018	10	0.5	0
BSU_01770	GO:0006177	10	0.5	0
BSU_06490	GO:0006177	10	0.5	0
BSU_27740	GO:0006526	10	0.5	0
BSU_26650	GO:0016491	10	0.5	0
BSU_35170	GO:0006526	10	0.5	0
BSU_29470	GO:0006526	10	0.5	0
BSU_41020	GO:0006526	10	0.5	0
BSU_38260	GO:0005737	10	0.5	0
BSU_15230	GO:0006526	10	0.5	0
BSU_29210	GO:0006526	10	0.5	0
BSU_28230	GO:0006526	10	0.5	0
BSU_27330	GO:0005886	10	0.5	0
BSU_14270	GO:0005886	10	0.5	0
BSU_32680	GO:0003962	10	0.5	0
BSU_28230	GO:0003962	10	0.5	0
BSU_38770	GO:0016491	10	0.5	0
BSU_28290	GO:0006526	10	0.5	0
BSU_11700	GO:0005886	10	0.5	0
BSU_04060	GO:0016491	10	0.5	0
BSU_27710	GO:0017018	10	0.5	0
BSU_29210	GO:0003962	10	0.5	0
BSU_30200	GO:0006177	10	0.5	0
BSU_17190	GO:0003962	10	0.5	0
BSU_35010	GO:0006144	10	0.5	0
BSU_03350	GO:0006144	10	0.5	0
BSU_38260	GO:0005737	10	0.5	0
BSU_14040	GO:0006144	10	0.5	0
BSU_28290	GO:0016874	10	0.5	0
BSU_38260	GO:0000287	10	0.5	0
BSU_15740	GO:0005829	10	0.5	0
BSU_06490	GO:0008253	10	0.5	0
BSU_28290	GO:0005737	10	0.5	0
BSU_35010	GO:0000287	10	0.5	0
BSU_06440	GO:0005737	10	0.5	0
BSU_29470	GO:0008253	10	0.5	0
BSU_35170	GO:0003676	10	0.5	0
BSU_38630	GO:0008253	10	0.5	0
BSU_09310	GO:0008253	10	0.5	0
BSU_29790	GO:0005829	10	0.5	0
BSU_01770	GO:0005737	10	0.5	0
BSU_41020	GO:0008253	10	0.5	0
BSU_11240	GO:0008253	10	0.5	0
BSU_28640	GO:0003676	10	0.5	0
BSU_33420	GO:0005737	10	0.5	0
BSU_11700	GO:0008253	10	0.5	0
BSU_12160	GO:0008253	10	0.5	0
BSU_13740	GO:0003676	10	0.5	0
BSU_13740	GO:0008253	10	0.5	0
BSU_09310	GO:0003676	10	0.5	0
BSU_29470	GO:0003676	10	0.5	0
BSU_05940	GO:0005829	10	0.5	0
BSU_29880	GO:0005829	10	0.5	0
BSU_38260	GO:0005737	10	0.5	0
BSU_15650	GO:0003676	10	0.5	0
BSU_11230	GO:0003677	10	0.5	0
BSU_06490	GO:0005737	10	0.5	0
BSU_38630	GO:0003934	10	0.5	0
BSU_38260	GO:0008253	10	0.5	0
BSU_16060	GO:0000287	10	0.5	0
BSU_01540	GO:0005737	10	0.5	0
BSU_16150	GO:0008253	10	0.5	0
BSU_00920	GO:0008253	10	0.5	0
BSU_29210	GO:0000287	10	0.5	0
BSU_35260	GO:0005737	10	0.5	0
BSU_01540	GO:0008253	10	0.5	0
BSU_32680	GO:0000287	10	0.5	0
BSU_16150	GO:0003676	10	0.5	0
BSU_11700	GO:0003934	10	0.5	0
BSU_01770	GO:0008253	10	0.5	0
BSU_40880	GO:0003676	10	0.5	0
BSU_22730	GO:0000287	10	0.5	0
BSU_27850	GO:0000287	10	0.5	0
BSU_35000	GO:0008253	10	0.5	0
BSU_13930	GO:0003676	10	0.5	0
BSU_30200	GO:0000287	10	0.5	0
BSU_28230	GO:0016874	10	0.5	0
BSU_06490	GO:0003676	10	0.5	0
BSU_02560	GO:0005737	10	0.5	0
BSU_01770	GO:0003676	10	0.5	0
BSU_27850	GO:0006777	10	0.5	0
BSU_36590	GO:0005524	10	0.5	0
BSU_16400	GO:0055085	10	0.5	0
BSU_14220	GO:0006777	10	0.5	0
BSU_27330	GO:0019284	10	0.5	0
BSU_22490	GO:0006777	10	0.5	0
BSU_38260	GO:0006777	10	0.5	0
BSU_11230	GO:0005829	10	0.5	0
BSU_16150	GO:0004312	10	0.5	0
BSU_27330	GO:0003677	10	0.5	0
BSU_27550	GO:0008531	10	0.5	0
BSU_15650	GO:0005737	10	0.5	0
BSU_13030	GO:0006777	10	0.5	0
BSU_15200	GO:0005829	10	0.5	0
BSU_15870	GO:0005737	10	0.5	0
BSU_13030	GO:0006144	10	0.5	0
BSU_16570	GO:0006777	10	0.5	0
BSU_29210	GO:0004312	10	0.5	0
BSU_27850	GO:0008531	10	0.5	0
BSU_15430	GO:0006777	10	0.5	0
BSU_14770	GO:0006777	10	0.5	0
BSU_29470	GO:0003677	10	0.5	0
BSU_28640	GO:0008531	10	0.5	0
BSU_38630	GO:0005829	10	0.5	0
BSU_38740	GO:0005737	10	0.5	0
BSU_27740	GO:0003676	10	0.5	0
BSU_06490	GO:0005829	10	0.5	0
BSU_30200	GO:0005829	10	0.5	0
BSU_16570	GO:0019284	10	0.5	0
BSU_29470	GO:0004659	10	0.5	0
BSU_16060	GO:0019284	10	0.5	0
BSU_16150	GO:0005829	10	0.5	0
BSU_35170	GO:0004312	10	0.5	0
BSU_27740	GO:0004312	10	0.5	0
BSU_38630	GO:0004659	10	0.5	0
BSU_15430	GO:0019284	10	0.5	0
BSU_28290	GO:0008253	10	0.5	0
BSU_09310	GO:0005829	10	0.5	0
BSU_27330	GO:0005829	10	0.5	0
BSU_14270	GO:0019284	10	0.5	0
BSU_13620	GO:0005829	10	0.5	0
BSU_41020	GO:0004659	10	0.5	0
BSU_15650	GO:0016651	10	0.5	0
BSU_11240	GO:0004659	10	0.5	0
BSU_27550	GO:0005829	10	0.5	0
BSU_12160	GO:0004659	10	0.5	0
BSU_29210	GO:0008253	10	0.5	0
BSU_29470	GO:0016874	10	0.5	0
BSU_29470	GO:0005829	10	0.5	0
BSU_36590	GO:0003677	10	0.5	0
BSU_38740	GO:0003677	10	0.5	0
BSU_15430	GO:0006556	10	0.5	0
BSU_22730	GO:0016874	10	0.5	0
BSU_38630	GO:0004124	10	0.5	0
BSU_29790	GO:0032259	10	0.5	0
BSU_29210	GO:0048476	10	0.5	0
BSU_27220	GO:0005737	10	0.5	0
BSU_35260	GO:0048476	10	0.5	0
BSU_14490	GO:0048476	10	0.5	0
BSU_16150	GO:0032259	10	0.5	0
BSU_15430	GO:0044183	10	0.5	0
BSU_15200	GO:0044183	10	0.5	0
BSU_14770	GO:0044183	10	0.5	0
BSU_13620	GO:0005737	10	0.5	0
BSU_14270	GO:0044183	10	0.5	0
BSU_13740	GO:0005737	10	0.5	0
BSU_11700	GO:0044183	10	0.5	0
BSU_29880	GO:0005737	10	0.5	0
BSU_30200	GO:0005737	10	0.5	0
BSU_16570	GO:0004407	10	0.5	0
BSU_38260	GO:0005737	10	0.5	0
BSU_11240	GO:0048476	10	0.5	0
BSU_38630	GO:0044183	10	0.5	0
BSU_35010	GO:0005737	10	0.5	0
BSU_29470	GO:0032259	10	0.5	0
BSU_27330	GO:0032259	10	0.5	0
BSU_09310	GO:0005737	10	0.5	0
BSU_27710	GO:0032259	10	0.5	0
BSU_05940	GO:0032259	10	0.5	0
BSU_01770	GO:0005737	10	0.5	0
BSU_29690	GO:0005515	10	0.5	0
BSU_14040	GO:0005515	10	0.5	0
BSU_13930	GO:0005515	10	0.5	0
BSU_00750	GO:0004407	10	0.5	0
BSU_11240	GO:0009097	10	0.5	0
BSU_41020	GO:0009097	10	0.5	0
BSU_12160	GO:0005737	10	0.5	0
BSU_29470	GO:0009097	10	0.5	0
BSU_15650	GO:0005515	10	0.5	0
BSU_15650	GO:0005737	10	0.5	0
BSU_35000	GO:0009097	10	0.5	0
BSU_29880	GO:0032259	10	0.5	0
BSU_35010	GO:0016051	10	0.5	0
BSU_03350	GO:0016051	10	0.5	0
BSU_01540	GO:0009097	10	0.5	0
BSU_00920	GO:0009097	10	0.5	0
BSU_16150	GO:0009097	10	0.5	0
BSU_14040	GO:0016051	10	0.5	0
BSU_13030	GO:0016051	10	0.5	0
BSU_38740	GO:0048476	10	0.5	0
BSU_15230	GO:0009097	10	0.5	0
BSU_06490	GO:0005737	10	0.5	0
BSU_37050	GO:0005737	10	0.5	0
BSU_29880	GO:0016874	10	0.5	0
BSU_29790	GO:0046872	10	0.5	0
BSU_38630	GO:0032259	10	0.5	0
BSU_29790	GO:0044183	10	0.5	0
BSU_15430	GO:0046872	10	0.5	0
BSU_15230	GO:0046872	10	0.5	0
BSU_15200	GO:0046872	10	0.5	0
BSU_14770	GO:0046872	10	0.5	0
BSU_11230	GO:0046872	10	0.5	0
BSU_06440	GO:0008973	10	0.5	0
BSU_29470	GO:0006541	10	0.5	0
BSU_06030	GO:0009898	10	0.5	0
BSU_13990	GO:0009898	10	0.5	0
BSU_35170	GO:0046872	10	0.5	0
BSU_27740	GO:0046872	10	0.5	0
BSU_01770	GO:0008973	10	0.5	0
BSU_03510	GO:0046872	10	0.5	0
BSU_01770	GO:0006541	10	0.5	0
BSU_29690	GO:0046872	10	0.5	0
BSU_00100	GO:0009898	10	0.5	0
BSU_13930	GO:0005737	10	0.5	0
BSU_16060	GO:0090729	10	0.5	0
BSU_38740	GO:0046872	10	0.5	0
BSU_16310	GO:0009898	10	0.5	0
BSU_09310	GO:0016874	10	0.5	0
BSU_40880	GO:0090729	10	0.5	0
BSU_35000	GO:0009898	10	0.5	0
BSU_17190	GO:0046872	10	0.5	0
BSU_09310	GO:0006541	10	0.5	0
BSU_38770	GO:0006814	10	0.5	0
BSU_27330	GO:0044183	10	0.5	0
BSU_27710	GO:0044183	10	0.5	0
BSU_11230	GO:0048476	10	0.5	0
BSU_16060	GO:0016874	10	0.5	0
BSU_05940	GO:0044183	10	0.5	0
BSU_11230	GO:0032259	10	0.5	0
BSU_14270	GO:0016874	10	0.5	0
BSU_13740	GO:0016874	10	0.5	0
BSU_13620	GO:0016874	10	0.5	0
BSU_25790	GO:0006814	10	0.5	0
BSU_15650	GO:0006814	10	0.5	0
BSU_27550	GO:0046872	10	0.5	0
BSU_27220	GO:0016874	10	0.5	0
BSU_11700	GO:0016874	10	0.5	0
BSU_28230	GO:0009898	10	0.5	0
BSU_15740	GO:0046872	10	0.5	0
BSU_29470	GO:0048476	10	0.5	0
BSU_30200	GO:0008973	10	0.5	0
BSU_14220	GO:0046872	10	0.5	0
BSU_00070	GO:0009898	10	0.5	0
BSU_30940	GO:0046872	10	0.5	0
BSU_35500	GO:0009898	10	0.5	0
BSU_34430	GO:0005515	10	0.5	0
BSU_16400	GO:0097588	10	0.5	0
BSU_29210	GO:0009097	10	0.5	0
BSU_32680	GO:0009097	10	0.5	0
BSU_00920	GO:0005504	10	0.5	0
BSU_15430	GO:0009228	10	0.5	0
BSU_09310	GO:0015633	10	0.5	0
BSU_35000	GO:0005504	10	0.5	0
BSU_38630	GO:0015633	10	0.5	0
BSU_01770	GO:0019556	10	0.5	0
BSU_16570	GO:0008270	10	0.5	0
BSU_15650	GO:0019556	10	0.5	0
BSU_16150	GO:0019556	10	0.5	0
BSU_06440	GO:0005504	10	0.5	0
BSU_15430	GO:0008270	10	0.5	0
BSU_41020	GO:0005504	10	0.5	0
BSU_38260	GO:0005504	10	0.5	0
BSU_16150	GO:0003677	10	0.5	0
BSU_32680	GO:0005504	10	0.5	0
BSU_38630	GO:0005504	10	0.5	0
BSU_14770	GO:0008270	10	0.5	0
BSU_16150	GO:0005504	10	0.5	0
BSU_01540	GO:0005504	10	0.5	0
BSU_13620	GO:0008270	10	0.5	0
BSU_11700	GO:0008270	10	0.5	0
BSU_35010	GO:0019556	10	0.5	0
BSU_28230	GO:0004527	10	0.5	0
BSU_15650	GO:0006525	10	0.5	0
BSU_16150	GO:0005829	10	0.5	0
BSU_01540	GO:0005829	10	0.5	0
BSU_11240	GO:0005829	10	0.5	0
BSU_06490	GO:0019556	10	0.5	0
BSU_15230	GO:0005504	10	0.5	0
BSU_17190	GO:0005504	10	0.5	0
BSU_32680	GO:0005829	10	0.5	0
BSU_29210	GO:0005829	10	0.5	0
BSU_28290	GO:0005504	10	0.5	0
BSU_14270	GO:0015633	10	0.5	0
BSU_16570	GO:0004784	10	0.5	0
BSU_05940	GO:0019556	10	0.5	0
BSU_12160	GO:0005829	10	0.5	0
BSU_27850	GO:0008270	10	0.5	0
BSU_11700	GO:0015633	10	0.5	0
BSU_09310	GO:0005829	10	0.5	0
BSU_38630	GO:0005829	10	0.5	0
BSU_13740	GO:0015633	10	0.5	0
BSU_29470	GO:0005829	10	0.5	0
BSU_27550	GO:0008270	10	0.5	0
BSU_27710	GO:0006164	10	0.5	0
BSU_13620	GO:0015633	10	0.5	0
BSU_27220	GO:0015633	10	0.5	0
BSU_14270	GO:0009228	10	0.5	0
BSU_12160	GO:0015633	10	0.5	0
BSU_03350	GO:0019556	10	0.5	0
BSU_14040	GO:0019556	10	0.5	0
BSU_00070	GO:0004527	10	0.5	0
BSU_13030	GO:0044781	10	0.5	0
BSU_11700	GO:0000049	10	0.5	0
BSU_33420	GO:0097588	10	0.5	0
BSU_15200	GO:0005515	10	0.5	0
BSU_11700	GO:0006164	10	0.5	0
BSU_16150	GO:0015633	10	0.5	0
BSU_30940	GO:0005515	10	0.5	0
BSU_09310	GO:0000049	10	0.5	0
BSU_06490	GO:0000049	10	0.5	0
BSU_05940	GO:0004124	10	0.5	0
BSU_01770	GO:0000049	10	0.5	0
BSU_03510	GO:1902600	10	0.5	0
BSU_06440	GO:0009097	10	0.5	0
BSU_14270	GO:0006164	10	0.5	0
BSU_14770	GO:0006164	10	0.5	0
BSU_29690	GO:0004407	10	0.5	0
BSU_01540	GO:0006289	10	0.5	0
BSU_14490	GO:0097588	10	0.5	0
BSU_30200	GO:0000049	10	0.5	0
BSU_38740	GO:0003677	10	0.5	0
BSU_35260	GO:0097588	10	0.5	0
BSU_27710	GO:0004124	10	0.5	0
BSU_27330	GO:0004124	10	0.5	0
BSU_13030	GO:0006338	10	0.5	0
BSU_13620	GO:0000049	10	0.5	0
BSU_29470	GO:0015633	10	0.5	0
BSU_35000	GO:0004527	10	0.5	0
BSU_35500	GO:0004527	10	0.5	0
BSU_27710	GO:0015633	10	0.5	0
BSU_09310	GO:0008270	10	0.5	0
BSU_06490	GO:0008270	10	0.5	0
BSU_27850	GO:0000049	10	0.5	0
BSU_01770	GO:0008270	10	0.5	0
BSU_06030	GO:0004527	10	0.5	0
BSU_27550	GO:0000049	10	0.5	0
BSU_27330	GO:0006164	10	0.5	0
BSU_06490	GO:0015633	10	0.5	0
BSU_05940	GO:0015633	10	0.5	0
BSU_15650	GO:0015633	10	0.5	0
BSU_13990	GO:0004527	10	0.5	0
BSU_14770	GO:0019556	10	0.5	0
BSU_30200	GO:0008270	10	0.5	0
BSU_25000	GO:1902600	10	0.5	0
BSU_16570	GO:0000049	10	0.5	0
BSU_16310	GO:0004527	10	0.5	0
BSU_15870	GO:0019556	10	0.5	0
BSU_28230	GO:1902600	10	0.5	0
BSU_16060	GO:0019556	10	0.5	0
BSU_01770	GO:0015633	10	0.5	0
BSU_27710	GO:0016874	10	0.5	0
BSU_25000	GO:0009898	10	0.5	0
BSU_22730	GO:0009401	10	0.5	0
BSU_27740	GO:0005515	10	0.5	0
BSU_14270	GO:0006355	10	0.5	0
BSU_14770	GO:0006355	10	0.5	0
BSU_14220	GO:0016853	10	0.5	0
BSU_11240	GO:0005515	10	0.5	0
BSU_11230	GO:0005515	10	0.5	0
BSU_27550	GO:0006006	10	0.5	0
BSU_22490	GO:0016853	10	0.5	0
BSU_27850	GO:0006006	10	0.5	0
BSU_38260	GO:0016853	10	0.5	0
BSU_29470	GO:0006006	10	0.5	0
BSU_00070	GO:0005515	10	0.5	0
BSU_15870	GO:0048476	10	0.5	0
BSU_29880	GO:0005737	10	0.5	0
BSU_16150	GO:0005515	10	0.5	0
BSU_00920	GO:0005515	10	0.5	0
BSU_06030	GO:0005515	10	0.5	0
BSU_30200	GO:0005886	10	0.5	0
BSU_25790	GO:0008514	10	0.5	0
BSU_26650	GO:0008514	10	0.5	0
BSU_05940	GO:0010468	10	0.5	0
BSU_03510	GO:0005515	10	0.5	0
BSU_35170	GO:0048476	10	0.5	0
BSU_27710	GO:0010468	10	0.5	0
BSU_37050	GO:0005737	10	0.5	0
BSU_16570	GO:0006006	10	0.5	0
BSU_11700	GO:0006355	10	0.5	0
BSU_06490	GO:0006006	10	0.5	0
BSU_29790	GO:0000310	10	0.5	0
BSU_27710	GO:0006355	10	0.5	0
BSU_29470	GO:0006355	10	0.5	0
BSU_27330	GO:0006355	10	0.5	0
BSU_06440	GO:0006006	10	0.5	0
BSU_36590	GO:0004407	10	0.5	0
BSU_28640	GO:0003677	10	0.5	0
BSU_01770	GO:0006006	10	0.5	0
BSU_38630	GO:0006355	10	0.5	0
BSU_00070	GO:0048476	10	0.5	0
BSU_11700	GO:0004177	10	0.5	0
BSU_15430	GO:0006006	10	0.5	0
BSU_11700	GO:0006006	10	0.5	0
BSU_41020	GO:0006355	10	0.5	0
BSU_13030	GO:0016853	10	0.5	0
BSU_13620	GO:0006006	10	0.5	0
BSU_29790	GO:0010468	10	0.5	0
BSU_15650	GO:0008514	10	0.5	0
BSU_11230	GO:0006355	10	0.5	0
BSU_14770	GO:0006006	10	0.5	0
BSU_11240	GO:0006355	10	0.5	0
BSU_16570	GO:0019516	10	0.5	0
BSU_15430	GO:0005886	10	0.5	0
BSU_35170	GO:0005515	10	0.5	0
BSU_06490	GO:0008973	10	0.5	0
BSU_29470	GO:0005515	10	0.5	0
BSU_16570	GO:0016853	10	0.5	0
BSU_15430	GO:0016853	10	0.5	0
BSU_29880	GO:0016020	10	0.5	0
BSU_35260	GO:0005829	10	0.5	0
BSU_16150	GO:0016874	10	0.5	0
BSU_16060	GO:0008740	10	0.5	0
BSU_15650	GO:0003677	10	0.5	0
BSU_14490	GO:0005829	10	0.5	0
BSU_14270	GO:0016853	10	0.5	0
BSU_36590	GO:0008514	10	0.5	0
BSU_38630	GO:0000310	10	0.5	0
BSU_11700	GO:0016853	10	0.5	0
BSU_11700	GO:0004124	10	0.5	0
BSU_25790	GO:0003677	10	0.5	0
BSU_26650	GO:0003677	10	0.5	0
BSU_15740	GO:0009401	10	0.5	0
BSU_27710	GO:0016853	10	0.5	0
BSU_13990	GO:0005829	10	0.5	0
BSU_16510	GO:0009401	10	0.5	0
BSU_15650	GO:0008740	10	0.5	0
BSU_38770	GO:0003677	10	0.5	0
BSU_02560	GO:0009401	10	0.5	0
BSU_22730	GO:0003677	10	0.5	0
BSU_38740	GO:0008514	10	0.5	0
BSU_00100	GO:0005829	10	0.5	0
BSU_15650	GO:0016301	10	0.5	0
BSU_27710	GO:0000310	10	0.5	0
BSU_38630	GO:0005515	10	0.5	0
BSU_27330	GO:0010468	10	0.5	0
BSU_05940	GO:0000310	10	0.5	0
BSU_41020	GO:0005515	10	0.5	0
BSU_15230	GO:0005515	10	0.5	0
BSU_16570	GO:0005886	10	0.5	0
BSU_27850	GO:0016853	10	0.5	0
BSU_16310	GO:0005829	10	0.5	0
BSU_17190	GO:0005515	10	0.5	0
BSU_29210	GO:0005515	10	0.5	0
BSU_28230	GO:0005515	10	0.5	0
BSU_15200	GO:0010468	10	0.5	0
BSU_27330	GO:0000310	10	0.5	0
BSU_27550	GO:0005886	10	0.5	0
BSU_14040	GO:0004407	10	0.5	0
BSU_11700	GO:0010468	10	0.5	0
BSU_03350	GO:0004407	10	0.5	0
BSU_14270	GO:0010468	10	0.5	0
BSU_13930	GO:0005737	10	0.5	0
BSU_14770	GO:0010468	10	0.5	0
BSU_15650	GO:0006826	10	0.5	0
BSU_16570	GO:0006556	10	0.5	0
BSU_35170	GO:0006355	10	0.5	0
BSU_30200	GO:0006006	10	0.5	0
BSU_38630	GO:0004177	10	0.5	0
BSU_03460	GO:0006541	10	0.5	0
BSU_00920	GO:0048476	10	0.5	0
BSU_33420	GO:0015031	10	0.5	0
BSU_38630	GO:0009229	10	0.5	0
BSU_29470	GO:0009229	10	0.5	0
BSU_35170	GO:0009229	10	0.5	0
BSU_27740	GO:0009229	10	0.5	0
BSU_28640	GO:0006541	10	0.5	0
BSU_38740	GO:0015031	10	0.5	0
BSU_27850	GO:0006541	10	0.5	0
BSU_03510	GO:0009229	10	0.5	0
BSU_16570	GO:0008973	10	0.5	0
BSU_35260	GO:0015031	10	0.5	0
BSU_27550	GO:0006541	10	0.5	0
BSU_27330	GO:0015625	10	0.5	0
BSU_35170	GO:0015031	10	0.5	0
BSU_16400	GO:0005737	10	0.5	0
BSU_30200	GO:0005886	10	0.5	0
BSU_15870	GO:0015031	10	0.5	0
BSU_06030	GO:0009229	10	0.5	0
BSU_16150	GO:0009229	10	0.5	0
BSU_27550	GO:0004407	10	0.5	0
BSU_00070	GO:0009229	10	0.5	0
BSU_11700	GO:0015625	10	0.5	0
BSU_27550	GO:0046872	10	0.5	0
BSU_15430	GO:0008973	10	0.5	0
BSU_27710	GO:0090729	10	0.5	0
BSU_30200	GO:0006541	10	0.5	0
BSU_38260	GO:0015031	10	0.5	0
BSU_03350	GO:0006541	10	0.5	0
BSU_36590	GO:0015031	10	0.5	0
BSU_14040	GO:0006541	10	0.5	0
BSU_05940	GO:0016874	10	0.5	0
BSU_36590	GO:0006541	10	0.5	0
BSU_11700	GO:0008973	10	0.5	0
BSU_32680	GO:0006541	10	0.5	0
BSU_13620	GO:0008973	10	0.5	0
BSU_38260	GO:0090729	10	0.5	0
BSU_35000	GO:0048476	10	0.5	0
BSU_15650	GO:0015625	10	0.5	0
BSU_01540	GO:0048476	10	0.5	0
BSU_14770	GO:0008973	10	0.5	0
BSU_15870	GO:0015625	10	0.5	0
BSU_29790	GO:0015625	10	0.5	0
BSU_13990	GO:0048476	10	0.5	0
BSU_14770	GO:0046872	10	0.5	0
BSU_15430	GO:0046872	10	0.5	0
BSU_14490	GO:0015031	10	0.5	0
BSU_16570	GO:0046872	10	0.5	0
BSU_06030	GO:0048476	10	0.5	0
BSU_27850	GO:0090729	10	0.5	0
BSU_32680	GO:0009229	10	0.5	0
BSU_27550	GO:0090729	10	0.5	0
BSU_15430	GO:0090729	10	0.5	0
BSU_27850	GO:0006556	10	0.5	0
BSU_16570	GO:0090729	10	0.5	0
BSU_06490	GO:0016874	10	0.5	0
BSU_29790	GO:0006355	10	0.5	0
BSU_13930	GO:0006541	10	0.5	0
BSU_00920	GO:0009229	10	0.5	0
BSU_27550	GO:0006556	10	0.5	0
BSU_16150	GO:0006355	10	0.5	0
BSU_38260	GO:0006541	10	0.5	0
BSU_00920	GO:0006355	10	0.5	0
BSU_05940	GO:0004177	10	0.5	0
BSU_03350	GO:0005737	10	0.5	0
BSU_14770	GO:0090729	10	0.5	0
BSU_13620	GO:0090729	10	0.5	0
BSU_30200	GO:0004407	10	0.5	0
BSU_27710	GO:0004177	10	0.5	0
BSU_05940	GO:0006355	10	0.5	0
BSU_27330	GO:0004177	10	0.5	0
BSU_13740	GO:0006541	10	0.5	0
BSU_11700	GO:0090729	10	0.5	0
BSU_27740	GO:0006355	10	0.5	0
BSU_09310	GO:0000310	10	0.5	0
BSU_35000	GO:0009229	10	0.5	0
BSU_14040	GO:0005737	10	0.5	0
BSU_14270	GO:0015625	10	0.5	0
BSU_22730	GO:0015625	10	0.5	0
BSU_27850	GO:0004407	10	0.5	0
BSU_15200	GO:0015625	10	0.5	0
BSU_15430	GO:0015625	10	0.5	0
BSU_16570	GO:0006541	10	0.5	0
BSU_16570	GO:0015625	10	0.5	0
BSU_29210	GO:0009229	10	0.5	0
BSU_27550	GO:0008973	10	0.5	0
BSU_28640	GO:0004407	10	0.5	0
BSU_27850	GO:0008973	10	0.5	0
BSU_38260	GO:0009229	10	0.5	0
BSU_27550	GO:0015625	10	0.5	0
BSU_29790	GO:0004177	10	0.5	0
BSU_28640	GO:0015625	10	0.5	0
BSU_28290	GO:0009229	10	0.5	0
BSU_15230	GO:0009229	10	0.5	0
BSU_41020	GO:0009229	10	0.5	0
BSU_15870	GO:0005737	10	0.5	0
BSU_01770	GO:0016874	10	0.5	0
BSU_15650	GO:0016874	10	0.5	0
BSU_06440	GO:0009229	10	0.5	0
BSU_29470	GO:0008973	10	0.5	0
BSU_26650	GO:0015293	10	0.5	0
BSU_16570	GO:0046872	10	0.5	0
BSU_06030	GO:0009252	10	0.5	0
BSU_27740	GO:0005829	10	0.5	0
BSU_01540	GO:0042126	10	0.5	0
BSU_29470	GO:0006412	10	0.5	0
BSU_03510	GO:0016746	10	0.5	0
BSU_36590	GO:0006813	10	0.5	0
BSU_14490	GO:0016020	10	0.5	0
BSU_35260	GO:0016020	10	0.5	0
BSU_16150	GO:0008705	10	0.5	0
BSU_01540	GO:0008705	10	0.5	0
BSU_15870	GO:0006826	10	0.5	0
BSU_29790	GO:0006826	10	0.5	0
BSU_29470	GO:0008705	10	0.5	0
BSU_11240	GO:0008705	10	0.5	0
BSU_06440	GO:0140663	10	0.5	0
BSU_15650	GO:0006826	10	0.5	0
BSU_03510	GO:0140663	10	0.5	0
BSU_29210	GO:0008705	10	0.5	0
BSU_00920	GO:0140663	10	0.5	0
BSU_32680	GO:0008705	10	0.5	0
BSU_06030	GO:0016746	10	0.5	0
BSU_16400	GO:0016020	10	0.5	0
BSU_27330	GO:0006826	10	0.5	0
BSU_00070	GO:0140663	10	0.5	0
BSU_27550	GO:0042823	10	0.5	0
BSU_27850	GO:0042823	10	0.5	0
BSU_28290	GO:0006412	10	0.5	0
BSU_27850	GO:0006412	10	0.5	0
BSU_28290	GO:0008705	10	0.5	0
BSU_11700	GO:0006412	10	0.5	0
BSU_11700	GO:0005515	10	0.5	0
BSU_06440	GO:0006412	10	0.5	0
BSU_03510	GO:0006096	10	0.5	0
BSU_03510	GO:0006412	10	0.5	0
BSU_01540	GO:0006412	10	0.5	0
BSU_01770	GO:0006412	10	0.5	0
BSU_15430	GO:0042823	10	0.5	0
BSU_06490	GO:0006412	10	0.5	0
BSU_09310	GO:0006412	10	0.5	0
BSU_11240	GO:0006412	10	0.5	0
BSU_16150	GO:0051775	10	0.5	0
BSU_27850	GO:0000287	10	0.5	0
BSU_13620	GO:0006412	10	0.5	0
BSU_04060	GO:0006813	10	0.5	0
BSU_41020	GO:0005515	10	0.5	0
BSU_14770	GO:0006412	10	0.5	0
BSU_15230	GO:0006412	10	0.5	0
BSU_33420	GO:0016887	10	0.5	0
BSU_41020	GO:0008705	10	0.5	0
BSU_15650	GO:0006813	10	0.5	0
BSU_15230	GO:0008705	10	0.5	0
BSU_16570	GO:0042823	10	0.5	0
BSU_11240	GO:0140663	10	0.5	0
BSU_16150	GO:0016746	10	0.5	0
BSU_30200	GO:0006412	10	0.5	0
BSU_11700	GO:0006826	10	0.5	0
BSU_38260	GO:0016746	10	0.5	0
BSU_16150	GO:0042126	10	0.5	0
BSU_00920	GO:0042126	10	0.5	0
BSU_41020	GO:0003677	10	0.5	0
BSU_06030	GO:0003677	10	0.5	0
BSU_35000	GO:0042126	10	0.5	0
BSU_13990	GO:0003677	10	0.5	0
BSU_35000	GO:0003677	10	0.5	0
BSU_14490	GO:0003677	10	0.5	0
BSU_35260	GO:0003677	10	0.5	0
BSU_28230	GO:0140663	10	0.5	0
BSU_28290	GO:0140663	10	0.5	0
BSU_29470	GO:0042126	10	0.5	0
BSU_38630	GO:0042126	10	0.5	0
BSU_35260	GO:0006284	10	0.5	0
BSU_41020	GO:0042126	10	0.5	0
BSU_29470	GO:0016020	10	0.5	0
BSU_29790	GO:0003677	10	0.5	0
BSU_11240	GO:0042126	10	0.5	0
BSU_29210	GO:0042126	10	0.5	0
BSU_16150	GO:0003677	10	0.5	0
BSU_00920	GO:0003677	10	0.5	0
BSU_32680	GO:0042126	10	0.5	0
BSU_03510	GO:0003677	10	0.5	0
BSU_00920	GO:0003677	10	0.5	0
BSU_11240	GO:0003677	10	0.5	0
BSU_05940	GO:0006525	10	0.5	0
BSU_12160	GO:0042126	10	0.5	0
BSU_14270	GO:0006826	10	0.5	0
BSU_14490	GO:0016887	10	0.5	0
BSU_27710	GO:0005515	10	0.5	0
BSU_15200	GO:0006826	10	0.5	0
BSU_15430	GO:0006826	10	0.5	0
BSU_16570	GO:0006826	10	0.5	0
BSU_06440	GO:0005515	10	0.5	0
BSU_00070	GO:0016746	10	0.5	0
BSU_22730	GO:0006826	10	0.5	0
BSU_27550	GO:0006826	10	0.5	0
BSU_15230	GO:0003677	10	0.5	0
BSU_28640	GO:0006826	10	0.5	0
BSU_15230	GO:0042126	10	0.5	0
BSU_17190	GO:0042126	10	0.5	0
BSU_28290	GO:0042126	10	0.5	0
BSU_15230	GO:0140663	10	0.5	0
BSU_38260	GO:0016020	10	0.5	0
BSU_28290	GO:0003677	10	0.5	0
BSU_01540	GO:0003677	10	0.5	0
BSU_28230	GO:0003677	10	0.5	0
BSU_16400	GO:0016887	10	0.5	0
BSU_06440	GO:0008705	10	0.5	0
BSU_29790	GO:0051775	10	0.5	0
BSU_29470	GO:0003962	10	0.5	0
BSU_27710	GO:0071555	10	0.5	0
BSU_38630	GO:0032259	10	0.5	0
BSU_06490	GO:0008966	10	0.5	0
BSU_01770	GO:0005198	10	0.5	0
BSU_11230	GO:0032259	10	0.5	0
BSU_11240	GO:0032259	10	0.5	0
BSU_28290	GO:0005515	10	0.5	0
BSU_06440	GO:0004088	10	0.5	0
BSU_14270	GO:0016787	10	0.5	0
BSU_15230	GO:0032259	10	0.5	0
BSU_11700	GO:0071555	10	0.5	0
BSU_15200	GO:0016787	10	0.5	0
BSU_32680	GO:0140663	10	0.5	0
BSU_17190	GO:0032259	10	0.5	0
BSU_29210	GO:0032259	10	0.5	0
BSU_16150	GO:0006526	10	0.5	0
BSU_28230	GO:0032259	10	0.5	0
BSU_15430	GO:0005515	10	0.5	0
BSU_06030	GO:0006526	10	0.5	0
BSU_38630	GO:0071555	10	0.5	0
BSU_13740	GO:0016491	10	0.5	0
BSU_06490	GO:0005198	10	0.5	0
BSU_09310	GO:0005198	10	0.5	0
BSU_29790	GO:0006525	10	0.5	0
BSU_09310	GO:0008966	10	0.5	0
BSU_11700	GO:0016787	10	0.5	0
BSU_03510	GO:0004088	10	0.5	0
BSU_35170	GO:0032259	10	0.5	0
BSU_03510	GO:0032259	10	0.5	0
BSU_38630	GO:0004312	10	0.5	0
BSU_38630	GO:0016787	10	0.5	0
BSU_03510	GO:0005886	10	0.5	0
BSU_29470	GO:0006526	10	0.5	0
BSU_30200	GO:0005198	10	0.5	0
BSU_00920	GO:0004088	10	0.5	0
BSU_11230	GO:0016787	10	0.5	0
BSU_27740	GO:0032259	10	0.5	0
BSU_28290	GO:0006526	10	0.5	0
BSU_28230	GO:0006526	10	0.5	0
BSU_06440	GO:0006526	10	0.5	0
BSU_22490	GO:0003824	10	0.5	0
BSU_11240	GO:0016787	10	0.5	0
BSU_15230	GO:0006526	10	0.5	0
BSU_35260	GO:0006508	10	0.5	0
BSU_00070	GO:0006526	10	0.5	0
BSU_00920	GO:0006526	10	0.5	0
BSU_29470	GO:0032259	10	0.5	0
BSU_01540	GO:0006526	10	0.5	0
BSU_03510	GO:0006526	10	0.5	0
BSU_01540	GO:0004088	10	0.5	0
BSU_27330	GO:0071555	10	0.5	0
BSU_00920	GO:0006096	10	0.5	0
BSU_01540	GO:0006096	10	0.5	0
BSU_35000	GO:0006096	10	0.5	0
BSU_12160	GO:0006096	10	0.5	0
BSU_15740	GO:0051775	10	0.5	0
BSU_30200	GO:0016491	10	0.5	0
BSU_15870	GO:0051775	10	0.5	0
BSU_16150	GO:0004088	10	0.5	0
BSU_06030	GO:0004088	10	0.5	0
BSU_30200	GO:0042823	10	0.5	0
BSU_17190	GO:0006096	10	0.5	0
BSU_01770	GO:0071555	10	0.5	0
BSU_00070	GO:0006096	10	0.5	0
BSU_29470	GO:0006096	10	0.5	0
BSU_28230	GO:0006096	10	0.5	0
BSU_01770	GO:0042823	10	0.5	0
BSU_06490	GO:0042823	10	0.5	0
BSU_09310	GO:0042823	10	0.5	0
BSU_11700	GO:0042823	10	0.5	0
BSU_11240	GO:0006096	10	0.5	0
BSU_00920	GO:0008705	10	0.5	0
BSU_13620	GO:0042823	10	0.5	0
BSU_35000	GO:0008705	10	0.5	0
BSU_13930	GO:0051775	10	0.5	0
BSU_40880	GO:0051775	10	0.5	0
BSU_14770	GO:0042823	10	0.5	0
BSU_27850	GO:0005198	10	0.5	0
BSU_27550	GO:0005198	10	0.5	0
BSU_06490	GO:0016491	10	0.5	0
BSU_16570	GO:0005198	10	0.5	0
BSU_27850	GO:0016491	10	0.5	0
BSU_11700	GO:0005198	10	0.5	0
BSU_27550	GO:0016491	10	0.5	0
BSU_13620	GO:0005198	10	0.5	0
BSU_05940	GO:0071555	10	0.5	0
BSU_14770	GO:0005198	10	0.5	0
BSU_15430	GO:0005198	10	0.5	0
BSU_06440	GO:0006096	10	0.5	0
BSU_16570	GO:0016491	10	0.5	0
BSU_38740	GO:0051775	10	0.5	0
BSU_13930	GO:0016836	10	0.5	0
BSU_38260	GO:0006096	10	0.5	0
BSU_41020	GO:0006096	10	0.5	0
BSU_15230	GO:0005515	10	0.5	0
BSU_15430	GO:0016491	10	0.5	0
BSU_14770	GO:0005515	10	0.5	0
BSU_15230	GO:0006096	10	0.5	0
BSU_14770	GO:0016491	10	0.5	0
BSU_13620	GO:0016491	10	0.5	0
BSU_35000	GO:0140663	10	0.5	0
BSU_28290	GO:0006096	10	0.5	0
BSU_11700	GO:0016491	10	0.5	0
BSU_38260	GO:0042126	10	0.5	0
BSU_22730	GO:0016020	10	0.5	0
BSU_05940	GO:0003677	10	0.5	0
BSU_13990	GO:0000725	10	0.5	0
BSU_14220	GO:0005524	10	0.5	0
BSU_14770	GO:0052656	10	0.5	0
BSU_13030	GO:0005524	10	0.5	0
BSU_13030	GO:0005978	10	0.5	0
BSU_15230	GO:0052656	10	0.5	0
BSU_15430	GO:0051082	10	0.5	0
BSU_01540	GO:0005886	10	0.5	0
BSU_15200	GO:0051082	10	0.5	0
BSU_01770	GO:0005515	10	0.5	0
BSU_38740	GO:0000287	10	0.5	0
BSU_14770	GO:0051082	10	0.5	0
BSU_14270	GO:0051082	10	0.5	0
BSU_29690	GO:0000287	10	0.5	0
BSU_15650	GO:0000160	10	0.5	0
BSU_37050	GO:0005886	10	0.5	0
BSU_24240	GO:0005886	10	0.5	0
BSU_27850	GO:0006418	10	0.5	0
BSU_22730	GO:0005515	10	0.5	0
BSU_29690	GO:0005737	10	0.5	0
BSU_14040	GO:0005737	10	0.5	0
BSU_13930	GO:0005737	10	0.5	0
BSU_22490	GO:0005886	10	0.5	0
BSU_14490	GO:0000725	10	0.5	0
BSU_22490	GO:0005524	10	0.5	0
BSU_01540	GO:0006284	10	0.5	0
BSU_22490	GO:0005978	10	0.5	0
BSU_16570	GO:0005978	10	0.5	0
BSU_03510	GO:0000287	10	0.5	0
BSU_30200	GO:0005886	10	0.5	0
BSU_06440	GO:0000287	10	0.5	0
BSU_03510	GO:0016020	10	0.5	0
BSU_01770	GO:0005524	10	0.5	0
BSU_03510	GO:0006284	10	0.5	0
BSU_06030	GO:0006284	10	0.5	0
BSU_27710	GO:0005524	10	0.5	0
BSU_11700	GO:0052656	10	0.5	0
BSU_14270	GO:0005978	10	0.5	0
BSU_00920	GO:0005886	10	0.5	0
BSU_27850	GO:0005524	10	0.5	0
BSU_13620	GO:0052656	10	0.5	0
BSU_00750	GO:0052656	10	0.5	0
BSU_14770	GO:0005524	10	0.5	0
BSU_28290	GO:0052656	10	0.5	0
BSU_16400	GO:0000160	10	0.5	0
BSU_29790	GO:0005886	10	0.5	0
BSU_27330	GO:0006525	10	0.5	0
BSU_00070	GO:0006284	10	0.5	0
BSU_15870	GO:0005886	10	0.5	0
BSU_32680	GO:0005886	10	0.5	0
BSU_11700	GO:0051082	10	0.5	0
BSU_29470	GO:0052656	10	0.5	0
BSU_14490	GO:0006284	10	0.5	0
BSU_35260	GO:0000725	10	0.5	0
BSU_35170	GO:0000725	10	0.5	0
BSU_27710	GO:0051082	10	0.5	0
BSU_27740	GO:0000725	10	0.5	0
BSU_15650	GO:0005737	10	0.5	0
BSU_16570	GO:0009089	10	0.5	0
BSU_01770	GO:0005737	10	0.5	0
BSU_09310	GO:0006418	10	0.5	0
BSU_30200	GO:0003824	10	0.5	0
BSU_06490	GO:0006418	10	0.5	0
BSU_16060	GO:0009089	10	0.5	0
BSU_29880	GO:0005886	10	0.5	0
BSU_01770	GO:0006418	10	0.5	0
BSU_15430	GO:0009089	10	0.5	0
BSU_05940	GO:0051082	10	0.5	0
BSU_14270	GO:0009089	10	0.5	0
BSU_27330	GO:0009089	10	0.5	0
BSU_06490	GO:0005737	10	0.5	0
BSU_13930	GO:0003824	10	0.5	0
BSU_09310	GO:0005737	10	0.5	0
BSU_30200	GO:0006418	10	0.5	0
BSU_27850	GO:0052656	10	0.5	0
BSU_13930	GO:0005886	10	0.5	0
BSU_29790	GO:0051082	10	0.5	0
BSU_27330	GO:0051082	10	0.5	0
BSU_00920	GO:0000725	10	0.5	0
BSU_35000	GO:0000725	10	0.5	0
BSU_14770	GO:0006418	10	0.5	0
BSU_38260	GO:0005737	10	0.5	0
BSU_01540	GO:0000725	10	0.5	0
BSU_16570	GO:0006418	10	0.5	0
BSU_28230	GO:0000725	10	0.5	0
BSU_41020	GO:0006508	10	0.5	0
BSU_29210	GO:0000725	10	0.5	0
BSU_11240	GO:0000725	10	0.5	0
BSU_06490	GO:0003824	10	0.5	0
BSU_15430	GO:0006418	10	0.5	0
BSU_03510	GO:0000725	10	0.5	0
BSU_13620	GO:0006418	10	0.5	0
BSU_27220	GO:0003824	10	0.5	0
BSU_00070	GO:0000725	10	0.5	0
BSU_38630	GO:0051082	10	0.5	0
BSU_16400	GO:0005737	10	0.5	0
BSU_00920	GO:0005515	10	0.5	0
BSU_06030	GO:0000725	10	0.5	0
BSU_11700	GO:0006418	10	0.5	0
BSU_28290	GO:0000725	10	0.5	0
BSU_15230	GO:0000725	10	0.5	0
BSU_41020	GO:0000725	10	0.5	0
BSU_06440	GO:0000725	10	0.5	0
BSU_01540	GO:0000287	10	0.5	0
BSU_27740	GO:0005886	10	0.5	0
BSU_35170	GO:0005886	10	0.5	0
BSU_03350	GO:0005978	10	0.5	0
BSU_18130	GO:0006284	10	0.5	0
BSU_38260	GO:0016887	10	0.5	0
BSU_06440	GO:0008966	10	0.5	0
BSU_25000	GO:0006284	10	0.5	0
BSU_41020	GO:0016746	10	0.5	0
BSU_14770	GO:0000287	10	0.5	0
BSU_06440	GO:0052656	10	0.5	0
BSU_05940	GO:0005886	10	0.5	0
BSU_00100	GO:0006284	10	0.5	0
BSU_06490	GO:0005886	10	0.5	0
BSU_01540	GO:0006508	10	0.5	0
BSU_04060	GO:0016887	10	0.5	0
BSU_27710	GO:0005886	10	0.5	0
BSU_03510	GO:0052656	10	0.5	0
BSU_01540	GO:0052656	10	0.5	0
BSU_01770	GO:0052656	10	0.5	0
BSU_00920	GO:0052656	10	0.5	0
BSU_38630	GO:0005886	10	0.5	0
BSU_09310	GO:0005886	10	0.5	0
BSU_06440	GO:0016746	10	0.5	0
BSU_13620	GO:0000287	10	0.5	0
BSU_06490	GO:0052656	10	0.5	0
BSU_00100	GO:0044780	10	0.5	0
BSU_15230	GO:0016746	10	0.5	0
BSU_29790	GO:0016020	10	0.5	0
BSU_17190	GO:0003677	10	0.5	0
BSU_29470	GO:0140663	10	0.5	0
BSU_27710	GO:0003677	10	0.5	0
BSU_29470	GO:0003677	10	0.5	0
BSU_27330	GO:0003677	10	0.5	0
BSU_00100	GO:0042126	10	0.5	0
BSU_13990	GO:0006284	10	0.5	0
BSU_38630	GO:0003677	10	0.5	0
BSU_41020	GO:0003677	10	0.5	0
BSU_11230	GO:0003677	10	0.5	0
BSU_11240	GO:0003677	10	0.5	0
BSU_11700	GO:0003677	10	0.5	0
BSU_01770	GO:0005886	10	0.5	0
BSU_15230	GO:0000287	10	0.5	0
BSU_14270	GO:0003677	10	0.5	0
BSU_14770	GO:0003677	10	0.5	0
BSU_15200	GO:0003677	10	0.5	0
BSU_15430	GO:0003677	10	0.5	0
BSU_28290	GO:0016746	10	0.5	0
BSU_13990	GO:0006508	10	0.5	0
BSU_16060	GO:0003677	10	0.5	0
BSU_16310	GO:0006284	10	0.5	0
BSU_16570	GO:0003677	10	0.5	0
BSU_36590	GO:0016887	10	0.5	0
BSU_27710	GO:0006525	10	0.5	0
BSU_28640	GO:0005886	10	0.5	0
BSU_11700	GO:0005886	10	0.5	0
BSU_16570	GO:0046872	10	0.5	0
BSU_35000	GO:0006508	10	0.5	0
BSU_16060	GO:0005886	10	0.5	0
BSU_14770	GO:0046872	10	0.5	0
BSU_15230	GO:0044780	10	0.5	0
BSU_15430	GO:0046872	10	0.5	0
BSU_00070	GO:0044780	10	0.5	0
BSU_11700	GO:0005886	10	0.5	0
BSU_11240	GO:0005886	10	0.5	0
BSU_06030	GO:0044780	10	0.5	0
BSU_11230	GO:0005886	10	0.5	0
BSU_28230	GO:0006284	10	0.5	0
BSU_28230	GO:0044780	10	0.5	0
BSU_29880	GO:0005886	10	0.5	0
BSU_29470	GO:0005886	10	0.5	0
BSU_22730	GO:0005886	10	0.5	0
BSU_27850	GO:0005886	10	0.5	0
BSU_15230	GO:0006284	10	0.5	0
BSU_27550	GO:0046872	10	0.5	0
BSU_11240	GO:0052656	10	0.5	0
BSU_00920	GO:0000287	10	0.5	0
BSU_28640	GO:0005886	10	0.5	0
BSU_14040	GO:0005978	10	0.5	0
BSU_15200	GO:0005886	10	0.5	0
BSU_14270	GO:0005886	10	0.5	0
BSU_14490	GO:0044780	10	0.5	0
BSU_35000	GO:0006284	10	0.5	0
BSU_35260	GO:0044780	10	0.5	0
BSU_35000	GO:0016746	10	0.5	0
BSU_27550	GO:0005886	10	0.5	0
BSU_01770	GO:0016746	10	0.5	0
BSU_25000	GO:0044780	10	0.5	0
BSU_12160	GO:0005886	10	0.5	0
BSU_22730	GO:0005886	10	0.5	0
BSU_09310	GO:0052656	10	0.5	0
BSU_27220	GO:0005886	10	0.5	0
BSU_16150	GO:0016020	10	0.5	0
BSU_00920	GO:0016020	10	0.5	0
BSU_15430	GO:0005886	10	0.5	0
BSU_29210	GO:0005886	10	0.5	0
BSU_13620	GO:0005886	10	0.5	0
BSU_11700	GO:0000287	10	0.5	0
BSU_30200	GO:0008966	10	0.5	0
BSU_13990	GO:0044780	10	0.5	0
BSU_01540	GO:0044780	10	0.5	0
BSU_35000	GO:0044780	10	0.5	0
BSU_11240	GO:0000287	10	0.5	0
BSU_00920	GO:0016746	10	0.5	0
BSU_13740	GO:0005886	10	0.5	0
BSU_27330	GO:0004312	10	0.5	0
BSU_27710	GO:0004312	10	0.5	0
BSU_00070	GO:0004088	10	0.5	0
BSU_27550	GO:0008966	10	0.5	0
BSU_29210	GO:0009099	10	0.5	0
BSU_32680	GO:0009099	10	0.5	0
BSU_38260	GO:0009099	10	0.5	0
BSU_15430	GO:0030488	10	0.5	0
BSU_33420	GO:0042802	10	0.5	0
BSU_16570	GO:0030488	10	0.5	0
BSU_16570	GO:0008615	10	0.5	0
BSU_15430	GO:0008615	10	0.5	0
BSU_22730	GO:0008889	10	0.5	0
BSU_27550	GO:0030488	10	0.5	0
BSU_14770	GO:0008615	10	0.5	0
BSU_05940	GO:0016491	10	0.5	0
BSU_13620	GO:0008615	10	0.5	0
BSU_24240	GO:0003677	10	0.5	0
BSU_14270	GO:0005886	10	0.5	0
BSU_15430	GO:0005886	10	0.5	0
BSU_11700	GO:0008615	10	0.5	0
BSU_29880	GO:0008889	10	0.5	0
BSU_16570	GO:0005886	10	0.5	0
BSU_29790	GO:0003677	10	0.5	0
BSU_15740	GO:0003700	10	0.5	0
BSU_15870	GO:0003700	10	0.5	0
BSU_09310	GO:0008615	10	0.5	0
BSU_12160	GO:0009099	10	0.5	0
BSU_11240	GO:0009099	10	0.5	0
BSU_41020	GO:0009099	10	0.5	0
BSU_00920	GO:0009097	10	0.5	0
BSU_41020	GO:0009097	10	0.5	0
BSU_30200	GO:0030488	10	0.5	0
BSU_01540	GO:0009099	10	0.5	0
BSU_38630	GO:0009097	10	0.5	0
BSU_29470	GO:0009097	10	0.5	0
BSU_15650	GO:0003677	10	0.5	0
BSU_35000	GO:0009099	10	0.5	0
BSU_27330	GO:0005886	10	0.5	0
BSU_35000	GO:0009097	10	0.5	0
BSU_01540	GO:0009097	10	0.5	0
BSU_16150	GO:0009097	10	0.5	0
BSU_27850	GO:0008889	10	0.5	0
BSU_15650	GO:0008531	10	0.5	0
BSU_27850	GO:0008615	10	0.5	0
BSU_15230	GO:0009097	10	0.5	0
BSU_27550	GO:0003677	10	0.5	0
BSU_27550	GO:0008615	10	0.5	0
BSU_28640	GO:0008889	10	0.5	0
BSU_27710	GO:0016491	10	0.5	0
BSU_29470	GO:0009099	10	0.5	0
BSU_38630	GO:0009099	10	0.5	0
BSU_27850	GO:0008966	10	0.5	0
BSU_29210	GO:0008889	10	0.5	0
BSU_06490	GO:0008615	10	0.5	0
BSU_13620	GO:0004823	10	0.5	0
BSU_27550	GO:0005886	10	0.5	0
BSU_11700	GO:0008889	10	0.5	0
BSU_11700	GO:0006096	10	0.5	0
BSU_15230	GO:0019344	10	0.5	0
BSU_27850	GO:0004823	10	0.5	0
BSU_29470	GO:0003700	10	0.5	0
BSU_27330	GO:0003700	10	0.5	0
BSU_27550	GO:0004823	10	0.5	0
BSU_06440	GO:0033592	10	0.5	0
BSU_11240	GO:0019344	10	0.5	0
BSU_00070	GO:0019344	10	0.5	0
BSU_09310	GO:0008889	10	0.5	0
BSU_27330	GO:0006096	10	0.5	0
BSU_38630	GO:0008889	10	0.5	0
BSU_00920	GO:0019344	10	0.5	0
BSU_16570	GO:0004823	10	0.5	0
BSU_36590	GO:0015093	10	0.5	0
BSU_36590	GO:0015793	10	0.5	0
BSU_03510	GO:0042802	10	0.5	0
BSU_15430	GO:0004823	10	0.5	0
BSU_04560	GO:0005886	10	0.5	0
BSU_29470	GO:0008889	10	0.5	0
BSU_15650	GO:0009234	10	0.5	0
BSU_27710	GO:0008889	10	0.5	0
BSU_12160	GO:0008889	10	0.5	0
BSU_14270	GO:0006096	10	0.5	0
BSU_15200	GO:0006096	10	0.5	0
BSU_22730	GO:0006096	10	0.5	0
BSU_01770	GO:0008615	10	0.5	0
BSU_29470	GO:0019344	10	0.5	0
BSU_16060	GO:0008889	10	0.5	0
BSU_37050	GO:0016836	10	0.5	0
BSU_13930	GO:0003700	10	0.5	0
BSU_40880	GO:0003700	10	0.5	0
BSU_24240	GO:0003700	10	0.5	0
BSU_28640	GO:0006096	10	0.5	0
BSU_27550	GO:0006096	10	0.5	0
BSU_28290	GO:0019344	10	0.5	0
BSU_14270	GO:0009234	10	0.5	0
BSU_15430	GO:0006096	10	0.5	0
BSU_29790	GO:0003700	10	0.5	0
BSU_14490	GO:0042802	10	0.5	0
BSU_30200	GO:0008615	10	0.5	0
BSU_28230	GO:0019344	10	0.5	0
BSU_14270	GO:0008889	10	0.5	0
BSU_13740	GO:0008889	10	0.5	0
BSU_15650	GO:0003700	10	0.5	0
BSU_13620	GO:0008889	10	0.5	0
BSU_16570	GO:0006096	10	0.5	0
BSU_27220	GO:0008889	10	0.5	0
BSU_11240	GO:0009097	10	0.5	0
BSU_12160	GO:0009097	10	0.5	0
BSU_27330	GO:0016491	10	0.5	0
BSU_00070	GO:0003962	10	0.5	0
BSU_04560	GO:0051992	10	0.5	0
BSU_36590	GO:0051992	10	0.5	0
BSU_14040	GO:0046677	10	0.5	0
BSU_03350	GO:0046677	10	0.5	0
BSU_16060	GO:0016491	10	0.5	0
BSU_41020	GO:0009252	10	0.5	0
BSU_11230	GO:0009252	10	0.5	0
BSU_27710	GO:0005886	10	0.5	0
BSU_11240	GO:0009252	10	0.5	0
BSU_11700	GO:0009252	10	0.5	0
BSU_38740	GO:0031460	10	0.5	0
BSU_00750	GO:0051992	10	0.5	0
BSU_36590	GO:0031460	10	0.5	0
BSU_14770	GO:0009252	10	0.5	0
BSU_04560	GO:0046677	10	0.5	0
BSU_03510	GO:0003962	10	0.5	0
BSU_15870	GO:0046677	10	0.5	0
BSU_17190	GO:0009252	10	0.5	0
BSU_29210	GO:0009252	10	0.5	0
BSU_16570	GO:0051992	10	0.5	0
BSU_29210	GO:0051992	10	0.5	0
BSU_01770	GO:0005886	10	0.5	0
BSU_28230	GO:0009252	10	0.5	0
BSU_03350	GO:0051992	10	0.5	0
BSU_14040	GO:0051992	10	0.5	0
BSU_16060	GO:0033609	10	0.5	0
BSU_38630	GO:0033609	10	0.5	0
BSU_29790	GO:0051992	10	0.5	0
BSU_05940	GO:0033609	10	0.5	0
BSU_03510	GO:0009252	10	0.5	0
BSU_29790	GO:0046677	10	0.5	0
BSU_01770	GO:0005737	10	0.5	0
BSU_06490	GO:0033609	10	0.5	0
BSU_15200	GO:0051992	10	0.5	0
BSU_27710	GO:0033609	10	0.5	0
BSU_35170	GO:0003962	10	0.5	0
BSU_27740	GO:0003962	10	0.5	0
BSU_09310	GO:0033609	10	0.5	0
BSU_38630	GO:0009252	10	0.5	0
BSU_27740	GO:0009252	10	0.5	0
BSU_35170	GO:0009252	10	0.5	0
BSU_29470	GO:0009252	10	0.5	0
BSU_11700	GO:0033609	10	0.5	0
BSU_12160	GO:0033609	10	0.5	0
BSU_27220	GO:0033609	10	0.5	0
BSU_15200	GO:0046677	10	0.5	0
BSU_13620	GO:0033609	10	0.5	0
BSU_13740	GO:0033609	10	0.5	0
BSU_14270	GO:0033609	10	0.5	0
BSU_15650	GO:0006071	10	0.5	0
BSU_16570	GO:0004315	10	0.5	0
BSU_16060	GO:0004315	10	0.5	0
BSU_27710	GO:0051992	10	0.5	0
BSU_05940	GO:0051992	10	0.5	0
BSU_11700	GO:0005886	10	0.5	0
BSU_12160	GO:0005886	10	0.5	0
BSU_27220	GO:0005886	10	0.5	0
BSU_35010	GO:0046677	10	0.5	0
BSU_06490	GO:0051992	10	0.5	0
BSU_13620	GO:0005886	10	0.5	0
BSU_15230	GO:0009099	10	0.5	0
BSU_15650	GO:0031460	10	0.5	0
BSU_11700	GO:0016491	10	0.5	0
BSU_15650	GO:0046677	10	0.5	0
BSU_27330	GO:0004315	10	0.5	0
BSU_06030	GO:0003962	10	0.5	0
BSU_00920	GO:0003962	10	0.5	0
BSU_15650	GO:0015793	10	0.5	0
BSU_16150	GO:0009099	10	0.5	0
BSU_00920	GO:0009099	10	0.5	0
BSU_16150	GO:0003962	10	0.5	0
BSU_29790	GO:0008531	10	0.5	0
BSU_38260	GO:0009097	10	0.5	0
BSU_32680	GO:0009097	10	0.5	0
BSU_29210	GO:0009097	10	0.5	0
BSU_13030	GO:0046677	10	0.5	0
BSU_01770	GO:0051992	10	0.5	0
BSU_05940	GO:0005886	10	0.5	0
BSU_06490	GO:0005886	10	0.5	0
BSU_27550	GO:0051992	10	0.5	0
BSU_27850	GO:0051992	10	0.5	0
BSU_15430	GO:0016491	10	0.5	0
BSU_14040	GO:0008531	10	0.5	0
BSU_28640	GO:0051992	10	0.5	0
BSU_15650	GO:0035435	10	0.5	0
BSU_15430	GO:0004315	10	0.5	0
BSU_14770	GO:0046677	10	0.5	0
BSU_15650	GO:0016491	10	0.5	0
BSU_14270	GO:0004315	10	0.5	0
BSU_15200	GO:0016491	10	0.5	0
BSU_09310	GO:0005886	10	0.5	0
BSU_30200	GO:0051992	10	0.5	0
BSU_32680	GO:0051992	10	0.5	0
BSU_33420	GO:0016491	10	0.5	0
BSU_16150	GO:0051992	10	0.5	0
BSU_14770	GO:0016491	10	0.5	0
BSU_14270	GO:0016491	10	0.5	0
BSU_38630	GO:0005886	10	0.5	0
BSU_00920	GO:0051992	10	0.5	0
BSU_03350	GO:0008531	10	0.5	0
BSU_15650	GO:0051992	10	0.5	0
BSU_14770	GO:0004823	10	0.5	0
BSU_01540	GO:0019344	10	0.5	0
BSU_06030	GO:0032259	10	0.5	0
BSU_29790	GO:0016787	10	0.5	0
BSU_14490	GO:0006508	10	0.5	0
BSU_01770	GO:0006281	10	0.5	0
BSU_01770	GO:0016787	10	0.5	0
BSU_03460	GO:0016787	10	0.5	0
BSU_09310	GO:0016787	10	0.5	0
BSU_06490	GO:0006281	10	0.5	0
BSU_29470	GO:0006281	10	0.5	0
BSU_09310	GO:0006281	10	0.5	0
BSU_27740	GO:0016020	10	0.5	0
BSU_35260	GO:0006508	10	0.5	0
BSU_29470	GO:0016020	10	0.5	0
BSU_30940	GO:0016787	10	0.5	0
BSU_13740	GO:0006281	10	0.5	0
BSU_11230	GO:0016020	10	0.5	0
BSU_11240	GO:0016020	10	0.5	0
BSU_11700	GO:0016020	10	0.5	0
BSU_28640	GO:0006281	10	0.5	0
BSU_00920	GO:0006508	10	0.5	0
BSU_29690	GO:0005886	10	0.5	0
BSU_01540	GO:0006508	10	0.5	0
BSU_35000	GO:0006508	10	0.5	0
BSU_06440	GO:0005886	10	0.5	0
BSU_38630	GO:0008168	10	0.5	0
BSU_00920	GO:0016020	10	0.5	0
BSU_38260	GO:0005515	10	0.5	0
BSU_36590	GO:0140359	10	0.5	0
BSU_16400	GO:0016020	10	0.5	0
BSU_33420	GO:0006508	10	0.5	0
BSU_28290	GO:0030152	10	0.5	0
BSU_14490	GO:0140581	10	0.5	0
BSU_14490	GO:0016020	10	0.5	0
BSU_29210	GO:0030152	10	0.5	0
BSU_35260	GO:0016020	10	0.5	0
BSU_35260	GO:0140581	10	0.5	0
BSU_32680	GO:0030152	10	0.5	0
BSU_38260	GO:0030152	10	0.5	0
BSU_11700	GO:0008168	10	0.5	0
BSU_01540	GO:0140581	10	0.5	0
BSU_29790	GO:0016020	10	0.5	0
BSU_35170	GO:0140581	10	0.5	0
BSU_38260	GO:0016020	10	0.5	0
BSU_00100	GO:0030152	10	0.5	0
BSU_15870	GO:0016020	10	0.5	0
BSU_01540	GO:0016020	10	0.5	0
BSU_14220	GO:0005515	10	0.5	0
BSU_35170	GO:0016020	10	0.5	0
BSU_13030	GO:0016836	10	0.5	0
BSU_00920	GO:0140581	10	0.5	0
BSU_35000	GO:0140581	10	0.5	0
BSU_17190	GO:0005886	10	0.5	0
BSU_15650	GO:0140359	10	0.5	0
BSU_03510	GO:0019344	10	0.5	0
BSU_01540	GO:0005886	10	0.5	0
BSU_35170	GO:0016787	10	0.5	0
BSU_27710	GO:0006281	10	0.5	0
BSU_41020	GO:0032259	10	0.5	0
BSU_01540	GO:0032259	10	0.5	0
BSU_29690	GO:0005886	10	0.5	0
BSU_28290	GO:0006508	10	0.5	0
BSU_29210	GO:0006508	10	0.5	0
BSU_12160	GO:0032259	10	0.5	0
BSU_32680	GO:0032259	10	0.5	0
BSU_05940	GO:0004312	10	0.5	0
BSU_32680	GO:0006508	10	0.5	0
BSU_29690	GO:0004312	10	0.5	0
BSU_27710	GO:0016787	10	0.5	0
BSU_38260	GO:0006508	10	0.5	0
BSU_29790	GO:0008168	10	0.5	0
BSU_29790	GO:0004312	10	0.5	0
BSU_00070	GO:0032259	10	0.5	0
BSU_27850	GO:0005515	10	0.5	0
BSU_16150	GO:0032259	10	0.5	0
BSU_29470	GO:0016787	10	0.5	0
BSU_27330	GO:0016787	10	0.5	0
BSU_15230	GO:0004088	10	0.5	0
BSU_00920	GO:0032259	10	0.5	0
BSU_05940	GO:0006281	10	0.5	0
BSU_27740	GO:0016787	10	0.5	0
BSU_12160	GO:0006508	10	0.5	0
BSU_28290	GO:0005886	10	0.5	0
BSU_27330	GO:0008168	10	0.5	0
BSU_27710	GO:0008168	10	0.5	0
BSU_41020	GO:0005886	10	0.5	0
BSU_36590	GO:0016887	10	0.5	0
BSU_05940	GO:0008168	10	0.5	0
BSU_13620	GO:0008966	10	0.5	0
BSU_01770	GO:0005886	10	0.5	0
BSU_16150	GO:0016787	10	0.5	0
BSU_00920	GO:0016787	10	0.5	0
BSU_30940	GO:0006525	10	0.5	0
BSU_27710	GO:0005886	10	0.5	0
BSU_11240	GO:0006508	10	0.5	0
BSU_16150	GO:0006281	10	0.5	0
BSU_29470	GO:0004088	10	0.5	0
BSU_15650	GO:0006281	10	0.5	0
BSU_11700	GO:0008966	10	0.5	0
BSU_28290	GO:0004088	10	0.5	0
BSU_29470	GO:0006508	10	0.5	0
BSU_38630	GO:0006508	10	0.5	0
BSU_28230	GO:0004088	10	0.5	0
BSU_05940	GO:0016787	10	0.5	0
BSU_41020	GO:0006508	10	0.5	0
BSU_16310	GO:0140581	10	0.5	0
BSU_12160	GO:0030152	10	0.5	0
BSU_11240	GO:0030152	10	0.5	0
BSU_41020	GO:0030152	10	0.5	0
BSU_00920	GO:0016020	10	0.5	0
BSU_27330	GO:0016740	10	0.5	0
BSU_15650	GO:0055085	10	0.5	0
BSU_16150	GO:0016020	10	0.5	0
BSU_33420	GO:0055085	10	0.5	0
BSU_16570	GO:0008966	10	0.5	0
BSU_29790	GO:0003723	10	0.5	0
BSU_17190	GO:0019344	10	0.5	0
BSU_34430	GO:0003723	10	0.5	0
BSU_29790	GO:0016020	10	0.5	0
BSU_15650	GO:0015093	10	0.5	0
BSU_22730	GO:0016020	10	0.5	0
BSU_09310	GO:0003723	10	0.5	0
BSU_27330	GO:0016020	10	0.5	0
BSU_29470	GO:0016020	10	0.5	0
BSU_02560	GO:0071555	10	0.5	0
BSU_01770	GO:0003723	10	0.5	0
BSU_03350	GO:0003723	10	0.5	0
BSU_03350	GO:0016020	10	0.5	0
BSU_02560	GO:0016020	10	0.5	0
BSU_14040	GO:0003723	10	0.5	0
BSU_30940	GO:0003723	10	0.5	0
BSU_37050	GO:0051537	10	0.5	0
BSU_29880	GO:0016836	10	0.5	0
BSU_22490	GO:0051537	10	0.5	0
BSU_12160	GO:0019344	10	0.5	0
BSU_01770	GO:0004823	10	0.5	0
BSU_11700	GO:0004823	10	0.5	0
BSU_29880	GO:0051537	10	0.5	0
BSU_15650	GO:0006096	10	0.5	0
BSU_29790	GO:0006096	10	0.5	0
BSU_06490	GO:0008889	10	0.5	0
BSU_06440	GO:0019344	10	0.5	0
BSU_05940	GO:0008889	10	0.5	0
BSU_09310	GO:0004823	10	0.5	0
BSU_06490	GO:0004823	10	0.5	0
BSU_06030	GO:0006508	10	0.5	0
BSU_38630	GO:0003723	10	0.5	0
BSU_14270	GO:0016740	10	0.5	0
BSU_18130	GO:0006508	10	0.5	0
BSU_27330	GO:0003723	10	0.5	0
BSU_01770	GO:0008889	10	0.5	0
BSU_15650	GO:0008889	10	0.5	0
BSU_00100	GO:0042802	10	0.5	0
BSU_30200	GO:0004823	10	0.5	0
BSU_05940	GO:0003723	10	0.5	0
BSU_16150	GO:0008889	10	0.5	0
BSU_32680	GO:0042802	10	0.5	0
BSU_15230	GO:0006508	10	0.5	0
BSU_38260	GO:0016020	10	0.5	0
BSU_27710	GO:0003723	10	0.5	0
BSU_06490	GO:0003723	10	0.5	0
BSU_14270	GO:0016798	10	0.5	0
BSU_01540	GO:0030152	10	0.5	0
BSU_27710	GO:0016798	10	0.5	0
BSU_27330	GO:0016798	10	0.5	0
BSU_35000	GO:0030152	10	0.5	0
BSU_16150	GO:0042802	10	0.5	0
BSU_27710	GO:0140098	10	0.5	0
BSU_00070	GO:0042802	10	0.5	0
BSU_05940	GO:0140098	10	0.5	0
BSU_14220	GO:0005886	10	0.5	0
BSU_06440	GO:0042802	10	0.5	0
BSU_15200	GO:0008168	10	0.5	0
BSU_00920	GO:0030152	10	0.5	0
BSU_29470	GO:0030152	10	0.5	0
BSU_38630	GO:0030152	10	0.5	0
BSU_29790	GO:0005515	10	0.5	0
BSU_15430	GO:0016798	10	0.5	0
BSU_16060	GO:0016798	10	0.5	0
BSU_14770	GO:0008168	10	0.5	0
BSU_14270	GO:0008168	10	0.5	0
BSU_16310	GO:0006508	10	0.5	0
BSU_13990	GO:0140581	10	0.5	0
BSU_00100	GO:0140581	10	0.5	0
BSU_05940	GO:0016798	10	0.5	0
BSU_01540	GO:0042802	10	0.5	0
BSU_14490	GO:0006508	10	0.5	0
BSU_15430	GO:0008966	10	0.5	0
BSU_15870	GO:0005886	10	0.5	0
BSU_27330	GO:0140098	10	0.5	0
BSU_32680	GO:0005886	10	0.5	0
BSU_16400	GO:0016020	10	0.5	0
BSU_15650	GO:0071555	10	0.5	0
BSU_15650	GO:0140098	10	0.5	0
BSU_33420	GO:0030152	10	0.5	0
BSU_13930	GO:0005737	10	0.5	0
BSU_29790	GO:0140098	10	0.5	0
BSU_15740	GO:0140098	10	0.5	0
BSU_29790	GO:0051537	10	0.5	0
BSU_16150	GO:0030152	10	0.5	0
BSU_16060	GO:0140098	10	0.5	0
BSU_29790	GO:0016798	10	0.5	0
BSU_15650	GO:0030435	10	0.5	0
BSU_14770	GO:0008966	10	0.5	0
BSU_29790	GO:0016491	10	0.5	0
BSU_14490	GO:0030152	10	0.5	0
BSU_34430	GO:0140098	10	0.5	0
BSU_01540	GO:0005886	10	0.5	0
BSU_15650	GO:0005737	10	0.5	0
BSU_35000	GO:0042802	10	0.5	0
BSU_00920	GO:0015833	10	0.5	0
BSU_01540	GO:0015031	10	0.5	0
BSU_35170	GO:0005829	10	0.5	0
BSU_13740	GO:0030435	10	0.5	0
BSU_16310	GO:0006289	10	0.5	0
BSU_38260	GO:0030435	10	0.5	0
BSU_14270	GO:0020037	10	0.5	0
BSU_14770	GO:0020037	10	0.5	0
BSU_15430	GO:0020037	10	0.5	0
BSU_16570	GO:0020037	10	0.5	0
BSU_28290	GO:0020037	10	0.5	0
BSU_22730	GO:0008763	10	0.5	0
BSU_13990	GO:0006364	10	0.5	0
BSU_29790	GO:0030145	10	0.5	0
BSU_35000	GO:0006364	10	0.5	0
BSU_35000	GO:0008137	10	0.5	0
BSU_27850	GO:0020037	10	0.5	0
BSU_04560	GO:0071555	10	0.5	1
BSU_16570	GO:0008763	10	0.5	0
BSU_38740	GO:0033554	10	0.5	0
BSU_15430	GO:0008763	10	0.5	0
BSU_14270	GO:0008763	10	0.5	0
BSU_18130	GO:0006289	10	0.5	0
BSU_22490	GO:0020037	10	0.5	0
BSU_15870	GO:0030435	10	0.5	0
BSU_11700	GO:0020037	10	0.5	0
BSU_15650	GO:0000155	10	0.5	0
BSU_00920	GO:0033554	10	0.5	0
BSU_03460	GO:0030435	10	0.5	0
BSU_14400	GO:0090563	10	0.5	1
BSU_13030	GO:0019752	10	0.5	0
BSU_16310	GO:0006364	10	0.5	0
BSU_27330	GO:0000155	10	0.5	0
BSU_27330	GO:0019825	10	0.5	0
BSU_14220	GO:0020037	10	0.5	0
BSU_14270	GO:0008237	10	0.5	0
BSU_00920	GO:0020037	10	0.5	0
BSU_27220	GO:0045333	10	0.5	1
BSU_01770	GO:0020037	10	0.5	0
BSU_29880	GO:0008237	10	0.5	0
BSU_13990	GO:0006289	10	0.5	0
BSU_15650	GO:0019825	10	0.5	0
BSU_06440	GO:0020037	10	0.5	0
BSU_27710	GO:0020037	10	0.5	0
BSU_29790	GO:0019825	10	0.5	0
BSU_15870	GO:0019825	10	0.5	0
BSU_29790	GO:0003723	10	0.5	0
BSU_41020	GO:0020037	10	0.5	0
BSU_00750	GO:0030435	10	0.5	0
BSU_40880	GO:0003723	10	0.5	0
BSU_06030	GO:0006364	10	0.5	0
BSU_16510	GO:0046940	10	0.5	1
BSU_11700	GO:0008763	10	0.5	0
BSU_35500	GO:0006364	10	0.5	0
BSU_15430	GO:0003677	10	0.5	0
BSU_00920	GO:0042276	10	0.5	0
BSU_29470	GO:0008137	10	0.5	0
BSU_15200	GO:0046872	10	0.5	0
BSU_14770	GO:0046872	10	0.5	0
BSU_11230	GO:0046872	10	0.5	0
BSU_01540	GO:0042276	10	0.5	0
BSU_35170	GO:0046872	10	0.5	0
BSU_27740	GO:0046872	10	0.5	0
BSU_36590	GO:0046872	10	0.5	0
BSU_38740	GO:0046872	10	0.5	0
BSU_03510	GO:0033554	10	0.5	0
BSU_01540	GO:0033554	10	0.5	0
BSU_25000	GO:0006289	10	0.5	0
BSU_01770	GO:0033554	10	0.5	0
BSU_04060	GO:0046872	10	0.5	0
BSU_00070	GO:0046872	10	0.5	0
BSU_38770	GO:0046872	10	0.5	0
BSU_26650	GO:0046872	10	0.5	0
BSU_00100	GO:0005829	10	0.5	0
BSU_15200	GO:0003677	10	0.5	0
BSU_28290	GO:0008137	10	0.5	0
BSU_33420	GO:0046872	10	0.5	0
BSU_28230	GO:0008137	10	0.5	0
BSU_15650	GO:0008763	10	0.5	0
BSU_29790	GO:0000155	10	0.5	0
BSU_04560	GO:0020037	10	0.5	0
BSU_00070	GO:0006364	10	0.5	0
BSU_27330	GO:0008763	10	0.5	0
BSU_28230	GO:0006364	10	0.5	0
BSU_06440	GO:0008137	10	0.5	0
BSU_22490	GO:0019752	10	0.5	0
BSU_06440	GO:0033554	10	0.5	0
BSU_03510	GO:0008137	10	0.5	0
BSU_01540	GO:0008137	10	0.5	0
BSU_15870	GO:0008763	10	0.5	0
BSU_00920	GO:0008137	10	0.5	0
BSU_00070	GO:0008137	10	0.5	0
BSU_11240	GO:0008137	10	0.5	0
BSU_04560	GO:0008763	10	0.5	0
BSU_03350	GO:0008763	10	0.5	0
BSU_14040	GO:0008763	10	0.5	0
BSU_16150	GO:0042276	10	0.5	0
BSU_15230	GO:0008137	10	0.5	0
BSU_15200	GO:0008763	10	0.5	0
BSU_13930	GO:0016835	10	0.5	0
BSU_14040	GO:0031160	10	0.5	1
BSU_16570	GO:0000287	10	0.5	0
BSU_22490	GO:0042128	10	0.5	0
BSU_22730	GO:0005829	10	0.5	0
BSU_15870	GO:0032357	10	0.5	0
BSU_27710	GO:0051920	10	0.5	0
BSU_27740	GO:0032357	10	0.5	0
BSU_35170	GO:0032357	10	0.5	0
BSU_27330	GO:0051920	10	0.5	0
BSU_28640	GO:0000155	10	0.5	0
BSU_27550	GO:0000155	10	0.5	0
BSU_27220	GO:0042128	10	0.5	0
BSU_29880	GO:0042128	10	0.5	0
BSU_22730	GO:0000155	10	0.5	0
BSU_15870	GO:0003677	10	0.5	1
BSU_35010	GO:0009055	10	0.5	0
BSU_27740	GO:0042276	10	0.5	0
BSU_30200	GO:0005737	10	0.5	0
BSU_30200	GO:0009055	10	0.5	0
BSU_11700	GO:0051920	10	0.5	0
BSU_11700	GO:0004849	10	0.5	0
BSU_29880	GO:0005737	10	0.5	0
BSU_37030	GO:0007059	10	0.5	1
BSU_16570	GO:0000155	10	0.5	0
BSU_29880	GO:0005829	10	0.5	0
BSU_35260	GO:0006289	10	0.5	0
BSU_16060	GO:0005829	10	0.5	0
BSU_16060	GO:0004519	10	0.5	1
BSU_27740	GO:0004527	10	0.5	0
BSU_35170	GO:0004527	10	0.5	0
BSU_13740	GO:0050660	10	0.5	0
BSU_35170	GO:0042276	10	0.5	0
BSU_29790	GO:0006364	10	0.5	0
BSU_05940	GO:0005829	10	0.5	0
BSU_15870	GO:0042276	10	0.5	0
BSU_06490	GO:0005829	10	0.5	0
BSU_15980	GO:0048500	10	0.5	1
BSU_06490	GO:0032357	10	0.5	0
BSU_13930	GO:0032357	10	0.5	0
BSU_05940	GO:0051920	10	0.5	0
BSU_12160	GO:0032357	10	0.5	0
BSU_27220	GO:0032357	10	0.5	0
BSU_13740	GO:0032357	10	0.5	0
BSU_27850	GO:0032357	10	0.5	0
BSU_27220	GO:0005829	10	0.5	0
BSU_13620	GO:0005829	10	0.5	0
BSU_13740	GO:0005829	10	0.5	0
BSU_30200	GO:0032357	10	0.5	0
BSU_16150	GO:0032357	10	0.5	0
BSU_00920	GO:0032357	10	0.5	0
BSU_11700	GO:0019825	10	0.5	0
BSU_14220	GO:0051920	10	0.5	1
BSU_38630	GO:0003723	10	0.5	0
BSU_38260	GO:0005737	10	0.5	0
BSU_14270	GO:0000155	10	0.5	0
BSU_27330	GO:0003723	10	0.5	0
BSU_15650	GO:0000287	10	0.5	0
BSU_27710	GO:0003723	10	0.5	0
BSU_14270	GO:0004849	10	0.5	0
BSU_16570	GO:0019825	10	0.5	0
BSU_15650	GO:0008237	10	0.5	0
BSU_15430	GO:0019825	10	0.5	0
BSU_15200	GO:0019825	10	0.5	0
BSU_14770	GO:0004849	10	0.5	0
BSU_14270	GO:0006777	10	0.5	1
BSU_05940	GO:0003723	10	0.5	0
BSU_14490	GO:0005737	10	0.5	0
BSU_14270	GO:0019825	10	0.5	0
BSU_03350	GO:0000287	10	0.5	0
BSU_14040	GO:0000287	10	0.5	0
BSU_11700	GO:0046872	10	0.5	1
BSU_11700	GO:0000155	10	0.5	0
BSU_15870	GO:0005737	10	0.5	0
BSU_34430	GO:0005737	10	0.5	0
BSU_22730	GO:0019825	10	0.5	0
BSU_11240	GO:0004088	10	0.5	1
BSU_37050	GO:0042128	10	0.5	0
BSU_15200	GO:0003723	10	0.5	0
BSU_15650	GO:0032357	10	0.5	0
BSU_01540	GO:0005737	10	0.5	0
BSU_01770	GO:0032357	10	0.5	0
BSU_15430	GO:0000155	10	0.5	0
BSU_01770	GO:0005737	10	0.5	0
BSU_14770	GO:0003723	10	0.5	0
BSU_14270	GO:0003723	10	0.5	0
BSU_14490	GO:0006289	10	0.5	0
BSU_15200	GO:0000155	10	0.5	0
BSU_28290	GO:0005737	10	0.5	0
BSU_06490	GO:0005737	10	0.5	0
BSU_09310	GO:0005737	10	0.5	0
BSU_15650	GO:0005737	10	0.5	0
BSU_11700	GO:0003723	10	0.5	0
BSU_12160	GO:0005737	10	0.5	0
BSU_29790	GO:0042128	10	0.5	0
BSU_27220	GO:0005737	10	0.5	0
BSU_13620	GO:0005737	10	0.5	0
BSU_13740	GO:0005737	10	0.5	0
BSU_27550	GO:0005829	10	0.5	0
BSU_14770	GO:0003677	10	0.5	0
BSU_28640	GO:0005829	10	0.5	0
BSU_15870	GO:0005886	10	0.5	0
BSU_15430	GO:0046872	10	0.5	0
BSU_14770	GO:0046872	10	0.5	0
BSU_15650	GO:0005829	10	0.5	0
BSU_01770	GO:0016791	10	0.5	0
BSU_40880	GO:0008311	10	0.5	1
BSU_29790	GO:0003677	10	0.5	0
BSU_13930	GO:0006259	10	0.5	0
BSU_06440	GO:0046872	10	0.5	0
BSU_15650	GO:0016791	10	0.5	0
BSU_35000	GO:0006289	10	0.5	0
BSU_32680	GO:0006541	10	0.5	0
BSU_16060	GO:0006259	10	0.5	0
BSU_27710	GO:0016757	10	0.5	1
BSU_28230	GO:0006541	10	0.5	0
BSU_09310	GO:0005737	10	0.5	0
BSU_24240	GO:0006259	10	0.5	0
BSU_30200	GO:0009102	10	0.5	1
BSU_38740	GO:0046872	10	0.5	0
BSU_27330	GO:0005886	10	0.5	0
BSU_29690	GO:0046872	10	0.5	0
BSU_35010	GO:0016791	10	0.5	0
BSU_29790	GO:0005886	10	0.5	0
BSU_16570	GO:0046872	10	0.5	0
BSU_15650	GO:0055085	10	0.5	0
BSU_05940	GO:0016791	10	0.5	0
BSU_27850	GO:0036440	10	0.5	0
BSU_29790	GO:0004527	10	0.5	0
BSU_17190	GO:0046872	10	0.5	0
BSU_15740	GO:0006779	10	0.5	0
BSU_27550	GO:0036440	10	0.5	0
BSU_01770	GO:0005524	10	0.5	0
BSU_16400	GO:0042802	10	0.5	1
BSU_16570	GO:0036440	10	0.5	0
BSU_01770	GO:0006979	10	0.5	0
BSU_15650	GO:0006979	10	0.5	0
BSU_22490	GO:0046872	10	0.5	0
BSU_38770	GO:0042907	10	0.5	0
BSU_13930	GO:0006979	10	0.5	0
BSU_00750	GO:0036440	10	0.5	0
BSU_14040	GO:0006979	10	0.5	0
BSU_38140	GO:0019646	10	0.5	1
BSU_29690	GO:0006979	10	0.5	0
BSU_34430	GO:0006979	10	0.5	0
BSU_27550	GO:0046872	10	0.5	0
BSU_06490	GO:0016791	10	0.5	0
BSU_01270	GO:0005737	10	0.5	1
BSU_38260	GO:0006979	10	0.5	0
BSU_11700	GO:0005886	10	0.5	0
BSU_29210	GO:0006541	10	0.5	0
BSU_17190	GO:0006541	10	0.5	0
BSU_38630	GO:0006541	10	0.5	0
BSU_13930	GO:0030435	10	0.5	1
BSU_15650	GO:0016151	10	0.5	0
BSU_01770	GO:0016151	10	0.5	0
BSU_29470	GO:0006541	10	0.5	0
BSU_41020	GO:0005524	10	0.5	0
BSU_14770	GO:0005524	10	0.5	0
BSU_35170	GO:0006541	10	0.5	0
BSU_14770	GO:0016791	10	0.5	0
BSU_28290	GO:0005524	10	0.5	0
BSU_27740	GO:0006541	10	0.5	0
BSU_15870	GO:0016791	10	0.5	0
BSU_32680	GO:0005829	10	0.5	0
BSU_29470	GO:0005515	10	0.5	0
BSU_05940	GO:0016151	10	0.5	0
BSU_35170	GO:0005515	10	0.5	0
BSU_36590	GO:0042907	10	0.5	0
BSU_27740	GO:0005515	10	0.5	0
BSU_06490	GO:0016151	10	0.5	0
BSU_30940	GO:0005829	10	0.5	0
BSU_03510	GO:0006541	10	0.5	0
BSU_38150	GO:0015990	10	0.5	1
BSU_15650	GO:0004527	10	0.5	0
BSU_41020	GO:0006541	10	0.5	0
BSU_15230	GO:0006541	10	0.5	0
BSU_03350	GO:0016791	10	0.5	0
BSU_14040	GO:0016791	10	0.5	0
BSU_14270	GO:0005886	10	0.5	0
BSU_28290	GO:0005737	10	0.5	0
BSU_40880	GO:0006259	10	0.5	0
BSU_36590	GO:0055085	10	0.5	1
BSU_15200	GO:0005886	10	0.5	0
BSU_15430	GO:0005886	10	0.5	0
BSU_16400	GO:0071555	10	0.5	0
BSU_16570	GO:0005886	10	0.5	0
BSU_11700	GO:0006541	10	0.5	0
BSU_06440	GO:0005524	10	0.5	0
BSU_15200	GO:0006541	10	0.5	0
BSU_38260	GO:0005737	10	0.5	0
BSU_22730	GO:0005886	10	0.5	0
BSU_13030	GO:0016791	10	0.5	0
BSU_14770	GO:0006541	10	0.5	0
BSU_27550	GO:0005886	10	0.5	0
BSU_28640	GO:0005886	10	0.5	0
BSU_27710	GO:0005524	10	0.5	0
BSU_28640	GO:0036440	10	0.5	0
BSU_13930	GO:0005829	10	0.5	0
BSU_35010	GO:0005506	10	0.5	1
BSU_01540	GO:0005737	10	0.5	0
BSU_16060	GO:0004497	10	0.5	0
BSU_29690	GO:0005524	10	0.5	0
BSU_14220	GO:0140824	10	0.5	0
BSU_14270	GO:0004497	10	0.5	0
BSU_16170	GO:0045892	10	0.5	1
BSU_16570	GO:0019752	10	0.5	0
BSU_11700	GO:0003677	10	0.5	0
BSU_27220	GO:0004497	10	0.5	0
BSU_11700	GO:0004497	10	0.5	0
BSU_14770	GO:0033554	10	0.5	0
BSU_05940	GO:0042276	10	0.5	0
BSU_27710	GO:0030145	10	0.5	0
BSU_30200	GO:0005524	10	0.5	0
BSU_15230	GO:0033554	10	0.5	0
BSU_09310	GO:0004497	10	0.5	0
BSU_27330	GO:0030145	10	0.5	0
BSU_36590	GO:0005737	10	0.5	0
BSU_27710	GO:0004497	10	0.5	0
BSU_06490	GO:0004497	10	0.5	0
BSU_14270	GO:0019752	10	0.5	0
BSU_01770	GO:0005524	10	0.5	0
BSU_05940	GO:0030145	10	0.5	0
BSU_00750	GO:0005737	10	0.5	0
BSU_26650	GO:0042907	10	0.5	0
BSU_11240	GO:0033554	10	0.5	0
BSU_15650	GO:0042907	10	0.5	0
BSU_01770	GO:0042276	10	0.5	0
BSU_14270	GO:0003677	10	0.5	0
BSU_00070	GO:0033554	10	0.5	0
BSU_06490	GO:0033554	10	0.5	0
BSU_24240	GO:0055085	10	0.5	0
BSU_13620	GO:0005829	10	0.5	0
BSU_09310	GO:0033554	10	0.5	0
BSU_03510	GO:0046872	10	0.5	0
BSU_14490	GO:0046872	10	0.5	0
BSU_04060	GO:0055085	10	0.5	0
BSU_13990	GO:0046872	10	0.5	0
BSU_09310	GO:0005829	10	0.5	0
BSU_06490	GO:0005829	10	0.5	0
BSU_11700	GO:0033554	10	0.5	0
BSU_18130	GO:0046872	10	0.5	0
BSU_25790	GO:0042907	10	0.5	0
BSU_06030	GO:0046872	10	0.5	0
BSU_15870	GO:0046872	10	0.5	0
BSU_30200	GO:0005829	10	0.5	0
BSU_27220	GO:0140824	10	0.5	0
BSU_28230	GO:0033554	10	0.5	0
BSU_30200	GO:0036440	10	0.5	0
BSU_06490	GO:0005524	10	0.5	0
BSU_22490	GO:0140824	10	0.5	0
BSU_35010	GO:0004497	10	0.5	0
BSU_30200	GO:0004497	10	0.5	0
BSU_13620	GO:0004497	10	0.5	0
BSU_05940	GO:0004497	10	0.5	0
BSU_30940	GO:0036440	10	0.5	0
BSU_09310	GO:0036440	10	0.5	0
BSU_13740	GO:0004497	10	0.5	0
BSU_37050	GO:0140824	10	0.5	0
BSU_03460	GO:0036440	10	0.5	0
BSU_13930	GO:0004527	10	0.5	0
BSU_01770	GO:0036440	10	0.5	0
BSU_14270	GO:0030145	10	0.5	0
BSU_01770	GO:0005737	10	0.5	0
BSU_05940	GO:0006979	10	0.5	0
BSU_03350	GO:0036440	10	0.5	0
BSU_14040	GO:0036440	10	0.5	0
BSU_14770	GO:0030145	10	0.5	0
BSU_03460	GO:0005829	10	0.5	0
BSU_01540	GO:0071555	10	0.5	0
BSU_36590	GO:0036440	10	0.5	0
BSU_13620	GO:0005737	10	0.5	0
BSU_11700	GO:0030145	10	0.5	0
BSU_29470	GO:0042276	10	0.5	0
BSU_29690	GO:0016746	10	0.5	1
BSU_09310	GO:0005524	10	0.5	0
BSU_06490	GO:0042276	10	0.5	0
BSU_29880	GO:0140824	10	0.5	0
BSU_27330	GO:0003677	10	0.5	0
BSU_28290	GO:0033554	10	0.5	0
BSU_06490	GO:0005737	10	0.5	0
BSU_13620	GO:0005524	10	0.5	0
BSU_14770	GO:0005524	10	0.5	0
BSU_17190	GO:0004315	10	0.5	1
BSU_12160	GO:0005737	10	0.5	0
BSU_27850	GO:0005524	10	0.5	0
BSU_27220	GO:0005737	10	0.5	0
BSU_27710	GO:0003677	10	0.5	0
BSU_27710	GO:0042276	10	0.5	0
BSU_13740	GO:0005737	10	0.5	0
BSU_00100	GO:0006289	10	0.5	0
BSU_01770	GO:0004497	10	0.5	0
BSU_15650	GO:0004497	10	0.5	0
BSU_29470	GO:0033554	10	0.5	0
BSU_05940	GO:0003677	10	0.5	0
BSU_16150	GO:0006364	10	0.5	0
BSU_37050	GO:0016616	10	0.5	1
BSU_24240	GO:0009314	10	0.5	1
BSU_06440	GO:0009055	10	0.5	0
BSU_16150	GO:0016763	10	0.5	0
BSU_34430	GO:0005737	10	0.5	0
BSU_22730	GO:0000160	10	0.5	0
BSU_16570	GO:0005886	10	0.5	0
BSU_14270	GO:0006364	10	0.5	0
BSU_38740	GO:0016887	10	0.5	1
BSU_14270	GO:0005886	10	0.5	0
BSU_17190	GO:0004783	10	0.5	0
BSU_38740	GO:0009055	10	0.5	0
BSU_00070	GO:0005737	10	0.5	1
BSU_16400	GO:0045121	10	0.5	0
BSU_27330	GO:0005886	10	0.5	0
BSU_27220	GO:0003700	10	0.5	0
BSU_14490	GO:0009055	10	0.5	0
BSU_12160	GO:0004783	10	0.5	0
BSU_15430	GO:0006364	10	0.5	0
BSU_33420	GO:0065002	10	0.5	0
BSU_16510	GO:0000160	10	0.5	0
BSU_29690	GO:0005737	10	0.5	0
BSU_06440	GO:0004783	10	0.5	0
BSU_14040	GO:0005737	10	0.5	0
BSU_00920	GO:0016763	10	0.5	0
BSU_11700	GO:0016779	10	0.5	1
BSU_15650	GO:0005829	10	0.5	0
BSU_03510	GO:0009055	10	0.5	0
BSU_09310	GO:0016763	10	0.5	0
BSU_38630	GO:0016763	10	0.5	0
BSU_38630	GO:0005576	10	0.5	0
BSU_29470	GO:0016763	10	0.5	0
BSU_29470	GO:0009055	10	0.5	0
BSU_28290	GO:0009055	10	0.5	0
BSU_28230	GO:0009055	10	0.5	0
BSU_27330	GO:0006364	10	0.5	0
BSU_15230	GO:0009055	10	0.5	0
BSU_38740	GO:0005737	10	0.5	0
BSU_11240	GO:0009055	10	0.5	0
BSU_09310	GO:0009055	10	0.5	0
BSU_00070	GO:0009055	10	0.5	0
BSU_00920	GO:0009055	10	0.5	0
BSU_01770	GO:0009055	10	0.5	0
BSU_03350	GO:0016757	10	0.5	1
BSU_27330	GO:0000160	10	0.5	0
BSU_35000	GO:0016763	10	0.5	0
BSU_01540	GO:0009055	10	0.5	0
BSU_01770	GO:0016763	10	0.5	0
BSU_01540	GO:0016763	10	0.5	0
BSU_16060	GO:0006364	10	0.5	0
BSU_40880	GO:0003700	10	0.5	0
BSU_13930	GO:0003700	10	0.5	0
BSU_03510	GO:0004783	10	0.5	0
BSU_38260	GO:0065002	10	0.5	0
BSU_15230	GO:0045121	10	0.5	0
BSU_32680	GO:0090529	10	0.5	0
BSU_13990	GO:0006605	10	0.5	0
BSU_00100	GO:0006605	10	0.5	0
BSU_28640	GO:0003677	10	0.5	0
BSU_29470	GO:0090529	10	0.5	0
BSU_27550	GO:0003677	10	0.5	0
BSU_33420	GO:0006605	10	0.5	0
BSU_22730	GO:0003677	10	0.5	0
BSU_29210	GO:0003677	10	0.5	0
BSU_15430	GO:0003677	10	0.5	0
BSU_15200	GO:0003677	10	0.5	0
BSU_16310	GO:0006605	10	0.5	0
BSU_11700	GO:0003677	10	0.5	0
BSU_11240	GO:0003677	10	0.5	0
BSU_11230	GO:0003677	10	0.5	0
BSU_29470	GO:0003677	10	0.5	0
BSU_14490	GO:0006605	10	0.5	0
BSU_13990	GO:0045121	10	0.5	0
BSU_35260	GO:0006605	10	0.5	0
BSU_16400	GO:0090529	10	0.5	0
BSU_38740	GO:0065002	10	0.5	0
BSU_33420	GO:0045121	10	0.5	0
BSU_35010	GO:0005737	10	0.5	0
BSU_15200	GO:0090529	10	0.5	0
BSU_15230	GO:0090529	10	0.5	0
BSU_28230	GO:0090529	10	0.5	0
BSU_01540	GO:0004783	10	0.5	0
BSU_00920	GO:0004783	10	0.5	0
BSU_14490	GO:0065002	10	0.5	0
BSU_35260	GO:0065002	10	0.5	0
BSU_00070	GO:0004783	10	0.5	0
BSU_11240	GO:0004783	10	0.5	0
BSU_13990	GO:0090529	10	0.5	0
BSU_36590	GO:0065002	10	0.5	0
BSU_15230	GO:0004783	10	0.5	0
BSU_16400	GO:0065002	10	0.5	0
BSU_01540	GO:0090529	10	0.5	0
BSU_35000	GO:0090529	10	0.5	0
BSU_28230	GO:0004783	10	0.5	0
BSU_38770	GO:0005737	10	0.5	0
BSU_28290	GO:0004783	10	0.5	0
BSU_16570	GO:0006364	10	0.5	0
BSU_29470	GO:0004783	10	0.5	0
BSU_29470	GO:0005576	10	0.5	0
BSU_27710	GO:0005576	10	0.5	0
BSU_35170	GO:0005576	10	0.5	0
BSU_29790	GO:0004849	10	0.5	0
BSU_14490	GO:0008320	10	0.5	0
BSU_35260	GO:0008320	10	0.5	0
BSU_17190	GO:0046872	10	0.5	0
BSU_15650	GO:1902475	10	0.5	0
BSU_30200	GO:0046872	10	0.5	1
BSU_29880	GO:0050660	10	0.5	0
BSU_06440	GO:0006354	10	0.5	0
BSU_27710	GO:0006354	10	0.5	0
BSU_13620	GO:0005737	10	0.5	0
BSU_15650	GO:0015113	10	0.5	0
BSU_16400	GO:0008320	10	0.5	0
BSU_11700	GO:0006354	10	0.5	0
BSU_14270	GO:0006354	10	0.5	0
BSU_14770	GO:0006354	10	0.5	0
BSU_15430	GO:0006354	10	0.5	0
BSU_33420	GO:1902475	10	0.5	0
BSU_16570	GO:0006354	10	0.5	0
BSU_38740	GO:0008320	10	0.5	0
BSU_27850	GO:0006354	10	0.5	0
BSU_38260	GO:0008320	10	0.5	0
BSU_03510	GO:0046872	10	0.5	0
BSU_09310	GO:0005737	10	0.5	0
BSU_06490	GO:0005737	10	0.5	0
BSU_01770	GO:0005737	10	0.5	0
BSU_30940	GO:0050440	10	0.5	0
BSU_03460	GO:0050440	10	0.5	0
BSU_30200	GO:0005737	10	0.5	0
BSU_09310	GO:0006310	10	0.5	0
BSU_35000	GO:0033592	10	0.5	0
BSU_29470	GO:0006310	10	0.5	0
BSU_06490	GO:0006310	10	0.5	0
BSU_00920	GO:0033592	10	0.5	0
BSU_38260	GO:0016887	10	0.5	0
BSU_09310	GO:0050440	10	0.5	0
BSU_29470	GO:0050440	10	0.5	0
BSU_06440	GO:0046872	10	0.5	0
BSU_37050	GO:0050660	10	0.5	0
BSU_01770	GO:0006310	10	0.5	0
BSU_15430	GO:0000049	10	0.5	1
BSU_14270	GO:0009055	10	0.5	0
BSU_28290	GO:0050440	10	0.5	0
BSU_13990	GO:0016887	10	0.5	0
BSU_03510	GO:0016887	10	0.5	0
BSU_01770	GO:0006354	10	0.5	0
BSU_33420	GO:0008320	10	0.5	0
BSU_22490	GO:0050660	10	0.5	0
BSU_11230	GO:0046872	10	0.5	0
BSU_27740	GO:0005576	10	0.5	0
BSU_00070	GO:0046872	10	0.5	0
BSU_01540	GO:0005576	10	0.5	0
BSU_38740	GO:1902475	10	0.5	0
BSU_41020	GO:0005576	10	0.5	0
BSU_14770	GO:0005576	10	0.5	0
BSU_38260	GO:0045121	10	0.5	0
BSU_38260	GO:0016763	10	0.5	0
BSU_29790	GO:0008763	10	0.5	1
BSU_32680	GO:0016763	10	0.5	0
BSU_35010	GO:0005576	10	0.5	0
BSU_29790	GO:0005576	10	0.5	0
BSU_16150	GO:0005576	10	0.5	0
BSU_00920	GO:0005576	10	0.5	0
BSU_29210	GO:0016763	10	0.5	0
BSU_28290	GO:0016763	10	0.5	0
BSU_38740	GO:0045121	10	0.5	0
BSU_03510	GO:0005576	10	0.5	0
BSU_28230	GO:0046872	10	0.5	0
BSU_12160	GO:0016763	10	0.5	0
BSU_11240	GO:0016763	10	0.5	0
BSU_05940	GO:0005576	10	0.5	0
BSU_41020	GO:0016763	10	0.5	0
BSU_15870	GO:0005576	10	0.5	0
BSU_12160	GO:0016020	10	0.5	0
BSU_15230	GO:0016020	10	0.5	0
BSU_38630	GO:0016020	10	0.5	0
BSU_00100	GO:0016020	10	0.5	0
BSU_38260	GO:0006354	10	0.5	0
BSU_38260	GO:0016020	10	0.5	0
BSU_32680	GO:0016020	10	0.5	0
BSU_09310	GO:0006006	10	0.5	1
BSU_29210	GO:0016020	10	0.5	0
BSU_11240	GO:0016020	10	0.5	0
BSU_41020	GO:0016020	10	0.5	0
BSU_22490	GO:0006354	10	0.5	0
BSU_29470	GO:0016020	10	0.5	0
BSU_17190	GO:0016020	10	0.5	0
BSU_15740	GO:0005886	10	0.5	0
BSU_16400	GO:0046872	10	0.5	0
BSU_15230	GO:0046872	10	0.5	0
BSU_14220	GO:0006354	10	0.5	0
BSU_35000	GO:0016020	10	0.5	0
BSU_01540	GO:0016020	10	0.5	0
BSU_00920	GO:0016020	10	0.5	0
BSU_16150	GO:0016020	10	0.5	0
BSU_28290	GO:0016020	10	0.5	0
BSU_28290	GO:0090529	10	0.5	0
BSU_15650	GO:0071555	10	0.5	0
BSU_35260	GO:0045121	10	0.5	0
BSU_06490	GO:0005524	10	0.5	0
BSU_01770	GO:0016829	10	0.5	0
BSU_01540	GO:0016829	10	0.5	0
BSU_40880	GO:0003700	10	0.5	0
BSU_13990	GO:0005515	10	0.5	1
BSU_03510	GO:0016829	10	0.5	0
BSU_27850	GO:0005524	10	0.5	0
BSU_14040	GO:0005829	10	0.5	0
BSU_11700	GO:0006364	10	0.5	0
BSU_00920	GO:0009380	10	0.5	0
BSU_30200	GO:0050660	10	0.5	0
BSU_03350	GO:0005829	10	0.5	0
BSU_16150	GO:0009380	10	0.5	0
BSU_29790	GO:0008360	10	0.5	1
BSU_11240	GO:0006364	10	0.5	0
BSU_14770	GO:0005524	10	0.5	0
BSU_13620	GO:0005524	10	0.5	0
BSU_29790	GO:0009380	10	0.5	0
BSU_11230	GO:0006364	10	0.5	0
BSU_35010	GO:0005829	10	0.5	0
BSU_09310	GO:0005524	10	0.5	0
BSU_41020	GO:0006364	10	0.5	0
BSU_41020	GO:0016020	10	0.5	0
BSU_05940	GO:0009380	10	0.5	0
BSU_00920	GO:0016829	10	0.5	0
BSU_15430	GO:0006364	10	0.5	0
BSU_15870	GO:0004527	10	0.5	0
BSU_41020	GO:0009380	10	0.5	0
BSU_13620	GO:0016829	10	0.5	0
BSU_00100	GO:0006508	10	0.5	1
BSU_35260	GO:0016020	10	0.5	0
BSU_14490	GO:0016020	10	0.5	0
BSU_11700	GO:0016829	10	0.5	0
BSU_38630	GO:0009380	10	0.5	0
BSU_11240	GO:0016829	10	0.5	0
BSU_27740	GO:0048476	10	0.5	1
BSU_27740	GO:0009380	10	0.5	0
BSU_09310	GO:0016829	10	0.5	0
BSU_27330	GO:0009380	10	0.5	0
BSU_06490	GO:0016829	10	0.5	0
BSU_15230	GO:0006364	10	0.5	0
BSU_29470	GO:0009380	10	0.5	0
BSU_15200	GO:0006364	10	0.5	0
BSU_30200	GO:0016491	10	0.5	0
BSU_14770	GO:0006364	10	0.5	0
BSU_27710	GO:0009380	10	0.5	0
BSU_15650	GO:0009055	10	0.5	0
BSU_30200	GO:0035999	10	0.5	0
BSU_16400	GO:0016020	10	0.5	0
BSU_06490	GO:0050660	10	0.5	0
BSU_16570	GO:0035999	10	0.5	0
BSU_05940	GO:0006364	10	0.5	0
BSU_01770	GO:0008966	10	0.5	1
BSU_14270	GO:0005737	10	0.5	1
BSU_03510	GO:0016874	10	0.5	1
BSU_09310	GO:0008973	10	0.5	1
BSU_27550	GO:0035999	10	0.5	0
BSU_38740	GO:0016829	10	0.5	0
BSU_27850	GO:0035999	10	0.5	0
BSU_03510	GO:0006364	10	0.5	0
BSU_38630	GO:0004849	10	0.5	0
BSU_27550	GO:0050660	10	0.5	0
BSU_27850	GO:0050660	10	0.5	0
BSU_29470	GO:0035999	10	0.5	0
BSU_13030	GO:0006637	10	0.5	1
BSU_38630	GO:0051920	10	0.5	0
BSU_38260	GO:0051920	10	0.5	0
BSU_38770	GO:0015711	10	0.5	1
BSU_36590	GO:0016020	10	0.5	1
BSU_29790	GO:0051920	10	0.5	0
BSU_00920	GO:0006364	10	0.5	0
BSU_27330	GO:0004849	10	0.5	1
BSU_15430	GO:0035999	10	0.5	0
BSU_16570	GO:0050660	10	0.5	0
BSU_11700	GO:0050660	10	0.5	0
BSU_01770	GO:0005524	10	0.5	0
BSU_32680	GO:0005737	10	0.5	1
BSU_00070	GO:0003677	10	0.5	1
BSU_38630	GO:0006364	10	0.5	0
BSU_06440	GO:0035999	10	0.5	0
BSU_01770	GO:0035999	10	0.5	0
BSU_25000	GO:0008360	10	0.5	1
BSU_29470	GO:0006364	10	0.5	0
BSU_27710	GO:0006364	10	0.5	0
BSU_30200	GO:0005524	10	0.5	0
BSU_14770	GO:0035999	10	0.5	0
BSU_06490	GO:0035999	10	0.5	0
BSU_13620	GO:0050660	10	0.5	0
BSU_14770	GO:0050660	10	0.5	0
BSU_09310	GO:0035999	10	0.5	0
BSU_11700	GO:0035999	10	0.5	0
BSU_35170	GO:0006364	10	0.5	0
BSU_15430	GO:0050660	10	0.5	0
BSU_13620	GO:0035999	10	0.5	0
BSU_27740	GO:0006364	10	0.5	0
BSU_11230	GO:0009380	10	0.5	0
BSU_11240	GO:0009380	10	0.5	0
BSU_35000	GO:0005515	10	0.5	1
BSU_11700	GO:0090529	10	0.5	0
BSU_13620	GO:0005737	10	0.5	0
BSU_14490	GO:0003677	10	0.5	0
BSU_29470	GO:0006605	10	0.5	0
BSU_27220	GO:0005737	10	0.5	0
BSU_12160	GO:0005737	10	0.5	0
BSU_27710	GO:0071555	10	0.5	0
BSU_09310	GO:0005737	10	0.5	0
BSU_06490	GO:0071555	10	0.5	0
BSU_38260	GO:0065002	10	0.5	0
BSU_06490	GO:0005737	10	0.5	0
BSU_38740	GO:0065002	10	0.5	0
BSU_28290	GO:0006605	10	0.5	0
BSU_36590	GO:0065002	10	0.5	0
BSU_14270	GO:0016740	10	0.5	0
BSU_29470	GO:0016491	10	0.5	0
BSU_38260	GO:0020037	10	0.5	1
BSU_01770	GO:0071555	10	0.5	0
BSU_27850	GO:0005829	10	0.5	1
BSU_01770	GO:0005737	10	0.5	0
BSU_15650	GO:0005737	10	0.5	0
BSU_05940	GO:0004849	10	0.5	0
BSU_13740	GO:0005737	10	0.5	0
BSU_15740	GO:0003677	10	0.5	0
BSU_35000	GO:0006605	10	0.5	0
BSU_38740	GO:0003677	10	0.5	0
BSU_15870	GO:0003700	10	0.5	0
BSU_00920	GO:0003677	10	0.5	0
BSU_33420	GO:0071555	10	0.5	0
BSU_29790	GO:0003677	10	0.5	0
BSU_15740	GO:0003700	10	0.5	0
BSU_13930	GO:0005737	10	0.5	0
BSU_02560	GO:0005737	10	0.5	0
BSU_37050	GO:0005737	10	0.5	0
BSU_35010	GO:0005737	10	0.5	0
BSU_38740	GO:0005737	10	0.5	0
BSU_30940	GO:0071555	10	0.5	0
BSU_35260	GO:0003677	10	0.5	0
BSU_30200	GO:0005737	10	0.5	0
BSU_16150	GO:0071555	10	0.5	0
BSU_27330	GO:0016740	10	0.5	0
BSU_29880	GO:0005737	10	0.5	0
BSU_01540	GO:0003677	10	0.5	0
BSU_14770	GO:0090529	10	0.5	0
BSU_28230	GO:0006605	10	0.5	0
BSU_01540	GO:0006605	10	0.5	0
BSU_32680	GO:0071555	10	0.5	0
BSU_38260	GO:0005737	10	0.5	0
BSU_14770	GO:0016829	10	0.5	0
BSU_16400	GO:0065002	10	0.5	0
BSU_13930	GO:0005737	10	0.5	0
BSU_27550	GO:0006418	10	0.5	1
BSU_28290	GO:0016829	10	0.5	0
BSU_14770	GO:0016491	10	0.5	0
BSU_41020	GO:0065002	10	0.5	0
BSU_13620	GO:0016491	10	0.5	0
BSU_27850	GO:0016829	10	0.5	0
BSU_11700	GO:0016491	10	0.5	0
BSU_27710	GO:0004849	10	0.5	0
BSU_15870	GO:0005737	10	0.5	0
BSU_38770	GO:0008514	10	0.5	1
BSU_00750	GO:0006541	10	0.5	1
BSU_09310	GO:0016491	10	0.5	0
BSU_06490	GO:0016491	10	0.5	0
BSU_11230	GO:0006541	10	0.5	1
BSU_38260	GO:0016020	10	0.5	0
BSU_14770	GO:0009380	10	0.5	0
BSU_14270	GO:0009380	10	0.5	0
BSU_15230	GO:0016829	10	0.5	0
BSU_01770	GO:0016491	10	0.5	0
BSU_11700	GO:0009380	10	0.5	0
BSU_33420	GO:0065002	10	0.5	0
BSU_15430	GO:0016491	10	0.5	0
BSU_13620	GO:0005829	10	0.5	0
BSU_35260	GO:0065002	10	0.5	0
BSU_01770	GO:0016020	10	0.5	0
BSU_27850	GO:0016491	10	0.5	0
BSU_16400	GO:0071555	10	0.5	0
BSU_00920	GO:0016020	10	0.5	0
BSU_11240	GO:0090529	10	0.5	0
BSU_09310	GO:0090529	10	0.5	0
BSU_27550	GO:0016491	10	0.5	0
BSU_16150	GO:0016020	10	0.5	0
BSU_06490	GO:0090529	10	0.5	0
BSU_14490	GO:0065002	10	0.5	0
BSU_29470	GO:0016829	10	0.5	0
BSU_00070	GO:0090529	10	0.5	0
BSU_00920	GO:0090529	10	0.5	0
BSU_15230	GO:0016020	10	0.5	0
BSU_01770	GO:0090529	10	0.5	0
BSU_15200	GO:0016020	10	0.5	0
BSU_03510	GO:0090529	10	0.5	0
BSU_29790	GO:0016020	10	0.5	0
BSU_15650	GO:0005737	10	0.5	0
BSU_16570	GO:0016491	10	0.5	0
BSU_27710	GO:0016151	10	0.5	0
BSU_25790	GO:0046872	10	0.5	0
BSU_22730	GO:0016874	10	0.5	0
BSU_38260	GO:0005524	10	0.5	0
BSU_27330	GO:0004527	10	0.5	0
BSU_28640	GO:0006450	10	0.5	0
BSU_27550	GO:0006450	10	0.5	0
BSU_15650	GO:0005737	10	0.5	0
BSU_14270	GO:0006072	10	0.5	0
BSU_01770	GO:0005737	10	0.5	0
BSU_16060	GO:0005524	10	0.5	0
BSU_05940	GO:0005829	10	0.5	0
BSU_14270	GO:0016887	10	0.5	0
BSU_22730	GO:0006450	10	0.5	0
BSU_15430	GO:0016887	10	0.5	0
BSU_01540	GO:0005829	10	0.5	0
BSU_16570	GO:0004672	10	0.5	0
BSU_16570	GO:0016887	10	0.5	0
BSU_14770	GO:0006072	10	0.5	0
BSU_15870	GO:0016020	10	0.5	0
BSU_13740	GO:0005524	10	0.5	0
BSU_13620	GO:0005524	10	0.5	0
BSU_05940	GO:0016780	10	0.5	0
BSU_15430	GO:0004672	10	0.5	0
BSU_41020	GO:0006397	10	0.5	0
BSU_27330	GO:0005829	10	0.5	0
BSU_16150	GO:0005829	10	0.5	0
BSU_27330	GO:0016881	10	0.5	0
BSU_33420	GO:0071555	10	0.5	0
BSU_27330	GO:0016887	10	0.5	0
BSU_15200	GO:0006072	10	0.5	0
BSU_27220	GO:0005524	10	0.5	0
BSU_12160	GO:0005524	10	0.5	0
BSU_40880	GO:0004529	10	0.5	0
BSU_15200	GO:0004672	10	0.5	0
BSU_35170	GO:0016020	10	0.5	0
BSU_28230	GO:0006289	10	0.5	0
BSU_09310	GO:0005524	10	0.5	0
BSU_15650	GO:0016780	10	0.5	0
BSU_11240	GO:0005829	10	0.5	0
BSU_12160	GO:0005829	10	0.5	0
BSU_01770	GO:0016780	10	0.5	0
BSU_14270	GO:0016881	10	0.5	0
BSU_06490	GO:0005737	10	0.5	0
BSU_14490	GO:0034220	10	0.5	0
BSU_15430	GO:0016881	10	0.5	0
BSU_22490	GO:0005524	10	0.5	0
BSU_29790	GO:0016020	10	0.5	0
BSU_29210	GO:0005829	10	0.5	0
BSU_16570	GO:0016881	10	0.5	0
BSU_11700	GO:0006450	10	0.5	0
BSU_38630	GO:0006072	10	0.5	0
BSU_15230	GO:0006289	10	0.5	0
BSU_14220	GO:0005524	10	0.5	0
BSU_11230	GO:0006072	10	0.5	0
BSU_27850	GO:0005524	10	0.5	0
BSU_35260	GO:0034220	10	0.5	0
BSU_22730	GO:0004672	10	0.5	0
BSU_14270	GO:0006450	10	0.5	0
BSU_15200	GO:0006450	10	0.5	0
BSU_15430	GO:0006450	10	0.5	0
BSU_38630	GO:0005829	10	0.5	0
BSU_11700	GO:0016881	10	0.5	0
BSU_16570	GO:0006450	10	0.5	0
BSU_27550	GO:0016887	10	0.5	0
BSU_29470	GO:0005829	10	0.5	0
BSU_11240	GO:0003677	10	0.5	0
BSU_11700	GO:0006072	10	0.5	0
BSU_29790	GO:0004124	10	0.5	0
BSU_00070	GO:1902600	10	0.5	0
BSU_06490	GO:0016780	10	0.5	0
BSU_38630	GO:0005524	10	0.5	0
BSU_01540	GO:0140663	10	0.5	1
BSU_11700	GO:0004672	10	0.5	0
BSU_13990	GO:1902600	10	0.5	0
BSU_13990	GO:0003677	10	0.5	0
BSU_13930	GO:0004529	10	0.5	0
BSU_04560	GO:0031160	10	0.5	0
BSU_06030	GO:1902600	10	0.5	0
BSU_05940	GO:0006164	10	0.5	0
BSU_16400	GO:0006950	10	0.5	0
BSU_35170	GO:0006950	10	0.5	0
BSU_15870	GO:0006950	10	0.5	0
BSU_38630	GO:0005524	10	0.5	0
BSU_00070	GO:0006950	10	0.5	0
BSU_06030	GO:0003677	10	0.5	0
BSU_15230	GO:0003677	10	0.5	0
BSU_41020	GO:0005524	10	0.5	0
BSU_01540	GO:1902600	10	0.5	0
BSU_33420	GO:0015833	10	0.5	0
BSU_27850	GO:0005524	10	0.5	0
BSU_35000	GO:1902600	10	0.5	0
BSU_13740	GO:0006950	10	0.5	0
BSU_01540	GO:0006950	10	0.5	0
BSU_00070	GO:0006289	10	0.5	0
BSU_38630	GO:0006950	10	0.5	0
BSU_17190	GO:0045333	10	0.5	0
BSU_38260	GO:0006779	10	0.5	0
BSU_16570	GO:0046872	10	0.5	0
BSU_29880	GO:0045333	10	0.5	0
BSU_15430	GO:0046872	10	0.5	0
BSU_03510	GO:0005829	10	0.5	0
BSU_01770	GO:0005524	10	0.5	0
BSU_14770	GO:0046872	10	0.5	0
BSU_14490	GO:0006950	10	0.5	0
BSU_27740	GO:0006950	10	0.5	0
BSU_15230	GO:0005524	10	0.5	0
BSU_16400	GO:0005524	10	0.5	0
BSU_00750	GO:0031160	10	0.5	0
BSU_06490	GO:0005524	10	0.5	0
BSU_14040	GO:0016881	10	0.5	0
BSU_13930	GO:0006779	10	0.5	0
BSU_03350	GO:0016881	10	0.5	0
BSU_04560	GO:0016881	10	0.5	0
BSU_29790	GO:0009228	10	0.5	0
BSU_27710	GO:0005524	10	0.5	0
BSU_16060	GO:0004529	10	0.5	0
BSU_03510	GO:0006950	10	0.5	0
BSU_15650	GO:0016881	10	0.5	0
BSU_29470	GO:0016780	10	0.5	0
BSU_27710	GO:0016780	10	0.5	0
BSU_00920	GO:1902600	10	0.5	0
BSU_14270	GO:0004672	10	0.5	0
BSU_24240	GO:0004529	10	0.5	0
BSU_32680	GO:0005524	10	0.5	0
BSU_15870	GO:0016881	10	0.5	0
BSU_05940	GO:0005524	10	0.5	0
BSU_29790	GO:0005829	10	0.5	0
BSU_28230	GO:0005524	10	0.5	0
BSU_06030	GO:0006950	10	0.5	0
BSU_00920	GO:0006950	10	0.5	0
BSU_16150	GO:0006950	10	0.5	0
BSU_13030	GO:0009432	10	0.5	0
BSU_17190	GO:0005524	10	0.5	0
BSU_13930	GO:0031160	10	0.5	0
BSU_14270	GO:0046872	10	0.5	1
BSU_29690	GO:0031160	10	0.5	0
BSU_16150	GO:0005829	10	0.5	0
BSU_16310	GO:0071555	10	0.5	0
BSU_34430	GO:0031160	10	0.5	0
BSU_00920	GO:0016780	10	0.5	0
BSU_16150	GO:0016780	10	0.5	0
BSU_00920	GO:0016020	10	0.5	0
BSU_05940	GO:0006397	10	0.5	0
BSU_05940	GO:0006779	10	0.5	0
BSU_13030	GO:0046872	10	0.5	0
BSU_27710	GO:0006779	10	0.5	0
BSU_15200	GO:0016780	10	0.5	0
BSU_27330	GO:0004644	10	0.5	0
BSU_27710	GO:0004644	10	0.5	0
BSU_05940	GO:0004644	10	0.5	0
BSU_16570	GO:0016874	10	0.5	0
BSU_29790	GO:0016780	10	0.5	0
BSU_29790	GO:0006164	10	0.5	0
BSU_35010	GO:0005737	10	0.5	0
BSU_37050	GO:0005737	10	0.5	0
BSU_15230	GO:0006397	10	0.5	0
BSU_13930	GO:0005515	10	0.5	0
BSU_28640	GO:0016020	10	0.5	0
BSU_27550	GO:0016020	10	0.5	0
BSU_22730	GO:0016020	10	0.5	0
BSU_27550	GO:0016874	10	0.5	0
BSU_14040	GO:0016780	10	0.5	0
BSU_33420	GO:0005829	10	0.5	0
BSU_15740	GO:0005515	10	0.5	0
BSU_28640	GO:0016874	10	0.5	0
BSU_29880	GO:0006779	10	0.5	0
BSU_29790	GO:0006072	10	0.5	0
BSU_29210	GO:0016020	10	0.5	0
BSU_06030	GO:0071555	10	0.5	0
BSU_03350	GO:0016780	10	0.5	0
BSU_03510	GO:0006397	10	0.5	0
BSU_04560	GO:0016780	10	0.5	0
BSU_16570	GO:0016020	10	0.5	0
BSU_18130	GO:0071555	10	0.5	0
BSU_14040	GO:0005515	10	0.5	0
BSU_29690	GO:0005515	10	0.5	0
BSU_27550	GO:0004672	10	0.5	0
BSU_27710	GO:0006397	10	0.5	0
BSU_36590	GO:0009401	10	0.5	0
BSU_27740	GO:0006397	10	0.5	0
BSU_11700	GO:0006397	10	0.5	0
BSU_35170	GO:0006397	10	0.5	0
BSU_29790	GO:0006779	10	0.5	0
BSU_15650	GO:0016874	10	0.5	0
BSU_29470	GO:0006397	10	0.5	0
BSU_34430	GO:0005515	10	0.5	0
BSU_11240	GO:0006397	10	0.5	0
BSU_02560	GO:0016020	10	0.5	0
BSU_15870	GO:0016874	10	0.5	0
BSU_11230	GO:0006397	10	0.5	0
BSU_29790	GO:0004644	10	0.5	0
BSU_38630	GO:0006397	10	0.5	0
BSU_38740	GO:0009401	10	0.5	0
BSU_06440	GO:0003677	10	0.5	0
BSU_27330	GO:0016874	10	0.5	0
BSU_15870	GO:0005737	10	0.5	0
BSU_04060	GO:0009401	10	0.5	0
BSU_03510	GO:0006289	10	0.5	0
BSU_13930	GO:0005737	10	0.5	0
BSU_38770	GO:0009401	10	0.5	0
BSU_11700	GO:0016874	10	0.5	0
BSU_15650	GO:0009401	10	0.5	0
BSU_33420	GO:0009401	10	0.5	0
BSU_14270	GO:0016874	10	0.5	0
BSU_15430	GO:0016874	10	0.5	0
BSU_26650	GO:0009401	10	0.5	0
BSU_14770	GO:0006397	10	0.5	0
BSU_25790	GO:0009401	10	0.5	0
BSU_15200	GO:0006397	10	0.5	0
BSU_16150	GO:0071555	10	0.5	0
BSU_15430	GO:0016020	10	0.5	0
BSU_38740	GO:0016874	10	0.5	0
BSU_29880	GO:0005737	10	0.5	0
BSU_16570	GO:0016783	10	0.5	0
BSU_00750	GO:0005829	10	0.5	0
BSU_27740	GO:0006072	10	0.5	0
BSU_28640	GO:0016780	10	0.5	0
BSU_01540	GO:0003677	10	0.5	0
BSU_32680	GO:0005829	10	0.5	0
BSU_03510	GO:0003677	10	0.5	0
BSU_33420	GO:0034220	10	0.5	0
BSU_27740	GO:0016020	10	0.5	0
BSU_15740	GO:0005829	10	0.5	0
BSU_15650	GO:0006450	10	0.5	0
BSU_29790	GO:0006397	10	0.5	0
BSU_27850	GO:0016780	10	0.5	0
BSU_05940	GO:0006072	10	0.5	0
BSU_35170	GO:0006072	10	0.5	0
BSU_02560	GO:0016887	10	0.5	0
BSU_00920	GO:0003677	10	0.5	0
BSU_27330	GO:0006450	10	0.5	0
BSU_13740	GO:0005737	10	0.5	0
BSU_29790	GO:0005829	10	0.5	0
BSU_13620	GO:0005737	10	0.5	0
BSU_22730	GO:0016881	10	0.5	0
BSU_27220	GO:0005737	10	0.5	0
BSU_12160	GO:0005737	10	0.5	0
BSU_30200	GO:0016780	10	0.5	0
BSU_27710	GO:0006072	10	0.5	0
BSU_29470	GO:0006072	10	0.5	0
BSU_32680	GO:0016780	10	0.5	0
BSU_28640	GO:0004672	10	0.5	0
BSU_27330	GO:0006072	10	0.5	0
BSU_09310	GO:0005737	10	0.5	0
BSU_38740	GO:0034220	10	0.5	0
BSU_29470	GO:0016020	10	0.5	0
BSU_29790	GO:0006450	10	0.5	0
BSU_30200	GO:0005737	10	0.5	0
BSU_15200	GO:0016020	10	0.5	0
BSU_38260	GO:0005737	10	0.5	0
BSU_14270	GO:0016020	10	0.5	0
BSU_11700	GO:0004644	10	0.5	0
BSU_11700	GO:0016020	10	0.5	0
BSU_00750	GO:0016780	10	0.5	0
BSU_29790	GO:0046872	10	0.5	0
BSU_02560	GO:0016874	10	0.5	0
BSU_00100	GO:0005829	10	0.5	0
BSU_06030	GO:0005829	10	0.5	0
BSU_14220	GO:0046872	10	0.5	0
BSU_11240	GO:0016020	10	0.5	0
BSU_22490	GO:0046872	10	0.5	0
BSU_16150	GO:0006072	10	0.5	0
BSU_15870	GO:0005515	10	0.5	0
BSU_15870	GO:0006450	10	0.5	0
BSU_00920	GO:0006397	10	0.5	0
BSU_14270	GO:0004644	10	0.5	0
BSU_14770	GO:0004644	10	0.5	0
BSU_16570	GO:0016780	10	0.5	0
BSU_11230	GO:0016020	10	0.5	0
BSU_16150	GO:0006397	10	0.5	0
BSU_29210	GO:0016780	10	0.5	0
BSU_05940	GO:0006450	10	0.5	0
BSU_27710	GO:0006450	10	0.5	0
BSU_06030	GO:0006289	10	0.5	0
BSU_27550	GO:0016780	10	0.5	0
BSU_16060	GO:0005829	10	0.5	0
BSU_27330	GO:0016020	10	0.5	0
BSU_14490	GO:0071555	10	0.5	0
BSU_15200	GO:0031160	10	0.5	0
BSU_29470	GO:0004527	10	0.5	0
BSU_11240	GO:0005515	10	0.5	0
BSU_11240	GO:0006526	10	0.5	1
BSU_22730	GO:0015633	10	0.5	0
BSU_16150	GO:0005515	10	0.5	0
BSU_27220	GO:0016151	10	0.5	0
BSU_29210	GO:0003677	10	0.5	0
BSU_00750	GO:0006779	10	0.5	0
BSU_15230	GO:0009103	10	0.5	0
BSU_03510	GO:0015833	10	0.5	0
BSU_29880	GO:0005524	10	0.5	0
BSU_29470	GO:0003677	10	0.5	0
BSU_12160	GO:0016151	10	0.5	0
BSU_35000	GO:0009103	10	0.5	0
BSU_28290	GO:0005515	10	0.5	0
BSU_03350	GO:0031160	10	0.5	0
BSU_00920	GO:0005515	10	0.5	0
BSU_17190	GO:0005515	10	0.5	0
BSU_04560	GO:0006065	10	0.5	0
BSU_29470	GO:0005829	10	0.5	0
BSU_13740	GO:0016151	10	0.5	0
BSU_16310	GO:1902600	10	0.5	0
BSU_03460	GO:0006779	10	0.5	0
BSU_35260	GO:0071555	10	0.5	0
BSU_16150	GO:0006541	10	0.5	0
BSU_14270	GO:0016151	10	0.5	0
BSU_00920	GO:0006541	10	0.5	0
BSU_16400	GO:0005737	10	0.5	0
BSU_01540	GO:0015833	10	0.5	0
BSU_00070	GO:0005515	10	0.5	0
BSU_14490	GO:1902600	10	0.5	0
BSU_29790	GO:0031160	10	0.5	0
BSU_35170	GO:0005829	10	0.5	0
BSU_28290	GO:0003677	10	0.5	0
BSU_29470	GO:0019556	10	0.5	0
BSU_28640	GO:0016151	10	0.5	0
BSU_13990	GO:0015833	10	0.5	0
BSU_06030	GO:0006541	10	0.5	0
BSU_11240	GO:0005829	10	0.5	0
BSU_37050	GO:0045333	10	0.5	0
BSU_35260	GO:1902600	10	0.5	0
BSU_14490	GO:0015833	10	0.5	0
BSU_03350	GO:0006065	10	0.5	0
BSU_35260	GO:0003677	10	0.5	0
BSU_12160	GO:0005515	10	0.5	0
BSU_15200	GO:0006065	10	0.5	0
BSU_00100	GO:1902600	10	0.5	0
BSU_38630	GO:0005829	10	0.5	0
BSU_37050	GO:0006065	10	0.5	0
BSU_13990	GO:0009103	10	0.5	0
BSU_11230	GO:0005829	10	0.5	0
BSU_29790	GO:0004672	10	0.5	0
BSU_15230	GO:0005515	10	0.5	0
BSU_14490	GO:0003677	10	0.5	0
BSU_27710	GO:0009228	10	0.5	0
BSU_00070	GO:0006541	10	0.5	0
BSU_16150	GO:0005524	10	0.5	0
BSU_11230	GO:0003677	10	0.5	0
BSU_06030	GO:0005515	10	0.5	0
BSU_29790	GO:0006065	10	0.5	0
BSU_27330	GO:0009228	10	0.5	0
BSU_17190	GO:0005829	10	0.5	0
BSU_16310	GO:0009103	10	0.5	0
BSU_29880	GO:0015633	10	0.5	0
BSU_29210	GO:0005829	10	0.5	0
BSU_16150	GO:0005524	10	0.5	0
BSU_27220	GO:0019556	10	0.5	0
BSU_15650	GO:0045333	10	0.5	0
BSU_01770	GO:0045333	10	0.5	0
BSU_11700	GO:0016151	10	0.5	0
BSU_12160	GO:0019556	10	0.5	0
BSU_33420	GO:0009103	10	0.5	0
BSU_22490	GO:0006065	10	0.5	0
BSU_14040	GO:0006065	10	0.5	0
BSU_29880	GO:0006065	10	0.5	0
BSU_01540	GO:0009103	10	0.5	0
BSU_13740	GO:0006779	10	0.5	0
BSU_11700	GO:0019556	10	0.5	0
BSU_15650	GO:0004672	10	0.5	0
BSU_05940	GO:0009228	10	0.5	0
BSU_27710	GO:0019556	10	0.5	0
BSU_15650	GO:0016301	10	0.5	0
BSU_28230	GO:0015833	10	0.5	0
BSU_27220	GO:0006065	10	0.5	0
BSU_09310	GO:0016151	10	0.5	0
BSU_35000	GO:0003677	10	0.5	0
BSU_29880	GO:0016151	10	0.5	0
BSU_29470	GO:0009103	10	0.5	0
BSU_35260	GO:0015833	10	0.5	0
BSU_27850	GO:0016151	10	0.5	0
BSU_32680	GO:0009103	10	0.5	0
BSU_00100	GO:0009103	10	0.5	0
BSU_13990	GO:0006950	10	0.5	0
BSU_16060	GO:0016151	10	0.5	0
BSU_06030	GO:0005829	10	0.5	0
BSU_12160	GO:0006065	10	0.5	0
BSU_16310	GO:0015833	10	0.5	0
BSU_28290	GO:0009103	10	0.5	0
BSU_27850	GO:0015633	10	0.5	0
BSU_27330	GO:0004672	10	0.5	0
BSU_37050	GO:0005524	10	0.5	0
BSU_28230	GO:0003677	10	0.5	0
BSU_38630	GO:0019556	10	0.5	0
BSU_03510	GO:0005524	10	0.5	0
BSU_18130	GO:0005829	10	0.5	0
BSU_00070	GO:0015833	10	0.5	0
BSU_00100	GO:0015833	10	0.5	0
BSU_12160	GO:0005504	10	0.5	0
BSU_27550	GO:0005829	10	0.5	0
BSU_22730	GO:0016151	10	0.5	0
BSU_05940	GO:0005829	10	0.5	0
BSU_11240	GO:1902600	10	0.5	0
BSU_22490	GO:0005524	10	0.5	0
BSU_22730	GO:0005829	10	0.5	0
BSU_35170	GO:0015833	10	0.5	0
BSU_09310	GO:0019556	10	0.5	0
BSU_22490	GO:0045333	10	0.5	0
BSU_38630	GO:0005515	10	0.5	0
BSU_03510	GO:0005515	10	0.5	0
BSU_16060	GO:0005829	10	0.5	0
BSU_17190	GO:0006065	10	0.5	0
BSU_27740	GO:0005829	10	0.5	0
BSU_00070	GO:0005829	10	0.5	0
BSU_15200	GO:0005829	10	0.5	0
BSU_38630	GO:0016151	10	0.5	0
BSU_16060	GO:0015633	10	0.5	0
BSU_37250	GO:0006281	9	0.45	0
BSU_29200	GO:0032993	9	0.45	0
BSU_13890	GO:1902600	9	0.45	0
BSU_01000	GO:1902600	9	0.45	0
BSU_27920	GO:0070681	9	0.45	0
BSU_04260	GO:0006541	9	0.45	0
BSU_02410	GO:0042802	9	0.45	0
BSU_06480	GO:0090529	9	0.45	0
BSU_27920	GO:0006541	9	0.45	0
BSU_18470	GO:0004657	9	0.45	0
BSU_13120	GO:0004644	9	0.45	0
BSU_31350	GO:0046872	9	0.45	0
BSU_29180	GO:0016829	9	0.45	0
BSU_00940	GO:0004657	9	0.45	0
BSU_28090	GO:0046872	9	0.45	0
BSU_29540	GO:0006400	9	0.45	0
BSU_08000	GO:0016887	9	0.45	0
BSU_16670	GO:0005886	9	0.45	0
BSU_29180	GO:0006400	9	0.45	0
BSU_29200	GO:0006508	9	0.45	0
BSU_02360	GO:0004124	9	0.45	0
BSU_28950	GO:0016829	9	0.45	0
BSU_17600	GO:0006281	9	0.45	0
BSU_29540	GO:0004644	9	0.45	0
BSU_13250	GO:0046872	9	0.45	0
BSU_34070	GO:0016887	9	0.45	0
BSU_29540	GO:0015633	9	0.45	0
BSU_06500	GO:0046872	9	0.45	0
BSU_29200	GO:0071555	9	0.45	0
BSU_09270	GO:0071555	9	0.45	0
BSU_15570	GO:0004644	9	0.45	0
BSU_06480	GO:0006541	9	0.45	0
BSU_09720	GO:0071555	9	0.45	0
BSU_22780	GO:0006281	9	0.45	0
BSU_09720	GO:0006400	9	0.45	0
BSU_06470	GO:0006508	9	0.45	0
BSU_00940	GO:0019877	9	0.45	0
BSU_18470	GO:0004644	9	0.45	0
BSU_29200	GO:0046872	9	0.45	0
BSU_29670	GO:0004672	9	0.45	0
BSU_13590	GO:0005737	9	0.45	0
BSU_18470	GO:0005886	9	0.45	0
BSU_35370	GO:0046872	9	0.45	0
BSU_36950	GO:0005886	9	0.45	0
BSU_16670	GO:0006400	9	0.45	0
BSU_02350	GO:0006508	9	0.45	0
BSU_10930	GO:0015633	9	0.45	0
BSU_06470	GO:0046872	9	0.45	0
BSU_13590	GO:0006541	9	0.45	0
BSU_00140	GO:0005886	9	0.45	0
BSU_35020	GO:0004088	9	0.45	0
BSU_28440	GO:0070681	9	0.45	0
BSU_33090	GO:0005515	9	0.45	0
BSU_29180	GO:0006541	9	0.45	0
BSU_38050	GO:0004088	9	0.45	0
BSU_02410	GO:0006281	9	0.45	0
BSU_16160	GO:0006400	9	0.45	0
BSU_38460	GO:0004672	9	0.45	0
BSU_29180	GO:0015633	9	0.45	0
BSU_34890	GO:0016836	9	0.45	0
BSU_00140	GO:0004657	9	0.45	0
BSU_16250	GO:0071555	9	0.45	0
BSU_06470	GO:0005515	9	0.45	0
BSU_13590	GO:0009089	9	0.45	0
BSU_16760	GO:0005737	9	0.45	0
BSU_30550	GO:0004672	9	0.45	0
BSU_30320	GO:0004672	9	0.45	0
BSU_08000	GO:0006541	9	0.45	0
BSU_41000	GO:0046872	9	0.45	0
BSU_04000	GO:0006281	9	0.45	0
BSU_13120	GO:0006400	9	0.45	0
BSU_22310	GO:0006541	9	0.45	0
BSU_23510	GO:0006281	9	0.45	0
BSU_22780	GO:0042802	9	0.45	0
BSU_16130	GO:0046872	9	0.45	0
BSU_24140	GO:0004088	9	0.45	0
BSU_03300	GO:0006281	9	0.45	0
BSU_16670	GO:0016887	9	0.45	0
BSU_38050	GO:0016887	9	0.45	0
BSU_18470	GO:0006400	9	0.45	0
BSU_00140	GO:0046872	9	0.45	0
BSU_16670	GO:0046872	9	0.45	0
BSU_35020	GO:0016887	9	0.45	0
BSU_15210	GO:0071555	9	0.45	0
BSU_06480	GO:0004088	9	0.45	0
BSU_16350	GO:0005515	9	0.45	0
BSU_00940	GO:0006281	9	0.45	0
BSU_15570	GO:0015633	9	0.45	0
BSU_36950	GO:0006083	9	0.45	0
BSU_17600	GO:0009027	9	0.45	0
BSU_16250	GO:0006508	9	0.45	0
BSU_23860	GO:0009089	9	0.45	0
BSU_16220	GO:1902600	9	0.45	0
BSU_16350	GO:0006508	9	0.45	0
BSU_25260	GO:0070681	9	0.45	0
BSU_06480	GO:0006400	9	0.45	0
BSU_39820	GO:0030435	9	0.45	0
BSU_22780	GO:0004644	9	0.45	0
BSU_02360	GO:0004644	9	0.45	0
BSU_00940	GO:0004644	9	0.45	0
BSU_11670	GO:0030420	9	0.45	0
BSU_06480	GO:0016829	9	0.45	0
BSU_08790	GO:0003824	9	0.45	0
BSU_01950	GO:0030435	9	0.45	0
BSU_13120	GO:0005886	9	0.45	0
BSU_37560	GO:0016301	9	0.45	0
BSU_06620	GO:0006400	9	0.45	0
BSU_09720	GO:0030435	9	0.45	0
BSU_40420	GO:0016301	9	0.45	0
BSU_38490	GO:0016887	9	0.45	0
BSU_34070	GO:0016887	9	0.45	0
BSU_18450	GO:0016887	9	0.45	0
BSU_34890	GO:0009027	9	0.45	0
BSU_40420	GO:0006400	9	0.45	0
BSU_29540	GO:0016887	9	0.45	0
BSU_15210	GO:0016887	9	0.45	0
BSU_21770	GO:0009089	9	0.45	0
BSU_22780	GO:0019877	9	0.45	0
BSU_30550	GO:0006541	9	0.45	0
BSU_30550	GO:0016301	9	0.45	0
BSU_29200	GO:0005515	9	0.45	0
BSU_08000	GO:0016887	9	0.45	0
BSU_11670	GO:0050661	9	0.45	0
BSU_17600	GO:0033014	9	0.45	0
BSU_08000	GO:0006650	9	0.45	0
BSU_08820	GO:0042802	9	0.45	0
BSU_28090	GO:0005886	9	0.45	0
BSU_15500	GO:0015633	9	0.45	0
BSU_00940	GO:0004124	9	0.45	0
BSU_35020	GO:0046872	9	0.45	0
BSU_38490	GO:0019344	9	0.45	0
BSU_37560	GO:0006541	9	0.45	0
BSU_37230	GO:0030435	9	0.45	0
BSU_40420	GO:0006650	9	0.45	0
BSU_39050	GO:0042802	9	0.45	0
BSU_28440	GO:0009089	9	0.45	0
BSU_00140	GO:0051082	9	0.45	0
BSU_11460	GO:0006508	9	0.45	0
BSU_35020	GO:0006418	9	0.45	0
BSU_28950	GO:0006541	9	0.45	0
BSU_36950	GO:0019877	9	0.45	0
BSU_00140	GO:0005886	9	0.45	0
BSU_12010	GO:0006508	9	0.45	0
BSU_28440	GO:0016887	9	0.45	0
BSU_13890	GO:0006508	9	0.45	0
BSU_13590	GO:0006650	9	0.45	0
BSU_27920	GO:0016887	9	0.45	0
BSU_25260	GO:0009089	9	0.45	0
BSU_16130	GO:0006400	9	0.45	0
BSU_31450	GO:0006508	9	0.45	0
BSU_36950	GO:0006400	9	0.45	0
BSU_29180	GO:0016887	9	0.45	0
BSU_06430	GO:0005886	9	0.45	0
BSU_34820	GO:0030435	9	0.45	0
BSU_30710	GO:0015633	9	0.45	0
BSU_27920	GO:0009089	9	0.45	0
BSU_23190	GO:0005515	9	0.45	0
BSU_20020	GO:0006650	9	0.45	0
BSU_06500	GO:0005886	9	0.45	0
BSU_25510	GO:0051082	9	0.45	0
BSU_04000	GO:0016836	9	0.45	0
BSU_08790	GO:0009027	9	0.45	0
BSU_29180	GO:0032993	9	0.45	0
BSU_35700	GO:0006508	9	0.45	0
BSU_25260	GO:0016829	9	0.45	0
BSU_35930	GO:0004088	9	0.45	0
BSU_20020	GO:0009027	9	0.45	0
BSU_18470	GO:0016887	9	0.45	0
BSU_23860	GO:0016829	9	0.45	0
BSU_16760	GO:0016829	9	0.45	0
BSU_16160	GO:0004088	9	0.45	0
BSU_00940	GO:0006400	9	0.45	0
BSU_15500	GO:0009089	9	0.45	0
BSU_10930	GO:0004644	9	0.45	0
BSU_13590	GO:0009027	9	0.45	0
BSU_31350	GO:0033014	9	0.45	0
BSU_16160	GO:0016829	9	0.45	0
BSU_15500	GO:0016829	9	0.45	0
BSU_35930	GO:0033014	9	0.45	0
BSU_13120	GO:0006541	9	0.45	0
BSU_13590	GO:0015633	9	0.45	0
BSU_40420	GO:0009027	9	0.45	0
BSU_28440	GO:0016829	9	0.45	0
BSU_31650	GO:0005524	9	0.45	0
BSU_10930	GO:0003824	9	0.45	0
BSU_18470	GO:0006541	9	0.45	0
BSU_13590	GO:0033014	9	0.45	0
BSU_29750	GO:0033014	9	0.45	0
BSU_28470	GO:0016829	9	0.45	0
BSU_28470	GO:0006400	9	0.45	0
BSU_03790	GO:0006400	9	0.45	0
BSU_38200	GO:0009027	9	0.45	0
BSU_16760	GO:0006400	9	0.45	0
BSU_27920	GO:0016829	9	0.45	0
BSU_29180	GO:0005886	9	0.45	0
BSU_30550	GO:0009027	9	0.45	0
BSU_35930	GO:0046872	9	0.45	0
BSU_08820	GO:0004644	9	0.45	0
BSU_13120	GO:0016887	9	0.45	0
BSU_08000	GO:0009027	9	0.45	0
BSU_07920	GO:0016887	9	0.45	0
BSU_08720	GO:0050661	9	0.45	0
BSU_06500	GO:0006400	9	0.45	0
BSU_06430	GO:0006400	9	0.45	0
BSU_05410	GO:0016887	9	0.45	0
BSU_28800	GO:0033014	9	0.45	0
BSU_08290	GO:0016887	9	0.45	0
BSU_30550	GO:0006281	9	0.45	0
BSU_24140	GO:0046872	9	0.45	0
BSU_18410	GO:0030435	9	0.45	0
BSU_09650	GO:0006541	9	0.45	0
BSU_11460	GO:0005515	9	0.45	0
BSU_36950	GO:0004644	9	0.45	0
BSU_40420	GO:0006281	9	0.45	0
BSU_29540	GO:0005886	9	0.45	0
BSU_35020	GO:0004124	9	0.45	0
BSU_29180	GO:0004088	9	0.45	0
BSU_30550	GO:0005886	9	0.45	0
BSU_38050	GO:1902600	9	0.45	0
BSU_00140	GO:0006400	9	0.45	0
BSU_28120	GO:0004644	9	0.45	0
BSU_08710	GO:0004644	9	0.45	0
BSU_18450	GO:0004088	9	0.45	0
BSU_04260	GO:0009027	9	0.45	0
BSU_03130	GO:0006400	9	0.45	0
BSU_16160	GO:0009089	9	0.45	0
BSU_20020	GO:0015633	9	0.45	0
BSU_27920	GO:0004088	9	0.45	0
BSU_38200	GO:0005886	9	0.45	0
BSU_28440	GO:0004088	9	0.45	0
BSU_22310	GO:0004644	9	0.45	0
BSU_00060	GO:0005515	9	0.45	0
BSU_38200	GO:0006281	9	0.45	0
BSU_15570	GO:0003824	9	0.45	0
BSU_37560	GO:0016887	9	0.45	0
BSU_20020	GO:0006541	9	0.45	0
BSU_28790	GO:0000160	9	0.45	0
BSU_38490	GO:0006826	9	0.45	0
BSU_15210	GO:0006826	9	0.45	0
BSU_34070	GO:0006826	9	0.45	0
BSU_24140	GO:0016746	9	0.45	0
BSU_06480	GO:0015633	9	0.45	0
BSU_24960	GO:0009401	9	0.45	0
BSU_24950	GO:0009401	9	0.45	0
BSU_09290	GO:0000160	9	0.45	0
BSU_00940	GO:0016765	9	0.45	0
BSU_20020	GO:0009055	9	0.45	0
BSU_30320	GO:0003677	9	0.45	0
BSU_36820	GO:0005515	9	0.45	0
BSU_09650	GO:0006096	9	0.45	0
BSU_39050	GO:0000160	9	0.45	0
BSU_07700	GO:0000160	9	0.45	0
BSU_30550	GO:0003677	9	0.45	0
BSU_05840	GO:0005737	9	0.45	0
BSU_28440	GO:0016746	9	0.45	0
BSU_22780	GO:0016765	9	0.45	0
BSU_31650	GO:0009401	9	0.45	0
BSU_27920	GO:0015633	9	0.45	0
BSU_02360	GO:0016765	9	0.45	0
BSU_35370	GO:0016746	9	0.45	0
BSU_38200	GO:0003677	9	0.45	0
BSU_31450	GO:1902600	9	0.45	0
BSU_37250	GO:0004657	9	0.45	0
BSU_11670	GO:0004657	9	0.45	0
BSU_35020	GO:0016765	9	0.45	0
BSU_10930	GO:0009055	9	0.45	0
BSU_39820	GO:0003677	9	0.45	0
BSU_03300	GO:0004657	9	0.45	0
BSU_40080	GO:0016746	9	0.45	0
BSU_34070	GO:0009401	9	0.45	0
BSU_08790	GO:0006096	9	0.45	0
BSU_36950	GO:0016765	9	0.45	0
BSU_09720	GO:0009401	9	0.45	0
BSU_35700	GO:1902600	9	0.45	0
BSU_30550	GO:0009055	9	0.45	0
BSU_16160	GO:0046872	9	0.45	0
BSU_35370	GO:0032993	9	0.45	0
BSU_16760	GO:0000287	9	0.45	0
BSU_15570	GO:0004657	9	0.45	0
BSU_00140	GO:0005886	9	0.45	0
BSU_35020	GO:0009089	9	0.45	0
BSU_30550	GO:0009089	9	0.45	0
BSU_30320	GO:0009089	9	0.45	0
BSU_22310	GO:0015633	9	0.45	0
BSU_21770	GO:0000287	9	0.45	0
BSU_33090	GO:0009401	9	0.45	0
BSU_30710	GO:0006281	9	0.45	0
BSU_08290	GO:0016887	9	0.45	0
BSU_34710	GO:0016887	9	0.45	0
BSU_35930	GO:0016746	9	0.45	0
BSU_40080	GO:0005737	9	0.45	0
BSU_06620	GO:0015633	9	0.45	0
BSU_38460	GO:0003677	9	0.45	0
BSU_01000	GO:0005524	9	0.45	0
BSU_00140	GO:0016765	9	0.45	0
BSU_16160	GO:0000287	9	0.45	0
BSU_22310	GO:0004124	9	0.45	0
BSU_10930	GO:0004657	9	0.45	0
BSU_00060	GO:0016746	9	0.45	0
BSU_28470	GO:0004672	9	0.45	0
BSU_08710	GO:0004124	9	0.45	0
BSU_32410	GO:0006096	9	0.45	0
BSU_15210	GO:0009401	9	0.45	0
BSU_28120	GO:0004124	9	0.45	0
BSU_33210	GO:0016020	9	0.45	0
BSU_36950	GO:0004672	9	0.45	0
BSU_23510	GO:0006083	9	0.45	0
BSU_00940	GO:0042802	9	0.45	0
BSU_28120	GO:0006083	9	0.45	0
BSU_08710	GO:0006083	9	0.45	0
BSU_25130	GO:0015633	9	0.45	0
BSU_29540	GO:0016765	9	0.45	0
BSU_24140	GO:0009089	9	0.45	0
BSU_09720	GO:0004672	9	0.45	0
BSU_38050	GO:0005524	9	0.45	0
BSU_29180	GO:0016746	9	0.45	0
BSU_00140	GO:0000160	9	0.45	0
BSU_29180	GO:0070681	9	0.45	0
BSU_10930	GO:0006083	9	0.45	0
BSU_15570	GO:0016765	9	0.45	0
BSU_16250	GO:0005524	9	0.45	0
BSU_10930	GO:0016765	9	0.45	0
BSU_29180	GO:0016765	9	0.45	0
BSU_28440	GO:0005524	9	0.45	0
BSU_28470	GO:0000160	9	0.45	0
BSU_23190	GO:1902600	9	0.45	0
BSU_16760	GO:0016746	9	0.45	0
BSU_00940	GO:0006083	9	0.45	0
BSU_02410	GO:0015633	9	0.45	0
BSU_03790	GO:0016746	9	0.45	0
BSU_36950	GO:0004124	9	0.45	0
BSU_03790	GO:0000160	9	0.45	0
BSU_27920	GO:0032993	9	0.45	0
BSU_36950	GO:0019344	9	0.45	0
BSU_13120	GO:0016765	9	0.45	0
BSU_34910	GO:0006096	9	0.45	0
BSU_00140	GO:0006083	9	0.45	0
BSU_18470	GO:0016765	9	0.45	0
BSU_06620	GO:0016746	9	0.45	0
BSU_16760	GO:0000160	9	0.45	0
BSU_00940	GO:0015633	9	0.45	0
BSU_30710	GO:0005524	9	0.45	0
BSU_28440	GO:0046872	9	0.45	0
BSU_04260	GO:0015633	9	0.45	0
BSU_38200	GO:0000160	9	0.45	0
BSU_09720	GO:0006826	9	0.45	0
BSU_03300	GO:0015633	9	0.45	0
BSU_18470	GO:0000160	9	0.45	0
BSU_09290	GO:0005737	9	0.45	0
BSU_16670	GO:0000160	9	0.45	0
BSU_06470	GO:0032993	9	0.45	0
BSU_37250	GO:0015633	9	0.45	0
BSU_08000	GO:0006826	9	0.45	0
BSU_06480	GO:0016765	9	0.45	0
BSU_18470	GO:0004672	9	0.45	0
BSU_25130	GO:0009055	9	0.45	0
BSU_22780	GO:0015633	9	0.45	0
BSU_17180	GO:0032993	9	0.45	0
BSU_06480	GO:0004124	9	0.45	0
BSU_13120	GO:0000160	9	0.45	0
BSU_22310	GO:0016765	9	0.45	0
BSU_00140	GO:0019344	9	0.45	0
BSU_29540	GO:0006083	9	0.45	0
BSU_01950	GO:0000160	9	0.45	0
BSU_02350	GO:1902600	9	0.45	0
BSU_15500	GO:0000287	9	0.45	0
BSU_29540	GO:0000160	9	0.45	0
BSU_29540	GO:0004672	9	0.45	0
BSU_17180	GO:1902600	9	0.45	0
BSU_18470	GO:0006083	9	0.45	0
BSU_23860	GO:0016746	9	0.45	0
BSU_35370	GO:0005524	9	0.45	0
BSU_13120	GO:0004672	9	0.45	0
BSU_08820	GO:0016765	9	0.45	0
BSU_28950	GO:0070681	9	0.45	0
BSU_28120	GO:0016765	9	0.45	0
BSU_08710	GO:0016765	9	0.45	0
BSU_30710	GO:0071555	9	0.45	0
BSU_12010	GO:0005524	9	0.45	0
BSU_07920	GO:0006826	9	0.45	0
BSU_00870	GO:0005737	9	0.45	0
BSU_38200	GO:0042802	9	0.45	0
BSU_15210	GO:0006814	9	0.45	0
BSU_30550	GO:0016887	9	0.45	0
BSU_23860	GO:0005737	9	0.45	0
BSU_21770	GO:0090529	9	0.45	0
BSU_01380	GO:0071555	9	0.45	0
BSU_06430	GO:0005737	9	0.45	0
BSU_30710	GO:0006814	9	0.45	0
BSU_16760	GO:0090529	9	0.45	0
BSU_16160	GO:0090529	9	0.45	0
BSU_30320	GO:0016887	9	0.45	0
BSU_17600	GO:0042802	9	0.45	0
BSU_17180	GO:0046872	9	0.45	0
BSU_25130	GO:0006096	9	0.45	0
BSU_15170	GO:0006814	9	0.45	0
BSU_34680	GO:0004657	9	0.45	0
BSU_38460	GO:0016887	9	0.45	0
BSU_28950	GO:0000287	9	0.45	0
BSU_30550	GO:0042802	9	0.45	0
BSU_25260	GO:0004672	9	0.45	0
BSU_37250	GO:0006814	9	0.45	0
BSU_06480	GO:0009089	9	0.45	0
BSU_30710	GO:0005737	9	0.45	0
BSU_29670	GO:0003677	9	0.45	0
BSU_08000	GO:0006814	9	0.45	0
BSU_38200	GO:0016887	9	0.45	0
BSU_11460	GO:0009401	9	0.45	0
BSU_09720	GO:0006814	9	0.45	0
BSU_30710	GO:0009401	9	0.45	0
BSU_23190	GO:0005524	9	0.45	0
BSU_15170	GO:0009401	9	0.45	0
BSU_38490	GO:0006814	9	0.45	0
BSU_34070	GO:0006814	9	0.45	0
BSU_29670	GO:0016887	9	0.45	0
BSU_16250	GO:0090529	9	0.45	0
BSU_34910	GO:0004657	9	0.45	0
BSU_38200	GO:0006541	9	0.45	0
BSU_39050	GO:0015633	9	0.45	0
BSU_25260	GO:0016887	9	0.45	0
BSU_28950	GO:0004672	9	0.45	0
BSU_04000	GO:0042802	9	0.45	0
BSU_18470	GO:0046872	9	0.45	0
BSU_38490	GO:0016887	9	0.45	0
BSU_17180	GO:0005524	9	0.45	0
BSU_40420	GO:0006541	9	0.45	0
BSU_05840	GO:0000287	9	0.45	0
BSU_04000	GO:0004657	9	0.45	0
BSU_25130	GO:0042802	9	0.45	0
BSU_13120	GO:0004657	9	0.45	0
BSU_37560	GO:0004672	9	0.45	0
BSU_00940	GO:0009089	9	0.45	0
BSU_06470	GO:0004088	9	0.45	0
BSU_24950	GO:0006814	9	0.45	0
BSU_00060	GO:0004088	9	0.45	0
BSU_24960	GO:0006814	9	0.45	0
BSU_25510	GO:0006814	9	0.45	0
BSU_21770	GO:0005737	9	0.45	0
BSU_08720	GO:0004657	9	0.45	0
BSU_35370	GO:0004088	9	0.45	0
BSU_29670	GO:0000287	9	0.45	0
BSU_00140	GO:0019877	9	0.45	0
BSU_09290	GO:0000287	9	0.45	0
BSU_16350	GO:1902600	9	0.45	0
BSU_11670	GO:0046872	9	0.45	0
BSU_28950	GO:0016887	9	0.45	0
BSU_01810	GO:0005737	9	0.45	0
BSU_35930	GO:0000287	9	0.45	0
BSU_08820	GO:0015633	9	0.45	0
BSU_40420	GO:0042802	9	0.45	0
BSU_23860	GO:0090529	9	0.45	0
BSU_16250	GO:1902600	9	0.45	0
BSU_06620	GO:0005737	9	0.45	0
BSU_08820	GO:0004124	9	0.45	0
BSU_04260	GO:0005737	9	0.45	0
BSU_27990	GO:1902600	9	0.45	0
BSU_06470	GO:0016746	9	0.45	0
BSU_25260	GO:0000287	9	0.45	0
BSU_02410	GO:0006096	9	0.45	0
BSU_15570	GO:0006281	9	0.45	0
BSU_37250	GO:0005737	9	0.45	0
BSU_33090	GO:0071555	9	0.45	0
BSU_10930	GO:0006281	9	0.45	0
BSU_30550	GO:0019344	9	0.45	0
BSU_27920	GO:0016746	9	0.45	0
BSU_00940	GO:0006096	9	0.45	0
BSU_39050	GO:0005737	9	0.45	0
BSU_09290	GO:0016887	9	0.45	0
BSU_35020	GO:0000287	9	0.45	0
BSU_08820	GO:0006281	9	0.45	0
BSU_03790	GO:0005737	9	0.45	0
BSU_00060	GO:0032993	9	0.45	0
BSU_00940	GO:0004672	9	0.45	0
BSU_23860	GO:0000287	9	0.45	0
BSU_38050	GO:0000287	9	0.45	0
BSU_11460	GO:0071555	9	0.45	0
BSU_30710	GO:0004657	9	0.45	0
BSU_02350	GO:0005524	9	0.45	0
BSU_00140	GO:0004672	9	0.45	0
BSU_02410	GO:0005737	9	0.45	0
BSU_03300	GO:0005737	9	0.45	0
BSU_35020	GO:0016746	9	0.45	0
BSU_29540	GO:0006281	9	0.45	0
BSU_02360	GO:0016746	9	0.45	0
BSU_37250	GO:0009401	9	0.45	0
BSU_24250	GO:0032993	9	0.45	0
BSU_40420	GO:0009089	9	0.45	0
BSU_00060	GO:0006289	9	0.45	0
BSU_22780	GO:0004124	9	0.45	0
BSU_28470	GO:0000287	9	0.45	0
BSU_08790	GO:0016836	9	0.45	0
BSU_40080	GO:0000287	9	0.45	0
BSU_08000	GO:0042802	9	0.45	0
BSU_13590	GO:0042802	9	0.45	0
BSU_28470	GO:0090529	9	0.45	0
BSU_28440	GO:0090529	9	0.45	0
BSU_16250	GO:0046872	9	0.45	0
BSU_40080	GO:0004657	9	0.45	0
BSU_27920	GO:0090529	9	0.45	0
BSU_25260	GO:0090529	9	0.45	0
BSU_33210	GO:0016887	9	0.45	0
BSU_28470	GO:0005737	9	0.45	0
BSU_24140	GO:0005737	9	0.45	0
BSU_00060	GO:1902600	9	0.45	0
BSU_23860	GO:0004657	9	0.45	0
BSU_13590	GO:0005737	9	0.45	0
BSU_39050	GO:0006281	9	0.45	0
BSU_05410	GO:0006826	9	0.45	0
BSU_28440	GO:0000287	9	0.45	0
BSU_04260	GO:0042802	9	0.45	0
BSU_16160	GO:0032993	9	0.45	0
BSU_37250	GO:0071555	9	0.45	0
BSU_28470	GO:0070681	9	0.45	0
BSU_08290	GO:0006826	9	0.45	0
BSU_24140	GO:0000287	9	0.45	0
BSU_16670	GO:0004672	9	0.45	0
BSU_15170	GO:0005524	9	0.45	0
BSU_29180	GO:0090529	9	0.45	0
BSU_11460	GO:0046872	9	0.45	0
BSU_34070	GO:0016887	9	0.45	0
BSU_00140	GO:0030435	9	0.45	0
BSU_39050	GO:0005737	9	0.45	0
BSU_20020	GO:0006281	9	0.45	0
BSU_15570	GO:0030145	9	0.45	0
BSU_28120	GO:0005524	9	0.45	0
BSU_08820	GO:0005524	9	0.45	0
BSU_02410	GO:0005524	9	0.45	0
BSU_10930	GO:0030145	9	0.45	0
BSU_37560	GO:0008531	9	0.45	0
BSU_40420	GO:0004312	9	0.45	0
BSU_25130	GO:0005524	9	0.45	0
BSU_09290	GO:0005886	9	0.45	0
BSU_28950	GO:0008531	9	0.45	0
BSU_08710	GO:0005524	9	0.45	0
BSU_06430	GO:0004312	9	0.45	0
BSU_06500	GO:0004312	9	0.45	0
BSU_23860	GO:0006546	9	0.45	0
BSU_17180	GO:0005524	9	0.45	0
BSU_18300	GO:0004312	9	0.45	0
BSU_40080	GO:0006546	9	0.45	0
BSU_00140	GO:0046872	9	0.45	0
BSU_24960	GO:0015658	9	0.45	0
BSU_03300	GO:0005524	9	0.45	0
BSU_22310	GO:0005524	9	0.45	0
BSU_29180	GO:0005886	9	0.45	0
BSU_06480	GO:0004312	9	0.45	0
BSU_06470	GO:0004312	9	0.45	0
BSU_27920	GO:0005524	9	0.45	0
BSU_28120	GO:0030145	9	0.45	0
BSU_30550	GO:0008531	9	0.45	0
BSU_36950	GO:0046872	9	0.45	0
BSU_08820	GO:0030145	9	0.45	0
BSU_08820	GO:0003677	9	0.45	0
BSU_04260	GO:0005524	9	0.45	0
BSU_28120	GO:0003677	9	0.45	0
BSU_03790	GO:0004527	9	0.45	0
BSU_09720	GO:0046942	9	0.45	0
BSU_06620	GO:0004312	9	0.45	0
BSU_22780	GO:0005524	9	0.45	0
BSU_08710	GO:0003677	9	0.45	0
BSU_11460	GO:0046942	9	0.45	0
BSU_29200	GO:0003677	9	0.45	0
BSU_31650	GO:0015658	9	0.45	0
BSU_37250	GO:0005524	9	0.45	0
BSU_24950	GO:0015658	9	0.45	0
BSU_34070	GO:0015658	9	0.45	0
BSU_22780	GO:0003677	9	0.45	0
BSU_35020	GO:0004312	9	0.45	0
BSU_39820	GO:0006546	9	0.45	0
BSU_09720	GO:0003677	9	0.45	0
BSU_15500	GO:0005524	9	0.45	0
BSU_00940	GO:0004312	9	0.45	0
BSU_10930	GO:0009697	9	0.45	0
BSU_38200	GO:0006546	9	0.45	0
BSU_35930	GO:0006546	9	0.45	0
BSU_29540	GO:0009697	9	0.45	0
BSU_02360	GO:0004312	9	0.45	0
BSU_08290	GO:0007165	9	0.45	0
BSU_01810	GO:0004527	9	0.45	0
BSU_22780	GO:0004312	9	0.45	0
BSU_27920	GO:0004312	9	0.45	0
BSU_23510	GO:0005524	9	0.45	0
BSU_13120	GO:0030145	9	0.45	0
BSU_16760	GO:0005886	9	0.45	0
BSU_28490	GO:0005524	9	0.45	0
BSU_34070	GO:0007165	9	0.45	0
BSU_33090	GO:0015658	9	0.45	0
BSU_35370	GO:0004312	9	0.45	0
BSU_23190	GO:0006289	9	0.45	0
BSU_02350	GO:0005737	9	0.45	0
BSU_25260	GO:0006546	9	0.45	0
BSU_29540	GO:0030145	9	0.45	0
BSU_34680	GO:0006546	9	0.45	0
BSU_27920	GO:0005524	9	0.45	0
BSU_40420	GO:0005524	9	0.45	0
BSU_29670	GO:0006546	9	0.45	0
BSU_36950	GO:0003677	9	0.45	0
BSU_38460	GO:0006546	9	0.45	0
BSU_29200	GO:0004312	9	0.45	0
BSU_09720	GO:0015658	9	0.45	0
BSU_06620	GO:0005524	9	0.45	0
BSU_31350	GO:0006546	9	0.45	0
BSU_10930	GO:0005524	9	0.45	0
BSU_15210	GO:0015658	9	0.45	0
BSU_15570	GO:0005524	9	0.45	0
BSU_30320	GO:0006546	9	0.45	0
BSU_05410	GO:0007165	9	0.45	0
BSU_30550	GO:0006546	9	0.45	0
BSU_27920	GO:0005524	9	0.45	0
BSU_08710	GO:0030145	9	0.45	0
BSU_22310	GO:0030145	9	0.45	0
BSU_09650	GO:0008531	9	0.45	0
BSU_00940	GO:0006546	9	0.45	0
BSU_02360	GO:0005524	9	0.45	0
BSU_08820	GO:0000310	9	0.45	0
BSU_31650	GO:0016491	9	0.45	0
BSU_06480	GO:0004527	9	0.45	0
BSU_23510	GO:0046872	9	0.45	0
BSU_36950	GO:0004527	9	0.45	0
BSU_22780	GO:0030145	9	0.45	0
BSU_13590	GO:0005524	9	0.45	0
BSU_04000	GO:0009697	9	0.45	0
BSU_36950	GO:0003677	9	0.45	0
BSU_35930	GO:0005524	9	0.45	0
BSU_29180	GO:0000310	9	0.45	0
BSU_00060	GO:0004359	9	0.45	0
BSU_18470	GO:0046872	9	0.45	0
BSU_03790	GO:0006546	9	0.45	0
BSU_13120	GO:0046872	9	0.45	0
BSU_10930	GO:0000310	9	0.45	0
BSU_18300	GO:0046872	9	0.45	0
BSU_35370	GO:0004359	9	0.45	0
BSU_10930	GO:0003677	9	0.45	0
BSU_28950	GO:0051287	9	0.45	0
BSU_15500	GO:0005524	9	0.45	0
BSU_15210	GO:0046677	9	0.45	0
BSU_17600	GO:0009697	9	0.45	0
BSU_03300	GO:0005524	9	0.45	0
BSU_24250	GO:0005515	9	0.45	0
BSU_28470	GO:0051287	9	0.45	0
BSU_06620	GO:0005524	9	0.45	0
BSU_29180	GO:0016887	9	0.45	0
BSU_06480	GO:0005886	9	0.45	0
BSU_35020	GO:0005524	9	0.45	0
BSU_01000	GO:0006289	9	0.45	0
BSU_14000	GO:0006546	9	0.45	0
BSU_18450	GO:0005524	9	0.45	0
BSU_24950	GO:0016491	9	0.45	0
BSU_37250	GO:0015658	9	0.45	0
BSU_24960	GO:0016491	9	0.45	0
BSU_16250	GO:0005524	9	0.45	0
BSU_30710	GO:0005524	9	0.45	0
BSU_15570	GO:0000310	9	0.45	0
BSU_15570	GO:0005524	9	0.45	0
BSU_16760	GO:0006546	9	0.45	0
BSU_18470	GO:0000310	9	0.45	0
BSU_08820	GO:0005524	9	0.45	0
BSU_02350	GO:0015658	9	0.45	0
BSU_22310	GO:0005524	9	0.45	0
BSU_13120	GO:0000310	9	0.45	0
BSU_39050	GO:0006546	9	0.45	0
BSU_28470	GO:0004527	9	0.45	0
BSU_29540	GO:0003677	9	0.45	0
BSU_29180	GO:0006546	9	0.45	0
BSU_22780	GO:0005524	9	0.45	0
BSU_07920	GO:0016491	9	0.45	0
BSU_28090	GO:0005886	9	0.45	0
BSU_16760	GO:0004527	9	0.45	0
BSU_13120	GO:0004124	9	0.45	0
BSU_08710	GO:0046872	9	0.45	0
BSU_13120	GO:0006546	9	0.45	0
BSU_18470	GO:0006546	9	0.45	0
BSU_18470	GO:0004124	9	0.45	0
BSU_15570	GO:0003677	9	0.45	0
BSU_09720	GO:0008514	9	0.45	0
BSU_02420	GO:0016491	9	0.45	0
BSU_39050	GO:0005524	9	0.45	0
BSU_36950	GO:0030145	9	0.45	0
BSU_18470	GO:0003677	9	0.45	0
BSU_28470	GO:0006546	9	0.45	0
BSU_25130	GO:0009697	9	0.45	0
BSU_06480	GO:0003677	9	0.45	0
BSU_00940	GO:0009697	9	0.45	0
BSU_08290	GO:0016491	9	0.45	0
BSU_28490	GO:0016887	9	0.45	0
BSU_24250	GO:0004359	9	0.45	0
BSU_34070	GO:0003677	9	0.45	0
BSU_05410	GO:0016491	9	0.45	0
BSU_10930	GO:0005524	9	0.45	0
BSU_29540	GO:0000310	9	0.45	0
BSU_13120	GO:0003677	9	0.45	0
BSU_28120	GO:0046872	9	0.45	0
BSU_02410	GO:0009697	9	0.45	0
BSU_06620	GO:0006546	9	0.45	0
BSU_28490	GO:0005524	9	0.45	0
BSU_18470	GO:0030145	9	0.45	0
BSU_33090	GO:0004527	9	0.45	0
BSU_00140	GO:0004644	9	0.45	0
BSU_01380	GO:0047810	9	0.45	0
BSU_00940	GO:0004527	9	0.45	0
BSU_08790	GO:0047810	9	0.45	0
BSU_39050	GO:0047810	9	0.45	0
BSU_16670	GO:0005886	9	0.45	0
BSU_13250	GO:0047810	9	0.45	0
BSU_31450	GO:0003678	9	0.45	0
BSU_29180	GO:0006541	9	0.45	0
BSU_09290	GO:0047810	9	0.45	0
BSU_11460	GO:0003677	9	0.45	0
BSU_35700	GO:0003678	9	0.45	0
BSU_16250	GO:0005737	9	0.45	0
BSU_24250	GO:0003678	9	0.45	0
BSU_06480	GO:0005886	9	0.45	0
BSU_10930	GO:0005829	9	0.45	0
BSU_30710	GO:0046942	9	0.45	0
BSU_17180	GO:0003678	9	0.45	0
BSU_25130	GO:0006355	9	0.45	0
BSU_16670	GO:0005737	9	0.45	0
BSU_36820	GO:0003678	9	0.45	0
BSU_18450	GO:0003678	9	0.45	0
BSU_29540	GO:0003677	9	0.45	0
BSU_30550	GO:0005886	9	0.45	0
BSU_37250	GO:0046942	9	0.45	0
BSU_37250	GO:0016020	9	0.45	0
BSU_33090	GO:0046942	9	0.45	0
BSU_28490	GO:0006541	9	0.45	0
BSU_06620	GO:0005737	9	0.45	0
BSU_16160	GO:0006541	9	0.45	0
BSU_36950	GO:0005886	9	0.45	0
BSU_01000	GO:0003678	9	0.45	0
BSU_04260	GO:0005829	9	0.45	0
BSU_39820	GO:0005886	9	0.45	0
BSU_38490	GO:0008531	9	0.45	0
BSU_16350	GO:0003678	9	0.45	0
BSU_09290	GO:0005886	9	0.45	0
BSU_06620	GO:0047810	9	0.45	0
BSU_16220	GO:0003678	9	0.45	0
BSU_24520	GO:0016020	9	0.45	0
BSU_38050	GO:0003678	9	0.45	0
BSU_00870	GO:0005886	9	0.45	0
BSU_08820	GO:0006541	9	0.45	0
BSU_22310	GO:0006541	9	0.45	0
BSU_28440	GO:0005737	9	0.45	0
BSU_40990	GO:0006355	9	0.45	0
BSU_24250	GO:0005524	9	0.45	0
BSU_29670	GO:0047810	9	0.45	0
BSU_06430	GO:0005737	9	0.45	0
BSU_34680	GO:0047810	9	0.45	0
BSU_15210	GO:0046942	9	0.45	0
BSU_34070	GO:0046942	9	0.45	0
BSU_02360	GO:0006541	9	0.45	0
BSU_18470	GO:0003677	9	0.45	0
BSU_25260	GO:0047810	9	0.45	0
BSU_18470	GO:0047810	9	0.45	0
BSU_35370	GO:0005524	9	0.45	0
BSU_27920	GO:0006541	9	0.45	0
BSU_09670	GO:0005737	9	0.45	0
BSU_27990	GO:0003678	9	0.45	0
BSU_16160	GO:0005886	9	0.45	0
BSU_40080	GO:0047810	9	0.45	0
BSU_02350	GO:0005515	9	0.45	0
BSU_23860	GO:0047810	9	0.45	0
BSU_06480	GO:0006541	9	0.45	0
BSU_13120	GO:0047810	9	0.45	0
BSU_15570	GO:0005829	9	0.45	0
BSU_30550	GO:0047810	9	0.45	0
BSU_24250	GO:0006289	9	0.45	0
BSU_00060	GO:0003678	9	0.45	0
BSU_35930	GO:0047810	9	0.45	0
BSU_23510	GO:0006355	9	0.45	0
BSU_29540	GO:0005829	9	0.45	0
BSU_38200	GO:0047810	9	0.45	0
BSU_39820	GO:0047810	9	0.45	0
BSU_13590	GO:0005829	9	0.45	0
BSU_35020	GO:0006541	9	0.45	0
BSU_16350	GO:0005737	9	0.45	0
BSU_30320	GO:0047810	9	0.45	0
BSU_29180	GO:0047810	9	0.45	0
BSU_31350	GO:0047810	9	0.45	0
BSU_38460	GO:0047810	9	0.45	0
BSU_06470	GO:0004527	9	0.45	0
BSU_18450	GO:0005737	9	0.45	0
BSU_38200	GO:0005886	9	0.45	0
BSU_15170	GO:0046942	9	0.45	0
BSU_25260	GO:0005886	9	0.45	0
BSU_29200	GO:0006541	9	0.45	0
BSU_22310	GO:0008253	9	0.45	0
BSU_10220	GO:0072488	9	0.45	0
BSU_34710	GO:0016020	9	0.45	0
BSU_01950	GO:0016020	9	0.45	0
BSU_33210	GO:0016020	9	0.45	0
BSU_13250	GO:0007165	9	0.45	0
BSU_31350	GO:0046872	9	0.45	0
BSU_31350	GO:0034023	9	0.45	0
BSU_00940	GO:0003677	9	0.45	0
BSU_28950	GO:0005886	9	0.45	0
BSU_38200	GO:0005886	9	0.45	0
BSU_00060	GO:0006541	9	0.45	0
BSU_39820	GO:0005886	9	0.45	0
BSU_37560	GO:0005886	9	0.45	0
BSU_02410	GO:0005737	9	0.45	0
BSU_13120	GO:0005886	9	0.45	0
BSU_25510	GO:0016020	9	0.45	0
BSU_30550	GO:0005886	9	0.45	0
BSU_29180	GO:0008253	9	0.45	0
BSU_04000	GO:0005829	9	0.45	0
BSU_07700	GO:0016020	9	0.45	0
BSU_00870	GO:0005886	9	0.45	0
BSU_18300	GO:0006541	9	0.45	0
BSU_03790	GO:0016020	9	0.45	0
BSU_13890	GO:0005737	9	0.45	0
BSU_18300	GO:0005524	9	0.45	0
BSU_29180	GO:0003677	9	0.45	0
BSU_27990	GO:0005737	9	0.45	0
BSU_36950	GO:0004312	9	0.45	0
BSU_28470	GO:0016020	9	0.45	0
BSU_16760	GO:0016020	9	0.45	0
BSU_12010	GO:0005737	9	0.45	0
BSU_00140	GO:0016020	9	0.45	0
BSU_29540	GO:0005886	9	0.45	0
BSU_07750	GO:0046942	9	0.45	0
BSU_25260	GO:0005886	9	0.45	0
BSU_38050	GO:0005737	9	0.45	0
BSU_30320	GO:0046872	9	0.45	0
BSU_38050	GO:0005515	9	0.45	0
BSU_34890	GO:0005829	9	0.45	0
BSU_08790	GO:0006355	9	0.45	0
BSU_30710	GO:0008253	9	0.45	0
BSU_01000	GO:0005737	9	0.45	0
BSU_08820	GO:0008253	9	0.45	0
BSU_06620	GO:0008253	9	0.45	0
BSU_03790	GO:0047810	9	0.45	0
BSU_35370	GO:0006541	9	0.45	0
BSU_35020	GO:0005524	9	0.45	0
BSU_02410	GO:0005829	9	0.45	0
BSU_00060	GO:0008253	9	0.45	0
BSU_33090	GO:0005737	9	0.45	0
BSU_35930	GO:0006541	9	0.45	0
BSU_38460	GO:0005886	9	0.45	0
BSU_31450	GO:0005737	9	0.45	0
BSU_36820	GO:0005737	9	0.45	0
BSU_18470	GO:0005886	9	0.45	0
BSU_37560	GO:0005886	9	0.45	0
BSU_28950	GO:0005886	9	0.45	0
BSU_16760	GO:0047810	9	0.45	0
BSU_25260	GO:0006541	9	0.45	0
BSU_13890	GO:0005515	9	0.45	0
BSU_28470	GO:0047810	9	0.45	0
BSU_22780	GO:0005829	9	0.45	0
BSU_30320	GO:0005886	9	0.45	0
BSU_29670	GO:0005886	9	0.45	0
BSU_12010	GO:0005515	9	0.45	0
BSU_31650	GO:0046942	9	0.45	0
BSU_38460	GO:0005886	9	0.45	0
BSU_29670	GO:0005886	9	0.45	0
BSU_06480	GO:0008253	9	0.45	0
BSU_27920	GO:0008253	9	0.45	0
BSU_29750	GO:0008531	9	0.45	0
BSU_30320	GO:0005886	9	0.45	0
BSU_37250	GO:0008253	9	0.45	0
BSU_28470	GO:0005886	9	0.45	0
BSU_24140	GO:0005737	9	0.45	0
BSU_38490	GO:0005737	9	0.45	0
BSU_29750	GO:0005737	9	0.45	0
BSU_03300	GO:0008253	9	0.45	0
BSU_11460	GO:0005737	9	0.45	0
BSU_25130	GO:0005829	9	0.45	0
BSU_16160	GO:0003677	9	0.45	0
BSU_00940	GO:0047810	9	0.45	0
BSU_35700	GO:0005737	9	0.45	0
BSU_00140	GO:0003677	9	0.45	0
BSU_25510	GO:0005524	9	0.45	0
BSU_15500	GO:0003677	9	0.45	0
BSU_28120	GO:0000310	9	0.45	0
BSU_28120	GO:0046872	9	0.45	0
BSU_22310	GO:0004527	9	0.45	0
BSU_29540	GO:0044780	9	0.45	0
BSU_09720	GO:0030001	9	0.45	0
BSU_34070	GO:0071555	9	0.45	0
BSU_22780	GO:0051920	9	0.45	0
BSU_00060	GO:0019344	9	0.45	0
BSU_08710	GO:0046872	9	0.45	0
BSU_17180	GO:0006289	9	0.45	0
BSU_29750	GO:0046872	9	0.45	0
BSU_02360	GO:0051920	9	0.45	0
BSU_31350	GO:0046872	9	0.45	0
BSU_29200	GO:0016020	9	0.45	0
BSU_36950	GO:0051920	9	0.45	0
BSU_00140	GO:0016887	9	0.45	0
BSU_30710	GO:0019344	9	0.45	0
BSU_35930	GO:0004359	9	0.45	0
BSU_08000	GO:0015093	9	0.45	0
BSU_08000	GO:0046872	9	0.45	0
BSU_33210	GO:0071555	9	0.45	0
BSU_28950	GO:0003677	9	0.45	0
BSU_07920	GO:0006811	9	0.45	0
BSU_29180	GO:0044780	9	0.45	0
BSU_08710	GO:0044780	9	0.45	0
BSU_28120	GO:0044780	9	0.45	0
BSU_08820	GO:0044780	9	0.45	0
BSU_38490	GO:0006434	9	0.45	0
BSU_13250	GO:0071555	9	0.45	0
BSU_31450	GO:0005515	9	0.45	0
BSU_04260	GO:0004527	9	0.45	0
BSU_34710	GO:0071555	9	0.45	0
BSU_04000	GO:0006650	9	0.45	0
BSU_35020	GO:0051920	9	0.45	0
BSU_25260	GO:0016020	9	0.45	0
BSU_06620	GO:0004527	9	0.45	0
BSU_10930	GO:0044780	9	0.45	0
BSU_15570	GO:0044780	9	0.45	0
BSU_00940	GO:0051920	9	0.45	0
BSU_37560	GO:0003677	9	0.45	0
BSU_08290	GO:0071555	9	0.45	0
BSU_00940	GO:0016887	9	0.45	0
BSU_07920	GO:0007165	9	0.45	0
BSU_09720	GO:0015093	9	0.45	0
BSU_34070	GO:0016491	9	0.45	0
BSU_29200	GO:0004359	9	0.45	0
BSU_28120	GO:0051920	9	0.45	0
BSU_21770	GO:0006541	9	0.45	0
BSU_29180	GO:0051920	9	0.45	0
BSU_15210	GO:0007165	9	0.45	0
BSU_06480	GO:0019344	9	0.45	0
BSU_18120	GO:0006811	9	0.45	0
BSU_34820	GO:0006811	9	0.45	0
BSU_15570	GO:0016301	9	0.45	0
BSU_29540	GO:0016020	9	0.45	0
BSU_08710	GO:0051920	9	0.45	0
BSU_10930	GO:0051920	9	0.45	0
BSU_15570	GO:0051920	9	0.45	0
BSU_10930	GO:0016301	9	0.45	0
BSU_07750	GO:0006811	9	0.45	0
BSU_28490	GO:0004359	9	0.45	0
BSU_16160	GO:0004359	9	0.45	0
BSU_28490	GO:0004527	9	0.45	0
BSU_29540	GO:0051920	9	0.45	0
BSU_38240	GO:0006811	9	0.45	0
BSU_29200	GO:0016887	9	0.45	0
BSU_03300	GO:0019344	9	0.45	0
BSU_24140	GO:0019344	9	0.45	0
BSU_10220	GO:0006811	9	0.45	0
BSU_35930	GO:0019344	9	0.45	0
BSU_38490	GO:0015093	9	0.45	0
BSU_31650	GO:0007165	9	0.45	0
BSU_15210	GO:0015093	9	0.45	0
BSU_34070	GO:0015093	9	0.45	0
BSU_18470	GO:0005886	9	0.45	0
BSU_06480	GO:0051920	9	0.45	0
BSU_13120	GO:0016020	9	0.45	0
BSU_22310	GO:0051920	9	0.45	0
BSU_24960	GO:0007165	9	0.45	0
BSU_13590	GO:0016301	9	0.45	0
BSU_02420	GO:0006811	9	0.45	0
BSU_29180	GO:0004124	9	0.45	0
BSU_35020	GO:0019344	9	0.45	0
BSU_38050	GO:0019344	9	0.45	0
BSU_38490	GO:0006650	9	0.45	0
BSU_24950	GO:0007165	9	0.45	0
BSU_05410	GO:0071555	9	0.45	0
BSU_00140	GO:0051920	9	0.45	0
BSU_20020	GO:0016301	9	0.45	0
BSU_38050	GO:0006289	9	0.45	0
BSU_29750	GO:0006541	9	0.45	0
BSU_30320	GO:0006434	9	0.45	0
BSU_18300	GO:0006541	9	0.45	0
BSU_38460	GO:0006434	9	0.45	0
BSU_35020	GO:0016829	9	0.45	0
BSU_00940	GO:0006434	9	0.45	0
BSU_24140	GO:0016829	9	0.45	0
BSU_40990	GO:0006355	9	0.45	0
BSU_00940	GO:0044780	9	0.45	0
BSU_29540	GO:0042802	9	0.45	0
BSU_35020	GO:0044780	9	0.45	0
BSU_02360	GO:0044780	9	0.45	0
BSU_08710	GO:0016836	9	0.45	0
BSU_23510	GO:0006355	9	0.45	0
BSU_25130	GO:0006355	9	0.45	0
BSU_28120	GO:0016836	9	0.45	0
BSU_34070	GO:0030435	9	0.45	0
BSU_28470	GO:0016887	9	0.45	0
BSU_38050	GO:0006508	9	0.45	0
BSU_28090	GO:0006434	9	0.45	0
BSU_13120	GO:0003677	9	0.45	0
BSU_00940	GO:0005886	9	0.45	0
BSU_00940	GO:0030435	9	0.45	0
BSU_09290	GO:0016020	9	0.45	0
BSU_10930	GO:0042802	9	0.45	0
BSU_30550	GO:0006650	9	0.45	0
BSU_08710	GO:0006355	9	0.45	0
BSU_38050	GO:0016829	9	0.45	0
BSU_06480	GO:0016887	9	0.45	0
BSU_25510	GO:0044780	9	0.45	0
BSU_30320	GO:0016020	9	0.45	0
BSU_38460	GO:0016020	9	0.45	0
BSU_15570	GO:0042802	9	0.45	0
BSU_02410	GO:0016836	9	0.45	0
BSU_38200	GO:0006650	9	0.45	0
BSU_33090	GO:0006508	9	0.45	0
BSU_00140	GO:0044780	9	0.45	0
BSU_00140	GO:0006355	9	0.45	0
BSU_36950	GO:0016887	9	0.45	0
BSU_00140	GO:0006434	9	0.45	0
BSU_38490	GO:0030435	9	0.45	0
BSU_40080	GO:0016829	9	0.45	0
BSU_16760	GO:0016887	9	0.45	0
BSU_08000	GO:0006281	9	0.45	0
BSU_39050	GO:0051920	9	0.45	0
BSU_06480	GO:0044780	9	0.45	0
BSU_24140	GO:0006541	9	0.45	0
BSU_37560	GO:0016020	9	0.45	0
BSU_15210	GO:0071555	9	0.45	0
BSU_29750	GO:0006434	9	0.45	0
BSU_38490	GO:0071555	9	0.45	0
BSU_28440	GO:0006508	9	0.45	0
BSU_09720	GO:0071555	9	0.45	0
BSU_29670	GO:0016829	9	0.45	0
BSU_28950	GO:0016020	9	0.45	0
BSU_08000	GO:0071555	9	0.45	0
BSU_08720	GO:0051920	9	0.45	0
BSU_06480	GO:0006281	9	0.45	0
BSU_00940	GO:0005886	9	0.45	0
BSU_36820	GO:0006508	9	0.45	0
BSU_22310	GO:0044780	9	0.45	0
BSU_17600	GO:0006650	9	0.45	0
BSU_29180	GO:0006281	9	0.45	0
BSU_13590	GO:0006281	9	0.45	0
BSU_08820	GO:0051920	9	0.45	0
BSU_36950	GO:0044780	9	0.45	0
BSU_09650	GO:0006434	9	0.45	0
BSU_03790	GO:0016887	9	0.45	0
BSU_27990	GO:0006289	9	0.45	0
BSU_25510	GO:0005737	9	0.45	0
BSU_09720	GO:0030435	9	0.45	0
BSU_29670	GO:0016020	9	0.45	0
BSU_22780	GO:0044780	9	0.45	0
BSU_06620	GO:0016887	9	0.45	0
BSU_35930	GO:0016829	9	0.45	0
BSU_38490	GO:0006541	9	0.45	0
BSU_08000	GO:0030435	9	0.45	0
BSU_01000	GO:0006508	9	0.45	0
BSU_27990	GO:0006508	9	0.45	0
BSU_09290	GO:0016829	9	0.45	0
BSU_30550	GO:0006434	9	0.45	0
BSU_27920	GO:0044780	9	0.45	0
BSU_37560	GO:0006434	9	0.45	0
BSU_29180	GO:0016020	9	0.45	0
BSU_37250	GO:0005737	9	0.45	0
BSU_07920	GO:0030001	9	0.45	0
BSU_32410	GO:0046677	9	0.45	0
BSU_32410	GO:0005524	9	0.45	0
BSU_02420	GO:0008514	9	0.45	0
BSU_16160	GO:0016020	9	0.45	0
BSU_27810	GO:0030001	9	0.45	0
BSU_03790	GO:0003677	9	0.45	0
BSU_16760	GO:0003677	9	0.45	0
BSU_28470	GO:0003677	9	0.45	0
BSU_34890	GO:0046677	9	0.45	0
BSU_36950	GO:0000310	9	0.45	0
BSU_00940	GO:0051287	9	0.45	0
BSU_10220	GO:0008514	9	0.45	0
BSU_11460	GO:0016020	9	0.45	0
BSU_06480	GO:0000310	9	0.45	0
BSU_24250	GO:0006364	9	0.45	0
BSU_06470	GO:0016887	9	0.45	0
BSU_29540	GO:0004124	9	0.45	0
BSU_00060	GO:0016887	9	0.45	0
BSU_00140	GO:0030145	9	0.45	0
BSU_16760	GO:0005886	9	0.45	0
BSU_13600	GO:0046677	9	0.45	0
BSU_00140	GO:0004124	9	0.45	0
BSU_31350	GO:0051287	9	0.45	0
BSU_00140	GO:0008531	9	0.45	0
BSU_08000	GO:0015295	9	0.45	0
BSU_18120	GO:0008514	9	0.45	0
BSU_38490	GO:0015295	9	0.45	0
BSU_01000	GO:0006364	9	0.45	0
BSU_01950	GO:0016020	9	0.45	0
BSU_20020	GO:0015293	9	0.45	0
BSU_35700	GO:0006364	9	0.45	0
BSU_22780	GO:0000310	9	0.45	0
BSU_38240	GO:0008514	9	0.45	0
BSU_40420	GO:0051287	9	0.45	0
BSU_08000	GO:0007165	9	0.45	0
BSU_37250	GO:0046677	9	0.45	0
BSU_16160	GO:0005886	9	0.45	0
BSU_35370	GO:0016887	9	0.45	0
BSU_00870	GO:0016020	9	0.45	0
BSU_39820	GO:0016020	9	0.45	0
BSU_33090	GO:0003677	9	0.45	0
BSU_20020	GO:0046677	9	0.45	0
BSU_28470	GO:0005886	9	0.45	0
BSU_15500	GO:0046677	9	0.45	0
BSU_30550	GO:0009697	9	0.45	0
BSU_22310	GO:0000310	9	0.45	0
BSU_13590	GO:0009697	9	0.45	0
BSU_38490	GO:0016491	9	0.45	0
BSU_00060	GO:0016887	9	0.45	0
BSU_20020	GO:0009697	9	0.45	0
BSU_20020	GO:0005524	9	0.45	0
BSU_08710	GO:0000310	9	0.45	0
BSU_40420	GO:0009697	9	0.45	0
BSU_38200	GO:0009697	9	0.45	0
BSU_13590	GO:0051287	9	0.45	0
BSU_15210	GO:0016491	9	0.45	0
BSU_08710	GO:0006546	9	0.45	0
BSU_29200	GO:0016887	9	0.45	0
BSU_25260	GO:0051287	9	0.45	0
BSU_28120	GO:0006546	9	0.45	0
BSU_16670	GO:0005886	9	0.45	0
BSU_16960	GO:0006364	9	0.45	0
BSU_09670	GO:0006546	9	0.45	0
BSU_17180	GO:0016887	9	0.45	0
BSU_21770	GO:0051287	9	0.45	0
BSU_09720	GO:0016491	9	0.45	0
BSU_27990	GO:0006364	9	0.45	0
BSU_16220	GO:0006289	9	0.45	0
BSU_17180	GO:0006364	9	0.45	0
BSU_37230	GO:0030001	9	0.45	0
BSU_35020	GO:0004359	9	0.45	0
BSU_07920	GO:0008514	9	0.45	0
BSU_34540	GO:0006364	9	0.45	0
BSU_38050	GO:0006364	9	0.45	0
BSU_00940	GO:0030145	9	0.45	0
BSU_15500	GO:0051287	9	0.45	0
BSU_36950	GO:0005886	9	0.45	0
BSU_08000	GO:0009697	9	0.45	0
BSU_22780	GO:0046677	9	0.45	0
BSU_02360	GO:0030145	9	0.45	0
BSU_08000	GO:0016491	9	0.45	0
BSU_02360	GO:0046677	9	0.45	0
BSU_18450	GO:0006364	9	0.45	0
BSU_03790	GO:0005886	9	0.45	0
BSU_06470	GO:0016887	9	0.45	0
BSU_24520	GO:0004527	9	0.45	0
BSU_01000	GO:0005515	9	0.45	0
BSU_03790	GO:0016020	9	0.45	0
BSU_04260	GO:0016301	9	0.45	0
BSU_25130	GO:0015293	9	0.45	0
BSU_10220	GO:0030001	9	0.45	0
BSU_29180	GO:0019344	9	0.45	0
BSU_28470	GO:0016020	9	0.45	0
BSU_30710	GO:0005737	9	0.45	0
BSU_16760	GO:0016020	9	0.45	0
BSU_15570	GO:0004124	9	0.45	0
BSU_25260	GO:0003677	9	0.45	0
BSU_28440	GO:0019344	9	0.45	0
BSU_31350	GO:0005524	9	0.45	0
BSU_40420	GO:0005524	9	0.45	0
BSU_00940	GO:0000310	9	0.45	0
BSU_35020	GO:0000310	9	0.45	0
BSU_00870	GO:0005737	9	0.45	0
BSU_36950	GO:0008531	9	0.45	0
BSU_23510	GO:0005524	9	0.45	0
BSU_37560	GO:0006650	9	0.45	0
BSU_29750	GO:0006650	9	0.45	0
BSU_06480	GO:0016020	9	0.45	0
BSU_33090	GO:0016887	9	0.45	0
BSU_00140	GO:0000310	9	0.45	0
BSU_36820	GO:0016887	9	0.45	0
BSU_07920	GO:0015093	9	0.45	0
BSU_14000	GO:0016836	9	0.45	0
BSU_16160	GO:0019344	9	0.45	0
BSU_08290	GO:0015093	9	0.45	0
BSU_22780	GO:0006541	9	0.45	0
BSU_05410	GO:0015093	9	0.45	0
BSU_18450	GO:0019344	9	0.45	0
BSU_03300	GO:0005737	9	0.45	0
BSU_10930	GO:0004124	9	0.45	0
BSU_08000	GO:0008514	9	0.45	0
BSU_27920	GO:0019344	9	0.45	0
BSU_28440	GO:0016887	9	0.45	0
BSU_18450	GO:0016887	9	0.45	0
BSU_06620	GO:0005737	9	0.45	0
BSU_39050	GO:0016301	9	0.45	0
BSU_29180	GO:0004359	9	0.45	0
BSU_38490	GO:0007165	9	0.45	0
BSU_34680	GO:0003677	9	0.45	0
BSU_02360	GO:0000310	9	0.45	0
BSU_24960	GO:0003677	9	0.45	0
BSU_25130	GO:0016301	9	0.45	0
BSU_09650	GO:0006650	9	0.45	0
BSU_16220	GO:0006364	9	0.45	0
BSU_27810	GO:0008514	9	0.45	0
BSU_00940	GO:0016301	9	0.45	0
BSU_18120	GO:0030001	9	0.45	0
BSU_30320	GO:0051287	9	0.45	0
BSU_03790	GO:0005737	9	0.45	0
BSU_09720	GO:0007165	9	0.45	0
BSU_07750	GO:0008514	9	0.45	0
BSU_22780	GO:0016301	9	0.45	0
BSU_24950	GO:0003677	9	0.45	0
BSU_34820	GO:0030001	9	0.45	0
BSU_00940	GO:0003677	9	0.45	0
BSU_00940	GO:0008531	9	0.45	0
BSU_34820	GO:0008514	9	0.45	0
BSU_07750	GO:0030001	9	0.45	0
BSU_06470	GO:0003677	9	0.45	0
BSU_07920	GO:0015295	9	0.45	0
BSU_38240	GO:0030001	9	0.45	0
BSU_31450	GO:0006364	9	0.45	0
BSU_16350	GO:0006364	9	0.45	0
BSU_02410	GO:0016301	9	0.45	0
BSU_03790	GO:0005886	9	0.45	0
BSU_17180	GO:0004359	9	0.45	0
BSU_09270	GO:0005737	9	0.45	0
BSU_06470	GO:0016020	9	0.45	0
BSU_37230	GO:0008514	9	0.45	0
BSU_10930	GO:0005524	9	0.45	0
BSU_28120	GO:0005524	9	0.45	0
BSU_36820	GO:0006364	9	0.45	0
BSU_13890	GO:0006364	9	0.45	0
BSU_08710	GO:0005524	9	0.45	0
BSU_27920	GO:0004359	9	0.45	0
BSU_06480	GO:0016887	9	0.45	0
BSU_00940	GO:0016020	9	0.45	0
BSU_00870	GO:0004527	9	0.45	0
BSU_30550	GO:0051287	9	0.45	0
BSU_38050	GO:0016887	9	0.45	0
BSU_02420	GO:0030001	9	0.45	0
BSU_30550	GO:0006418	9	0.45	0
BSU_13590	GO:0006310	9	0.45	0
BSU_30320	GO:0006418	9	0.45	0
BSU_11460	GO:0034220	9	0.45	0
BSU_37250	GO:0034220	9	0.45	0
BSU_36820	GO:0071555	9	0.45	0
BSU_38200	GO:0016887	9	0.45	0
BSU_28440	GO:0071555	9	0.45	0
BSU_30550	GO:0016887	9	0.45	0
BSU_30320	GO:0016887	9	0.45	0
BSU_29540	GO:0008168	9	0.45	0
BSU_06620	GO:0008168	9	0.45	0
BSU_15570	GO:0008168	9	0.45	0
BSU_10930	GO:0008168	9	0.45	0
BSU_39050	GO:0008168	9	0.45	0
BSU_08820	GO:0008168	9	0.45	0
BSU_22310	GO:0008168	9	0.45	0
BSU_38460	GO:0016887	9	0.45	0
BSU_15500	GO:0008168	9	0.45	0
BSU_06480	GO:0003677	9	0.45	0
BSU_33210	GO:0016887	9	0.45	0
BSU_20020	GO:0008168	9	0.45	0
BSU_08290	GO:0016887	9	0.45	0
BSU_34710	GO:0016887	9	0.45	0
BSU_05410	GO:0016887	9	0.45	0
BSU_02350	GO:0034220	9	0.45	0
BSU_00140	GO:0046872	9	0.45	0
BSU_10930	GO:0003824	9	0.45	0
BSU_15570	GO:0003824	9	0.45	0
BSU_28090	GO:0016887	9	0.45	0
BSU_06430	GO:0016887	9	0.45	0
BSU_24960	GO:0034220	9	0.45	0
BSU_36950	GO:0003677	9	0.45	0
BSU_24950	GO:0034220	9	0.45	0
BSU_28470	GO:0003677	9	0.45	0
BSU_37560	GO:0016887	9	0.45	0
BSU_06480	GO:0008168	9	0.45	0
BSU_16760	GO:0003677	9	0.45	0
BSU_38490	GO:0046872	9	0.45	0
BSU_04000	GO:0006779	9	0.45	0
BSU_36950	GO:0009058	9	0.45	0
BSU_01000	GO:0071555	9	0.45	0
BSU_18300	GO:0046872	9	0.45	0
BSU_29180	GO:0003677	9	0.45	0
BSU_31350	GO:0009432	9	0.45	0
BSU_00140	GO:0009058	9	0.45	0
BSU_04260	GO:0008168	9	0.45	0
BSU_36950	GO:0016887	9	0.45	0
BSU_29540	GO:0003677	9	0.45	0
BSU_00940	GO:0016887	9	0.45	0
BSU_13120	GO:0003677	9	0.45	0
BSU_18470	GO:0003677	9	0.45	0
BSU_13250	GO:0009432	9	0.45	0
BSU_29750	GO:0046872	9	0.45	0
BSU_13590	GO:0008168	9	0.45	0
BSU_29540	GO:0016887	9	0.45	0
BSU_13120	GO:0016887	9	0.45	0
BSU_13600	GO:0008168	9	0.45	0
BSU_18470	GO:0016887	9	0.45	0
BSU_09720	GO:0003677	9	0.45	0
BSU_25130	GO:0008168	9	0.45	0
BSU_25130	GO:0009432	9	0.45	0
BSU_00940	GO:0008168	9	0.45	0
BSU_16670	GO:0016887	9	0.45	0
BSU_15170	GO:0034220	9	0.45	0
BSU_03300	GO:0008168	9	0.45	0
BSU_37250	GO:0008168	9	0.45	0
BSU_22780	GO:0008168	9	0.45	0
BSU_34070	GO:0016887	9	0.45	0
BSU_30710	GO:0034220	9	0.45	0
BSU_12010	GO:0034220	9	0.45	0
BSU_11670	GO:0003824	9	0.45	0
BSU_02350	GO:0071555	9	0.45	0
BSU_30710	GO:0003677	9	0.45	0
BSU_03130	GO:0005515	9	0.45	0
BSU_36950	GO:0044205	9	0.45	0
BSU_22780	GO:0044205	9	0.45	0
BSU_28120	GO:0046872	9	0.45	0
BSU_00940	GO:0044205	9	0.45	0
BSU_08710	GO:0046872	9	0.45	0
BSU_15170	GO:0003677	9	0.45	0
BSU_15210	GO:0009401	9	0.45	0
BSU_33090	GO:0009401	9	0.45	0
BSU_15210	GO:0003677	9	0.45	0
BSU_00140	GO:0044205	9	0.45	0
BSU_15210	GO:0005515	9	0.45	0
BSU_08000	GO:0003333	9	0.45	0
BSU_09720	GO:0009401	9	0.45	0
BSU_09290	GO:0009401	9	0.45	0
BSU_08710	GO:0044205	9	0.45	0
BSU_28120	GO:0044205	9	0.45	0
BSU_08820	GO:0044205	9	0.45	0
BSU_33090	GO:0005829	9	0.45	0
BSU_24520	GO:0005515	9	0.45	0
BSU_10930	GO:0044205	9	0.45	0
BSU_15570	GO:0044205	9	0.45	0
BSU_38050	GO:0005829	9	0.45	0
BSU_00140	GO:0006164	9	0.45	0
BSU_11460	GO:0003677	9	0.45	0
BSU_29540	GO:0044205	9	0.45	0
BSU_13250	GO:0005515	9	0.45	0
BSU_13120	GO:0044205	9	0.45	0
BSU_18470	GO:0044205	9	0.45	0
BSU_24140	GO:0003677	9	0.45	0
BSU_09270	GO:0005515	9	0.45	0
BSU_00140	GO:0006779	9	0.45	0
BSU_37230	GO:0003333	9	0.45	0
BSU_24140	GO:0006779	9	0.45	0
BSU_16160	GO:0071555	9	0.45	0
BSU_08710	GO:0006633	9	0.45	0
BSU_10930	GO:0006633	9	0.45	0
BSU_02360	GO:0046872	9	0.45	0
BSU_18470	GO:0006633	9	0.45	0
BSU_06470	GO:0003677	9	0.45	0
BSU_23510	GO:0006633	9	0.45	0
BSU_10220	GO:0003333	9	0.45	0
BSU_39050	GO:0005515	9	0.45	0
BSU_23190	GO:0034220	9	0.45	0
BSU_38050	GO:0034220	9	0.45	0
BSU_33090	GO:0003677	9	0.45	0
BSU_08720	GO:0003824	9	0.45	0
BSU_33090	GO:0034220	9	0.45	0
BSU_03790	GO:0003677	9	0.45	0
BSU_36950	GO:0006633	9	0.45	0
BSU_36950	GO:0006779	9	0.45	0
BSU_00940	GO:0003677	9	0.45	0
BSU_38240	GO:0003333	9	0.45	0
BSU_41000	GO:0005886	9	0.45	0
BSU_40990	GO:0005886	9	0.45	0
BSU_09720	GO:0003333	9	0.45	0
BSU_00140	GO:0006633	9	0.45	0
BSU_07920	GO:0003333	9	0.45	0
BSU_36950	GO:0005886	9	0.45	0
BSU_31650	GO:0009401	9	0.45	0
BSU_13250	GO:0005886	9	0.45	0
BSU_24960	GO:0009401	9	0.45	0
BSU_36950	GO:0046872	9	0.45	0
BSU_24950	GO:0009401	9	0.45	0
BSU_34070	GO:0009401	9	0.45	0
BSU_34820	GO:0003333	9	0.45	0
BSU_00140	GO:0016887	9	0.45	0
BSU_08790	GO:0009432	9	0.45	0
BSU_08710	GO:0009058	9	0.45	0
BSU_16670	GO:0005886	9	0.45	0
BSU_15570	GO:0005515	9	0.45	0
BSU_00940	GO:0016616	9	0.45	0
BSU_29670	GO:0005886	9	0.45	0
BSU_37560	GO:0005886	9	0.45	0
BSU_28950	GO:0005886	9	0.45	0
BSU_25260	GO:0005886	9	0.45	0
BSU_37250	GO:0016020	9	0.45	0
BSU_18470	GO:0005886	9	0.45	0
BSU_00140	GO:0016616	9	0.45	0
BSU_16160	GO:0005886	9	0.45	0
BSU_34910	GO:0016616	9	0.45	0
BSU_11460	GO:0016020	9	0.45	0
BSU_30710	GO:0016020	9	0.45	0
BSU_15170	GO:0016020	9	0.45	0
BSU_38460	GO:0005886	9	0.45	0
BSU_16250	GO:0071555	9	0.45	0
BSU_29180	GO:0005515	9	0.45	0
BSU_35020	GO:0016616	9	0.45	0
BSU_02360	GO:0016616	9	0.45	0
BSU_30320	GO:0005886	9	0.45	0
BSU_30550	GO:0005886	9	0.45	0
BSU_39820	GO:0005886	9	0.45	0
BSU_38200	GO:0005886	9	0.45	0
BSU_00870	GO:0005886	9	0.45	0
BSU_08820	GO:0005515	9	0.45	0
BSU_28120	GO:0005515	9	0.45	0
BSU_34890	GO:0016791	9	0.45	0
BSU_22310	GO:0005515	9	0.45	0
BSU_32410	GO:0016791	9	0.45	0
BSU_01810	GO:0006779	9	0.45	0
BSU_20020	GO:0016791	9	0.45	0
BSU_16250	GO:0016020	9	0.45	0
BSU_29540	GO:0016616	9	0.45	0
BSU_28090	GO:0009432	9	0.45	0
BSU_00940	GO:0005886	9	0.45	0
BSU_16760	GO:0005886	9	0.45	0
BSU_34820	GO:0003723	9	0.45	0
BSU_18120	GO:0003723	9	0.45	0
BSU_03790	GO:0005886	9	0.45	0
BSU_06620	GO:0032300	9	0.45	0
BSU_02410	GO:0016791	9	0.45	0
BSU_37250	GO:0016791	9	0.45	0
BSU_25510	GO:0016020	9	0.45	0
BSU_00140	GO:0005886	9	0.45	0
BSU_31650	GO:0071555	9	0.45	0
BSU_04260	GO:0016791	9	0.45	0
BSU_38240	GO:0003723	9	0.45	0
BSU_16130	GO:0006779	9	0.45	0
BSU_02420	GO:0003723	9	0.45	0
BSU_07750	GO:0003723	9	0.45	0
BSU_28470	GO:0005886	9	0.45	0
BSU_00940	GO:0016791	9	0.45	0
BSU_36950	GO:0005886	9	0.45	0
BSU_07700	GO:0016020	9	0.45	0
BSU_25130	GO:0016791	9	0.45	0
BSU_06480	GO:0005886	9	0.45	0
BSU_27810	GO:0003723	9	0.45	0
BSU_01950	GO:0016020	9	0.45	0
BSU_37230	GO:0003723	9	0.45	0
BSU_24960	GO:0071555	9	0.45	0
BSU_29200	GO:0003677	9	0.45	0
BSU_24950	GO:0071555	9	0.45	0
BSU_28440	GO:0016020	9	0.45	0
BSU_29180	GO:0005886	9	0.45	0
BSU_29540	GO:0005886	9	0.45	0
BSU_13120	GO:0005886	9	0.45	0
BSU_15500	GO:0016791	9	0.45	0
BSU_22780	GO:0016791	9	0.45	0
BSU_22780	GO:0016616	9	0.45	0
BSU_34910	GO:0045333	9	0.45	0
BSU_16160	GO:0003677	9	0.45	0
BSU_11670	GO:0045333	9	0.45	0
BSU_08720	GO:0045333	9	0.45	0
BSU_27920	GO:0032300	9	0.45	0
BSU_15570	GO:0016616	9	0.45	0
BSU_10930	GO:0016616	9	0.45	0
BSU_04000	GO:0045333	9	0.45	0
BSU_02360	GO:0016791	9	0.45	0
BSU_25130	GO:0045333	9	0.45	0
BSU_00940	GO:0045333	9	0.45	0
BSU_02410	GO:0045333	9	0.45	0
BSU_22780	GO:0045333	9	0.45	0
BSU_11460	GO:0071555	9	0.45	0
BSU_29180	GO:0016616	9	0.45	0
BSU_13120	GO:0016616	9	0.45	0
BSU_18470	GO:0016616	9	0.45	0
BSU_21770	GO:0006779	9	0.45	0
BSU_34680	GO:0045333	9	0.45	0
BSU_40080	GO:0045333	9	0.45	0
BSU_23860	GO:0045333	9	0.45	0
BSU_34890	GO:0006779	9	0.45	0
BSU_30710	GO:0045333	9	0.45	0
BSU_08790	GO:0006779	9	0.45	0
BSU_15570	GO:0045333	9	0.45	0
BSU_10930	GO:0045333	9	0.45	0
BSU_33090	GO:0071555	9	0.45	0
BSU_37250	GO:0045333	9	0.45	0
BSU_03300	GO:0045333	9	0.45	0
BSU_16130	GO:0009432	9	0.45	0
BSU_38050	GO:0071555	9	0.45	0
BSU_41000	GO:0009432	9	0.45	0
BSU_18450	GO:0005515	9	0.45	0
BSU_03300	GO:0005515	9	0.45	0
BSU_37250	GO:0005515	9	0.45	0
BSU_02360	GO:0005515	9	0.45	0
BSU_30710	GO:0071555	9	0.45	0
BSU_22310	GO:0005515	9	0.45	0
BSU_06480	GO:0005515	9	0.45	0
BSU_06480	GO:0005515	9	0.45	0
BSU_17180	GO:0005515	9	0.45	0
BSU_27920	GO:0016616	9	0.45	0
BSU_27920	GO:0005515	9	0.45	0
BSU_36950	GO:0016616	9	0.45	0
BSU_27920	GO:0005515	9	0.45	0
BSU_06470	GO:0005515	9	0.45	0
BSU_02360	GO:0005515	9	0.45	0
BSU_22780	GO:0005515	9	0.45	0
BSU_35020	GO:0005515	9	0.45	0
BSU_06470	GO:0005515	9	0.45	0
BSU_35020	GO:0005515	9	0.45	0
BSU_30710	GO:0005515	9	0.45	0
BSU_06480	GO:0016616	9	0.45	0
BSU_28440	GO:0032300	9	0.45	0
BSU_00940	GO:0005515	9	0.45	0
BSU_35370	GO:0005515	9	0.45	0
BSU_22310	GO:0016616	9	0.45	0
BSU_00060	GO:0005515	9	0.45	0
BSU_35370	GO:0005515	9	0.45	0
BSU_12010	GO:0071555	9	0.45	0
BSU_28440	GO:0005515	9	0.45	0
BSU_40080	GO:0005515	9	0.45	0
BSU_08710	GO:0016616	9	0.45	0
BSU_28120	GO:0016616	9	0.45	0
BSU_08820	GO:0016616	9	0.45	0
BSU_23860	GO:0005515	9	0.45	0
BSU_39050	GO:0003677	9	0.45	0
BSU_27920	GO:0003677	9	0.45	0
BSU_28470	GO:0005737	9	0.45	0
BSU_23190	GO:0005975	9	0.45	0
BSU_24960	GO:0097588	9	0.45	0
BSU_24950	GO:0097588	9	0.45	0
BSU_36950	GO:0015935	9	0.45	0
BSU_22780	GO:0015935	9	0.45	0
BSU_31350	GO:0016051	9	0.45	0
BSU_00940	GO:0015935	9	0.45	0
BSU_00140	GO:0015935	9	0.45	0
BSU_39050	GO:0005975	9	0.45	0
BSU_15210	GO:0097588	9	0.45	0
BSU_15170	GO:0097588	9	0.45	0
BSU_30710	GO:0097588	9	0.45	0
BSU_41000	GO:0005886	9	0.45	0
BSU_40990	GO:0005886	9	0.45	0
BSU_36950	GO:0005886	9	0.45	0
BSU_28950	GO:0005975	9	0.45	0
BSU_25510	GO:0097588	9	0.45	0
BSU_28440	GO:0097588	9	0.45	0
BSU_13600	GO:0016051	9	0.45	0
BSU_08710	GO:0015935	9	0.45	0
BSU_28120	GO:0015935	9	0.45	0
BSU_08820	GO:0015935	9	0.45	0
BSU_10930	GO:0015935	9	0.45	0
BSU_15570	GO:0015935	9	0.45	0
BSU_29540	GO:0015935	9	0.45	0
BSU_34890	GO:0016051	9	0.45	0
BSU_40080	GO:0005737	9	0.45	0
BSU_32410	GO:0016051	9	0.45	0
BSU_13120	GO:0015935	9	0.45	0
BSU_20020	GO:0016051	9	0.45	0
BSU_15500	GO:0016051	9	0.45	0
BSU_18470	GO:0015935	9	0.45	0
BSU_27920	GO:0005975	9	0.45	0
BSU_18410	GO:0005886	9	0.45	0
BSU_02360	GO:0019556	9	0.45	0
BSU_08790	GO:0005737	9	0.45	0
BSU_10930	GO:0006164	9	0.45	0
BSU_20020	GO:0005737	9	0.45	0
BSU_16250	GO:0097588	9	0.45	0
BSU_08820	GO:0006164	9	0.45	0
BSU_05840	GO:0005737	9	0.45	0
BSU_28120	GO:0006164	9	0.45	0
BSU_09290	GO:0005737	9	0.45	0
BSU_11460	GO:0005975	9	0.45	0
BSU_24520	GO:0019556	9	0.45	0
BSU_28800	GO:0019556	9	0.45	0
BSU_08710	GO:0006164	9	0.45	0
BSU_35020	GO:0008270	9	0.45	0
BSU_30550	GO:0008270	9	0.45	0
BSU_35020	GO:0019556	9	0.45	0
BSU_15570	GO:0006164	9	0.45	0
BSU_29540	GO:0006164	9	0.45	0
BSU_25130	GO:0005737	9	0.45	0
BSU_13120	GO:0006164	9	0.45	0
BSU_41000	GO:0005886	9	0.45	0
BSU_37250	GO:0097588	9	0.45	0
BSU_40990	GO:0005886	9	0.45	0
BSU_33090	GO:0097588	9	0.45	0
BSU_18470	GO:0006164	9	0.45	0
BSU_11460	GO:0097588	9	0.45	0
BSU_33090	GO:0005737	9	0.45	0
BSU_03790	GO:0005737	9	0.45	0
BSU_12010	GO:0097588	9	0.45	0
BSU_15210	GO:0005975	9	0.45	0
BSU_15170	GO:0005975	9	0.45	0
BSU_09270	GO:0016051	9	0.45	0
BSU_30710	GO:0005975	9	0.45	0
BSU_24960	GO:0048476	9	0.45	0
BSU_24950	GO:0048476	9	0.45	0
BSU_22780	GO:0016051	9	0.45	0
BSU_09290	GO:0046872	9	0.45	0
BSU_27920	GO:0003746	9	0.45	0
BSU_01000	GO:0009898	9	0.45	0
BSU_35930	GO:0046872	9	0.45	0
BSU_22780	GO:0004525	9	0.45	0
BSU_18450	GO:0003746	9	0.45	0
BSU_29200	GO:0005975	9	0.45	0
BSU_16160	GO:0003746	9	0.45	0
BSU_29200	GO:0048476	9	0.45	0
BSU_16960	GO:0009898	9	0.45	0
BSU_18300	GO:0005975	9	0.45	0
BSU_06470	GO:0004525	9	0.45	0
BSU_05840	GO:0046872	9	0.45	0
BSU_36820	GO:0009898	9	0.45	0
BSU_31450	GO:0009898	9	0.45	0
BSU_16220	GO:0009898	9	0.45	0
BSU_28440	GO:0003746	9	0.45	0
BSU_29670	GO:0046872	9	0.45	0
BSU_13890	GO:0009898	9	0.45	0
BSU_16350	GO:0009898	9	0.45	0
BSU_40080	GO:0046872	9	0.45	0
BSU_29180	GO:0003746	9	0.45	0
BSU_34540	GO:0009898	9	0.45	0
BSU_24140	GO:0046872	9	0.45	0
BSU_17180	GO:0009898	9	0.45	0
BSU_16760	GO:0048476	9	0.45	0
BSU_35020	GO:0046872	9	0.45	0
BSU_27920	GO:0004525	9	0.45	0
BSU_30320	GO:0046872	9	0.45	0
BSU_35370	GO:0006520	9	0.45	0
BSU_03790	GO:0048476	9	0.45	0
BSU_31350	GO:0046872	9	0.45	0
BSU_25510	GO:0044183	9	0.45	0
BSU_35700	GO:0009898	9	0.45	0
BSU_02360	GO:0004525	9	0.45	0
BSU_08710	GO:0044183	9	0.45	0
BSU_38490	GO:0004407	9	0.45	0
BSU_16160	GO:0048476	9	0.45	0
BSU_35370	GO:0003746	9	0.45	0
BSU_11460	GO:0048476	9	0.45	0
BSU_18470	GO:0044183	9	0.45	0
BSU_13120	GO:0044183	9	0.45	0
BSU_29540	GO:0044183	9	0.45	0
BSU_00060	GO:0004525	9	0.45	0
BSU_15570	GO:0044183	9	0.45	0
BSU_10930	GO:0044183	9	0.45	0
BSU_29180	GO:0044183	9	0.45	0
BSU_35370	GO:0004525	9	0.45	0
BSU_08820	GO:0044183	9	0.45	0
BSU_28120	GO:0044183	9	0.45	0
BSU_22310	GO:0044183	9	0.45	0
BSU_35020	GO:0004525	9	0.45	0
BSU_06480	GO:0044183	9	0.45	0
BSU_18300	GO:0004407	9	0.45	0
BSU_36950	GO:0044183	9	0.45	0
BSU_27920	GO:0044183	9	0.45	0
BSU_22780	GO:0044183	9	0.45	0
BSU_29180	GO:0048476	9	0.45	0
BSU_24140	GO:0003746	9	0.45	0
BSU_02360	GO:0044183	9	0.45	0
BSU_35020	GO:0044183	9	0.45	0
BSU_00940	GO:0044183	9	0.45	0
BSU_18450	GO:0009898	9	0.45	0
BSU_38050	GO:0003746	9	0.45	0
BSU_06480	GO:0048476	9	0.45	0
BSU_00140	GO:0044183	9	0.45	0
BSU_30320	GO:0008270	9	0.45	0
BSU_22310	GO:0006164	9	0.45	0
BSU_15170	GO:0005829	9	0.45	0
BSU_03300	GO:0005829	9	0.45	0
BSU_38200	GO:0005886	9	0.45	0
BSU_00060	GO:0005829	9	0.45	0
BSU_13590	GO:0042802	9	0.45	0
BSU_08000	GO:0035873	9	0.45	0
BSU_15500	GO:0042802	9	0.45	0
BSU_16160	GO:0042802	9	0.45	0
BSU_16760	GO:0042802	9	0.45	0
BSU_18450	GO:0005829	9	0.45	0
BSU_27920	GO:0005829	9	0.45	0
BSU_21770	GO:0042802	9	0.45	0
BSU_06480	GO:0005829	9	0.45	0
BSU_23860	GO:0042802	9	0.45	0
BSU_21770	GO:0005975	9	0.45	0
BSU_25260	GO:0042802	9	0.45	0
BSU_38490	GO:0031160	9	0.45	0
BSU_00940	GO:0006164	9	0.45	0
BSU_02360	GO:0006164	9	0.45	0
BSU_23860	GO:0005975	9	0.45	0
BSU_03130	GO:0031160	9	0.45	0
BSU_22780	GO:0006164	9	0.45	0
BSU_39050	GO:0031160	9	0.45	0
BSU_36950	GO:0006164	9	0.45	0
BSU_15210	GO:0031160	9	0.45	0
BSU_00940	GO:0042802	9	0.45	0
BSU_13590	GO:0005737	9	0.45	0
BSU_06480	GO:0042802	9	0.45	0
BSU_25260	GO:0005975	9	0.45	0
BSU_27990	GO:0015833	9	0.45	0
BSU_28470	GO:0005975	9	0.45	0
BSU_01000	GO:0015833	9	0.45	0
BSU_40420	GO:0042802	9	0.45	0
BSU_38490	GO:0035873	9	0.45	0
BSU_27920	GO:0042802	9	0.45	0
BSU_06470	GO:0019556	9	0.45	0
BSU_23860	GO:0005737	9	0.45	0
BSU_18470	GO:0046940	9	0.45	0
BSU_13120	GO:0046940	9	0.45	0
BSU_29540	GO:0046940	9	0.45	0
BSU_24140	GO:0005829	9	0.45	0
BSU_29200	GO:0005829	9	0.45	0
BSU_15500	GO:0005975	9	0.45	0
BSU_28470	GO:0046940	9	0.45	0
BSU_30710	GO:0005829	9	0.45	0
BSU_01810	GO:0005515	9	0.45	0
BSU_16760	GO:0046940	9	0.45	0
BSU_03790	GO:0046940	9	0.45	0
BSU_00140	GO:0046940	9	0.45	0
BSU_15500	GO:0046940	9	0.45	0
BSU_23190	GO:0005829	9	0.45	0
BSU_00870	GO:0005829	9	0.45	0
BSU_16160	GO:0005975	9	0.45	0
BSU_16670	GO:0046940	9	0.45	0
BSU_34070	GO:0046940	9	0.45	0
BSU_38200	GO:0046940	9	0.45	0
BSU_33210	GO:0046940	9	0.45	0
BSU_09290	GO:0046940	9	0.45	0
BSU_08290	GO:0046940	9	0.45	0
BSU_34710	GO:0046940	9	0.45	0
BSU_05410	GO:0046940	9	0.45	0
BSU_07700	GO:0046940	9	0.45	0
BSU_21770	GO:0005737	9	0.45	0
BSU_28950	GO:0042802	9	0.45	0
BSU_16760	GO:0005975	9	0.45	0
BSU_29180	GO:0042802	9	0.45	0
BSU_16760	GO:0005737	9	0.45	0
BSU_28470	GO:0042802	9	0.45	0
BSU_31350	GO:0042802	9	0.45	0
BSU_16350	GO:0015833	9	0.45	0
BSU_29180	GO:0005975	9	0.45	0
BSU_02410	GO:0019556	9	0.45	0
BSU_28470	GO:0051726	9	0.45	0
BSU_28440	GO:0051726	9	0.45	0
BSU_27920	GO:0051726	9	0.45	0
BSU_25260	GO:0051726	9	0.45	0
BSU_23860	GO:0051726	9	0.45	0
BSU_21770	GO:0008270	9	0.45	0
BSU_21770	GO:0051726	9	0.45	0
BSU_16250	GO:0015833	9	0.45	0
BSU_16760	GO:0051726	9	0.45	0
BSU_03300	GO:0019556	9	0.45	0
BSU_28440	GO:0005975	9	0.45	0
BSU_37250	GO:0019556	9	0.45	0
BSU_23860	GO:0008270	9	0.45	0
BSU_16160	GO:0051726	9	0.45	0
BSU_16760	GO:0008270	9	0.45	0
BSU_00940	GO:0019556	9	0.45	0
BSU_29180	GO:0051726	9	0.45	0
BSU_13590	GO:0008270	9	0.45	0
BSU_00870	GO:0019556	9	0.45	0
BSU_16250	GO:0051726	9	0.45	0
BSU_24140	GO:0005737	9	0.45	0
BSU_34890	GO:0019556	9	0.45	0
BSU_32410	GO:0019556	9	0.45	0
BSU_06480	GO:0008270	9	0.45	0
BSU_25510	GO:0019556	9	0.45	0
BSU_15500	GO:0019556	9	0.45	0
BSU_40420	GO:0008270	9	0.45	0
BSU_31350	GO:0008270	9	0.45	0
BSU_27920	GO:0019556	9	0.45	0
BSU_22780	GO:0019556	9	0.45	0
BSU_40080	GO:0005737	9	0.45	0
BSU_25260	GO:0008270	9	0.45	0
BSU_04260	GO:0019556	9	0.45	0
BSU_28470	GO:0008270	9	0.45	0
BSU_29180	GO:0019556	9	0.45	0
BSU_30320	GO:0042802	9	0.45	0
BSU_30550	GO:0042802	9	0.45	0
BSU_23190	GO:0015833	9	0.45	0
BSU_31450	GO:0015833	9	0.45	0
BSU_28470	GO:0005737	9	0.45	0
BSU_38050	GO:0015833	9	0.45	0
BSU_33090	GO:0015833	9	0.45	0
BSU_12010	GO:0015833	9	0.45	0
BSU_29540	GO:0019556	9	0.45	0
BSU_15570	GO:0019556	9	0.45	0
BSU_13890	GO:0015833	9	0.45	0
BSU_10930	GO:0019556	9	0.45	0
BSU_35700	GO:0015833	9	0.45	0
BSU_31650	GO:0015833	9	0.45	0
BSU_28440	GO:0005737	9	0.45	0
BSU_06480	GO:0019556	9	0.45	0
BSU_02350	GO:0015833	9	0.45	0
BSU_36820	GO:0015833	9	0.45	0
BSU_39050	GO:0019556	9	0.45	0
BSU_23860	GO:0005737	9	0.45	0
BSU_28440	GO:0015833	9	0.45	0
BSU_08820	GO:0019556	9	0.45	0
BSU_22310	GO:0019556	9	0.45	0
BSU_21770	GO:0005737	9	0.45	0
BSU_16760	GO:0005737	9	0.45	0
BSU_07920	GO:0035873	9	0.45	0
BSU_13590	GO:0005737	9	0.45	0
BSU_00060	GO:0015833	9	0.45	0
BSU_06620	GO:0019556	9	0.45	0
BSU_28950	GO:0008270	9	0.45	0
BSU_41000	GO:0006779	9	0.45	0
BSU_38490	GO:0036440	9	0.45	0
BSU_29180	GO:0009089	9	0.45	0
BSU_36950	GO:0016740	9	0.45	0
BSU_10930	GO:0016740	9	0.45	0
BSU_09290	GO:0071555	9	0.45	0
BSU_28120	GO:0016740	9	0.45	0
BSU_01380	GO:0071555	9	0.45	0
BSU_09270	GO:0003677	9	0.45	0
BSU_08710	GO:0016740	9	0.45	0
BSU_35930	GO:0071555	9	0.45	0
BSU_01950	GO:0003677	9	0.45	0
BSU_11460	GO:0003677	9	0.45	0
BSU_38200	GO:0071555	9	0.45	0
BSU_39820	GO:0071555	9	0.45	0
BSU_16160	GO:0003677	9	0.45	0
BSU_24950	GO:0003677	9	0.45	0
BSU_24960	GO:0003677	9	0.45	0
BSU_29540	GO:0016740	9	0.45	0
BSU_31650	GO:0016301	9	0.45	0
BSU_13250	GO:0071555	9	0.45	0
BSU_08790	GO:0071555	9	0.45	0
BSU_18470	GO:0016740	9	0.45	0
BSU_38050	GO:0016491	9	0.45	0
BSU_24960	GO:0016301	9	0.45	0
BSU_24950	GO:0016301	9	0.45	0
BSU_31650	GO:0065002	9	0.45	0
BSU_15210	GO:0016301	9	0.45	0
BSU_00140	GO:0070929	9	0.45	0
BSU_28440	GO:0065002	9	0.45	0
BSU_25510	GO:0065002	9	0.45	0
BSU_09720	GO:0016301	9	0.45	0
BSU_08820	GO:0004519	9	0.45	0
BSU_24960	GO:0065002	9	0.45	0
BSU_24950	GO:0065002	9	0.45	0
BSU_39820	GO:0003677	9	0.45	0
BSU_00940	GO:0016740	9	0.45	0
BSU_23510	GO:0016740	9	0.45	0
BSU_25260	GO:0003677	9	0.45	0
BSU_25260	GO:0071555	9	0.45	0
BSU_13120	GO:0003677	9	0.45	0
BSU_29200	GO:0003677	9	0.45	0
BSU_40080	GO:0071555	9	0.45	0
BSU_25260	GO:0003824	9	0.45	0
BSU_23860	GO:0071555	9	0.45	0
BSU_21770	GO:0003824	9	0.45	0
BSU_24520	GO:0016301	9	0.45	0
BSU_28950	GO:0003677	9	0.45	0
BSU_18470	GO:0071555	9	0.45	0
BSU_13120	GO:0071555	9	0.45	0
BSU_29670	GO:0003677	9	0.45	0
BSU_00140	GO:0016740	9	0.45	0
BSU_15500	GO:0003824	9	0.45	0
BSU_29180	GO:0003677	9	0.45	0
BSU_28470	GO:0003824	9	0.45	0
BSU_28950	GO:0003824	9	0.45	0
BSU_34680	GO:0071555	9	0.45	0
BSU_06480	GO:0003677	9	0.45	0
BSU_06470	GO:0016301	9	0.45	0
BSU_28470	GO:0003677	9	0.45	0
BSU_29670	GO:0071555	9	0.45	0
BSU_00940	GO:0016301	9	0.45	0
BSU_16760	GO:0003677	9	0.45	0
BSU_38460	GO:0071555	9	0.45	0
BSU_03790	GO:0003677	9	0.45	0
BSU_31350	GO:0071555	9	0.45	0
BSU_33090	GO:0003677	9	0.45	0
BSU_06470	GO:0003677	9	0.45	0
BSU_30320	GO:0071555	9	0.45	0
BSU_30550	GO:0071555	9	0.45	0
BSU_16250	GO:0065002	9	0.45	0
BSU_28120	GO:0004519	9	0.45	0
BSU_18300	GO:0036440	9	0.45	0
BSU_13120	GO:0070929	9	0.45	0
BSU_18300	GO:0042371	9	0.45	0
BSU_29750	GO:0042371	9	0.45	0
BSU_06480	GO:0004519	9	0.45	0
BSU_22310	GO:0009380	9	0.45	0
BSU_28120	GO:0009380	9	0.45	0
BSU_08820	GO:0009380	9	0.45	0
BSU_28950	GO:0042371	9	0.45	0
BSU_29540	GO:0070929	9	0.45	0
BSU_37560	GO:0042371	9	0.45	0
BSU_00140	GO:0003700	9	0.45	0
BSU_29180	GO:0009380	9	0.45	0
BSU_15570	GO:0009380	9	0.45	0
BSU_30550	GO:0042371	9	0.45	0
BSU_29540	GO:0009380	9	0.45	0
BSU_00060	GO:0016491	9	0.45	0
BSU_36950	GO:0004519	9	0.45	0
BSU_06480	GO:0009380	9	0.45	0
BSU_27920	GO:0009380	9	0.45	0
BSU_22780	GO:0009380	9	0.45	0
BSU_06470	GO:0009380	9	0.45	0
BSU_02360	GO:0009380	9	0.45	0
BSU_35020	GO:0009380	9	0.45	0
BSU_00940	GO:0009380	9	0.45	0
BSU_29200	GO:0016491	9	0.45	0
BSU_35370	GO:0009380	9	0.45	0
BSU_06470	GO:0016491	9	0.45	0
BSU_37560	GO:0008233	9	0.45	0
BSU_35020	GO:0035999	9	0.45	0
BSU_35370	GO:0016491	9	0.45	0
BSU_30550	GO:0035999	9	0.45	0
BSU_30320	GO:0035999	9	0.45	0
BSU_13120	GO:0009380	9	0.45	0
BSU_09650	GO:0042371	9	0.45	0
BSU_15210	GO:0065002	9	0.45	0
BSU_02360	GO:0070929	9	0.45	0
BSU_37250	GO:0065002	9	0.45	0
BSU_33090	GO:0065002	9	0.45	0
BSU_13590	GO:0005829	9	0.45	0
BSU_36950	GO:0070929	9	0.45	0
BSU_22780	GO:0070929	9	0.45	0
BSU_24140	GO:0016491	9	0.45	0
BSU_11460	GO:0065002	9	0.45	0
BSU_34890	GO:0005829	9	0.45	0
BSU_35020	GO:0070929	9	0.45	0
BSU_00940	GO:0070929	9	0.45	0
BSU_12010	GO:0065002	9	0.45	0
BSU_08710	GO:0004519	9	0.45	0
BSU_30710	GO:0065002	9	0.45	0
BSU_15170	GO:0065002	9	0.45	0
BSU_06480	GO:0070929	9	0.45	0
BSU_13600	GO:0005829	9	0.45	0
BSU_22310	GO:0070929	9	0.45	0
BSU_08710	GO:0070929	9	0.45	0
BSU_28120	GO:0070929	9	0.45	0
BSU_08820	GO:0070929	9	0.45	0
BSU_02410	GO:0005829	9	0.45	0
BSU_08720	GO:0003756	9	0.45	0
BSU_11670	GO:0003756	9	0.45	0
BSU_22780	GO:0005829	9	0.45	0
BSU_15500	GO:0005829	9	0.45	0
BSU_20020	GO:0005829	9	0.45	0
BSU_29180	GO:0070929	9	0.45	0
BSU_10930	GO:0070929	9	0.45	0
BSU_15570	GO:0070929	9	0.45	0
BSU_32410	GO:0005829	9	0.45	0
BSU_10930	GO:0003756	9	0.45	0
BSU_09670	GO:0071555	9	0.45	0
BSU_13590	GO:0003824	9	0.45	0
BSU_39050	GO:0071555	9	0.45	0
BSU_25130	GO:0016020	9	0.45	0
BSU_01810	GO:0005886	9	0.45	0
BSU_38050	GO:0016887	9	0.45	0
BSU_22780	GO:0006364	9	0.45	0
BSU_37250	GO:0016887	9	0.45	0
BSU_18410	GO:0005886	9	0.45	0
BSU_01380	GO:0005886	9	0.45	0
BSU_38200	GO:0006310	9	0.45	0
BSU_08790	GO:0006064	9	0.45	0
BSU_33090	GO:0016887	9	0.45	0
BSU_00940	GO:0006364	9	0.45	0
BSU_02350	GO:0008320	9	0.45	0
BSU_30550	GO:0006310	9	0.45	0
BSU_39050	GO:0005886	9	0.45	0
BSU_40420	GO:0006310	9	0.45	0
BSU_16130	GO:0005886	9	0.45	0
BSU_17600	GO:0006310	9	0.45	0
BSU_41000	GO:0005886	9	0.45	0
BSU_29900	GO:0005886	9	0.45	0
BSU_36950	GO:0006364	9	0.45	0
BSU_02410	GO:0005886	9	0.45	0
BSU_35370	GO:0016763	9	0.45	0
BSU_06620	GO:0006310	9	0.45	0
BSU_28490	GO:0006310	9	0.45	0
BSU_24520	GO:0006310	9	0.45	0
BSU_00870	GO:0016763	9	0.45	0
BSU_08000	GO:0033214	9	0.45	0
BSU_29540	GO:0004519	9	0.45	0
BSU_01810	GO:0006310	9	0.45	0
BSU_20020	GO:0016020	9	0.45	0
BSU_37230	GO:0033214	9	0.45	0
BSU_27810	GO:0033214	9	0.45	0
BSU_34890	GO:0006064	9	0.45	0
BSU_31650	GO:0008320	9	0.45	0
BSU_29180	GO:0004783	9	0.45	0
BSU_07700	GO:0016887	9	0.45	0
BSU_37250	GO:0008320	9	0.45	0
BSU_38050	GO:0008320	9	0.45	0
BSU_08790	GO:0051537	9	0.45	0
BSU_34890	GO:0051537	9	0.45	0
BSU_00870	GO:0006310	9	0.45	0
BSU_23190	GO:0016887	9	0.45	0
BSU_25510	GO:0016887	9	0.45	0
BSU_00140	GO:0006364	9	0.45	0
BSU_02350	GO:0016887	9	0.45	0
BSU_27920	GO:0006310	9	0.45	0
BSU_06480	GO:0006310	9	0.45	0
BSU_29180	GO:0006310	9	0.45	0
BSU_28440	GO:0016887	9	0.45	0
BSU_31650	GO:0016887	9	0.45	0
BSU_33090	GO:0008320	9	0.45	0
BSU_04000	GO:0051537	9	0.45	0
BSU_28800	GO:0006064	9	0.45	0
BSU_11460	GO:0008320	9	0.45	0
BSU_12010	GO:0008320	9	0.45	0
BSU_30710	GO:0008320	9	0.45	0
BSU_15170	GO:0008320	9	0.45	0
BSU_16250	GO:0016887	9	0.45	0
BSU_04000	GO:0006064	9	0.45	0
BSU_15170	GO:0016887	9	0.45	0
BSU_16250	GO:0008320	9	0.45	0
BSU_30710	GO:0016887	9	0.45	0
BSU_24950	GO:0008320	9	0.45	0
BSU_24960	GO:0008320	9	0.45	0
BSU_25510	GO:0008320	9	0.45	0
BSU_12010	GO:0016887	9	0.45	0
BSU_28440	GO:0008320	9	0.45	0
BSU_07750	GO:0033214	9	0.45	0
BSU_30710	GO:0016763	9	0.45	0
BSU_00940	GO:0006310	9	0.45	0
BSU_30320	GO:0003824	9	0.45	0
BSU_35020	GO:0004783	9	0.45	0
BSU_15210	GO:0071555	9	0.45	0
BSU_15570	GO:0004519	9	0.45	0
BSU_24140	GO:0004783	9	0.45	0
BSU_35930	GO:0004783	9	0.45	0
BSU_03300	GO:0004783	9	0.45	0
BSU_30710	GO:0004783	9	0.45	0
BSU_34820	GO:0033214	9	0.45	0
BSU_28120	GO:0046872	9	0.45	0
BSU_30550	GO:0003824	9	0.45	0
BSU_08710	GO:0046872	9	0.45	0
BSU_00060	GO:0004783	9	0.45	0
BSU_36950	GO:0046872	9	0.45	0
BSU_18470	GO:0006364	9	0.45	0
BSU_31350	GO:0003824	9	0.45	0
BSU_38050	GO:0004783	9	0.45	0
BSU_40420	GO:0003824	9	0.45	0
BSU_10930	GO:0004519	9	0.45	0
BSU_00940	GO:0071555	9	0.45	0
BSU_06480	GO:0004783	9	0.45	0
BSU_29180	GO:0004519	9	0.45	0
BSU_03790	GO:0071555	9	0.45	0
BSU_16760	GO:0071555	9	0.45	0
BSU_00940	GO:0003824	9	0.45	0
BSU_28470	GO:0071555	9	0.45	0
BSU_23510	GO:0006364	9	0.45	0
BSU_06620	GO:0071555	9	0.45	0
BSU_16160	GO:0004783	9	0.45	0
BSU_18450	GO:0004783	9	0.45	0
BSU_27920	GO:0004783	9	0.45	0
BSU_28440	GO:0004783	9	0.45	0
BSU_13120	GO:0006364	9	0.45	0
BSU_02360	GO:0046872	9	0.45	0
BSU_35020	GO:0046872	9	0.45	0
BSU_27920	GO:0016763	9	0.45	0
BSU_18120	GO:0033214	9	0.45	0
BSU_29180	GO:0016763	9	0.45	0
BSU_18450	GO:0016763	9	0.45	0
BSU_38240	GO:0033214	9	0.45	0
BSU_02420	GO:0033214	9	0.45	0
BSU_22310	GO:0016763	9	0.45	0
BSU_02410	GO:0006310	9	0.45	0
BSU_03300	GO:0006310	9	0.45	0
BSU_37250	GO:0006310	9	0.45	0
BSU_29180	GO:0016491	9	0.45	0
BSU_06620	GO:0016763	9	0.45	0
BSU_10220	GO:0033214	9	0.45	0
BSU_07920	GO:0033214	9	0.45	0
BSU_06480	GO:0016763	9	0.45	0
BSU_37250	GO:0016763	9	0.45	0
BSU_29540	GO:0006364	9	0.45	0
BSU_27920	GO:0016491	9	0.45	0
BSU_38490	GO:0046872	9	0.45	0
BSU_03300	GO:0016763	9	0.45	0
BSU_16160	GO:0016491	9	0.45	0
BSU_18300	GO:0046872	9	0.45	0
BSU_29750	GO:0046872	9	0.45	0
BSU_09720	GO:0033214	9	0.45	0
BSU_08710	GO:0006364	9	0.45	0
BSU_00060	GO:0016763	9	0.45	0
BSU_03790	GO:0016763	9	0.45	0
BSU_00140	GO:0046872	9	0.45	0
BSU_28120	GO:0006364	9	0.45	0
BSU_10930	GO:0006364	9	0.45	0
BSU_15570	GO:0006364	9	0.45	0
BSU_08790	GO:0009972	9	0.45	0
BSU_40420	GO:0035999	9	0.45	0
BSU_00870	GO:0016491	9	0.45	0
BSU_35020	GO:0046872	9	0.45	0
BSU_27920	GO:0005829	9	0.45	0
BSU_00870	GO:0016682	9	0.45	0
BSU_28950	GO:0005829	9	0.45	0
BSU_35370	GO:0046872	9	0.45	0
BSU_30320	GO:0019752	9	0.45	0
BSU_30550	GO:0019752	9	0.45	0
BSU_02360	GO:0046872	9	0.45	0
BSU_18450	GO:0008137	9	0.45	0
BSU_06470	GO:0046872	9	0.45	0
BSU_20020	GO:0000162	9	0.45	0
BSU_38200	GO:0019752	9	0.45	0
BSU_29180	GO:0008137	9	0.45	0
BSU_00870	GO:0032300	9	0.45	0
BSU_28440	GO:0008137	9	0.45	0
BSU_15170	GO:0046872	9	0.45	0
BSU_21770	GO:0005829	9	0.45	0
BSU_24520	GO:0016682	9	0.45	0
BSU_11460	GO:0046872	9	0.45	0
BSU_16160	GO:0005829	9	0.45	0
BSU_25130	GO:0003824	9	0.45	0
BSU_31350	GO:0019752	9	0.45	0
BSU_15500	GO:0005829	9	0.45	0
BSU_24140	GO:0046872	9	0.45	0
BSU_38460	GO:0019752	9	0.45	0
BSU_13590	GO:0005829	9	0.45	0
BSU_03300	GO:0042276	9	0.45	0
BSU_23190	GO:0046872	9	0.45	0
BSU_06480	GO:0005829	9	0.45	0
BSU_37250	GO:0042276	9	0.45	0
BSU_40420	GO:0005829	9	0.45	0
BSU_22780	GO:0042276	9	0.45	0
BSU_27920	GO:0008137	9	0.45	0
BSU_16160	GO:0008137	9	0.45	0
BSU_06620	GO:0008137	9	0.45	0
BSU_23860	GO:0020037	9	0.45	0
BSU_38460	GO:0020037	9	0.45	0
BSU_29670	GO:0020037	9	0.45	0
BSU_06480	GO:0016682	9	0.45	0
BSU_34680	GO:0020037	9	0.45	0
BSU_25260	GO:0020037	9	0.45	0
BSU_40080	GO:0020037	9	0.45	0
BSU_27920	GO:0016682	9	0.45	0
BSU_06480	GO:0008137	9	0.45	0
BSU_13120	GO:0020037	9	0.45	0
BSU_37250	GO:0016682	9	0.45	0
BSU_29180	GO:0020037	9	0.45	0
BSU_09670	GO:0020037	9	0.45	0
BSU_20020	GO:0003824	9	0.45	0
BSU_03300	GO:0016682	9	0.45	0
BSU_06620	GO:0016682	9	0.45	0
BSU_30320	GO:0020037	9	0.45	0
BSU_10930	GO:0003824	9	0.45	0
BSU_39820	GO:0020037	9	0.45	0
BSU_35930	GO:0020037	9	0.45	0
BSU_01380	GO:0020037	9	0.45	0
BSU_09290	GO:0020037	9	0.45	0
BSU_05840	GO:0020037	9	0.45	0
BSU_22310	GO:0016682	9	0.45	0
BSU_08820	GO:0016682	9	0.45	0
BSU_35370	GO:0008137	9	0.45	0
BSU_35930	GO:0008137	9	0.45	0
BSU_24140	GO:0008137	9	0.45	0
BSU_35020	GO:0008137	9	0.45	0
BSU_38050	GO:0008137	9	0.45	0
BSU_25130	GO:0000162	9	0.45	0
BSU_29180	GO:0016682	9	0.45	0
BSU_35020	GO:0005829	9	0.45	0
BSU_35930	GO:0005524	9	0.45	0
BSU_40080	GO:0005524	9	0.45	0
BSU_29540	GO:0016740	9	0.45	0
BSU_29900	GO:0006779	9	0.45	0
BSU_17600	GO:0036440	9	0.45	0
BSU_02410	GO:0006779	9	0.45	0
BSU_18470	GO:0016740	9	0.45	0
BSU_13120	GO:0016740	9	0.45	0
BSU_28470	GO:0036440	9	0.45	0
BSU_15570	GO:0016740	9	0.45	0
BSU_27920	GO:0042276	9	0.45	0
BSU_10930	GO:0016740	9	0.45	0
BSU_08820	GO:0016740	9	0.45	0
BSU_28120	GO:0016740	9	0.45	0
BSU_08710	GO:0016740	9	0.45	0
BSU_22310	GO:0016740	9	0.45	0
BSU_27920	GO:0005524	9	0.45	0
BSU_00940	GO:0019752	9	0.45	0
BSU_05840	GO:0036440	9	0.45	0
BSU_09290	GO:0036440	9	0.45	0
BSU_02360	GO:0036440	9	0.45	0
BSU_35020	GO:0036440	9	0.45	0
BSU_15500	GO:0016740	9	0.45	0
BSU_09650	GO:0036440	9	0.45	0
BSU_35930	GO:0016020	9	0.45	0
BSU_30550	GO:0036440	9	0.45	0
BSU_09720	GO:0003723	9	0.45	0
BSU_37560	GO:0036440	9	0.45	0
BSU_28950	GO:0036440	9	0.45	0
BSU_07920	GO:0003723	9	0.45	0
BSU_36820	GO:0032300	9	0.45	0
BSU_29750	GO:0036440	9	0.45	0
BSU_10220	GO:0003723	9	0.45	0
BSU_29200	GO:0032300	9	0.45	0
BSU_06480	GO:0016740	9	0.45	0
BSU_34070	GO:0003677	9	0.45	0
BSU_23860	GO:0005524	9	0.45	0
BSU_06480	GO:0042276	9	0.45	0
BSU_24140	GO:0005524	9	0.45	0
BSU_24520	GO:0004519	9	0.45	0
BSU_24140	GO:0005829	9	0.45	0
BSU_35020	GO:0005524	9	0.45	0
BSU_02410	GO:0033014	9	0.45	0
BSU_10220	GO:0016887	9	0.45	0
BSU_31350	GO:0005524	9	0.45	0
BSU_00060	GO:0032300	9	0.45	0
BSU_02420	GO:0016887	9	0.45	0
BSU_18120	GO:0016887	9	0.45	0
BSU_07750	GO:0016887	9	0.45	0
BSU_27810	GO:0016887	9	0.45	0
BSU_40420	GO:0005524	9	0.45	0
BSU_18470	GO:0019752	9	0.45	0
BSU_08000	GO:0016887	9	0.45	0
BSU_36950	GO:0016740	9	0.45	0
BSU_38490	GO:0016887	9	0.45	0
BSU_15210	GO:0016887	9	0.45	0
BSU_34070	GO:0016887	9	0.45	0
BSU_13590	GO:0005524	9	0.45	0
BSU_00140	GO:0016740	9	0.45	0
BSU_15500	GO:0005524	9	0.45	0
BSU_06470	GO:0032300	9	0.45	0
BSU_33090	GO:0032300	9	0.45	0
BSU_21770	GO:0005524	9	0.45	0
BSU_00940	GO:0016740	9	0.45	0
BSU_35020	GO:0016740	9	0.45	0
BSU_02360	GO:0016740	9	0.45	0
BSU_06480	GO:0032300	9	0.45	0
BSU_22780	GO:0016740	9	0.45	0
BSU_06620	GO:0020037	9	0.45	0
BSU_28470	GO:0020037	9	0.45	0
BSU_22780	GO:0004519	9	0.45	0
BSU_09720	GO:0005829	9	0.45	0
BSU_25130	GO:0008233	9	0.45	0
BSU_00940	GO:0008233	9	0.45	0
BSU_36950	GO:0005829	9	0.45	0
BSU_02410	GO:0008233	9	0.45	0
BSU_16250	GO:0016491	9	0.45	0
BSU_08710	GO:0005829	9	0.45	0
BSU_36950	GO:0005829	9	0.45	0
BSU_23510	GO:0005829	9	0.45	0
BSU_10930	GO:0005829	9	0.45	0
BSU_22780	GO:0008233	9	0.45	0
BSU_28790	GO:0005829	9	0.45	0
BSU_05410	GO:0005829	9	0.45	0
BSU_04260	GO:0008233	9	0.45	0
BSU_34710	GO:0005829	9	0.45	0
BSU_28490	GO:0042276	9	0.45	0
BSU_37560	GO:0005829	9	0.45	0
BSU_23190	GO:0005886	9	0.45	0
BSU_28490	GO:0032300	9	0.45	0
BSU_00140	GO:0005829	9	0.45	0
BSU_11670	GO:0008270	9	0.45	0
BSU_03300	GO:0032357	9	0.45	0
BSU_27920	GO:0005886	9	0.45	0
BSU_00060	GO:0042276	9	0.45	0
BSU_15570	GO:0032357	9	0.45	0
BSU_24140	GO:0005886	9	0.45	0
BSU_05840	GO:0032357	9	0.45	0
BSU_29180	GO:0032300	9	0.45	0
BSU_04260	GO:0032357	9	0.45	0
BSU_06620	GO:0032357	9	0.45	0
BSU_22310	GO:0032357	9	0.45	0
BSU_28490	GO:0032357	9	0.45	0
BSU_08290	GO:0005829	9	0.45	0
BSU_33210	GO:0005829	9	0.45	0
BSU_16760	GO:0020037	9	0.45	0
BSU_15500	GO:0035999	9	0.45	0
BSU_29540	GO:0008233	9	0.45	0
BSU_21770	GO:0035999	9	0.45	0
BSU_02360	GO:0004519	9	0.45	0
BSU_13590	GO:0008233	9	0.45	0
BSU_16760	GO:0035999	9	0.45	0
BSU_16160	GO:0035999	9	0.45	0
BSU_13250	GO:0003700	9	0.45	0
BSU_15570	GO:0005829	9	0.45	0
BSU_13590	GO:0035999	9	0.45	0
BSU_17180	GO:0016491	9	0.45	0
BSU_00940	GO:0035999	9	0.45	0
BSU_20020	GO:0008233	9	0.45	0
BSU_34910	GO:0009972	9	0.45	0
BSU_06480	GO:0035999	9	0.45	0
BSU_23860	GO:0035999	9	0.45	0
BSU_00140	GO:0005829	9	0.45	0
BSU_25260	GO:0035999	9	0.45	0
BSU_15570	GO:0008233	9	0.45	0
BSU_10930	GO:0008233	9	0.45	0
BSU_27920	GO:0035999	9	0.45	0
BSU_35020	GO:0004519	9	0.45	0
BSU_28440	GO:0035999	9	0.45	0
BSU_39050	GO:0008233	9	0.45	0
BSU_28470	GO:0035999	9	0.45	0
BSU_11460	GO:0016491	9	0.45	0
BSU_29540	GO:0005829	9	0.45	0
BSU_29180	GO:0035999	9	0.45	0
BSU_28950	GO:0035999	9	0.45	0
BSU_00940	GO:0004519	9	0.45	0
BSU_16670	GO:0005829	9	0.45	0
BSU_34070	GO:0005829	9	0.45	0
BSU_00870	GO:0032357	9	0.45	0
BSU_35930	GO:0005886	9	0.45	0
BSU_01810	GO:0032357	9	0.45	0
BSU_41000	GO:0019752	9	0.45	0
BSU_00060	GO:0016682	9	0.45	0
BSU_30550	GO:0003824	9	0.45	0
BSU_24960	GO:0032300	9	0.45	0
BSU_08820	GO:0005886	9	0.45	0
BSU_28120	GO:0005886	9	0.45	0
BSU_38200	GO:0003824	9	0.45	0
BSU_08710	GO:0005886	9	0.45	0
BSU_00060	GO:0005886	9	0.45	0
BSU_25130	GO:0000287	9	0.45	0
BSU_00940	GO:0000287	9	0.45	0
BSU_02410	GO:0000287	9	0.45	0
BSU_29750	GO:0005737	9	0.45	0
BSU_24950	GO:0032300	9	0.45	0
BSU_13590	GO:0005737	9	0.45	0
BSU_09650	GO:0000287	9	0.45	0
BSU_37560	GO:0000287	9	0.45	0
BSU_06500	GO:0019752	9	0.45	0
BSU_06430	GO:0019752	9	0.45	0
BSU_29750	GO:0000287	9	0.45	0
BSU_38490	GO:0000287	9	0.45	0
BSU_28090	GO:0019752	9	0.45	0
BSU_01810	GO:0042276	9	0.45	0
BSU_04000	GO:0016835	9	0.45	0
BSU_08790	GO:0016835	9	0.45	0
BSU_34890	GO:0016835	9	0.45	0
BSU_08790	GO:0019752	9	0.45	0
BSU_13250	GO:0019752	9	0.45	0
BSU_31350	GO:0016835	9	0.45	0
BSU_35370	GO:0020037	9	0.45	0
BSU_00940	GO:0020037	9	0.45	0
BSU_03790	GO:0020037	9	0.45	0
BSU_36950	GO:0005886	9	0.45	0
BSU_24520	GO:0042276	9	0.45	0
BSU_22780	GO:0005886	9	0.45	0
BSU_00940	GO:0032357	9	0.45	0
BSU_11670	GO:0006979	9	0.45	0
BSU_06620	GO:0005886	9	0.45	0
BSU_25130	GO:0003700	9	0.45	0
BSU_04260	GO:0042276	9	0.45	0
BSU_35020	GO:0005886	9	0.45	0
BSU_02360	GO:0005886	9	0.45	0
BSU_24520	GO:0032357	9	0.45	0
BSU_03300	GO:0005886	9	0.45	0
BSU_40990	GO:0003700	9	0.45	0
BSU_06620	GO:0042276	9	0.45	0
BSU_20020	GO:0005737	9	0.45	0
BSU_22310	GO:0042276	9	0.45	0
BSU_23510	GO:0003700	9	0.45	0
BSU_29200	GO:0005886	9	0.45	0
BSU_00140	GO:0004519	9	0.45	0
BSU_16160	GO:0032300	9	0.45	0
BSU_18410	GO:0005886	9	0.45	0
BSU_01380	GO:0005886	9	0.45	0
BSU_02410	GO:0032357	9	0.45	0
BSU_39050	GO:0005737	9	0.45	0
BSU_00140	GO:0005886	9	0.45	0
BSU_04260	GO:0005737	9	0.45	0
BSU_28800	GO:0019752	9	0.45	0
BSU_00870	GO:0042276	9	0.45	0
BSU_02410	GO:0005737	9	0.45	0
BSU_28800	GO:0004519	9	0.45	0
BSU_00940	GO:0005886	9	0.45	0
BSU_25130	GO:0005737	9	0.45	0
BSU_11460	GO:0032300	9	0.45	0
BSU_16130	GO:0019752	9	0.45	0
BSU_33090	GO:0048476	9	0.45	0
BSU_06470	GO:0006520	9	0.45	0
BSU_06470	GO:0048476	9	0.45	0
BSU_33090	GO:0140581	9	0.45	0
BSU_09720	GO:0004222	9	0.45	0
BSU_08000	GO:0004222	9	0.45	0
BSU_12010	GO:0140581	9	0.45	0
BSU_36950	GO:0140098	9	0.45	0
BSU_08710	GO:0006525	9	0.45	0
BSU_03130	GO:0004222	9	0.45	0
BSU_29900	GO:0140098	9	0.45	0
BSU_28120	GO:0140098	9	0.45	0
BSU_38050	GO:0140581	9	0.45	0
BSU_16130	GO:0140098	9	0.45	0
BSU_01000	GO:0140581	9	0.45	0
BSU_23190	GO:0140581	9	0.45	0
BSU_27990	GO:0140581	9	0.45	0
BSU_34910	GO:0003824	9	0.45	0
BSU_38490	GO:0004222	9	0.45	0
BSU_00140	GO:0032508	9	0.45	0
BSU_24140	GO:0070681	9	0.45	0
BSU_13890	GO:0140581	9	0.45	0
BSU_00940	GO:0032508	9	0.45	0
BSU_36950	GO:0032508	9	0.45	0
BSU_16350	GO:0140581	9	0.45	0
BSU_34070	GO:0006508	9	0.45	0
BSU_15210	GO:0006508	9	0.45	0
BSU_28120	GO:0006525	9	0.45	0
BSU_35700	GO:0140581	9	0.45	0
BSU_02350	GO:0140581	9	0.45	0
BSU_38490	GO:0006508	9	0.45	0
BSU_09720	GO:0032508	9	0.45	0
BSU_35020	GO:0070681	9	0.45	0
BSU_09720	GO:0006508	9	0.45	0
BSU_18470	GO:0008168	9	0.45	0
BSU_08710	GO:0140098	9	0.45	0
BSU_07920	GO:0006508	9	0.45	0
BSU_13120	GO:0008168	9	0.45	0
BSU_00940	GO:0004047	9	0.45	0
BSU_09270	GO:0140098	9	0.45	0
BSU_14000	GO:0004047	9	0.45	0
BSU_00140	GO:0140098	9	0.45	0
BSU_00940	GO:0140098	9	0.45	0
BSU_01810	GO:0005737	9	0.45	0
BSU_20020	GO:0006525	9	0.45	0
BSU_09720	GO:0140098	9	0.45	0
BSU_13590	GO:0140098	9	0.45	0
BSU_15500	GO:0003723	9	0.45	0
BSU_03790	GO:0004047	9	0.45	0
BSU_16760	GO:0004047	9	0.45	0
BSU_28470	GO:0004047	9	0.45	0
BSU_08720	GO:0010133	9	0.45	0
BSU_06620	GO:0004047	9	0.45	0
BSU_00140	GO:0016491	9	0.45	0
BSU_09670	GO:0004047	9	0.45	0
BSU_28120	GO:0004047	9	0.45	0
BSU_08710	GO:0004047	9	0.45	0
BSU_38460	GO:0140098	9	0.45	0
BSU_29670	GO:0140098	9	0.45	0
BSU_18470	GO:0140098	9	0.45	0
BSU_13120	GO:0140098	9	0.45	0
BSU_17600	GO:0140098	9	0.45	0
BSU_28800	GO:0140098	9	0.45	0
BSU_04000	GO:0003824	9	0.45	0
BSU_34910	GO:0010133	9	0.45	0
BSU_39050	GO:0004222	9	0.45	0
BSU_08290	GO:0006508	9	0.45	0
BSU_31350	GO:0140098	9	0.45	0
BSU_15210	GO:0004222	9	0.45	0
BSU_29750	GO:0140098	9	0.45	0
BSU_29540	GO:0032508	9	0.45	0
BSU_13120	GO:0032508	9	0.45	0
BSU_29200	GO:0006520	9	0.45	0
BSU_24520	GO:0006281	9	0.45	0
BSU_14000	GO:0006525	9	0.45	0
BSU_06480	GO:0070681	9	0.45	0
BSU_22780	GO:0008168	9	0.45	0
BSU_15210	GO:0006631	9	0.45	0
BSU_27920	GO:0008168	9	0.45	0
BSU_36950	GO:0008168	9	0.45	0
BSU_29180	GO:0019464	9	0.45	0
BSU_28470	GO:0019464	9	0.45	0
BSU_09670	GO:0019464	9	0.45	0
BSU_21770	GO:0006525	9	0.45	0
BSU_06480	GO:0008168	9	0.45	0
BSU_22310	GO:0008168	9	0.45	0
BSU_08710	GO:0008168	9	0.45	0
BSU_06620	GO:0019464	9	0.45	0
BSU_02360	GO:0008168	9	0.45	0
BSU_35020	GO:0008168	9	0.45	0
BSU_00940	GO:0006281	9	0.45	0
BSU_23860	GO:0019464	9	0.45	0
BSU_40080	GO:0019464	9	0.45	0
BSU_02410	GO:0006281	9	0.45	0
BSU_00940	GO:0008168	9	0.45	0
BSU_25260	GO:0019464	9	0.45	0
BSU_39050	GO:0006631	9	0.45	0
BSU_08720	GO:0003824	9	0.45	0
BSU_03300	GO:0006281	9	0.45	0
BSU_34680	GO:0019464	9	0.45	0
BSU_37250	GO:0006281	9	0.45	0
BSU_29670	GO:0019464	9	0.45	0
BSU_22780	GO:0006281	9	0.45	0
BSU_00140	GO:0008168	9	0.45	0
BSU_35930	GO:0019464	9	0.45	0
BSU_28120	GO:0008168	9	0.45	0
BSU_16760	GO:0019464	9	0.45	0
BSU_11460	GO:0140581	9	0.45	0
BSU_00060	GO:0140581	9	0.45	0
BSU_34070	GO:0032508	9	0.45	0
BSU_16670	GO:0032508	9	0.45	0
BSU_29180	GO:0008168	9	0.45	0
BSU_10930	GO:0008168	9	0.45	0
BSU_15570	GO:0008168	9	0.45	0
BSU_08000	GO:0006508	9	0.45	0
BSU_29540	GO:0008168	9	0.45	0
BSU_08820	GO:0008168	9	0.45	0
BSU_28440	GO:0140581	9	0.45	0
BSU_16250	GO:0140581	9	0.45	0
BSU_09670	GO:0006525	9	0.45	0
BSU_36820	GO:0140581	9	0.45	0
BSU_18470	GO:0032508	9	0.45	0
BSU_31450	GO:0140581	9	0.45	0
BSU_27920	GO:0006281	9	0.45	0
BSU_37560	GO:0032508	9	0.45	0
BSU_38460	GO:0032508	9	0.45	0
BSU_06480	GO:0006281	9	0.45	0
BSU_30320	GO:0032508	9	0.45	0
BSU_30550	GO:0032508	9	0.45	0
BSU_39820	GO:0032508	9	0.45	0
BSU_38200	GO:0032508	9	0.45	0
BSU_35370	GO:0019464	9	0.45	0
BSU_29180	GO:0006281	9	0.45	0
BSU_13590	GO:0006281	9	0.45	0
BSU_03130	GO:0006631	9	0.45	0
BSU_40420	GO:0006281	9	0.45	0
BSU_30550	GO:0006281	9	0.45	0
BSU_38200	GO:0006281	9	0.45	0
BSU_17600	GO:0006281	9	0.45	0
BSU_03790	GO:0019464	9	0.45	0
BSU_39050	GO:0004047	9	0.45	0
BSU_05410	GO:0015793	9	0.45	0
BSU_29180	GO:0004047	9	0.45	0
BSU_37250	GO:0071555	9	0.45	0
BSU_34070	GO:0015793	9	0.45	0
BSU_15210	GO:0015793	9	0.45	0
BSU_28950	GO:0006096	9	0.45	0
BSU_37560	GO:0006096	9	0.45	0
BSU_33090	GO:0016757	9	0.45	0
BSU_06480	GO:0008615	9	0.45	0
BSU_00940	GO:0008615	9	0.45	0
BSU_30550	GO:0006096	9	0.45	0
BSU_38050	GO:0016757	9	0.45	0
BSU_36950	GO:0005886	9	0.45	0
BSU_01000	GO:0016757	9	0.45	0
BSU_29670	GO:0006096	9	0.45	0
BSU_38460	GO:0006096	9	0.45	0
BSU_38490	GO:0015793	9	0.45	0
BSU_25260	GO:0006096	9	0.45	0
BSU_40420	GO:0008615	9	0.45	0
BSU_31350	GO:0008615	9	0.45	0
BSU_34070	GO:0006096	9	0.45	0
BSU_02350	GO:0071555	9	0.45	0
BSU_30320	GO:0008615	9	0.45	0
BSU_30550	GO:0008615	9	0.45	0
BSU_12010	GO:0016757	9	0.45	0
BSU_35020	GO:0008615	9	0.45	0
BSU_16670	GO:0006096	9	0.45	0
BSU_28470	GO:0005886	9	0.45	0
BSU_18470	GO:0006096	9	0.45	0
BSU_28950	GO:0004823	9	0.45	0
BSU_00940	GO:0005886	9	0.45	0
BSU_13120	GO:0006096	9	0.45	0
BSU_28470	GO:0004823	9	0.45	0
BSU_31650	GO:0016757	9	0.45	0
BSU_30320	GO:0006096	9	0.45	0
BSU_36950	GO:0016491	9	0.45	0
BSU_11670	GO:0010133	9	0.45	0
BSU_28120	GO:0016491	9	0.45	0
BSU_31350	GO:0030488	9	0.45	0
BSU_16250	GO:0016757	9	0.45	0
BSU_34070	GO:0035435	9	0.45	0
BSU_30320	GO:0030488	9	0.45	0
BSU_30550	GO:0030488	9	0.45	0
BSU_08710	GO:0016491	9	0.45	0
BSU_08820	GO:0016491	9	0.45	0
BSU_13590	GO:0008615	9	0.45	0
BSU_08790	GO:0042838	9	0.45	0
BSU_38490	GO:0035435	9	0.45	0
BSU_35700	GO:0016757	9	0.45	0
BSU_37560	GO:0051539	9	0.45	0
BSU_28950	GO:0051539	9	0.45	0
BSU_04000	GO:0042838	9	0.45	0
BSU_40420	GO:0030488	9	0.45	0
BSU_28950	GO:0008615	9	0.45	0
BSU_29180	GO:0008615	9	0.45	0
BSU_27920	GO:0016757	9	0.45	0
BSU_28470	GO:0008615	9	0.45	0
BSU_00940	GO:0030488	9	0.45	0
BSU_27920	GO:0008615	9	0.45	0
BSU_25260	GO:0008615	9	0.45	0
BSU_08000	GO:0015793	9	0.45	0
BSU_23860	GO:0008615	9	0.45	0
BSU_21770	GO:0008615	9	0.45	0
BSU_13590	GO:0030488	9	0.45	0
BSU_16760	GO:0008615	9	0.45	0
BSU_09720	GO:0015793	9	0.45	0
BSU_16160	GO:0008615	9	0.45	0
BSU_15500	GO:0008615	9	0.45	0
BSU_23190	GO:0016757	9	0.45	0
BSU_29540	GO:0006096	9	0.45	0
BSU_22780	GO:0016491	9	0.45	0
BSU_25260	GO:0004823	9	0.45	0
BSU_08290	GO:0015793	9	0.45	0
BSU_38460	GO:0004047	9	0.45	0
BSU_31350	GO:0004047	9	0.45	0
BSU_25130	GO:0005737	9	0.45	0
BSU_00940	GO:0016491	9	0.45	0
BSU_30320	GO:0004047	9	0.45	0
BSU_30550	GO:0004047	9	0.45	0
BSU_39820	GO:0004047	9	0.45	0
BSU_09720	GO:0006096	9	0.45	0
BSU_00940	GO:0003723	9	0.45	0
BSU_35020	GO:0003723	9	0.45	0
BSU_02360	GO:0003723	9	0.45	0
BSU_38200	GO:0004047	9	0.45	0
BSU_35930	GO:0004047	9	0.45	0
BSU_35020	GO:0004823	9	0.45	0
BSU_00140	GO:0003723	9	0.45	0
BSU_29670	GO:0004047	9	0.45	0
BSU_04260	GO:0005737	9	0.45	0
BSU_34680	GO:0004047	9	0.45	0
BSU_25260	GO:0004047	9	0.45	0
BSU_17600	GO:0003723	9	0.45	0
BSU_40080	GO:0004047	9	0.45	0
BSU_28800	GO:0003723	9	0.45	0
BSU_35930	GO:0003723	9	0.45	0
BSU_23860	GO:0004047	9	0.45	0
BSU_31350	GO:0003723	9	0.45	0
BSU_29750	GO:0003723	9	0.45	0
BSU_13590	GO:0003723	9	0.45	0
BSU_28120	GO:0003723	9	0.45	0
BSU_08710	GO:0003723	9	0.45	0
BSU_18470	GO:0004047	9	0.45	0
BSU_13120	GO:0004047	9	0.45	0
BSU_30550	GO:0004823	9	0.45	0
BSU_22780	GO:0003723	9	0.45	0
BSU_34680	GO:0010133	9	0.45	0
BSU_12010	GO:0071555	9	0.45	0
BSU_23860	GO:0004823	9	0.45	0
BSU_02350	GO:0016757	9	0.45	0
BSU_21770	GO:0004823	9	0.45	0
BSU_16760	GO:0004823	9	0.45	0
BSU_36950	GO:0006096	9	0.45	0
BSU_24960	GO:0071555	9	0.45	0
BSU_24950	GO:0071555	9	0.45	0
BSU_15500	GO:0004823	9	0.45	0
BSU_28470	GO:0006096	9	0.45	0
BSU_13590	GO:0004823	9	0.45	0
BSU_00140	GO:0005886	9	0.45	0
BSU_00940	GO:0006096	9	0.45	0
BSU_07920	GO:0015793	9	0.45	0
BSU_00140	GO:0006096	9	0.45	0
BSU_10930	GO:0010133	9	0.45	0
BSU_27920	GO:0003723	9	0.45	0
BSU_15570	GO:0010133	9	0.45	0
BSU_10930	GO:0003723	9	0.45	0
BSU_33090	GO:0071555	9	0.45	0
BSU_29180	GO:0003723	9	0.45	0
BSU_00940	GO:0004823	9	0.45	0
BSU_06480	GO:0004823	9	0.45	0
BSU_38050	GO:0071555	9	0.45	0
BSU_08820	GO:0003723	9	0.45	0
BSU_22310	GO:0003723	9	0.45	0
BSU_06480	GO:0003723	9	0.45	0
BSU_18300	GO:0071555	9	0.45	0
BSU_40420	GO:0004823	9	0.45	0
BSU_31350	GO:0004823	9	0.45	0
BSU_36950	GO:0003723	9	0.45	0
BSU_01380	GO:0019464	9	0.45	0
BSU_03300	GO:0032259	9	0.45	0
BSU_09290	GO:0019464	9	0.45	0
BSU_24250	GO:0006284	9	0.45	0
BSU_38050	GO:0046933	9	0.45	0
BSU_20020	GO:0005886	9	0.45	0
BSU_24250	GO:0030163	9	0.45	0
BSU_01000	GO:0046933	9	0.45	0
BSU_27990	GO:0046933	9	0.45	0
BSU_15500	GO:0005886	9	0.45	0
BSU_28440	GO:0046933	9	0.45	0
BSU_38490	GO:0016787	9	0.45	0
BSU_16250	GO:0046933	9	0.45	0
BSU_15500	GO:0070681	9	0.45	0
BSU_37250	GO:0055085	9	0.45	0
BSU_16350	GO:0046933	9	0.45	0
BSU_13590	GO:0005886	9	0.45	0
BSU_34070	GO:0016787	9	0.45	0
BSU_05410	GO:0055085	9	0.45	0
BSU_08290	GO:0055085	9	0.45	0
BSU_33090	GO:0046933	9	0.45	0
BSU_16160	GO:0070681	9	0.45	0
BSU_28950	GO:0005886	9	0.45	0
BSU_37560	GO:0005886	9	0.45	0
BSU_11460	GO:0046933	9	0.45	0
BSU_12010	GO:0046933	9	0.45	0
BSU_40420	GO:0005886	9	0.45	0
BSU_31450	GO:0046933	9	0.45	0
BSU_30550	GO:0005886	9	0.45	0
BSU_17180	GO:0006284	9	0.45	0
BSU_13890	GO:0046933	9	0.45	0
BSU_39050	GO:0005524	9	0.45	0
BSU_35700	GO:0046933	9	0.45	0
BSU_34070	GO:0055085	9	0.45	0
BSU_09670	GO:0005524	9	0.45	0
BSU_17180	GO:0030163	9	0.45	0
BSU_09720	GO:0016787	9	0.45	0
BSU_00870	GO:0042126	9	0.45	0
BSU_02360	GO:0005886	9	0.45	0
BSU_23190	GO:0006284	9	0.45	0
BSU_22780	GO:0005886	9	0.45	0
BSU_03300	GO:0005886	9	0.45	0
BSU_01000	GO:0006284	9	0.45	0
BSU_39820	GO:0005886	9	0.45	0
BSU_35020	GO:0005886	9	0.45	0
BSU_16220	GO:0006284	9	0.45	0
BSU_08000	GO:0016787	9	0.45	0
BSU_03300	GO:0005886	9	0.45	0
BSU_02410	GO:0005886	9	0.45	0
BSU_29200	GO:0016746	9	0.45	0
BSU_00940	GO:0005886	9	0.45	0
BSU_28490	GO:0016746	9	0.45	0
BSU_16160	GO:0016746	9	0.45	0
BSU_24250	GO:0016746	9	0.45	0
BSU_04260	GO:0005886	9	0.45	0
BSU_27920	GO:0005886	9	0.45	0
BSU_06480	GO:0005886	9	0.45	0
BSU_06620	GO:0005886	9	0.45	0
BSU_06620	GO:0005886	9	0.45	0
BSU_22310	GO:0005886	9	0.45	0
BSU_15210	GO:0016787	9	0.45	0
BSU_08820	GO:0005886	9	0.45	0
BSU_39050	GO:0005886	9	0.45	0
BSU_36950	GO:0005886	9	0.45	0
BSU_29180	GO:0005886	9	0.45	0
BSU_10930	GO:0005886	9	0.45	0
BSU_35930	GO:0005886	9	0.45	0
BSU_15570	GO:0005886	9	0.45	0
BSU_37250	GO:0016787	9	0.45	0
BSU_29540	GO:0005886	9	0.45	0
BSU_15210	GO:0055085	9	0.45	0
BSU_38490	GO:0055085	9	0.45	0
BSU_31650	GO:0046933	9	0.45	0
BSU_18470	GO:0019877	9	0.45	0
BSU_21770	GO:0070681	9	0.45	0
BSU_00940	GO:0006418	9	0.45	0
BSU_06480	GO:0051082	9	0.45	0
BSU_29540	GO:0019877	9	0.45	0
BSU_16960	GO:0030163	9	0.45	0
BSU_13120	GO:0019877	9	0.45	0
BSU_22310	GO:0051082	9	0.45	0
BSU_08820	GO:0006525	9	0.45	0
BSU_16760	GO:0070681	9	0.45	0
BSU_08710	GO:0051082	9	0.45	0
BSU_28120	GO:0051082	9	0.45	0
BSU_08820	GO:0051082	9	0.45	0
BSU_13590	GO:0006418	9	0.45	0
BSU_15500	GO:0006418	9	0.45	0
BSU_06480	GO:0006418	9	0.45	0
BSU_36950	GO:0051082	9	0.45	0
BSU_15570	GO:0019877	9	0.45	0
BSU_10930	GO:0019877	9	0.45	0
BSU_27920	GO:0051082	9	0.45	0
BSU_23860	GO:0070681	9	0.45	0
BSU_01000	GO:0030163	9	0.45	0
BSU_22780	GO:0051082	9	0.45	0
BSU_40420	GO:0006418	9	0.45	0
BSU_31350	GO:0006418	9	0.45	0
BSU_28120	GO:0019877	9	0.45	0
BSU_08710	GO:0019877	9	0.45	0
BSU_02360	GO:0051082	9	0.45	0
BSU_35020	GO:0051082	9	0.45	0
BSU_28950	GO:0009089	9	0.45	0
BSU_13890	GO:0030163	9	0.45	0
BSU_00940	GO:0051082	9	0.45	0
BSU_29180	GO:0051082	9	0.45	0
BSU_10930	GO:0051082	9	0.45	0
BSU_16160	GO:0006418	9	0.45	0
BSU_28800	GO:0005524	9	0.45	0
BSU_00060	GO:0006284	9	0.45	0
BSU_23860	GO:0005524	9	0.45	0
BSU_40080	GO:0005524	9	0.45	0
BSU_34680	GO:0005524	9	0.45	0
BSU_31350	GO:0005524	9	0.45	0
BSU_01380	GO:0005524	9	0.45	0
BSU_02350	GO:0046933	9	0.45	0
BSU_13250	GO:0005524	9	0.45	0
BSU_08790	GO:0005524	9	0.45	0
BSU_08000	GO:0055085	9	0.45	0
BSU_05840	GO:0005524	9	0.45	0
BSU_41000	GO:0005524	9	0.45	0
BSU_00060	GO:0046933	9	0.45	0
BSU_16130	GO:0005524	9	0.45	0
BSU_34910	GO:0005524	9	0.45	0
BSU_15570	GO:0051082	9	0.45	0
BSU_28950	GO:0006418	9	0.45	0
BSU_31450	GO:0030163	9	0.45	0
BSU_29180	GO:0006418	9	0.45	0
BSU_36820	GO:0030163	9	0.45	0
BSU_28470	GO:0006418	9	0.45	0
BSU_18470	GO:0051082	9	0.45	0
BSU_13120	GO:0051082	9	0.45	0
BSU_25260	GO:0006418	9	0.45	0
BSU_23860	GO:0006418	9	0.45	0
BSU_29540	GO:0051082	9	0.45	0
BSU_21770	GO:0006418	9	0.45	0
BSU_06470	GO:0046933	9	0.45	0
BSU_16760	GO:0006418	9	0.45	0
BSU_23510	GO:0019877	9	0.45	0
BSU_25130	GO:0005886	9	0.45	0
BSU_29180	GO:0042126	9	0.45	0
BSU_04000	GO:0006631	9	0.45	0
BSU_28470	GO:0016491	9	0.45	0
BSU_35370	GO:0005886	9	0.45	0
BSU_21770	GO:0016491	9	0.45	0
BSU_15500	GO:0005198	9	0.45	0
BSU_13590	GO:0005198	9	0.45	0
BSU_25260	GO:0016491	9	0.45	0
BSU_00140	GO:0006525	9	0.45	0
BSU_28950	GO:0016491	9	0.45	0
BSU_08710	GO:0008033	9	0.45	0
BSU_31350	GO:0008033	9	0.45	0
BSU_29750	GO:0008033	9	0.45	0
BSU_13590	GO:0008033	9	0.45	0
BSU_35020	GO:0005886	9	0.45	0
BSU_02360	GO:0005886	9	0.45	0
BSU_06470	GO:0005886	9	0.45	0
BSU_16760	GO:0005198	9	0.45	0
BSU_28800	GO:0008033	9	0.45	0
BSU_00060	GO:0005886	9	0.45	0
BSU_21770	GO:0005198	9	0.45	0
BSU_15500	GO:0016491	9	0.45	0
BSU_13590	GO:0016491	9	0.45	0
BSU_23860	GO:0005198	9	0.45	0
BSU_09290	GO:0005886	9	0.45	0
BSU_13120	GO:0005886	9	0.45	0
BSU_29180	GO:0005886	9	0.45	0
BSU_25260	GO:0005198	9	0.45	0
BSU_00940	GO:0016491	9	0.45	0
BSU_28470	GO:0005886	9	0.45	0
BSU_28470	GO:0005198	9	0.45	0
BSU_34680	GO:0003824	9	0.45	0
BSU_16760	GO:0005886	9	0.45	0
BSU_28950	GO:0005198	9	0.45	0
BSU_28120	GO:0008033	9	0.45	0
BSU_22780	GO:0005886	9	0.45	0
BSU_06620	GO:0042126	9	0.45	0
BSU_30320	GO:0005198	9	0.45	0
BSU_15570	GO:0005886	9	0.45	0
BSU_17180	GO:0032259	9	0.45	0
BSU_27920	GO:0032259	9	0.45	0
BSU_06470	GO:0032259	9	0.45	0
BSU_02360	GO:0032259	9	0.45	0
BSU_35020	GO:0032259	9	0.45	0
BSU_21770	GO:0019464	9	0.45	0
BSU_29200	GO:0032259	9	0.45	0
BSU_09650	GO:0006631	9	0.45	0
BSU_30550	GO:0005198	9	0.45	0
BSU_35370	GO:0032259	9	0.45	0
BSU_00060	GO:0032259	9	0.45	0
BSU_34680	GO:0006631	9	0.45	0
BSU_05840	GO:0019464	9	0.45	0
BSU_06480	GO:0032259	9	0.45	0
BSU_27990	GO:0030163	9	0.45	0
BSU_03300	GO:0019464	9	0.45	0
BSU_37250	GO:0019464	9	0.45	0
BSU_31350	GO:0005198	9	0.45	0
BSU_40420	GO:0005198	9	0.45	0
BSU_11670	GO:0003824	9	0.45	0
BSU_08820	GO:0005886	9	0.45	0
BSU_22310	GO:0005886	9	0.45	0
BSU_22310	GO:0032259	9	0.45	0
BSU_18450	GO:0030163	9	0.45	0
BSU_29180	GO:0032259	9	0.45	0
BSU_06480	GO:0005886	9	0.45	0
BSU_00940	GO:0005198	9	0.45	0
BSU_27920	GO:0005886	9	0.45	0
BSU_16160	GO:0032259	9	0.45	0
BSU_28490	GO:0032259	9	0.45	0
BSU_03790	GO:0005886	9	0.45	0
BSU_40420	GO:0016491	9	0.45	0
BSU_31350	GO:0016491	9	0.45	0
BSU_35930	GO:0016746	9	0.45	0
BSU_36950	GO:0006525	9	0.45	0
BSU_18450	GO:0042126	9	0.45	0
BSU_35370	GO:0016746	9	0.45	0
BSU_28470	GO:0042823	9	0.45	0
BSU_03300	GO:0042126	9	0.45	0
BSU_00060	GO:0016746	9	0.45	0
BSU_08000	GO:0015112	9	0.45	0
BSU_35020	GO:0042823	9	0.45	0
BSU_27920	GO:0042823	9	0.45	0
BSU_16350	GO:0030163	9	0.45	0
BSU_00870	GO:0008705	9	0.45	0
BSU_16220	GO:0030163	9	0.45	0
BSU_30710	GO:0008705	9	0.45	0
BSU_25260	GO:0042823	9	0.45	0
BSU_29180	GO:0042823	9	0.45	0
BSU_28950	GO:0042823	9	0.45	0
BSU_30710	GO:0042126	9	0.45	0
BSU_35020	GO:0016746	9	0.45	0
BSU_06470	GO:0016746	9	0.45	0
BSU_28440	GO:0042126	9	0.45	0
BSU_00060	GO:0042126	9	0.45	0
BSU_27920	GO:0016746	9	0.45	0
BSU_06480	GO:0016746	9	0.45	0
BSU_38050	GO:0006284	9	0.45	0
BSU_27990	GO:0006284	9	0.45	0
BSU_27920	GO:0042126	9	0.45	0
BSU_29180	GO:0016746	9	0.45	0
BSU_29200	GO:0005886	9	0.45	0
BSU_35700	GO:0030163	9	0.45	0
BSU_06480	GO:0042126	9	0.45	0
BSU_38200	GO:0005886	9	0.45	0
BSU_34540	GO:0030163	9	0.45	0
BSU_38490	GO:0015112	9	0.45	0
BSU_18450	GO:0008705	9	0.45	0
BSU_13590	GO:0042823	9	0.45	0
BSU_17600	GO:0008033	9	0.45	0
BSU_30550	GO:0042823	9	0.45	0
BSU_30320	GO:0042823	9	0.45	0
BSU_31350	GO:0042823	9	0.45	0
BSU_30320	GO:0016491	9	0.45	0
BSU_40420	GO:0042823	9	0.45	0
BSU_30550	GO:0016491	9	0.45	0
BSU_00940	GO:0006525	9	0.45	0
BSU_06480	GO:0042823	9	0.45	0
BSU_23190	GO:0005886	9	0.45	0
BSU_13120	GO:0008033	9	0.45	0
BSU_18470	GO:0008033	9	0.45	0
BSU_00940	GO:0042823	9	0.45	0
BSU_35370	GO:0008705	9	0.45	0
BSU_29670	GO:0008033	9	0.45	0
BSU_27920	GO:0008705	9	0.45	0
BSU_38460	GO:0008033	9	0.45	0
BSU_09270	GO:0008033	9	0.45	0
BSU_00140	GO:0008033	9	0.45	0
BSU_00940	GO:0008033	9	0.45	0
BSU_15500	GO:0042823	9	0.45	0
BSU_22780	GO:0006525	9	0.45	0
BSU_29180	GO:0008705	9	0.45	0
BSU_09720	GO:0008033	9	0.45	0
BSU_16160	GO:0042823	9	0.45	0
BSU_29540	GO:0008033	9	0.45	0
BSU_16760	GO:0042823	9	0.45	0
BSU_21770	GO:0042823	9	0.45	0
BSU_00060	GO:0008705	9	0.45	0
BSU_23860	GO:0042823	9	0.45	0
BSU_09720	GO:0035435	9	0.45	0
BSU_29540	GO:0016491	9	0.45	0
BSU_35370	GO:0004659	9	0.45	0
BSU_17180	GO:0003676	9	0.45	0
BSU_27920	GO:0009090	9	0.45	0
BSU_35700	GO:0003676	9	0.45	0
BSU_34680	GO:0005737	9	0.45	0
BSU_38050	GO:0005829	9	0.45	0
BSU_28440	GO:0009090	9	0.45	0
BSU_34540	GO:0003676	9	0.45	0
BSU_20020	GO:0005737	9	0.45	0
BSU_25130	GO:0005737	9	0.45	0
BSU_25510	GO:0005737	9	0.45	0
BSU_29180	GO:0009090	9	0.45	0
BSU_00870	GO:0005737	9	0.45	0
BSU_24250	GO:0003676	9	0.45	0
BSU_28950	GO:0009090	9	0.45	0
BSU_01810	GO:0005737	9	0.45	0
BSU_36820	GO:0003676	9	0.45	0
BSU_31450	GO:0003676	9	0.45	0
BSU_25260	GO:0009090	9	0.45	0
BSU_24140	GO:0016020	9	0.45	0
BSU_39050	GO:0016020	9	0.45	0
BSU_27920	GO:0016020	9	0.45	0
BSU_23860	GO:0009090	9	0.45	0
BSU_00140	GO:0005886	9	0.45	0
BSU_07700	GO:0016020	9	0.45	0
BSU_34710	GO:0016020	9	0.45	0
BSU_36950	GO:0005886	9	0.45	0
BSU_01950	GO:0016020	9	0.45	0
BSU_28440	GO:0016020	9	0.45	0
BSU_25510	GO:0016020	9	0.45	0
BSU_01810	GO:0004407	9	0.45	0
BSU_18470	GO:0005886	9	0.45	0
BSU_15170	GO:0016020	9	0.45	0
BSU_08790	GO:0004407	9	0.45	0
BSU_01000	GO:0003676	9	0.45	0
BSU_33210	GO:0009401	9	0.45	0
BSU_00140	GO:0009401	9	0.45	0
BSU_13590	GO:0005737	9	0.45	0
BSU_30710	GO:0005737	9	0.45	0
BSU_25130	GO:0005737	9	0.45	0
BSU_15210	GO:0005737	9	0.45	0
BSU_35020	GO:0036402	9	0.45	0
BSU_04260	GO:0005737	9	0.45	0
BSU_29540	GO:0009401	9	0.45	0
BSU_16220	GO:0003676	9	0.45	0
BSU_13120	GO:0009401	9	0.45	0
BSU_18470	GO:0009401	9	0.45	0
BSU_15500	GO:0004407	9	0.45	0
BSU_24250	GO:0005829	9	0.45	0
BSU_16670	GO:0009401	9	0.45	0
BSU_34070	GO:0009401	9	0.45	0
BSU_32410	GO:0004407	9	0.45	0
BSU_02350	GO:0005515	9	0.45	0
BSU_39050	GO:0005737	9	0.45	0
BSU_13890	GO:0005515	9	0.45	0
BSU_12010	GO:0005515	9	0.45	0
BSU_38050	GO:0005515	9	0.45	0
BSU_11460	GO:0005515	9	0.45	0
BSU_24140	GO:0036402	9	0.45	0
BSU_06620	GO:0005737	9	0.45	0
BSU_35370	GO:0005515	9	0.45	0
BSU_04260	GO:0005737	9	0.45	0
BSU_37250	GO:0005737	9	0.45	0
BSU_03300	GO:0005737	9	0.45	0
BSU_02410	GO:0005737	9	0.45	0
BSU_11670	GO:0050661	9	0.45	0
BSU_16350	GO:0003676	9	0.45	0
BSU_13890	GO:0003676	9	0.45	0
BSU_30710	GO:0016020	9	0.45	0
BSU_16670	GO:0005886	9	0.45	0
BSU_11460	GO:0016020	9	0.45	0
BSU_30710	GO:0003824	9	0.45	0
BSU_00060	GO:0004659	9	0.45	0
BSU_00940	GO:0017118	9	0.45	0
BSU_35020	GO:0009090	9	0.45	0
BSU_11460	GO:0003824	9	0.45	0
BSU_30550	GO:0009090	9	0.45	0
BSU_30320	GO:0009090	9	0.45	0
BSU_15170	GO:0003824	9	0.45	0
BSU_21770	GO:0009090	9	0.45	0
BSU_06470	GO:0003824	9	0.45	0
BSU_40420	GO:0009090	9	0.45	0
BSU_13590	GO:0017118	9	0.45	0
BSU_00140	GO:0006750	9	0.45	0
BSU_00060	GO:0003824	9	0.45	0
BSU_10930	GO:0016651	9	0.45	0
BSU_08790	GO:0016491	9	0.45	0
BSU_24140	GO:0009090	9	0.45	0
BSU_08000	GO:0000160	9	0.45	0
BSU_01380	GO:0006750	9	0.45	0
BSU_09720	GO:0000160	9	0.45	0
BSU_38490	GO:0000160	9	0.45	0
BSU_15210	GO:0000160	9	0.45	0
BSU_25130	GO:0045892	9	0.45	0
BSU_04260	GO:0045892	9	0.45	0
BSU_40420	GO:0017118	9	0.45	0
BSU_23190	GO:0003824	9	0.45	0
BSU_28950	GO:0008033	9	0.45	0
BSU_37560	GO:0008033	9	0.45	0
BSU_31350	GO:0017118	9	0.45	0
BSU_00140	GO:0008033	9	0.45	0
BSU_17180	GO:0003824	9	0.45	0
BSU_00940	GO:0008033	9	0.45	0
BSU_06480	GO:0009090	9	0.45	0
BSU_00140	GO:0005829	9	0.45	0
BSU_15570	GO:0016651	9	0.45	0
BSU_06430	GO:0005886	9	0.45	0
BSU_17180	GO:0005829	9	0.45	0
BSU_13890	GO:0005829	9	0.45	0
BSU_37250	GO:0016020	9	0.45	0
BSU_30550	GO:0005886	9	0.45	0
BSU_27990	GO:0003676	9	0.45	0
BSU_18450	GO:0005829	9	0.45	0
BSU_38200	GO:0005886	9	0.45	0
BSU_00060	GO:0005829	9	0.45	0
BSU_16960	GO:0003676	9	0.45	0
BSU_16160	GO:0009090	9	0.45	0
BSU_23510	GO:0005829	9	0.45	0
BSU_15500	GO:0009090	9	0.45	0
BSU_28090	GO:0005886	9	0.45	0
BSU_39820	GO:0006750	9	0.45	0
BSU_06500	GO:0005886	9	0.45	0
BSU_00940	GO:0009090	9	0.45	0
BSU_29540	GO:0005829	9	0.45	0
BSU_34910	GO:0004407	9	0.45	0
BSU_13590	GO:0009090	9	0.45	0
BSU_28790	GO:0005886	9	0.45	0
BSU_03130	GO:0005886	9	0.45	0
BSU_15570	GO:0005829	9	0.45	0
BSU_10930	GO:0005829	9	0.45	0
BSU_28120	GO:0005829	9	0.45	0
BSU_08710	GO:0005829	9	0.45	0
BSU_13590	GO:0016651	9	0.45	0
BSU_36950	GO:0005829	9	0.45	0
BSU_22780	GO:0005829	9	0.45	0
BSU_01810	GO:0045892	9	0.45	0
BSU_29540	GO:0016651	9	0.45	0
BSU_38200	GO:0009401	9	0.45	0
BSU_08290	GO:0009401	9	0.45	0
BSU_24140	GO:0003824	9	0.45	0
BSU_27920	GO:0004177	9	0.45	0
BSU_30320	GO:0019516	9	0.45	0
BSU_13120	GO:0004525	9	0.45	0
BSU_18450	GO:0006520	9	0.45	0
BSU_30550	GO:0019516	9	0.45	0
BSU_36950	GO:0004177	9	0.45	0
BSU_29180	GO:0006520	9	0.45	0
BSU_22780	GO:0004177	9	0.45	0
BSU_00140	GO:0004177	9	0.45	0
BSU_35370	GO:0009229	9	0.45	0
BSU_28440	GO:0006520	9	0.45	0
BSU_27920	GO:0006520	9	0.45	0
BSU_02360	GO:0004177	9	0.45	0
BSU_35020	GO:0004177	9	0.45	0
BSU_16160	GO:0006520	9	0.45	0
BSU_06480	GO:0004177	9	0.45	0
BSU_31350	GO:0019516	9	0.45	0
BSU_40420	GO:0019516	9	0.45	0
BSU_22310	GO:0004177	9	0.45	0
BSU_08710	GO:0004177	9	0.45	0
BSU_28120	GO:0004177	9	0.45	0
BSU_08820	GO:0004177	9	0.45	0
BSU_00940	GO:0019516	9	0.45	0
BSU_30550	GO:0004407	9	0.45	0
BSU_29180	GO:0004177	9	0.45	0
BSU_10930	GO:0004177	9	0.45	0
BSU_15570	GO:0004177	9	0.45	0
BSU_29540	GO:0004177	9	0.45	0
BSU_28950	GO:0036402	9	0.45	0
BSU_29180	GO:0036402	9	0.45	0
BSU_01000	GO:0046872	9	0.45	0
BSU_13590	GO:0019516	9	0.45	0
BSU_00940	GO:0004177	9	0.45	0
BSU_18410	GO:0004177	9	0.45	0
BSU_34710	GO:0009401	9	0.45	0
BSU_25260	GO:0046872	9	0.45	0
BSU_06470	GO:0009229	9	0.45	0
BSU_27920	GO:0009229	9	0.45	0
BSU_17180	GO:0009229	9	0.45	0
BSU_06480	GO:0009229	9	0.45	0
BSU_28470	GO:0046872	9	0.45	0
BSU_06480	GO:0004525	9	0.45	0
BSU_23860	GO:0046872	9	0.45	0
BSU_15170	GO:0004177	9	0.45	0
BSU_21770	GO:0046872	9	0.45	0
BSU_30710	GO:0006520	9	0.45	0
BSU_16760	GO:0046872	9	0.45	0
BSU_16160	GO:0046872	9	0.45	0
BSU_00060	GO:0006520	9	0.45	0
BSU_29750	GO:0004407	9	0.45	0
BSU_35020	GO:0009229	9	0.45	0
BSU_24140	GO:0006520	9	0.45	0
BSU_00060	GO:0009229	9	0.45	0
BSU_22310	GO:0004525	9	0.45	0
BSU_08820	GO:0004525	9	0.45	0
BSU_38050	GO:0006520	9	0.45	0
BSU_24250	GO:0048476	9	0.45	0
BSU_29200	GO:0009229	9	0.45	0
BSU_24140	GO:0009229	9	0.45	0
BSU_29180	GO:0004525	9	0.45	0
BSU_35930	GO:0009229	9	0.45	0
BSU_15570	GO:0004525	9	0.45	0
BSU_28950	GO:0004407	9	0.45	0
BSU_37560	GO:0004407	9	0.45	0
BSU_29180	GO:0009229	9	0.45	0
BSU_24520	GO:0004177	9	0.45	0
BSU_06620	GO:0009229	9	0.45	0
BSU_16160	GO:0046872	9	0.45	0
BSU_00140	GO:0010468	9	0.45	0
BSU_28470	GO:0036402	9	0.45	0
BSU_08000	GO:0016301	9	0.45	0
BSU_12010	GO:0005829	9	0.45	0
BSU_36820	GO:0005515	9	0.45	0
BSU_06480	GO:0036402	9	0.45	0
BSU_23190	GO:0005829	9	0.45	0
BSU_29200	GO:0005515	9	0.45	0
BSU_01000	GO:0005829	9	0.45	0
BSU_09720	GO:0016301	9	0.45	0
BSU_28440	GO:0036402	9	0.45	0
BSU_38490	GO:0016301	9	0.45	0
BSU_15210	GO:0016301	9	0.45	0
BSU_16350	GO:0005829	9	0.45	0
BSU_18470	GO:0010468	9	0.45	0
BSU_13120	GO:0010468	9	0.45	0
BSU_29540	GO:0010468	9	0.45	0
BSU_31350	GO:0003824	9	0.45	0
BSU_36820	GO:0005829	9	0.45	0
BSU_31450	GO:0005515	9	0.45	0
BSU_31450	GO:0005829	9	0.45	0
BSU_25130	GO:0004407	9	0.45	0
BSU_33210	GO:0016020	9	0.45	0
BSU_35700	GO:0005829	9	0.45	0
BSU_00940	GO:0004407	9	0.45	0
BSU_33090	GO:0005515	9	0.45	0
BSU_06470	GO:0005515	9	0.45	0
BSU_09270	GO:0009401	9	0.45	0
BSU_13250	GO:0009401	9	0.45	0
BSU_02410	GO:0004407	9	0.45	0
BSU_00060	GO:0005515	9	0.45	0
BSU_28790	GO:0009401	9	0.45	0
BSU_22780	GO:0004407	9	0.45	0
BSU_05410	GO:0009401	9	0.45	0
BSU_15570	GO:0010468	9	0.45	0
BSU_10930	GO:0010468	9	0.45	0
BSU_16220	GO:0005829	9	0.45	0
BSU_15500	GO:0036402	9	0.45	0
BSU_17180	GO:0046872	9	0.45	0
BSU_27920	GO:0036402	9	0.45	0
BSU_00060	GO:0048476	9	0.45	0
BSU_25260	GO:0036402	9	0.45	0
BSU_00940	GO:0010468	9	0.45	0
BSU_00870	GO:0048476	9	0.45	0
BSU_23860	GO:0036402	9	0.45	0
BSU_21770	GO:0036402	9	0.45	0
BSU_16760	GO:0036402	9	0.45	0
BSU_41000	GO:0005886	9	0.45	0
BSU_40990	GO:0005886	9	0.45	0
BSU_28490	GO:0048476	9	0.45	0
BSU_06620	GO:0048476	9	0.45	0
BSU_30550	GO:0005886	9	0.45	0
BSU_06470	GO:0046872	9	0.45	0
BSU_28440	GO:0046872	9	0.45	0
BSU_30320	GO:0005886	9	0.45	0
BSU_22780	GO:0010468	9	0.45	0
BSU_31350	GO:0005886	9	0.45	0
BSU_40420	GO:0005886	9	0.45	0
BSU_22310	GO:0048476	9	0.45	0
BSU_36950	GO:0010468	9	0.45	0
BSU_00940	GO:0005886	9	0.45	0
BSU_13590	GO:0005886	9	0.45	0
BSU_35370	GO:0046872	9	0.45	0
BSU_29200	GO:0046872	9	0.45	0
BSU_08710	GO:0010468	9	0.45	0
BSU_28120	GO:0010468	9	0.45	0
BSU_24140	GO:0046872	9	0.45	0
BSU_08820	GO:0010468	9	0.45	0
BSU_22780	GO:0008033	9	0.45	0
BSU_30320	GO:0017118	9	0.45	0
BSU_00140	GO:0004315	9	0.45	0
BSU_04260	GO:0017018	9	0.45	0
BSU_35020	GO:0006177	9	0.45	0
BSU_28090	GO:0016740	9	0.45	0
BSU_06430	GO:0016740	9	0.45	0
BSU_06500	GO:0016740	9	0.45	0
BSU_41000	GO:0016740	9	0.45	0
BSU_30550	GO:0006177	9	0.45	0
BSU_30320	GO:0006177	9	0.45	0
BSU_08820	GO:0017018	9	0.45	0
BSU_27920	GO:0051539	9	0.45	0
BSU_04260	GO:0051539	9	0.45	0
BSU_22780	GO:0051539	9	0.45	0
BSU_37250	GO:0051539	9	0.45	0
BSU_02410	GO:0051539	9	0.45	0
BSU_31350	GO:0006177	9	0.45	0
BSU_05840	GO:0016740	9	0.45	0
BSU_22780	GO:0017018	9	0.45	0
BSU_13250	GO:0016740	9	0.45	0
BSU_02410	GO:0017018	9	0.45	0
BSU_09290	GO:0016740	9	0.45	0
BSU_00940	GO:0017018	9	0.45	0
BSU_25130	GO:0017018	9	0.45	0
BSU_01380	GO:0016740	9	0.45	0
BSU_00870	GO:0004659	9	0.45	0
BSU_00060	GO:0009252	9	0.45	0
BSU_35370	GO:0009252	9	0.45	0
BSU_06480	GO:0051539	9	0.45	0
BSU_35930	GO:0016740	9	0.45	0
BSU_38200	GO:0016740	9	0.45	0
BSU_39820	GO:0016740	9	0.45	0
BSU_30320	GO:0016740	9	0.45	0
BSU_35020	GO:0009252	9	0.45	0
BSU_40420	GO:0006177	9	0.45	0
BSU_39050	GO:0017018	9	0.45	0
BSU_03790	GO:0006777	9	0.45	0
BSU_25260	GO:0006177	9	0.45	0
BSU_16760	GO:0006177	9	0.45	0
BSU_15500	GO:0000287	9	0.45	0
BSU_21770	GO:0006177	9	0.45	0
BSU_23860	GO:0006177	9	0.45	0
BSU_29540	GO:0000287	9	0.45	0
BSU_15570	GO:0000287	9	0.45	0
BSU_10930	GO:0000287	9	0.45	0
BSU_10930	GO:0017018	9	0.45	0
BSU_25260	GO:0005886	9	0.45	0
BSU_39050	GO:0000287	9	0.45	0
BSU_08820	GO:0000287	9	0.45	0
BSU_28470	GO:0006177	9	0.45	0
BSU_29180	GO:0006177	9	0.45	0
BSU_28950	GO:0006177	9	0.45	0
BSU_16160	GO:0006177	9	0.45	0
BSU_20020	GO:0017018	9	0.45	0
BSU_39050	GO:0016651	9	0.45	0
BSU_16670	GO:0005886	9	0.45	0
BSU_15500	GO:0006177	9	0.45	0
BSU_28950	GO:0000287	9	0.45	0
BSU_13590	GO:0006177	9	0.45	0
BSU_37560	GO:0000287	9	0.45	0
BSU_15500	GO:0017018	9	0.45	0
BSU_28440	GO:0051539	9	0.45	0
BSU_13590	GO:0017018	9	0.45	0
BSU_24140	GO:0051539	9	0.45	0
BSU_29540	GO:0017018	9	0.45	0
BSU_00940	GO:0006177	9	0.45	0
BSU_00940	GO:0051539	9	0.45	0
BSU_06480	GO:0006177	9	0.45	0
BSU_15570	GO:0017018	9	0.45	0
BSU_02360	GO:0009252	9	0.45	0
BSU_06470	GO:0009252	9	0.45	0
BSU_31350	GO:0016740	9	0.45	0
BSU_13590	GO:0051539	9	0.45	0
BSU_24140	GO:0004659	9	0.45	0
BSU_29540	GO:0004315	9	0.45	0
BSU_00140	GO:0005886	9	0.45	0
BSU_13120	GO:0004315	9	0.45	0
BSU_18470	GO:0005886	9	0.45	0
BSU_18470	GO:0004315	9	0.45	0
BSU_00940	GO:0005886	9	0.45	0
BSU_38460	GO:0016740	9	0.45	0
BSU_13120	GO:0016740	9	0.45	0
BSU_18470	GO:0016740	9	0.45	0
BSU_34890	GO:0016740	9	0.45	0
BSU_21770	GO:0016740	9	0.45	0
BSU_23510	GO:0004315	9	0.45	0
BSU_25260	GO:0009252	9	0.45	0
BSU_30710	GO:0051539	9	0.45	0
BSU_03130	GO:0005886	9	0.45	0
BSU_15500	GO:0051539	9	0.45	0
BSU_15570	GO:0004315	9	0.45	0
BSU_10930	GO:0004315	9	0.45	0
BSU_28120	GO:0004315	9	0.45	0
BSU_08710	GO:0004315	9	0.45	0
BSU_18470	GO:0016491	9	0.45	0
BSU_13120	GO:0005886	9	0.45	0
BSU_36950	GO:0004315	9	0.45	0
BSU_22780	GO:0004315	9	0.45	0
BSU_13120	GO:0016491	9	0.45	0
BSU_29540	GO:0005886	9	0.45	0
BSU_00940	GO:0004315	9	0.45	0
BSU_39050	GO:0005886	9	0.45	0
BSU_29200	GO:0004659	9	0.45	0
BSU_08000	GO:0035435	9	0.45	0
BSU_00940	GO:0016740	9	0.45	0
BSU_29540	GO:0051539	9	0.45	0
BSU_18300	GO:0009252	9	0.45	0
BSU_29180	GO:0016740	9	0.45	0
BSU_29670	GO:0016740	9	0.45	0
BSU_27920	GO:0009252	9	0.45	0
BSU_06620	GO:0051539	9	0.45	0
BSU_34680	GO:0016740	9	0.45	0
BSU_25260	GO:0016740	9	0.45	0
BSU_40080	GO:0016740	9	0.45	0
BSU_34070	GO:0006071	9	0.45	0
BSU_23860	GO:0016740	9	0.45	0
BSU_06480	GO:0009252	9	0.45	0
BSU_15210	GO:0006071	9	0.45	0
BSU_38490	GO:0006071	9	0.45	0
BSU_22310	GO:0009252	9	0.45	0
BSU_08820	GO:0009252	9	0.45	0
BSU_22310	GO:0051539	9	0.45	0
BSU_09670	GO:0016740	9	0.45	0
BSU_29200	GO:0009252	9	0.45	0
BSU_09720	GO:0006071	9	0.45	0
BSU_08820	GO:0051539	9	0.45	0
BSU_08000	GO:0006071	9	0.45	0
BSU_29180	GO:0009252	9	0.45	0
BSU_39050	GO:0016740	9	0.45	0
BSU_39050	GO:0051539	9	0.45	0
BSU_06620	GO:0016740	9	0.45	0
BSU_29180	GO:0051539	9	0.45	0
BSU_15500	GO:0016491	9	0.45	0
BSU_28470	GO:0016740	9	0.45	0
BSU_16760	GO:0016740	9	0.45	0
BSU_03790	GO:0016740	9	0.45	0
BSU_16160	GO:0009252	9	0.45	0
BSU_28490	GO:0009252	9	0.45	0
BSU_00940	GO:0006777	9	0.45	0
BSU_16760	GO:0006777	9	0.45	0
BSU_30550	GO:0017118	9	0.45	0
BSU_04260	GO:0016651	9	0.45	0
BSU_34680	GO:0005737	9	0.45	0
BSU_36820	GO:0046872	9	0.45	0
BSU_04260	GO:0016491	9	0.45	0
BSU_09290	GO:0005737	9	0.45	0
BSU_16250	GO:0046872	9	0.45	0
BSU_05840	GO:0005737	9	0.45	0
BSU_40990	GO:0045892	9	0.45	0
BSU_03300	GO:0005737	9	0.45	0
BSU_22780	GO:0016491	9	0.45	0
BSU_02410	GO:0016491	9	0.45	0
BSU_12010	GO:0005737	9	0.45	0
BSU_03300	GO:0004659	9	0.45	0
BSU_00940	GO:0016491	9	0.45	0
BSU_25130	GO:0016491	9	0.45	0
BSU_40080	GO:0005737	9	0.45	0
BSU_23860	GO:0005737	9	0.45	0
BSU_12010	GO:0046872	9	0.45	0
BSU_11460	GO:0046872	9	0.45	0
BSU_06480	GO:0016491	9	0.45	0
BSU_06620	GO:0016491	9	0.45	0
BSU_09670	GO:0005737	9	0.45	0
BSU_28470	GO:0005737	9	0.45	0
BSU_16760	GO:0005737	9	0.45	0
BSU_03790	GO:0005737	9	0.45	0
BSU_22310	GO:0016491	9	0.45	0
BSU_08820	GO:0016491	9	0.45	0
BSU_33090	GO:0005737	9	0.45	0
BSU_39050	GO:0016491	9	0.45	0
BSU_33090	GO:0046872	9	0.45	0
BSU_27920	GO:0004659	9	0.45	0
BSU_38050	GO:0046872	9	0.45	0
BSU_15170	GO:0005737	9	0.45	0
BSU_37250	GO:0005737	9	0.45	0
BSU_28470	GO:0006777	9	0.45	0
BSU_29540	GO:0008033	9	0.45	0
BSU_28120	GO:0005524	9	0.45	0
BSU_10930	GO:0005524	9	0.45	0
BSU_15570	GO:0005524	9	0.45	0
BSU_18470	GO:0008033	9	0.45	0
BSU_13120	GO:0008033	9	0.45	0
BSU_23510	GO:0045892	9	0.45	0
BSU_38050	GO:0003824	9	0.45	0
BSU_13250	GO:0045892	9	0.45	0
BSU_23510	GO:0005524	9	0.45	0
BSU_15570	GO:0008033	9	0.45	0
BSU_10930	GO:0008033	9	0.45	0
BSU_08820	GO:0008033	9	0.45	0
BSU_28120	GO:0008033	9	0.45	0
BSU_08710	GO:0008033	9	0.45	0
BSU_16160	GO:0003824	9	0.45	0
BSU_18450	GO:0003824	9	0.45	0
BSU_08710	GO:0005524	9	0.45	0
BSU_27920	GO:0003824	9	0.45	0
BSU_28440	GO:0003824	9	0.45	0
BSU_29180	GO:0003824	9	0.45	0
BSU_13590	GO:0016979	9	0.45	0
BSU_30710	GO:0005737	9	0.45	0
BSU_06430	GO:0005886	9	0.45	0
BSU_28090	GO:0005886	9	0.45	0
BSU_00940	GO:0016979	9	0.45	0
BSU_22780	GO:0005524	9	0.45	0
BSU_40420	GO:0016979	9	0.45	0
BSU_31350	GO:0016979	9	0.45	0
BSU_30320	GO:0016979	9	0.45	0
BSU_30550	GO:0016979	9	0.45	0
BSU_09290	GO:0005886	9	0.45	0
BSU_06620	GO:0005737	9	0.45	0
BSU_29180	GO:0016491	9	0.45	0
BSU_06480	GO:0004659	9	0.45	0
BSU_28950	GO:0016491	9	0.45	0
BSU_40420	GO:0016491	9	0.45	0
BSU_38460	GO:0005886	9	0.45	0
BSU_30710	GO:0004659	9	0.45	0
BSU_23860	GO:0006777	9	0.45	0
BSU_40080	GO:0006777	9	0.45	0
BSU_37560	GO:0016491	9	0.45	0
BSU_25260	GO:0006777	9	0.45	0
BSU_29540	GO:0016491	9	0.45	0
BSU_24140	GO:0046872	9	0.45	0
BSU_34680	GO:0006777	9	0.45	0
BSU_29670	GO:0006777	9	0.45	0
BSU_29200	GO:0046872	9	0.45	0
BSU_38460	GO:0006777	9	0.45	0
BSU_31350	GO:0006777	9	0.45	0
BSU_18470	GO:0006777	9	0.45	0
BSU_29670	GO:0005886	9	0.45	0
BSU_30550	GO:0016491	9	0.45	0
BSU_32410	GO:0016491	9	0.45	0
BSU_38200	GO:0016491	9	0.45	0
BSU_13120	GO:0006777	9	0.45	0
BSU_00870	GO:0016491	9	0.45	0
BSU_37560	GO:0005886	9	0.45	0
BSU_28950	GO:0005886	9	0.45	0
BSU_09670	GO:0006777	9	0.45	0
BSU_25130	GO:0000287	9	0.45	0
BSU_00940	GO:0000287	9	0.45	0
BSU_39050	GO:0006777	9	0.45	0
BSU_02410	GO:0000287	9	0.45	0
BSU_37250	GO:0000287	9	0.45	0
BSU_06620	GO:0006777	9	0.45	0
BSU_22780	GO:0000287	9	0.45	0
BSU_30320	GO:0006777	9	0.45	0
BSU_30550	GO:0006777	9	0.45	0
BSU_35370	GO:0046872	9	0.45	0
BSU_15500	GO:0005829	9	0.45	0
BSU_06620	GO:0004659	9	0.45	0
BSU_22780	GO:0016651	9	0.45	0
BSU_13590	GO:0016491	9	0.45	0
BSU_15170	GO:0046872	9	0.45	0
BSU_23190	GO:0046872	9	0.45	0
BSU_35020	GO:0005829	9	0.45	0
BSU_40420	GO:0005829	9	0.45	0
BSU_15500	GO:0016491	9	0.45	0
BSU_06480	GO:0005829	9	0.45	0
BSU_38200	GO:0005886	9	0.45	0
BSU_18450	GO:0004659	9	0.45	0
BSU_02410	GO:0016651	9	0.45	0
BSU_29180	GO:0004659	9	0.45	0
BSU_13590	GO:0005829	9	0.45	0
BSU_21770	GO:0005829	9	0.45	0
BSU_39820	GO:0006777	9	0.45	0
BSU_35930	GO:0046872	9	0.45	0
BSU_28950	GO:0005829	9	0.45	0
BSU_00940	GO:0016651	9	0.45	0
BSU_25130	GO:0016651	9	0.45	0
BSU_39820	GO:0005886	9	0.45	0
BSU_08790	GO:0006777	9	0.45	0
BSU_20020	GO:0016491	9	0.45	0
BSU_30550	GO:0005886	9	0.45	0
BSU_30320	GO:0005886	9	0.45	0
BSU_13250	GO:0006777	9	0.45	0
BSU_09290	GO:0006777	9	0.45	0
BSU_01380	GO:0006777	9	0.45	0
BSU_35930	GO:0006777	9	0.45	0
BSU_38200	GO:0006777	9	0.45	0
BSU_31650	GO:0071555	9	0.45	0
BSU_38050	GO:0046872	9	0.45	0
BSU_30550	GO:0016597	9	0.45	0
BSU_28090	GO:0005886	9	0.45	0
BSU_15170	GO:0042802	9	0.45	0
BSU_30710	GO:0042802	9	0.45	0
BSU_11460	GO:0042802	9	0.45	0
BSU_35020	GO:0005886	9	0.45	0
BSU_02360	GO:0005886	9	0.45	0
BSU_09720	GO:0005515	9	0.45	0
BSU_00140	GO:0009089	9	0.45	0
BSU_23190	GO:0042802	9	0.45	0
BSU_35370	GO:0016874	9	0.45	0
BSU_24140	GO:0042802	9	0.45	0
BSU_27920	GO:0042802	9	0.45	0
BSU_05840	GO:0005737	9	0.45	0
BSU_38490	GO:0005515	9	0.45	0
BSU_15210	GO:0005515	9	0.45	0
BSU_16160	GO:0009055	9	0.45	0
BSU_00940	GO:0009089	9	0.45	0
BSU_08000	GO:0005515	9	0.45	0
BSU_15500	GO:0052656	9	0.45	0
BSU_16760	GO:0009055	9	0.45	0
BSU_18450	GO:0009055	9	0.45	0
BSU_23860	GO:0009055	9	0.45	0
BSU_16250	GO:0042802	9	0.45	0
BSU_28800	GO:0008740	9	0.45	0
BSU_27920	GO:0009055	9	0.45	0
BSU_29180	GO:0009055	9	0.45	0
BSU_00140	GO:0003677	9	0.45	0
BSU_15570	GO:0005576	9	0.45	0
BSU_08720	GO:0005886	9	0.45	0
BSU_09720	GO:0005737	9	0.45	0
BSU_29180	GO:0005576	9	0.45	0
BSU_11670	GO:0005886	9	0.45	0
BSU_34070	GO:0005515	9	0.45	0
BSU_34070	GO:0006826	9	0.45	0
BSU_09270	GO:0005737	9	0.45	0
BSU_37560	GO:0005886	9	0.45	0
BSU_03790	GO:0005886	9	0.45	0
BSU_16760	GO:0005886	9	0.45	0
BSU_28470	GO:0005886	9	0.45	0
BSU_35020	GO:0009055	9	0.45	0
BSU_38460	GO:0005886	9	0.45	0
BSU_28440	GO:0030435	9	0.45	0
BSU_30320	GO:0008966	9	0.45	0
BSU_15210	GO:0006826	9	0.45	0
BSU_01810	GO:0005737	9	0.45	0
BSU_08000	GO:0003677	9	0.45	0
BSU_25510	GO:0030435	9	0.45	0
BSU_24960	GO:0030435	9	0.45	0
BSU_24950	GO:0030435	9	0.45	0
BSU_20020	GO:0006537	9	0.45	0
BSU_30550	GO:0008966	9	0.45	0
BSU_31650	GO:0030435	9	0.45	0
BSU_06470	GO:0005886	9	0.45	0
BSU_38050	GO:0009055	9	0.45	0
BSU_30320	GO:0005886	9	0.45	0
BSU_01950	GO:0030435	9	0.45	0
BSU_30550	GO:0005886	9	0.45	0
BSU_38200	GO:0005886	9	0.45	0
BSU_00060	GO:0005886	9	0.45	0
BSU_02350	GO:0030435	9	0.45	0
BSU_07700	GO:0030435	9	0.45	0
BSU_35020	GO:0008966	9	0.45	0
BSU_08790	GO:0005737	9	0.45	0
BSU_06620	GO:0005737	9	0.45	0
BSU_04260	GO:0005737	9	0.45	0
BSU_06480	GO:0009055	9	0.45	0
BSU_25130	GO:0005737	9	0.45	0
BSU_35370	GO:0042802	9	0.45	0
BSU_22780	GO:0009089	9	0.45	0
BSU_08820	GO:0005576	9	0.45	0
BSU_27920	GO:0005576	9	0.45	0
BSU_06470	GO:0005576	9	0.45	0
BSU_15570	GO:0005886	9	0.45	0
BSU_40420	GO:0044550	9	0.45	0
BSU_22780	GO:0005576	9	0.45	0
BSU_29540	GO:0009089	9	0.45	0
BSU_31350	GO:0044550	9	0.45	0
BSU_30320	GO:0044550	9	0.45	0
BSU_22310	GO:0005576	9	0.45	0
BSU_30550	GO:0044550	9	0.45	0
BSU_35020	GO:0044550	9	0.45	0
BSU_15500	GO:0005576	9	0.45	0
BSU_08790	GO:0005886	9	0.45	0
BSU_25510	GO:0005576	9	0.45	0
BSU_15570	GO:0009089	9	0.45	0
BSU_10930	GO:0005886	9	0.45	0
BSU_25510	GO:0016020	9	0.45	0
BSU_02360	GO:0005576	9	0.45	0
BSU_06480	GO:0044550	9	0.45	0
BSU_35020	GO:0005576	9	0.45	0
BSU_00940	GO:0044550	9	0.45	0
BSU_30710	GO:0016020	9	0.45	0
BSU_06620	GO:0005737	9	0.45	0
BSU_02410	GO:0008740	9	0.45	0
BSU_13120	GO:0009089	9	0.45	0
BSU_03300	GO:0016020	9	0.45	0
BSU_30550	GO:0051156	9	0.45	0
BSU_18470	GO:0009089	9	0.45	0
BSU_04260	GO:0005737	9	0.45	0
BSU_37250	GO:0005737	9	0.45	0
BSU_10220	GO:0003677	9	0.45	0
BSU_03300	GO:0005737	9	0.45	0
BSU_10930	GO:0009089	9	0.45	0
BSU_00870	GO:0005576	9	0.45	0
BSU_28470	GO:0052656	9	0.45	0
BSU_08290	GO:0005737	9	0.45	0
BSU_18410	GO:0005737	9	0.45	0
BSU_06480	GO:0005576	9	0.45	0
BSU_37230	GO:0003677	9	0.45	0
BSU_27810	GO:0003677	9	0.45	0
BSU_16160	GO:0052656	9	0.45	0
BSU_07750	GO:0003677	9	0.45	0
BSU_34820	GO:0003677	9	0.45	0
BSU_16760	GO:0052656	9	0.45	0
BSU_18120	GO:0003677	9	0.45	0
BSU_38240	GO:0003677	9	0.45	0
BSU_05410	GO:0005737	9	0.45	0
BSU_36950	GO:0009089	9	0.45	0
BSU_34710	GO:0005737	9	0.45	0
BSU_25130	GO:0008740	9	0.45	0
BSU_33210	GO:0005737	9	0.45	0
BSU_05840	GO:0005576	9	0.45	0
BSU_35370	GO:0005576	9	0.45	0
BSU_29180	GO:0042802	9	0.45	0
BSU_02420	GO:0003677	9	0.45	0
BSU_23860	GO:0052656	9	0.45	0
BSU_00940	GO:0008740	9	0.45	0
BSU_34070	GO:0005737	9	0.45	0
BSU_16670	GO:0005737	9	0.45	0
BSU_35370	GO:0005515	9	0.45	0
BSU_08710	GO:0009089	9	0.45	0
BSU_28120	GO:0009089	9	0.45	0
BSU_25260	GO:0052656	9	0.45	0
BSU_00060	GO:0005576	9	0.45	0
BSU_27920	GO:0052656	9	0.45	0
BSU_28440	GO:0052656	9	0.45	0
BSU_06480	GO:0005886	9	0.45	0
BSU_16250	GO:0030435	9	0.45	0
BSU_02410	GO:0005737	9	0.45	0
BSU_29200	GO:0019346	9	0.45	0
BSU_29180	GO:0005515	9	0.45	0
BSU_39820	GO:0006751	9	0.45	0
BSU_02360	GO:0005506	9	0.45	0
BSU_35020	GO:0005506	9	0.45	0
BSU_38050	GO:0052656	9	0.45	0
BSU_24250	GO:0019346	9	0.45	0
BSU_16160	GO:0019346	9	0.45	0
BSU_27920	GO:0006096	9	0.45	0
BSU_34890	GO:0016052	9	0.45	0
BSU_16160	GO:0006096	9	0.45	0
BSU_02410	GO:0005737	9	0.45	0
BSU_08790	GO:0016052	9	0.45	0
BSU_06480	GO:0005515	9	0.45	0
BSU_17180	GO:0005515	9	0.45	0
BSU_24140	GO:0140663	9	0.45	0
BSU_04000	GO:0005737	9	0.45	0
BSU_38050	GO:0140663	9	0.45	0
BSU_06480	GO:0008966	9	0.45	0
BSU_22780	GO:0005506	9	0.45	0
BSU_00140	GO:0051539	9	0.45	0
BSU_00140	GO:0006751	9	0.45	0
BSU_16160	GO:0005515	9	0.45	0
BSU_10930	GO:0003700	9	0.45	0
BSU_00140	GO:0005886	9	0.45	0
BSU_15570	GO:0003700	9	0.45	0
BSU_37250	GO:0016887	9	0.45	0
BSU_33090	GO:0016887	9	0.45	0
BSU_28490	GO:0005515	9	0.45	0
BSU_01380	GO:0006751	9	0.45	0
BSU_15500	GO:0005506	9	0.45	0
BSU_20020	GO:0005506	9	0.45	0
BSU_37250	GO:0003700	9	0.45	0
BSU_03130	GO:0006537	9	0.45	0
BSU_04000	GO:0009098	9	0.45	0
BSU_11460	GO:0140663	9	0.45	0
BSU_27920	GO:0019346	9	0.45	0
BSU_11460	GO:0065002	9	0.45	0
BSU_35370	GO:0006096	9	0.45	0
BSU_28440	GO:0006096	9	0.45	0
BSU_12010	GO:0065002	9	0.45	0
BSU_24140	GO:0006096	9	0.45	0
BSU_14000	GO:0016052	9	0.45	0
BSU_27920	GO:0005515	9	0.45	0
BSU_06470	GO:0019346	9	0.45	0
BSU_00060	GO:0006096	9	0.45	0
BSU_06470	GO:0005515	9	0.45	0
BSU_13120	GO:0016787	9	0.45	0
BSU_30710	GO:0065002	9	0.45	0
BSU_35020	GO:0005515	9	0.45	0
BSU_00940	GO:0008966	9	0.45	0
BSU_28120	GO:0016052	9	0.45	0
BSU_08710	GO:0016052	9	0.45	0
BSU_06620	GO:0006096	9	0.45	0
BSU_17180	GO:0019346	9	0.45	0
BSU_02410	GO:0016052	9	0.45	0
BSU_04000	GO:0016052	9	0.45	0
BSU_35370	GO:0140663	9	0.45	0
BSU_33090	GO:0065002	9	0.45	0
BSU_35930	GO:0006096	9	0.45	0
BSU_35020	GO:0052656	9	0.45	0
BSU_03300	GO:0006096	9	0.45	0
BSU_18450	GO:0006096	9	0.45	0
BSU_37250	GO:0065002	9	0.45	0
BSU_34890	GO:0006537	9	0.45	0
BSU_30710	GO:0006096	9	0.45	0
BSU_29180	GO:0019346	9	0.45	0
BSU_27810	GO:0022857	9	0.45	0
BSU_29200	GO:0005515	9	0.45	0
BSU_25510	GO:0005506	9	0.45	0
BSU_04260	GO:0005506	9	0.45	0
BSU_29670	GO:0005886	9	0.45	0
BSU_06620	GO:0005506	9	0.45	0
BSU_39820	GO:0005886	9	0.45	0
BSU_06480	GO:0005506	9	0.45	0
BSU_00870	GO:0005886	9	0.45	0
BSU_09290	GO:0005886	9	0.45	0
BSU_08790	GO:0005737	9	0.45	0
BSU_00940	GO:0005886	9	0.45	0
BSU_37250	GO:0005506	9	0.45	0
BSU_03300	GO:0005506	9	0.45	0
BSU_02410	GO:0005506	9	0.45	0
BSU_00940	GO:0005506	9	0.45	0
BSU_16670	GO:0005886	9	0.45	0
BSU_25130	GO:0005506	9	0.45	0
BSU_28950	GO:0005886	9	0.45	0
BSU_33090	GO:0005515	9	0.45	0
BSU_07920	GO:0005515	9	0.45	0
BSU_38050	GO:0030435	9	0.45	0
BSU_08790	GO:0009098	9	0.45	0
BSU_25260	GO:0005886	9	0.45	0
BSU_29200	GO:0005886	9	0.45	0
BSU_08000	GO:0006826	9	0.45	0
BSU_16160	GO:0005886	9	0.45	0
BSU_37250	GO:0030435	9	0.45	0
BSU_18410	GO:0005737	9	0.45	0
BSU_33090	GO:0030435	9	0.45	0
BSU_12010	GO:0030435	9	0.45	0
BSU_09720	GO:0006826	9	0.45	0
BSU_13120	GO:0005886	9	0.45	0
BSU_38490	GO:0006826	9	0.45	0
BSU_29180	GO:0005886	9	0.45	0
BSU_40420	GO:0008966	9	0.45	0
BSU_07700	GO:0016887	9	0.45	0
BSU_02350	GO:0016887	9	0.45	0
BSU_18450	GO:0140663	9	0.45	0
BSU_03300	GO:0009055	9	0.45	0
BSU_05410	GO:0005515	9	0.45	0
BSU_12010	GO:0016887	9	0.45	0
BSU_34820	GO:0022857	9	0.45	0
BSU_36950	GO:0005886	9	0.45	0
BSU_30710	GO:0016887	9	0.45	0
BSU_32410	GO:0005506	9	0.45	0
BSU_34890	GO:0005506	9	0.45	0
BSU_15170	GO:0016887	9	0.45	0
BSU_15210	GO:0016887	9	0.45	0
BSU_00870	GO:0005506	9	0.45	0
BSU_35930	GO:0005515	9	0.45	0
BSU_16250	GO:0016887	9	0.45	0
BSU_16160	GO:0140663	9	0.45	0
BSU_25510	GO:0016887	9	0.45	0
BSU_06480	GO:0052656	9	0.45	0
BSU_27920	GO:0140663	9	0.45	0
BSU_28440	GO:0016887	9	0.45	0
BSU_08290	GO:0005515	9	0.45	0
BSU_13600	GO:0005506	9	0.45	0
BSU_28440	GO:0140663	9	0.45	0
BSU_10930	GO:0016020	9	0.45	0
BSU_29180	GO:0140663	9	0.45	0
BSU_31650	GO:0016887	9	0.45	0
BSU_35930	GO:0009055	9	0.45	0
BSU_15570	GO:0016020	9	0.45	0
BSU_29540	GO:0005886	9	0.45	0
BSU_18470	GO:0005886	9	0.45	0
BSU_40080	GO:0009055	9	0.45	0
BSU_24140	GO:0009055	9	0.45	0
BSU_30320	GO:0051156	9	0.45	0
BSU_13600	GO:0006537	9	0.45	0
BSU_08290	GO:0030153	9	0.45	0
BSU_35370	GO:0006354	9	0.45	0
BSU_24140	GO:0046872	9	0.45	0
BSU_27990	GO:0044780	9	0.45	0
BSU_03790	GO:0005515	9	0.45	0
BSU_31450	GO:0044780	9	0.45	0
BSU_00060	GO:0002131	9	0.45	0
BSU_17180	GO:0044780	9	0.45	0
BSU_09650	GO:0016020	9	0.45	0
BSU_29200	GO:0046872	9	0.45	0
BSU_35370	GO:0002131	9	0.45	0
BSU_27920	GO:0005886	9	0.45	0
BSU_35020	GO:0046872	9	0.45	0
BSU_30320	GO:0046872	9	0.45	0
BSU_00940	GO:0006354	9	0.45	0
BSU_31350	GO:0046872	9	0.45	0
BSU_30550	GO:0016020	9	0.45	0
BSU_35700	GO:0044780	9	0.45	0
BSU_13890	GO:0044780	9	0.45	0
BSU_06470	GO:0002131	9	0.45	0
BSU_24250	GO:0046872	9	0.45	0
BSU_12010	GO:0044780	9	0.45	0
BSU_40080	GO:0046872	9	0.45	0
BSU_06620	GO:0006354	9	0.45	0
BSU_04000	GO:0032259	9	0.45	0
BSU_29670	GO:0046872	9	0.45	0
BSU_27920	GO:0002131	9	0.45	0
BSU_16760	GO:0005515	9	0.45	0
BSU_17180	GO:0002131	9	0.45	0
BSU_08720	GO:0050660	9	0.45	0
BSU_23190	GO:0016874	9	0.45	0
BSU_23860	GO:0050440	9	0.45	0
BSU_29180	GO:0002131	9	0.45	0
BSU_39050	GO:0005886	9	0.45	0
BSU_31650	GO:0042802	9	0.45	0
BSU_06470	GO:0046872	9	0.45	0
BSU_11460	GO:0042802	9	0.45	0
BSU_25260	GO:0046872	9	0.45	0
BSU_35020	GO:0016020	9	0.45	0
BSU_28470	GO:0046872	9	0.45	0
BSU_02360	GO:0016020	9	0.45	0
BSU_16760	GO:0006354	9	0.45	0
BSU_12010	GO:0042802	9	0.45	0
BSU_28470	GO:0006354	9	0.45	0
BSU_29670	GO:0051156	9	0.45	0
BSU_06470	GO:0016020	9	0.45	0
BSU_22780	GO:0016020	9	0.45	0
BSU_00940	GO:0005978	9	0.45	0
BSU_35370	GO:0046872	9	0.45	0
BSU_16160	GO:0005886	9	0.45	0
BSU_06620	GO:0005886	9	0.45	0
BSU_30710	GO:0042802	9	0.45	0
BSU_23860	GO:0046872	9	0.45	0
BSU_03790	GO:0006354	9	0.45	0
BSU_15170	GO:0042802	9	0.45	0
BSU_15210	GO:0042802	9	0.45	0
BSU_01380	GO:0005886	9	0.45	0
BSU_18410	GO:0005886	9	0.45	0
BSU_21770	GO:0046872	9	0.45	0
BSU_16760	GO:0046872	9	0.45	0
BSU_17180	GO:0046872	9	0.45	0
BSU_16250	GO:0042802	9	0.45	0
BSU_16160	GO:0046872	9	0.45	0
BSU_00060	GO:0044780	9	0.45	0
BSU_03130	GO:0005886	9	0.45	0
BSU_24950	GO:0042802	9	0.45	0
BSU_24960	GO:0042802	9	0.45	0
BSU_28440	GO:0042802	9	0.45	0
BSU_37560	GO:0016020	9	0.45	0
BSU_38050	GO:0044780	9	0.45	0
BSU_28470	GO:0005515	9	0.45	0
BSU_06480	GO:0003677	9	0.45	0
BSU_31450	GO:0046872	9	0.45	0
BSU_38200	GO:0006222	9	0.45	0
BSU_02360	GO:0050440	9	0.45	0
BSU_06620	GO:0033592	9	0.45	0
BSU_30550	GO:0006222	9	0.45	0
BSU_40420	GO:0006222	9	0.45	0
BSU_24140	GO:0016020	9	0.45	0
BSU_08790	GO:0032259	9	0.45	0
BSU_09290	GO:0016020	9	0.45	0
BSU_20020	GO:0006222	9	0.45	0
BSU_11460	GO:0046872	9	0.45	0
BSU_13590	GO:0006222	9	0.45	0
BSU_08000	GO:0006222	9	0.45	0
BSU_28120	GO:0003677	9	0.45	0
BSU_27920	GO:0003677	9	0.45	0
BSU_36820	GO:0046872	9	0.45	0
BSU_35020	GO:0050440	9	0.45	0
BSU_28440	GO:0050440	9	0.45	0
BSU_22780	GO:0003677	9	0.45	0
BSU_29180	GO:0033592	9	0.45	0
BSU_13120	GO:0016020	9	0.45	0
BSU_28950	GO:0051156	9	0.45	0
BSU_35700	GO:0046872	9	0.45	0
BSU_06470	GO:0003677	9	0.45	0
BSU_17600	GO:0006222	9	0.45	0
BSU_02360	GO:0003677	9	0.45	0
BSU_04000	GO:0006222	9	0.45	0
BSU_35020	GO:0003677	9	0.45	0
BSU_00940	GO:0003677	9	0.45	0
BSU_29670	GO:0000287	9	0.45	0
BSU_35930	GO:0033592	9	0.45	0
BSU_08820	GO:0003677	9	0.45	0
BSU_29180	GO:0003677	9	0.45	0
BSU_15570	GO:0003677	9	0.45	0
BSU_05840	GO:0050440	9	0.45	0
BSU_01000	GO:0044780	9	0.45	0
BSU_34890	GO:0032259	9	0.45	0
BSU_25260	GO:0050440	9	0.45	0
BSU_28950	GO:0016020	9	0.45	0
BSU_16160	GO:0002131	9	0.45	0
BSU_29200	GO:0002131	9	0.45	0
BSU_28470	GO:0050440	9	0.45	0
BSU_23190	GO:0044780	9	0.45	0
BSU_24250	GO:0002131	9	0.45	0
BSU_37560	GO:0051156	9	0.45	0
BSU_29180	GO:0050440	9	0.45	0
BSU_01000	GO:0002131	9	0.45	0
BSU_36820	GO:0044780	9	0.45	0
BSU_35370	GO:0016020	9	0.45	0
BSU_09290	GO:0050440	9	0.45	0
BSU_04260	GO:0006222	9	0.45	0
BSU_11670	GO:0016020	9	0.45	0
BSU_25510	GO:0033592	9	0.45	0
BSU_16160	GO:0003677	9	0.45	0
BSU_29750	GO:0016020	9	0.45	0
BSU_15500	GO:0003677	9	0.45	0
BSU_00060	GO:0016020	9	0.45	0
BSU_35370	GO:0033592	9	0.45	0
BSU_13120	GO:0003677	9	0.45	0
BSU_33090	GO:0046872	9	0.45	0
BSU_28120	GO:0032259	9	0.45	0
BSU_08710	GO:0032259	9	0.45	0
BSU_24140	GO:0005886	9	0.45	0
BSU_18300	GO:0016020	9	0.45	0
BSU_29540	GO:0003677	9	0.45	0
BSU_38460	GO:0051156	9	0.45	0
BSU_25510	GO:0000160	9	0.45	0
BSU_18450	GO:0016020	9	0.45	0
BSU_39050	GO:0008081	9	0.45	0
BSU_13600	GO:0030288	9	0.45	0
BSU_15170	GO:0016874	9	0.45	0
BSU_24250	GO:0000725	9	0.45	0
BSU_06620	GO:0016020	9	0.45	0
BSU_29200	GO:0000725	9	0.45	0
BSU_28950	GO:0052656	9	0.45	0
BSU_08820	GO:0008081	9	0.45	0
BSU_06480	GO:0008081	9	0.45	0
BSU_22310	GO:0008081	9	0.45	0
BSU_39050	GO:0030288	9	0.45	0
BSU_24140	GO:0030288	9	0.45	0
BSU_06480	GO:0016020	9	0.45	0
BSU_27920	GO:0016020	9	0.45	0
BSU_17180	GO:0000725	9	0.45	0
BSU_29180	GO:0008081	9	0.45	0
BSU_11460	GO:0000725	9	0.45	0
BSU_15170	GO:0016020	9	0.45	0
BSU_10930	GO:0008081	9	0.45	0
BSU_35700	GO:0000725	9	0.45	0
BSU_29180	GO:0016020	9	0.45	0
BSU_33090	GO:0000725	9	0.45	0
BSU_04260	GO:0008740	9	0.45	0
BSU_31450	GO:0000725	9	0.45	0
BSU_00870	GO:0016020	9	0.45	0
BSU_36820	GO:0000725	9	0.45	0
BSU_35930	GO:0006354	9	0.45	0
BSU_38200	GO:0006354	9	0.45	0
BSU_15570	GO:0008081	9	0.45	0
BSU_00870	GO:0030288	9	0.45	0
BSU_29540	GO:0008081	9	0.45	0
BSU_39820	GO:0006354	9	0.45	0
BSU_06620	GO:0008081	9	0.45	0
BSU_06470	GO:0000725	9	0.45	0
BSU_24960	GO:0000160	9	0.45	0
BSU_15500	GO:0044550	9	0.45	0
BSU_02410	GO:0008081	9	0.45	0
BSU_21770	GO:0044550	9	0.45	0
BSU_16760	GO:0044550	9	0.45	0
BSU_00940	GO:0008081	9	0.45	0
BSU_16160	GO:0044550	9	0.45	0
BSU_00060	GO:0016874	9	0.45	0
BSU_27990	GO:0000725	9	0.45	0
BSU_01380	GO:0006354	9	0.45	0
BSU_35370	GO:0000725	9	0.45	0
BSU_25510	GO:0005737	9	0.45	0
BSU_00060	GO:0016020	9	0.45	0
BSU_13590	GO:0044550	9	0.45	0
BSU_23510	GO:0009089	9	0.45	0
BSU_28440	GO:0016020	9	0.45	0
BSU_03300	GO:0008081	9	0.45	0
BSU_23860	GO:0044550	9	0.45	0
BSU_37250	GO:0008081	9	0.45	0
BSU_25260	GO:0044550	9	0.45	0
BSU_27920	GO:0044550	9	0.45	0
BSU_22780	GO:0008081	9	0.45	0
BSU_09290	GO:0006354	9	0.45	0
BSU_28470	GO:0044550	9	0.45	0
BSU_29180	GO:0052656	9	0.45	0
BSU_29180	GO:0044550	9	0.45	0
BSU_04260	GO:0008081	9	0.45	0
BSU_28950	GO:0044550	9	0.45	0
BSU_07920	GO:0003677	9	0.45	0
BSU_27920	GO:0008081	9	0.45	0
BSU_00060	GO:0000725	9	0.45	0
BSU_16250	GO:0005737	9	0.45	0
BSU_22780	GO:0008740	9	0.45	0
BSU_21770	GO:0052656	9	0.45	0
BSU_30710	GO:0016874	9	0.45	0
BSU_34890	GO:0030288	9	0.45	0
BSU_13120	GO:0006354	9	0.45	0
BSU_09670	GO:0006354	9	0.45	0
BSU_29180	GO:0006354	9	0.45	0
BSU_20020	GO:0008740	9	0.45	0
BSU_27920	GO:0042802	9	0.45	0
BSU_38200	GO:0005978	9	0.45	0
BSU_15500	GO:0008740	9	0.45	0
BSU_18470	GO:0006354	9	0.45	0
BSU_32410	GO:0030288	9	0.45	0
BSU_37560	GO:0008081	9	0.45	0
BSU_09720	GO:0000160	9	0.45	0
BSU_28950	GO:0008081	9	0.45	0
BSU_13590	GO:0008740	9	0.45	0
BSU_09720	GO:0003677	9	0.45	0
BSU_23860	GO:0006354	9	0.45	0
BSU_10930	GO:0050660	9	0.45	0
BSU_38490	GO:0000160	9	0.45	0
BSU_25510	GO:0042802	9	0.45	0
BSU_30550	GO:0005978	9	0.45	0
BSU_30320	GO:0005978	9	0.45	0
BSU_30710	GO:0000160	9	0.45	0
BSU_15170	GO:0000160	9	0.45	0
BSU_15210	GO:0000160	9	0.45	0
BSU_39050	GO:0006354	9	0.45	0
BSU_31350	GO:0005978	9	0.45	0
BSU_38460	GO:0005978	9	0.45	0
BSU_09270	GO:0003677	9	0.45	0
BSU_37250	GO:0042802	9	0.45	0
BSU_33090	GO:0042802	9	0.45	0
BSU_18470	GO:0005978	9	0.45	0
BSU_37250	GO:0016020	9	0.45	0
BSU_24950	GO:0000160	9	0.45	0
BSU_29540	GO:0008740	9	0.45	0
BSU_13250	GO:0005978	9	0.45	0
BSU_40080	GO:0006354	9	0.45	0
BSU_29670	GO:0006354	9	0.45	0
BSU_09670	GO:0052656	9	0.45	0
BSU_15210	GO:0005737	9	0.45	0
BSU_13590	GO:0008081	9	0.45	0
BSU_25510	GO:0030288	9	0.45	0
BSU_30550	GO:0006354	9	0.45	0
BSU_20020	GO:0030288	9	0.45	0
BSU_15500	GO:0030288	9	0.45	0
BSU_15170	GO:0005737	9	0.45	0
BSU_30710	GO:0005737	9	0.45	0
BSU_39050	GO:0008740	9	0.45	0
BSU_30320	GO:0006354	9	0.45	0
BSU_38460	GO:0006354	9	0.45	0
BSU_30710	GO:0008081	9	0.45	0
BSU_37250	GO:0000160	9	0.45	0
BSU_22780	GO:0030288	9	0.45	0
BSU_08790	GO:0005978	9	0.45	0
BSU_11460	GO:0005737	9	0.45	0
BSU_15500	GO:0008081	9	0.45	0
BSU_10930	GO:0008740	9	0.45	0
BSU_15570	GO:0008740	9	0.45	0
BSU_24140	GO:0005737	9	0.45	0
BSU_11460	GO:0016874	9	0.45	0
BSU_39050	GO:0005737	9	0.45	0
BSU_06430	GO:0050660	9	0.45	0
BSU_02360	GO:0030288	9	0.45	0
BSU_34680	GO:0006354	9	0.45	0
BSU_35020	GO:0030288	9	0.45	0
BSU_30710	GO:0016020	9	0.45	0
BSU_25260	GO:0006354	9	0.45	0
BSU_08000	GO:0000160	9	0.45	0
BSU_29540	GO:0016787	9	0.45	0
BSU_00140	GO:0016052	9	0.45	0
BSU_15170	GO:0065002	9	0.45	0
BSU_29180	GO:0009361	9	0.45	0
BSU_16160	GO:0003924	9	0.45	0
BSU_22780	GO:0051992	9	0.45	0
BSU_16760	GO:0003924	9	0.45	0
BSU_28950	GO:0009361	9	0.45	0
BSU_21770	GO:0003924	9	0.45	0
BSU_37250	GO:0051992	9	0.45	0
BSU_28470	GO:0009361	9	0.45	0
BSU_25260	GO:0008973	9	0.45	0
BSU_03300	GO:0051992	9	0.45	0
BSU_28440	GO:0009361	9	0.45	0
BSU_27920	GO:0009361	9	0.45	0
BSU_25260	GO:0009361	9	0.45	0
BSU_23860	GO:0003924	9	0.45	0
BSU_16670	GO:0015625	9	0.45	0
BSU_00940	GO:0016491	9	0.45	0
BSU_15500	GO:0003924	9	0.45	0
BSU_25260	GO:0003677	9	0.45	0
BSU_04260	GO:0051992	9	0.45	0
BSU_28950	GO:0003677	9	0.45	0
BSU_27920	GO:0051992	9	0.45	0
BSU_27920	GO:0008973	9	0.45	0
BSU_28790	GO:0003677	9	0.45	0
BSU_01950	GO:0016020	9	0.45	0
BSU_06480	GO:0051992	9	0.45	0
BSU_06620	GO:0051992	9	0.45	0
BSU_05410	GO:0003677	9	0.45	0
BSU_07700	GO:0016020	9	0.45	0
BSU_34070	GO:0015625	9	0.45	0
BSU_34710	GO:0003677	9	0.45	0
BSU_08290	GO:0003677	9	0.45	0
BSU_33210	GO:0003677	9	0.45	0
BSU_23860	GO:0009361	9	0.45	0
BSU_25260	GO:0003924	9	0.45	0
BSU_18300	GO:0051992	9	0.45	0
BSU_16250	GO:0016020	9	0.45	0
BSU_00940	GO:0009361	9	0.45	0
BSU_29200	GO:0006221	9	0.45	0
BSU_06480	GO:0009361	9	0.45	0
BSU_23860	GO:0008973	9	0.45	0
BSU_06480	GO:0016491	9	0.45	0
BSU_34890	GO:0071555	9	0.45	0
BSU_32410	GO:0071555	9	0.45	0
BSU_21770	GO:0009361	9	0.45	0
BSU_20020	GO:0071555	9	0.45	0
BSU_40420	GO:0009361	9	0.45	0
BSU_18470	GO:0015625	9	0.45	0
BSU_13120	GO:0015625	9	0.45	0
BSU_29750	GO:0051992	9	0.45	0
BSU_15170	GO:0016020	9	0.45	0
BSU_28950	GO:0051992	9	0.45	0
BSU_37560	GO:0051992	9	0.45	0
BSU_09650	GO:0051992	9	0.45	0
BSU_25510	GO:0016020	9	0.45	0
BSU_13590	GO:0009361	9	0.45	0
BSU_28950	GO:0003924	9	0.45	0
BSU_28440	GO:0016020	9	0.45	0
BSU_15500	GO:0009361	9	0.45	0
BSU_29180	GO:0003924	9	0.45	0
BSU_16160	GO:0009361	9	0.45	0
BSU_16760	GO:0009361	9	0.45	0
BSU_28470	GO:0003924	9	0.45	0
BSU_28440	GO:0003924	9	0.45	0
BSU_16160	GO:0015625	9	0.45	0
BSU_00940	GO:0051992	9	0.45	0
BSU_02410	GO:0051992	9	0.45	0
BSU_06470	GO:0003962	9	0.45	0
BSU_38200	GO:0003677	9	0.45	0
BSU_06480	GO:0003924	9	0.45	0
BSU_34070	GO:0003677	9	0.45	0
BSU_22310	GO:0000156	9	0.45	0
BSU_28950	GO:0008889	9	0.45	0
BSU_06480	GO:0000156	9	0.45	0
BSU_01810	GO:0000976	9	0.45	0
BSU_40990	GO:0000976	9	0.45	0
BSU_29180	GO:0008973	9	0.45	0
BSU_28470	GO:0008973	9	0.45	0
BSU_28120	GO:0000156	9	0.45	0
BSU_24950	GO:0015625	9	0.45	0
BSU_08820	GO:0000156	9	0.45	0
BSU_24520	GO:0000976	9	0.45	0
BSU_23510	GO:0000976	9	0.45	0
BSU_29180	GO:0000156	9	0.45	0
BSU_10930	GO:0000156	9	0.45	0
BSU_37560	GO:0008889	9	0.45	0
BSU_36950	GO:0000156	9	0.45	0
BSU_00140	GO:0000976	9	0.45	0
BSU_29540	GO:0005886	9	0.45	0
BSU_27920	GO:0000156	9	0.45	0
BSU_28950	GO:0008973	9	0.45	0
BSU_13120	GO:0005886	9	0.45	0
BSU_18470	GO:0005886	9	0.45	0
BSU_27920	GO:0008966	9	0.45	0
BSU_15500	GO:0016491	9	0.45	0
BSU_22780	GO:0000156	9	0.45	0
BSU_16670	GO:0005886	9	0.45	0
BSU_08000	GO:0055085	9	0.45	0
BSU_06470	GO:0000156	9	0.45	0
BSU_34820	GO:0015293	9	0.45	0
BSU_02360	GO:0000156	9	0.45	0
BSU_35020	GO:0000156	9	0.45	0
BSU_16160	GO:0016491	9	0.45	0
BSU_15570	GO:0000156	9	0.45	0
BSU_13590	GO:0016491	9	0.45	0
BSU_07920	GO:0015293	9	0.45	0
BSU_00140	GO:0003677	9	0.45	0
BSU_16670	GO:0003677	9	0.45	0
BSU_24960	GO:0015625	9	0.45	0
BSU_18470	GO:0003677	9	0.45	0
BSU_13120	GO:0003677	9	0.45	0
BSU_25260	GO:0015625	9	0.45	0
BSU_29540	GO:0003677	9	0.45	0
BSU_28950	GO:0015625	9	0.45	0
BSU_37560	GO:0015625	9	0.45	0
BSU_38050	GO:0003924	9	0.45	0
BSU_35020	GO:0003924	9	0.45	0
BSU_00140	GO:0005886	9	0.45	0
BSU_17180	GO:0006221	9	0.45	0
BSU_28470	GO:0003677	9	0.45	0
BSU_00940	GO:0005886	9	0.45	0
BSU_09270	GO:0003677	9	0.45	0
BSU_04260	GO:0000976	9	0.45	0
BSU_24140	GO:0003924	9	0.45	0
BSU_28470	GO:0008966	9	0.45	0
BSU_29670	GO:0015625	9	0.45	0
BSU_38460	GO:0015625	9	0.45	0
BSU_35370	GO:0003962	9	0.45	0
BSU_40080	GO:0003924	9	0.45	0
BSU_36950	GO:0005886	9	0.45	0
BSU_09290	GO:0003677	9	0.45	0
BSU_29670	GO:0003924	9	0.45	0
BSU_28440	GO:0008973	9	0.45	0
BSU_28440	GO:0008966	9	0.45	0
BSU_00060	GO:0003962	9	0.45	0
BSU_25130	GO:0000976	9	0.45	0
BSU_08820	GO:0016020	9	0.45	0
BSU_29540	GO:0015625	9	0.45	0
BSU_29200	GO:0051992	9	0.45	0
BSU_15210	GO:0065002	9	0.45	0
BSU_24250	GO:0003962	9	0.45	0
BSU_29540	GO:0005886	9	0.45	0
BSU_37250	GO:0015878	9	0.45	0
BSU_13590	GO:0005524	9	0.45	0
BSU_37250	GO:0015031	9	0.45	0
BSU_36950	GO:0005886	9	0.45	0
BSU_28470	GO:0005886	9	0.45	0
BSU_00940	GO:0005886	9	0.45	0
BSU_12010	GO:0015031	9	0.45	0
BSU_38490	GO:0055085	9	0.45	0
BSU_00140	GO:0005886	9	0.45	0
BSU_33090	GO:0015031	9	0.45	0
BSU_39820	GO:0005886	9	0.45	0
BSU_00940	GO:0015625	9	0.45	0
BSU_15500	GO:0008973	9	0.45	0
BSU_13120	GO:0005886	9	0.45	0
BSU_38050	GO:0015031	9	0.45	0
BSU_18470	GO:0005886	9	0.45	0
BSU_08000	GO:0015878	9	0.45	0
BSU_29200	GO:0003962	9	0.45	0
BSU_15500	GO:0005524	9	0.45	0
BSU_16160	GO:0003962	9	0.45	0
BSU_16670	GO:0005886	9	0.45	0
BSU_09720	GO:0015878	9	0.45	0
BSU_03790	GO:0015625	9	0.45	0
BSU_28950	GO:0008966	9	0.45	0
BSU_40420	GO:0050660	9	0.45	0
BSU_16760	GO:0015625	9	0.45	0
BSU_38490	GO:0015878	9	0.45	0
BSU_28470	GO:0015625	9	0.45	0
BSU_21770	GO:0005524	9	0.45	0
BSU_15210	GO:0015878	9	0.45	0
BSU_03790	GO:0005737	9	0.45	0
BSU_16760	GO:0005737	9	0.45	0
BSU_30320	GO:0009361	9	0.45	0
BSU_13600	GO:0006144	9	0.45	0
BSU_28440	GO:0015031	9	0.45	0
BSU_25130	GO:0009423	9	0.45	0
BSU_40420	GO:0005524	9	0.45	0
BSU_31350	GO:0005524	9	0.45	0
BSU_08820	GO:0005524	9	0.45	0
BSU_28120	GO:0005524	9	0.45	0
BSU_34680	GO:0005737	9	0.45	0
BSU_28470	GO:0005737	9	0.45	0
BSU_27920	GO:0005524	9	0.45	0
BSU_34710	GO:0030153	9	0.45	0
BSU_13590	GO:0050660	9	0.45	0
BSU_09290	GO:0005737	9	0.45	0
BSU_05840	GO:0005737	9	0.45	0
BSU_22780	GO:0005524	9	0.45	0
BSU_18470	GO:0003677	9	0.45	0
BSU_13120	GO:0003677	9	0.45	0
BSU_40080	GO:0005737	9	0.45	0
BSU_23860	GO:0005737	9	0.45	0
BSU_09670	GO:0003677	9	0.45	0
BSU_30710	GO:0055085	9	0.45	0
BSU_09670	GO:0005737	9	0.45	0
BSU_39050	GO:0005737	9	0.45	0
BSU_39050	GO:0003677	9	0.45	0
BSU_25510	GO:0015031	9	0.45	0
BSU_00140	GO:0015625	9	0.45	0
BSU_15170	GO:0015031	9	0.45	0
BSU_06620	GO:0005737	9	0.45	0
BSU_11670	GO:0005886	9	0.45	0
BSU_30710	GO:0015031	9	0.45	0
BSU_00940	GO:0050660	9	0.45	0
BSU_08720	GO:0005886	9	0.45	0
BSU_31350	GO:0050660	9	0.45	0
BSU_00940	GO:0003677	9	0.45	0
BSU_34070	GO:0015878	9	0.45	0
BSU_02410	GO:0005737	9	0.45	0
BSU_04260	GO:0005737	9	0.45	0
BSU_18450	GO:0006221	9	0.45	0
BSU_27990	GO:0006221	9	0.45	0
BSU_31350	GO:0016491	9	0.45	0
BSU_37250	GO:0016020	9	0.45	0
BSU_15210	GO:0051992	9	0.45	0
BSU_27920	GO:0003962	9	0.45	0
BSU_25260	GO:0005886	9	0.45	0
BSU_30320	GO:0016491	9	0.45	0
BSU_25130	GO:0005737	9	0.45	0
BSU_30550	GO:0016491	9	0.45	0
BSU_04000	GO:0005737	9	0.45	0
BSU_17180	GO:0003962	9	0.45	0
BSU_15170	GO:0051992	9	0.45	0
BSU_39050	GO:0071555	9	0.45	0
BSU_33210	GO:0016020	9	0.45	0
BSU_40420	GO:0016491	9	0.45	0
BSU_15210	GO:0071555	9	0.45	0
BSU_09720	GO:0015625	9	0.45	0
BSU_29180	GO:0015625	9	0.45	0
BSU_16760	GO:0008973	9	0.45	0
BSU_11460	GO:0016020	9	0.45	0
BSU_24140	GO:0051992	9	0.45	0
BSU_24250	GO:0006221	9	0.45	0
BSU_03130	GO:0071555	9	0.45	0
BSU_01950	GO:0016020	9	0.45	0
BSU_22780	GO:0071555	9	0.45	0
BSU_21770	GO:0008973	9	0.45	0
BSU_30710	GO:0016020	9	0.45	0
BSU_35020	GO:0009361	9	0.45	0
BSU_30550	GO:0009361	9	0.45	0
BSU_16160	GO:0015031	9	0.45	0
BSU_35020	GO:0016491	9	0.45	0
BSU_24950	GO:0015031	9	0.45	0
BSU_09720	GO:0042906	9	0.45	0
BSU_23860	GO:0005524	9	0.45	0
BSU_28950	GO:0005886	9	0.45	0
BSU_16130	GO:0003677	9	0.45	0
BSU_37560	GO:0005886	9	0.45	0
BSU_41000	GO:0003677	9	0.45	0
BSU_36950	GO:0015625	9	0.45	0
BSU_29670	GO:0005886	9	0.45	0
BSU_38460	GO:0005886	9	0.45	0
BSU_29180	GO:0003962	9	0.45	0
BSU_29900	GO:0003677	9	0.45	0
BSU_29180	GO:0008966	9	0.45	0
BSU_02410	GO:0003677	9	0.45	0
BSU_08000	GO:0042906	9	0.45	0
BSU_30320	GO:0005886	9	0.45	0
BSU_38490	GO:0042906	9	0.45	0
BSU_24140	GO:0016491	9	0.45	0
BSU_30320	GO:0050660	9	0.45	0
BSU_15210	GO:0042906	9	0.45	0
BSU_34070	GO:0042906	9	0.45	0
BSU_30550	GO:0005886	9	0.45	0
BSU_01950	GO:0015031	9	0.45	0
BSU_35700	GO:0006221	9	0.45	0
BSU_16250	GO:0006221	9	0.45	0
BSU_38200	GO:0005886	9	0.45	0
BSU_00870	GO:0015031	9	0.45	0
BSU_06480	GO:0015625	9	0.45	0
BSU_30550	GO:0050660	9	0.45	0
BSU_34680	GO:0005737	9	0.45	0
BSU_16160	GO:0008973	9	0.45	0
BSU_24960	GO:0015031	9	0.45	0
BSU_16760	GO:0016491	9	0.45	0
BSU_21770	GO:0016491	9	0.45	0
BSU_06470	GO:0006221	9	0.45	0
BSU_08710	GO:0046316	9	0.45	0
BSU_15500	GO:0006006	9	0.45	0
BSU_22780	GO:0051539	9	0.45	0
BSU_28470	GO:0004747	9	0.45	0
BSU_30710	GO:0030152	9	0.45	0
BSU_16760	GO:0004747	9	0.45	0
BSU_30710	GO:0006605	9	0.45	0
BSU_29180	GO:0030152	9	0.45	0
BSU_10930	GO:0003677	9	0.45	0
BSU_18450	GO:0030152	9	0.45	0
BSU_35930	GO:0005886	9	0.45	0
BSU_03790	GO:0004747	9	0.45	0
BSU_15570	GO:0006355	9	0.45	0
BSU_06620	GO:0030152	9	0.45	0
BSU_15170	GO:0006605	9	0.45	0
BSU_00870	GO:0030152	9	0.45	0
BSU_25130	GO:0003700	9	0.45	0
BSU_12010	GO:0006605	9	0.45	0
BSU_06480	GO:0004747	9	0.45	0
BSU_40080	GO:0005886	9	0.45	0
BSU_18470	GO:0051301	9	0.45	0
BSU_13120	GO:0051301	9	0.45	0
BSU_11460	GO:0006605	9	0.45	0
BSU_04260	GO:0003700	9	0.45	0
BSU_22310	GO:0003700	9	0.45	0
BSU_29540	GO:0006355	9	0.45	0
BSU_16160	GO:0006006	9	0.45	0
BSU_29180	GO:0004747	9	0.45	0
BSU_23190	GO:0030152	9	0.45	0
BSU_15170	GO:0030152	9	0.45	0
BSU_16760	GO:0006006	9	0.45	0
BSU_18300	GO:0005886	9	0.45	0
BSU_06480	GO:0030152	9	0.45	0
BSU_13590	GO:0006006	9	0.45	0
BSU_00940	GO:0000976	9	0.45	0
BSU_33090	GO:0030152	9	0.45	0
BSU_06470	GO:0005778	9	0.45	0
BSU_15500	GO:0008966	9	0.45	0
BSU_09270	GO:0003700	9	0.45	0
BSU_28440	GO:0006605	9	0.45	0
BSU_01810	GO:0005737	9	0.45	0
BSU_06430	GO:0005737	9	0.45	0
BSU_00870	GO:0005737	9	0.45	0
BSU_27920	GO:0030152	9	0.45	0
BSU_31650	GO:0006605	9	0.45	0
BSU_10220	GO:0042626	9	0.45	0
BSU_35700	GO:0005778	9	0.45	0
BSU_00140	GO:0046316	9	0.45	0
BSU_11460	GO:0005778	9	0.45	0
BSU_00940	GO:0006006	9	0.45	0
BSU_00060	GO:0005778	9	0.45	0
BSU_36950	GO:0051539	9	0.45	0
BSU_24960	GO:0006605	9	0.45	0
BSU_24140	GO:0005737	9	0.45	0
BSU_00060	GO:0004747	9	0.45	0
BSU_17180	GO:0030152	9	0.45	0
BSU_14000	GO:0046316	9	0.45	0
BSU_24950	GO:0006605	9	0.45	0
BSU_00060	GO:0030152	9	0.45	0
BSU_16250	GO:0006605	9	0.45	0
BSU_06470	GO:0004747	9	0.45	0
BSU_05840	GO:0005886	9	0.45	0
BSU_09290	GO:0005886	9	0.45	0
BSU_29180	GO:0006355	9	0.45	0
BSU_03300	GO:0030152	9	0.45	0
BSU_36820	GO:0006605	9	0.45	0
BSU_33090	GO:0004747	9	0.45	0
BSU_29540	GO:0051301	9	0.45	0
BSU_33090	GO:0006605	9	0.45	0
BSU_24140	GO:0016787	9	0.45	0
BSU_25260	GO:0004747	9	0.45	0
BSU_16250	GO:0065002	9	0.45	0
BSU_24140	GO:0052656	9	0.45	0
BSU_29670	GO:0004747	9	0.45	0
BSU_22310	GO:0005886	9	0.45	0
BSU_40990	GO:0003700	9	0.45	0
BSU_28950	GO:0004747	9	0.45	0
BSU_00870	GO:0005886	9	0.45	0
BSU_15570	GO:0051301	9	0.45	0
BSU_24950	GO:0065002	9	0.45	0
BSU_13590	GO:0008966	9	0.45	0
BSU_24960	GO:0004747	9	0.45	0
BSU_24960	GO:0065002	9	0.45	0
BSU_24950	GO:0004747	9	0.45	0
BSU_25510	GO:0065002	9	0.45	0
BSU_35370	GO:0005515	9	0.45	0
BSU_39820	GO:0004747	9	0.45	0
BSU_06480	GO:0016787	9	0.45	0
BSU_24140	GO:0005886	9	0.45	0
BSU_00870	GO:0004747	9	0.45	0
BSU_39050	GO:0005886	9	0.45	0
BSU_00940	GO:0051301	9	0.45	0
BSU_22310	GO:0016787	9	0.45	0
BSU_28120	GO:0016787	9	0.45	0
BSU_08820	GO:0016787	9	0.45	0
BSU_27920	GO:0005886	9	0.45	0
BSU_29180	GO:0016787	9	0.45	0
BSU_00060	GO:0019346	9	0.45	0
BSU_15570	GO:0016787	9	0.45	0
BSU_35370	GO:0019346	9	0.45	0
BSU_00140	GO:0051301	9	0.45	0
BSU_23190	GO:0005886	9	0.45	0
BSU_00060	GO:0005515	9	0.45	0
BSU_22780	GO:0051301	9	0.45	0
BSU_28950	GO:0006006	9	0.45	0
BSU_23860	GO:0006006	9	0.45	0
BSU_10930	GO:0051301	9	0.45	0
BSU_02360	GO:0051539	9	0.45	0
BSU_35020	GO:0051539	9	0.45	0
BSU_09290	GO:0016787	9	0.45	0
BSU_05840	GO:0016787	9	0.45	0
BSU_11460	GO:0004747	9	0.45	0
BSU_13120	GO:0006355	9	0.45	0
BSU_28120	GO:0051301	9	0.45	0
BSU_08710	GO:0051301	9	0.45	0
BSU_21770	GO:0006006	9	0.45	0
BSU_13120	GO:0004747	9	0.45	0
BSU_35370	GO:0016787	9	0.45	0
BSU_08710	GO:0003677	9	0.45	0
BSU_38050	GO:0006605	9	0.45	0
BSU_25260	GO:0006006	9	0.45	0
BSU_28440	GO:0065002	9	0.45	0
BSU_36950	GO:0051301	9	0.45	0
BSU_23510	GO:0003700	9	0.45	0
BSU_16160	GO:0004747	9	0.45	0
BSU_27920	GO:0006006	9	0.45	0
BSU_00940	GO:0051539	9	0.45	0
BSU_36950	GO:0003677	9	0.45	0
BSU_28440	GO:0006006	9	0.45	0
BSU_00940	GO:0016787	9	0.45	0
BSU_29200	GO:0004747	9	0.45	0
BSU_28470	GO:0006006	9	0.45	0
BSU_06620	GO:0005886	9	0.45	0
BSU_24250	GO:0005515	9	0.45	0
BSU_31650	GO:0065002	9	0.45	0
BSU_29180	GO:0006006	9	0.45	0
BSU_08820	GO:0006355	9	0.45	0
BSU_06480	GO:0006006	9	0.45	0
BSU_28120	GO:0006355	9	0.45	0
BSU_28090	GO:0005886	9	0.45	0
BSU_08820	GO:0008889	9	0.45	0
BSU_39050	GO:0008889	9	0.45	0
BSU_39050	GO:0005737	9	0.45	0
BSU_06500	GO:0005886	9	0.45	0
BSU_06430	GO:0005886	9	0.45	0
BSU_29180	GO:0008889	9	0.45	0
BSU_27920	GO:0016491	9	0.45	0
BSU_37250	GO:0008889	9	0.45	0
BSU_00060	GO:0006221	9	0.45	0
BSU_18470	GO:0009435	9	0.45	0
BSU_13120	GO:0009435	9	0.45	0
BSU_35370	GO:0016020	9	0.45	0
BSU_29540	GO:0009435	9	0.45	0
BSU_10930	GO:0008889	9	0.45	0
BSU_28470	GO:0016491	9	0.45	0
BSU_23510	GO:0009435	9	0.45	0
BSU_18470	GO:0051539	9	0.45	0
BSU_13120	GO:0051539	9	0.45	0
BSU_22310	GO:0008889	9	0.45	0
BSU_28790	GO:0005886	9	0.45	0
BSU_18470	GO:0003677	9	0.45	0
BSU_06620	GO:0008889	9	0.45	0
BSU_29180	GO:0016491	9	0.45	0
BSU_25130	GO:0005737	9	0.45	0
BSU_06480	GO:0008889	9	0.45	0
BSU_29540	GO:0051539	9	0.45	0
BSU_35370	GO:0006355	9	0.45	0
BSU_27920	GO:0008889	9	0.45	0
BSU_04260	GO:0008889	9	0.45	0
BSU_02410	GO:0005737	9	0.45	0
BSU_28950	GO:0016491	9	0.45	0
BSU_35370	GO:0006221	9	0.45	0
BSU_15570	GO:0009435	9	0.45	0
BSU_10930	GO:0009435	9	0.45	0
BSU_39820	GO:0005886	9	0.45	0
BSU_00940	GO:0000156	9	0.45	0
BSU_38490	GO:0016798	9	0.45	0
BSU_37230	GO:0015293	9	0.45	0
BSU_00140	GO:0009435	9	0.45	0
BSU_35370	GO:0000156	9	0.45	0
BSU_10220	GO:0005215	9	0.45	0
BSU_25260	GO:0008966	9	0.45	0
BSU_37560	GO:0005886	9	0.45	0
BSU_38460	GO:0005886	9	0.45	0
BSU_15500	GO:0008889	9	0.45	0
BSU_30320	GO:0005886	9	0.45	0
BSU_34710	GO:0000156	9	0.45	0
BSU_30550	GO:0005886	9	0.45	0
BSU_34070	GO:0000156	9	0.45	0
BSU_38200	GO:0005886	9	0.45	0
BSU_15570	GO:0008889	9	0.45	0
BSU_00940	GO:0009435	9	0.45	0
BSU_30710	GO:0008889	9	0.45	0
BSU_33090	GO:0000156	9	0.45	0
BSU_13590	GO:0008889	9	0.45	0
BSU_22780	GO:0009435	9	0.45	0
BSU_08720	GO:0016020	9	0.45	0
BSU_25260	GO:0016491	9	0.45	0
BSU_08000	GO:0016798	9	0.45	0
BSU_36950	GO:0009435	9	0.45	0
BSU_01380	GO:0016020	9	0.45	0
BSU_08000	GO:0015293	9	0.45	0
BSU_08710	GO:0009435	9	0.45	0
BSU_29540	GO:0008889	9	0.45	0
BSU_28120	GO:0009435	9	0.45	0
BSU_22780	GO:0008889	9	0.45	0
BSU_03300	GO:0008889	9	0.45	0
BSU_22310	GO:0006355	9	0.45	0
BSU_38460	GO:0016740	9	0.45	0
BSU_06480	GO:0051539	9	0.45	0
BSU_29180	GO:0006605	9	0.45	0
BSU_00940	GO:0016740	9	0.45	0
BSU_35370	GO:0005778	9	0.45	0
BSU_33210	GO:0046316	9	0.45	0
BSU_27920	GO:0006355	9	0.45	0
BSU_30320	GO:0016740	9	0.45	0
BSU_02410	GO:0008889	9	0.45	0
BSU_08290	GO:0046316	9	0.45	0
BSU_34710	GO:0046316	9	0.45	0
BSU_28090	GO:0016740	9	0.45	0
BSU_07920	GO:0042626	9	0.45	0
BSU_05410	GO:0046316	9	0.45	0
BSU_00140	GO:0016740	9	0.45	0
BSU_16160	GO:0008966	9	0.45	0
BSU_06480	GO:0006355	9	0.45	0
BSU_13250	GO:0003700	9	0.45	0
BSU_38200	GO:0046316	9	0.45	0
BSU_08290	GO:0042626	9	0.45	0
BSU_35020	GO:0006006	9	0.45	0
BSU_13590	GO:0005737	9	0.45	0
BSU_30710	GO:0005737	9	0.45	0
BSU_16670	GO:0046316	9	0.45	0
BSU_30550	GO:0006006	9	0.45	0
BSU_18470	GO:0046316	9	0.45	0
BSU_05410	GO:0042626	9	0.45	0
BSU_30320	GO:0006006	9	0.45	0
BSU_00060	GO:0005886	9	0.45	0
BSU_20020	GO:0005737	9	0.45	0
BSU_40420	GO:0006006	9	0.45	0
BSU_02350	GO:0006605	9	0.45	0
BSU_16760	GO:0008966	9	0.45	0
BSU_36950	GO:0016740	9	0.45	0
BSU_21770	GO:0008966	9	0.45	0
BSU_03300	GO:0005737	9	0.45	0
BSU_08000	GO:0042626	9	0.45	0
BSU_00940	GO:0008889	9	0.45	0
BSU_00940	GO:0006355	9	0.45	0
BSU_29180	GO:0051539	9	0.45	0
BSU_38490	GO:0042626	9	0.45	0
BSU_37250	GO:0055085	9	0.45	0
BSU_35020	GO:0006355	9	0.45	0
BSU_27920	GO:0006605	9	0.45	0
BSU_23510	GO:0016740	9	0.45	0
BSU_02360	GO:0006355	9	0.45	0
BSU_23860	GO:0008966	9	0.45	0
BSU_08820	GO:0051539	9	0.45	0
BSU_28120	GO:0051539	9	0.45	0
BSU_08710	GO:0051539	9	0.45	0
BSU_28440	GO:0005778	9	0.45	0
BSU_08710	GO:0016740	9	0.45	0
BSU_27990	GO:0005778	9	0.45	0
BSU_18450	GO:0005778	9	0.45	0
BSU_22310	GO:0051539	9	0.45	0
BSU_37250	GO:0005737	9	0.45	0
BSU_38050	GO:0005778	9	0.45	0
BSU_18470	GO:0016740	9	0.45	0
BSU_04260	GO:0005737	9	0.45	0
BSU_29540	GO:0016740	9	0.45	0
BSU_06470	GO:0006355	9	0.45	0
BSU_06620	GO:0005737	9	0.45	0
BSU_28790	GO:0046316	9	0.45	0
BSU_10930	GO:0016740	9	0.45	0
BSU_22780	GO:0006355	9	0.45	0
BSU_28120	GO:0016740	9	0.45	0
BSU_29180	GO:0016020	9	0.45	0
BSU_35370	GO:0003677	9	0.45	0
BSU_15500	GO:0006222	9	0.45	0
BSU_08710	GO:0005829	9	0.45	0
BSU_08820	GO:0005829	9	0.45	0
BSU_23510	GO:0004527	9	0.45	0
BSU_23190	GO:0042802	9	0.45	0
BSU_28120	GO:0005829	9	0.45	0
BSU_38200	GO:0009234	9	0.45	0
BSU_29180	GO:0016757	9	0.45	0
BSU_10930	GO:0019284	9	0.45	0
BSU_15570	GO:0019284	9	0.45	0
BSU_09670	GO:0016757	9	0.45	0
BSU_39050	GO:0016757	9	0.45	0
BSU_30550	GO:0009234	9	0.45	0
BSU_40420	GO:0009234	9	0.45	0
BSU_20020	GO:0009234	9	0.45	0
BSU_06620	GO:0016757	9	0.45	0
BSU_13120	GO:0016757	9	0.45	0
BSU_18470	GO:0016757	9	0.45	0
BSU_17600	GO:0009234	9	0.45	0
BSU_40080	GO:0051537	9	0.45	0
BSU_23860	GO:0051537	9	0.45	0
BSU_04260	GO:0004527	9	0.45	0
BSU_04000	GO:0009234	9	0.45	0
BSU_23860	GO:0016757	9	0.45	0
BSU_40080	GO:0016757	9	0.45	0
BSU_25130	GO:0004527	9	0.45	0
BSU_25260	GO:0016757	9	0.45	0
BSU_41000	GO:0004527	9	0.45	0
BSU_28120	GO:0019284	9	0.45	0
BSU_25130	GO:0009234	9	0.45	0
BSU_00940	GO:0009234	9	0.45	0
BSU_08710	GO:0019284	9	0.45	0
BSU_15570	GO:0051537	9	0.45	0
BSU_34680	GO:0051537	9	0.45	0
BSU_37250	GO:1902475	9	0.45	0
BSU_23510	GO:0019284	9	0.45	0
BSU_40990	GO:0004527	9	0.45	0
BSU_00940	GO:0016757	9	0.45	0
BSU_06470	GO:0016020	9	0.45	0
BSU_02360	GO:0016020	9	0.45	0
BSU_35020	GO:0016020	9	0.45	0
BSU_11670	GO:0051537	9	0.45	0
BSU_38050	GO:0006285	9	0.45	0
BSU_00940	GO:0016020	9	0.45	0
BSU_22310	GO:0005829	9	0.45	0
BSU_27990	GO:0006285	9	0.45	0
BSU_02360	GO:0005829	9	0.45	0
BSU_35020	GO:0005829	9	0.45	0
BSU_08720	GO:0051537	9	0.45	0
BSU_09670	GO:0005524	9	0.45	0
BSU_35370	GO:0016020	9	0.45	0
BSU_18470	GO:0019284	9	0.45	0
BSU_13250	GO:0004527	9	0.45	0
BSU_13120	GO:0019284	9	0.45	0
BSU_22780	GO:0005829	9	0.45	0
BSU_27920	GO:0005829	9	0.45	0
BSU_22780	GO:0016020	9	0.45	0
BSU_39050	GO:0005524	9	0.45	0
BSU_00940	GO:0051156	9	0.45	0
BSU_06480	GO:0005829	9	0.45	0
BSU_29540	GO:0019284	9	0.45	0
BSU_03790	GO:0016757	9	0.45	0
BSU_16760	GO:0016757	9	0.45	0
BSU_28470	GO:0016757	9	0.45	0
BSU_00140	GO:0051156	9	0.45	0
BSU_08000	GO:0009234	9	0.45	0
BSU_13590	GO:0009234	9	0.45	0
BSU_37250	GO:0016757	9	0.45	0
BSU_10930	GO:0005829	9	0.45	0
BSU_10930	GO:0051537	9	0.45	0
BSU_02410	GO:0009234	9	0.45	0
BSU_06480	GO:0016788	9	0.45	0
BSU_40990	GO:0003700	9	0.45	0
BSU_28090	GO:0005886	9	0.45	0
BSU_03300	GO:0009061	9	0.45	0
BSU_00140	GO:0003700	9	0.45	0
BSU_29540	GO:0009234	9	0.45	0
BSU_18450	GO:0009061	9	0.45	0
BSU_09290	GO:0016757	9	0.45	0
BSU_34680	GO:0016757	9	0.45	0
BSU_10930	GO:0009234	9	0.45	0
BSU_00940	GO:0003700	9	0.45	0
BSU_15500	GO:0005829	9	0.45	0
BSU_01380	GO:0016757	9	0.45	0
BSU_30710	GO:0009061	9	0.45	0
BSU_31450	GO:0042802	9	0.45	0
BSU_13250	GO:0016757	9	0.45	0
BSU_08790	GO:0016757	9	0.45	0
BSU_22780	GO:0019284	9	0.45	0
BSU_27920	GO:0016788	9	0.45	0
BSU_23510	GO:0003700	9	0.45	0
BSU_09290	GO:0005886	9	0.45	0
BSU_37250	GO:0016788	9	0.45	0
BSU_05840	GO:0016757	9	0.45	0
BSU_38200	GO:0005886	9	0.45	0
BSU_39820	GO:0005886	9	0.45	0
BSU_00870	GO:0003700	9	0.45	0
BSU_30550	GO:0005886	9	0.45	0
BSU_28490	GO:0003700	9	0.45	0
BSU_30320	GO:0005886	9	0.45	0
BSU_03300	GO:0016788	9	0.45	0
BSU_00060	GO:0016788	9	0.45	0
BSU_22310	GO:0003700	9	0.45	0
BSU_00060	GO:0009061	9	0.45	0
BSU_03790	GO:0003700	9	0.45	0
BSU_16760	GO:0003700	9	0.45	0
BSU_30320	GO:0016757	9	0.45	0
BSU_15570	GO:0005829	9	0.45	0
BSU_27920	GO:0042802	9	0.45	0
BSU_39820	GO:0004527	9	0.45	0
BSU_37250	GO:0051537	9	0.45	0
BSU_29670	GO:0016757	9	0.45	0
BSU_38460	GO:0016757	9	0.45	0
BSU_31350	GO:0016757	9	0.45	0
BSU_10220	GO:0005737	9	0.45	0
BSU_37230	GO:0005737	9	0.45	0
BSU_29540	GO:0005829	9	0.45	0
BSU_29180	GO:0003700	9	0.45	0
BSU_09720	GO:0003700	9	0.45	0
BSU_30710	GO:0016788	9	0.45	0
BSU_36950	GO:0019284	9	0.45	0
BSU_30550	GO:0016757	9	0.45	0
BSU_35930	GO:0016757	9	0.45	0
BSU_00870	GO:0009061	9	0.45	0
BSU_06480	GO:0003700	9	0.45	0
BSU_29180	GO:0009061	9	0.45	0
BSU_29180	GO:0016788	9	0.45	0
BSU_39820	GO:0016757	9	0.45	0
BSU_36950	GO:0003700	9	0.45	0
BSU_08820	GO:0016788	9	0.45	0
BSU_06620	GO:0009061	9	0.45	0
BSU_11460	GO:0042802	9	0.45	0
BSU_06480	GO:0009061	9	0.45	0
BSU_27920	GO:0009061	9	0.45	0
BSU_06620	GO:0016788	9	0.45	0
BSU_28470	GO:0003700	9	0.45	0
BSU_38200	GO:0016757	9	0.45	0
BSU_29180	GO:0016874	9	0.45	0
BSU_01810	GO:0004527	9	0.45	0
BSU_16250	GO:0016020	9	0.45	0
BSU_06480	GO:0015969	9	0.45	0
BSU_18470	GO:0051301	9	0.45	0
BSU_13120	GO:0051301	9	0.45	0
BSU_01810	GO:0003676	9	0.45	0
BSU_13120	GO:0016798	9	0.45	0
BSU_18470	GO:0016798	9	0.45	0
BSU_00940	GO:0003676	9	0.45	0
BSU_06470	GO:0005515	9	0.45	0
BSU_02360	GO:0005515	9	0.45	0
BSU_29540	GO:0051301	9	0.45	0
BSU_15500	GO:0016798	9	0.45	0
BSU_02410	GO:0003676	9	0.45	0
BSU_29540	GO:0003934	9	0.45	0
BSU_04000	GO:0008652	9	0.45	0
BSU_36950	GO:0015969	9	0.45	0
BSU_27920	GO:0016874	9	0.45	0
BSU_29540	GO:0016798	9	0.45	0
BSU_15570	GO:0016798	9	0.45	0
BSU_01380	GO:0005524	9	0.45	0
BSU_10930	GO:0016798	9	0.45	0
BSU_15210	GO:0016757	9	0.45	0
BSU_15500	GO:0051301	9	0.45	0
BSU_28120	GO:0016798	9	0.45	0
BSU_08710	GO:0016798	9	0.45	0
BSU_13120	GO:0003934	9	0.45	0
BSU_18470	GO:0003934	9	0.45	0
BSU_28440	GO:0016874	9	0.45	0
BSU_36950	GO:0016798	9	0.45	0
BSU_35020	GO:0016757	9	0.45	0
BSU_02360	GO:0016757	9	0.45	0
BSU_36950	GO:0005829	9	0.45	0
BSU_22780	GO:0016798	9	0.45	0
BSU_18410	GO:0006465	9	0.45	0
BSU_35020	GO:0005515	9	0.45	0
BSU_16220	GO:0006285	9	0.45	0
BSU_22310	GO:0003934	9	0.45	0
BSU_00940	GO:0015969	9	0.45	0
BSU_11460	GO:0016020	9	0.45	0
BSU_22780	GO:0051301	9	0.45	0
BSU_08790	GO:0005524	9	0.45	0
BSU_08710	GO:0003934	9	0.45	0
BSU_30710	GO:0016020	9	0.45	0
BSU_00940	GO:0051301	9	0.45	0
BSU_18450	GO:0016874	9	0.45	0
BSU_33090	GO:0055085	9	0.45	0
BSU_15170	GO:0016020	9	0.45	0
BSU_28790	GO:0015969	9	0.45	0
BSU_05840	GO:0005524	9	0.45	0
BSU_08790	GO:0008652	9	0.45	0
BSU_00140	GO:0051301	9	0.45	0
BSU_28120	GO:0003934	9	0.45	0
BSU_08820	GO:0003934	9	0.45	0
BSU_36950	GO:0051301	9	0.45	0
BSU_16160	GO:0016874	9	0.45	0
BSU_13250	GO:0005524	9	0.45	0
BSU_37250	GO:0016020	9	0.45	0
BSU_08710	GO:0051301	9	0.45	0
BSU_28120	GO:0051301	9	0.45	0
BSU_05840	GO:0005515	9	0.45	0
BSU_08820	GO:0051301	9	0.45	0
BSU_29180	GO:0003934	9	0.45	0
BSU_38490	GO:0006465	9	0.45	0
BSU_10930	GO:0051301	9	0.45	0
BSU_10930	GO:0003934	9	0.45	0
BSU_15570	GO:0003934	9	0.45	0
BSU_15570	GO:0051301	9	0.45	0
BSU_08000	GO:0006465	9	0.45	0
BSU_00940	GO:0016798	9	0.45	0
BSU_24520	GO:0003676	9	0.45	0
BSU_07700	GO:0016020	9	0.45	0
BSU_00140	GO:0005829	9	0.45	0
BSU_35700	GO:0042802	9	0.45	0
BSU_27920	GO:0003676	9	0.45	0
BSU_16250	GO:0042802	9	0.45	0
BSU_06480	GO:0003676	9	0.45	0
BSU_29180	GO:0003676	9	0.45	0
BSU_13590	GO:0003676	9	0.45	0
BSU_40420	GO:0003676	9	0.45	0
BSU_36950	GO:0030163	9	0.45	0
BSU_30550	GO:0003676	9	0.45	0
BSU_09720	GO:0030163	9	0.45	0
BSU_17180	GO:0006285	9	0.45	0
BSU_38200	GO:0003676	9	0.45	0
BSU_17600	GO:0003676	9	0.45	0
BSU_34890	GO:0016757	9	0.45	0
BSU_08790	GO:0016301	9	0.45	0
BSU_24250	GO:0006285	9	0.45	0
BSU_01950	GO:0016020	9	0.45	0
BSU_04260	GO:0003676	9	0.45	0
BSU_08710	GO:0046872	9	0.45	0
BSU_03790	GO:0016020	9	0.45	0
BSU_28120	GO:0046872	9	0.45	0
BSU_16760	GO:0016020	9	0.45	0
BSU_28470	GO:0016020	9	0.45	0
BSU_29180	GO:0016020	9	0.45	0
BSU_13600	GO:0016757	9	0.45	0
BSU_23190	GO:0006285	9	0.45	0
BSU_29540	GO:0016020	9	0.45	0
BSU_13120	GO:0016020	9	0.45	0
BSU_09290	GO:0016020	9	0.45	0
BSU_01000	GO:0006285	9	0.45	0
BSU_00870	GO:0003676	9	0.45	0
BSU_28440	GO:0016020	9	0.45	0
BSU_32410	GO:0016757	9	0.45	0
BSU_08790	GO:0008840	9	0.45	0
BSU_30710	GO:0016020	9	0.45	0
BSU_34680	GO:0005524	9	0.45	0
BSU_36950	GO:0051156	9	0.45	0
BSU_37250	GO:0016020	9	0.45	0
BSU_04000	GO:0008840	9	0.45	0
BSU_36950	GO:0046872	9	0.45	0
BSU_31350	GO:0030436	9	0.45	0
BSU_02410	GO:0005829	9	0.45	0
BSU_00940	GO:0030163	9	0.45	0
BSU_28490	GO:0003676	9	0.45	0
BSU_00140	GO:0016798	9	0.45	0
BSU_22780	GO:0016757	9	0.45	0
BSU_00140	GO:0030163	9	0.45	0
BSU_00140	GO:0051537	9	0.45	0
BSU_11460	GO:0016020	9	0.45	0
BSU_15170	GO:0016020	9	0.45	0
BSU_25510	GO:0016020	9	0.45	0
BSU_01810	GO:0005829	9	0.45	0
BSU_06620	GO:0003676	9	0.45	0
BSU_18410	GO:0030163	9	0.45	0
BSU_04000	GO:0051537	9	0.45	0
BSU_16250	GO:0016020	9	0.45	0
BSU_00060	GO:0006285	9	0.45	0
BSU_15500	GO:0016757	9	0.45	0
BSU_02350	GO:1902475	9	0.45	0
BSU_34910	GO:0051537	9	0.45	0
BSU_37230	GO:0030163	9	0.45	0
BSU_34820	GO:0030163	9	0.45	0
BSU_20020	GO:0016757	9	0.45	0
BSU_25510	GO:0016757	9	0.45	0
BSU_28470	GO:0051156	9	0.45	0
BSU_06620	GO:0003700	9	0.45	0
BSU_09720	GO:0005737	9	0.45	0
BSU_04260	GO:0003700	9	0.45	0
BSU_30320	GO:0006637	9	0.45	0
BSU_40420	GO:0016779	9	0.45	0
BSU_31350	GO:0016779	9	0.45	0
BSU_33090	GO:0042802	9	0.45	0
BSU_30320	GO:0016779	9	0.45	0
BSU_30550	GO:0016779	9	0.45	0
BSU_35020	GO:0016779	9	0.45	0
BSU_30550	GO:0006637	9	0.45	0
BSU_09290	GO:0004108	9	0.45	0
BSU_37250	GO:0030420	9	0.45	0
BSU_29180	GO:0000049	9	0.45	0
BSU_18300	GO:0005886	9	0.45	0
BSU_28440	GO:0004108	9	0.45	0
BSU_35020	GO:0004108	9	0.45	0
BSU_02360	GO:0004108	9	0.45	0
BSU_34680	GO:0005737	9	0.45	0
BSU_31350	GO:0006637	9	0.45	0
BSU_24140	GO:0000049	9	0.45	0
BSU_38460	GO:0006637	9	0.45	0
BSU_12010	GO:0042802	9	0.45	0
BSU_29200	GO:0000049	9	0.45	0
BSU_29670	GO:0006637	9	0.45	0
BSU_07920	GO:0031460	9	0.45	0
BSU_09670	GO:0006637	9	0.45	0
BSU_06480	GO:0016779	9	0.45	0
BSU_00940	GO:0016779	9	0.45	0
BSU_06620	GO:0005886	9	0.45	0
BSU_00060	GO:0000049	9	0.45	0
BSU_15500	GO:0033609	9	0.45	0
BSU_34680	GO:0006637	9	0.45	0
BSU_13590	GO:0016779	9	0.45	0
BSU_13590	GO:0033609	9	0.45	0
BSU_35370	GO:0000049	9	0.45	0
BSU_23510	GO:0006281	9	0.45	0
BSU_38460	GO:0005886	9	0.45	0
BSU_34070	GO:0031460	9	0.45	0
BSU_00140	GO:0006281	9	0.45	0
BSU_16130	GO:0006281	9	0.45	0
BSU_41000	GO:0006281	9	0.45	0
BSU_28470	GO:0004108	9	0.45	0
BSU_29900	GO:0006281	9	0.45	0
BSU_25260	GO:0004108	9	0.45	0
BSU_09290	GO:0006637	9	0.45	0
BSU_38050	GO:0042802	9	0.45	0
BSU_17180	GO:0006526	9	0.45	0
BSU_09720	GO:0030420	9	0.45	0
BSU_15210	GO:0031460	9	0.45	0
BSU_36820	GO:0042802	9	0.45	0
BSU_23860	GO:0004108	9	0.45	0
BSU_06480	GO:0005886	9	0.45	0
BSU_04260	GO:0005886	9	0.45	0
BSU_09290	GO:0005737	9	0.45	0
BSU_29200	GO:0006526	9	0.45	0
BSU_01380	GO:0006637	9	0.45	0
BSU_29180	GO:0004108	9	0.45	0
BSU_28440	GO:0042802	9	0.45	0
BSU_08710	GO:0006281	9	0.45	0
BSU_05840	GO:0004108	9	0.45	0
BSU_22780	GO:0005886	9	0.45	0
BSU_03300	GO:0005886	9	0.45	0
BSU_01000	GO:0042802	9	0.45	0
BSU_02410	GO:0005886	9	0.45	0
BSU_27990	GO:0006526	9	0.45	0
BSU_38200	GO:0006637	9	0.45	0
BSU_39820	GO:0006637	9	0.45	0
BSU_00940	GO:0005886	9	0.45	0
BSU_25130	GO:0005886	9	0.45	0
BSU_15500	GO:0016779	9	0.45	0
BSU_16160	GO:0016779	9	0.45	0
BSU_06470	GO:0000049	9	0.45	0
BSU_22780	GO:0003677	9	0.45	0
BSU_35020	GO:0003677	9	0.45	0
BSU_02360	GO:0003677	9	0.45	0
BSU_06470	GO:0003677	9	0.45	0
BSU_16760	GO:0005737	9	0.45	0
BSU_03790	GO:0005737	9	0.45	0
BSU_04260	GO:0033609	9	0.45	0
BSU_28950	GO:0004108	9	0.45	0
BSU_16760	GO:0016779	9	0.45	0
BSU_27920	GO:0003677	9	0.45	0
BSU_11460	GO:0004108	9	0.45	0
BSU_23860	GO:0005737	9	0.45	0
BSU_40080	GO:0005737	9	0.45	0
BSU_06480	GO:0003677	9	0.45	0
BSU_08720	GO:0006635	9	0.45	0
BSU_00940	GO:0003677	9	0.45	0
BSU_22780	GO:0033609	9	0.45	0
BSU_23190	GO:0004108	9	0.45	0
BSU_35370	GO:0003677	9	0.45	0
BSU_37250	GO:0033609	9	0.45	0
BSU_03300	GO:0033609	9	0.45	0
BSU_28470	GO:0005737	9	0.45	0
BSU_02410	GO:0033609	9	0.45	0
BSU_00940	GO:0033609	9	0.45	0
BSU_25130	GO:0033609	9	0.45	0
BSU_18470	GO:0006637	9	0.45	0
BSU_27920	GO:0004108	9	0.45	0
BSU_06620	GO:0005737	9	0.45	0
BSU_39050	GO:0005737	9	0.45	0
BSU_09670	GO:0005737	9	0.45	0
BSU_39050	GO:0004108	9	0.45	0
BSU_11670	GO:0006355	9	0.45	0
BSU_18300	GO:0004108	9	0.45	0
BSU_29200	GO:0004108	9	0.45	0
BSU_06480	GO:0033609	9	0.45	0
BSU_10930	GO:0033609	9	0.45	0
BSU_29540	GO:0033609	9	0.45	0
BSU_21770	GO:0016779	9	0.45	0
BSU_27920	GO:0000049	9	0.45	0
BSU_17180	GO:0000049	9	0.45	0
BSU_23860	GO:0016779	9	0.45	0
BSU_25260	GO:0016779	9	0.45	0
BSU_27920	GO:0016779	9	0.45	0
BSU_28470	GO:0016779	9	0.45	0
BSU_29180	GO:0016779	9	0.45	0
BSU_31650	GO:0042802	9	0.45	0
BSU_15570	GO:0033609	9	0.45	0
BSU_28950	GO:0016779	9	0.45	0
BSU_11670	GO:0006635	9	0.45	0
BSU_16160	GO:0003677	9	0.45	0
BSU_15500	GO:0003677	9	0.45	0
BSU_30710	GO:0004108	9	0.45	0
BSU_25260	GO:0006637	9	0.45	0
BSU_13120	GO:0003677	9	0.45	0
BSU_13120	GO:0006637	9	0.45	0
BSU_39050	GO:0033609	9	0.45	0
BSU_08820	GO:0033609	9	0.45	0
BSU_22310	GO:0033609	9	0.45	0
BSU_29540	GO:0003677	9	0.45	0
BSU_15570	GO:0003677	9	0.45	0
BSU_15210	GO:0004108	9	0.45	0
BSU_29180	GO:0003677	9	0.45	0
BSU_15170	GO:0004108	9	0.45	0
BSU_08820	GO:0003677	9	0.45	0
BSU_06620	GO:0033609	9	0.45	0
BSU_28120	GO:0003677	9	0.45	0
BSU_38490	GO:0031460	9	0.45	0
BSU_13250	GO:0006637	9	0.45	0
BSU_08790	GO:0006637	9	0.45	0
BSU_06620	GO:0009099	9	0.45	0
BSU_00060	GO:0009097	9	0.45	0
BSU_39820	GO:0005886	9	0.45	0
BSU_28440	GO:0009097	9	0.45	0
BSU_03300	GO:0009097	9	0.45	0
BSU_27920	GO:0009099	9	0.45	0
BSU_06480	GO:0009099	9	0.45	0
BSU_03790	GO:0005886	9	0.45	0
BSU_28950	GO:0009102	9	0.45	0
BSU_16760	GO:0005886	9	0.45	0
BSU_28470	GO:0005886	9	0.45	0
BSU_00140	GO:0019284	9	0.45	0
BSU_18450	GO:0009099	9	0.45	0
BSU_29180	GO:0009099	9	0.45	0
BSU_36950	GO:0005886	9	0.45	0
BSU_00940	GO:0005886	9	0.45	0
BSU_35020	GO:0005886	9	0.45	0
BSU_02360	GO:0005886	9	0.45	0
BSU_03300	GO:0005886	9	0.45	0
BSU_00140	GO:0005886	9	0.45	0
BSU_28800	GO:0071555	9	0.45	0
BSU_27920	GO:0009097	9	0.45	0
BSU_06480	GO:0009097	9	0.45	0
BSU_18470	GO:0005975	9	0.45	0
BSU_13120	GO:0005975	9	0.45	0
BSU_06620	GO:0009097	9	0.45	0
BSU_34070	GO:0030420	9	0.45	0
BSU_18450	GO:0009097	9	0.45	0
BSU_29180	GO:0009097	9	0.45	0
BSU_00940	GO:0006637	9	0.45	0
BSU_17600	GO:0071555	9	0.45	0
BSU_29540	GO:0005975	9	0.45	0
BSU_17180	GO:0042802	9	0.45	0
BSU_06620	GO:0005886	9	0.45	0
BSU_36950	GO:0005886	9	0.45	0
BSU_00940	GO:0019284	9	0.45	0
BSU_25130	GO:0003700	9	0.45	0
BSU_09270	GO:0003700	9	0.45	0
BSU_29670	GO:0005886	9	0.45	0
BSU_13250	GO:0003700	9	0.45	0
BSU_37560	GO:0005886	9	0.45	0
BSU_28950	GO:0005886	9	0.45	0
BSU_25260	GO:0005886	9	0.45	0
BSU_13120	GO:0046872	9	0.45	0
BSU_18470	GO:0046872	9	0.45	0
BSU_16670	GO:0005886	9	0.45	0
BSU_22310	GO:0016788	9	0.45	0
BSU_08710	GO:0071555	9	0.45	0
BSU_28120	GO:0071555	9	0.45	0
BSU_35370	GO:0009099	9	0.45	0
BSU_13590	GO:0071555	9	0.45	0
BSU_38490	GO:0005737	9	0.45	0
BSU_18470	GO:0005886	9	0.45	0
BSU_13120	GO:0005886	9	0.45	0
BSU_29540	GO:0005886	9	0.45	0
BSU_29750	GO:0071555	9	0.45	0
BSU_38200	GO:0005886	9	0.45	0
BSU_31350	GO:0071555	9	0.45	0
BSU_08000	GO:0005737	9	0.45	0
BSU_35930	GO:0005886	9	0.45	0
BSU_29200	GO:0009099	9	0.45	0
BSU_00060	GO:0042802	9	0.45	0
BSU_24140	GO:0009099	9	0.45	0
BSU_00870	GO:0009099	9	0.45	0
BSU_09720	GO:0005737	9	0.45	0
BSU_30710	GO:0009099	9	0.45	0
BSU_30710	GO:0009097	9	0.45	0
BSU_15570	GO:0005975	9	0.45	0
BSU_39050	GO:0006637	9	0.45	0
BSU_00940	GO:0009102	9	0.45	0
BSU_15570	GO:0005886	9	0.45	0
BSU_08000	GO:0031460	9	0.45	0
BSU_38490	GO:0030420	9	0.45	0
BSU_06480	GO:0009102	9	0.45	0
BSU_00060	GO:0006526	9	0.45	0
BSU_06430	GO:0005737	9	0.45	0
BSU_05840	GO:0006637	9	0.45	0
BSU_10930	GO:0005975	9	0.45	0
BSU_29540	GO:0005886	9	0.45	0
BSU_13590	GO:0005886	9	0.45	0
BSU_31350	GO:0005524	9	0.45	0
BSU_35370	GO:0005975	9	0.45	0
BSU_03300	GO:0009099	9	0.45	0
BSU_28440	GO:0009099	9	0.45	0
BSU_10930	GO:0005886	9	0.45	0
BSU_35370	GO:0006526	9	0.45	0
BSU_05840	GO:0005737	9	0.45	0
BSU_40420	GO:0009102	9	0.45	0
BSU_31350	GO:0009102	9	0.45	0
BSU_08790	GO:0005737	9	0.45	0
BSU_34710	GO:0016020	9	0.45	0
BSU_09720	GO:0031460	9	0.45	0
BSU_30320	GO:0009102	9	0.45	0
BSU_30550	GO:0009102	9	0.45	0
BSU_35020	GO:0009102	9	0.45	0
BSU_39050	GO:0005886	9	0.45	0
BSU_08820	GO:0005886	9	0.45	0
BSU_22310	GO:0005886	9	0.45	0
BSU_33210	GO:0016020	9	0.45	0
BSU_06470	GO:0006526	9	0.45	0
BSU_10930	GO:0006635	9	0.45	0
BSU_18450	GO:0006526	9	0.45	0
BSU_00060	GO:0009099	9	0.45	0
BSU_40420	GO:0071555	9	0.45	0
BSU_06480	GO:0005975	9	0.45	0
BSU_38490	GO:0008643	9	0.45	0
BSU_29180	GO:0005975	9	0.45	0
BSU_00870	GO:0009097	9	0.45	0
BSU_29180	GO:0009102	9	0.45	0
BSU_24140	GO:0009097	9	0.45	0
BSU_08820	GO:0005975	9	0.45	0
BSU_28120	GO:0005975	9	0.45	0
BSU_22310	GO:0005975	9	0.45	0
BSU_28470	GO:0009102	9	0.45	0
BSU_29200	GO:0009097	9	0.45	0
BSU_25260	GO:0009102	9	0.45	0
BSU_23510	GO:0046872	9	0.45	0
BSU_15210	GO:0071555	9	0.45	0
BSU_23860	GO:0009102	9	0.45	0
BSU_36950	GO:0005975	9	0.45	0
BSU_00940	GO:0005975	9	0.45	0
BSU_08000	GO:0008643	9	0.45	0
BSU_21770	GO:0009102	9	0.45	0
BSU_16760	GO:0009102	9	0.45	0
BSU_16670	GO:0005737	9	0.45	0
BSU_35370	GO:0009097	9	0.45	0
BSU_27920	GO:0005975	9	0.45	0
BSU_28470	GO:0006637	9	0.45	0
BSU_22780	GO:0005975	9	0.45	0
BSU_16160	GO:0009102	9	0.45	0
BSU_00940	GO:0071555	9	0.45	0
BSU_06470	GO:0005975	9	0.45	0
BSU_15500	GO:0009102	9	0.45	0
BSU_13590	GO:0009102	9	0.45	0
BSU_15210	GO:0030420	9	0.45	0
BSU_00140	GO:0046872	9	0.45	0
BSU_06480	GO:0003934	9	0.45	0
BSU_00060	GO:0033592	9	0.45	0
BSU_09670	GO:0005524	9	0.45	0
BSU_35020	GO:0006412	9	0.45	0
BSU_23860	GO:0000287	9	0.45	0
BSU_06620	GO:0005524	9	0.45	0
BSU_27810	GO:0015711	9	0.45	0
BSU_00140	GO:0051775	9	0.45	0
BSU_39050	GO:0005524	9	0.45	0
BSU_21770	GO:0000287	9	0.45	0
BSU_37230	GO:0015711	9	0.45	0
BSU_29540	GO:0008311	9	0.45	0
BSU_06480	GO:0006412	9	0.45	0
BSU_13590	GO:0016787	9	0.45	0
BSU_16760	GO:0000287	9	0.45	0
BSU_29540	GO:0016787	9	0.45	0
BSU_37250	GO:0016020	9	0.45	0
BSU_25260	GO:0000287	9	0.45	0
BSU_07750	GO:0015711	9	0.45	0
BSU_40990	GO:0051775	9	0.45	0
BSU_00870	GO:0051775	9	0.45	0
BSU_16670	GO:0051156	9	0.45	0
BSU_08000	GO:0055085	9	0.45	0
BSU_37250	GO:0055085	9	0.45	0
BSU_28490	GO:0051775	9	0.45	0
BSU_28440	GO:0000287	9	0.45	0
BSU_23510	GO:0051775	9	0.45	0
BSU_24140	GO:0006412	9	0.45	0
BSU_34820	GO:0015711	9	0.45	0
BSU_18120	GO:0015711	9	0.45	0
BSU_28470	GO:0000287	9	0.45	0
BSU_37560	GO:0016787	9	0.45	0
BSU_40420	GO:0016787	9	0.45	0
BSU_22310	GO:0051775	9	0.45	0
BSU_16160	GO:0000287	9	0.45	0
BSU_00940	GO:0051775	9	0.45	0
BSU_09720	GO:0006813	9	0.45	0
BSU_08000	GO:0006813	9	0.45	0
BSU_05840	GO:0005524	9	0.45	0
BSU_41000	GO:0005524	9	0.45	0
BSU_10930	GO:0008311	9	0.45	0
BSU_29180	GO:0006412	9	0.45	0
BSU_16130	GO:0005524	9	0.45	0
BSU_28800	GO:0005524	9	0.45	0
BSU_15500	GO:0000287	9	0.45	0
BSU_15500	GO:0006412	9	0.45	0
BSU_09270	GO:0005524	9	0.45	0
BSU_08820	GO:0008311	9	0.45	0
BSU_28120	GO:0008311	9	0.45	0
BSU_08710	GO:0008311	9	0.45	0
BSU_07700	GO:0005524	9	0.45	0
BSU_35020	GO:0005524	9	0.45	0
BSU_28470	GO:0006412	9	0.45	0
BSU_13250	GO:0005524	9	0.45	0
BSU_28440	GO:0006412	9	0.45	0
BSU_27920	GO:0006412	9	0.45	0
BSU_23860	GO:0006412	9	0.45	0
BSU_01380	GO:0005524	9	0.45	0
BSU_09670	GO:0005515	9	0.45	0
BSU_35930	GO:0005524	9	0.45	0
BSU_21770	GO:0006412	9	0.45	0
BSU_29180	GO:0005515	9	0.45	0
BSU_31350	GO:0005524	9	0.45	0
BSU_15570	GO:0008311	9	0.45	0
BSU_34680	GO:0005524	9	0.45	0
BSU_16760	GO:0006412	9	0.45	0
BSU_16160	GO:0006412	9	0.45	0
BSU_40080	GO:0005524	9	0.45	0
BSU_23860	GO:0005524	9	0.45	0
BSU_08710	GO:0008881	9	0.45	0
BSU_28120	GO:0008881	9	0.45	0
BSU_13590	GO:0008881	9	0.45	0
BSU_24960	GO:0030152	9	0.45	0
BSU_17180	GO:0003678	9	0.45	0
BSU_28950	GO:0055085	9	0.45	0
BSU_13250	GO:0051775	9	0.45	0
BSU_13590	GO:0005524	9	0.45	0
BSU_13120	GO:0005515	9	0.45	0
BSU_06470	GO:0003678	9	0.45	0
BSU_24950	GO:0030152	9	0.45	0
BSU_29750	GO:0008881	9	0.45	0
BSU_00940	GO:0071555	9	0.45	0
BSU_24140	GO:0016020	9	0.45	0
BSU_39050	GO:0016020	9	0.45	0
BSU_27920	GO:0016020	9	0.45	0
BSU_09270	GO:0051775	9	0.45	0
BSU_37560	GO:0055085	9	0.45	0
BSU_37230	GO:0006865	9	0.45	0
BSU_35020	GO:0071555	9	0.45	0
BSU_09720	GO:0030152	9	0.45	0
BSU_08000	GO:0098660	9	0.45	0
BSU_02360	GO:0071555	9	0.45	0
BSU_02350	GO:0005737	9	0.45	0
BSU_13890	GO:0005737	9	0.45	0
BSU_38490	GO:0098660	9	0.45	0
BSU_01000	GO:0005737	9	0.45	0
BSU_34820	GO:0006865	9	0.45	0
BSU_29200	GO:0003678	9	0.45	0
BSU_16250	GO:0005737	9	0.45	0
BSU_24520	GO:0051775	9	0.45	0
BSU_16350	GO:0005737	9	0.45	0
BSU_07920	GO:0098660	9	0.45	0
BSU_38240	GO:0006865	9	0.45	0
BSU_10220	GO:0015711	9	0.45	0
BSU_38200	GO:0016787	9	0.45	0
BSU_07700	GO:0016020	9	0.45	0
BSU_34710	GO:0016020	9	0.45	0
BSU_37250	GO:0016020	9	0.45	0
BSU_31350	GO:0008881	9	0.45	0
BSU_40080	GO:0006412	9	0.45	0
BSU_28800	GO:0008881	9	0.45	0
BSU_17600	GO:0008881	9	0.45	0
BSU_00060	GO:0003678	9	0.45	0
BSU_15210	GO:0008881	9	0.45	0
BSU_28950	GO:0000287	9	0.45	0
BSU_28440	GO:0005524	9	0.45	0
BSU_06620	GO:0051775	9	0.45	0
BSU_04260	GO:0051775	9	0.45	0
BSU_27920	GO:0005524	9	0.45	0
BSU_25130	GO:0051775	9	0.45	0
BSU_23860	GO:0005524	9	0.45	0
BSU_38240	GO:0015711	9	0.45	0
BSU_21770	GO:0005524	9	0.45	0
BSU_15500	GO:0005524	9	0.45	0
BSU_15210	GO:0071555	9	0.45	0
BSU_11460	GO:0016020	9	0.45	0
BSU_30550	GO:0016787	9	0.45	0
BSU_09650	GO:0055085	9	0.45	0
BSU_30710	GO:0016020	9	0.45	0
BSU_15170	GO:0016020	9	0.45	0
BSU_00140	GO:0071555	9	0.45	0
BSU_02420	GO:0015711	9	0.45	0
BSU_01810	GO:0051775	9	0.45	0
BSU_08000	GO:0006865	9	0.45	0
BSU_25510	GO:0016020	9	0.45	0
BSU_28440	GO:0016020	9	0.45	0
BSU_30550	GO:0055085	9	0.45	0
BSU_01950	GO:0016020	9	0.45	0
BSU_02360	GO:0005524	9	0.45	0
BSU_24140	GO:0005524	9	0.45	0
BSU_41000	GO:0005524	9	0.45	0
BSU_03300	GO:0003677	9	0.45	0
BSU_29750	GO:0016597	9	0.45	0
BSU_11460	GO:0050440	9	0.45	0
BSU_28950	GO:0006826	9	0.45	0
BSU_37560	GO:0006826	9	0.45	0
BSU_16160	GO:0033592	9	0.45	0
BSU_18300	GO:0016597	9	0.45	0
BSU_38490	GO:0016597	9	0.45	0
BSU_30710	GO:0050440	9	0.45	0
BSU_02350	GO:0046872	9	0.45	0
BSU_29670	GO:0006826	9	0.45	0
BSU_37250	GO:0003677	9	0.45	0
BSU_38460	GO:0006826	9	0.45	0
BSU_22780	GO:0003677	9	0.45	0
BSU_16760	GO:0003677	9	0.45	0
BSU_23190	GO:0046872	9	0.45	0
BSU_24140	GO:0000287	9	0.45	0
BSU_25260	GO:0051156	9	0.45	0
BSU_25260	GO:0006826	9	0.45	0
BSU_28950	GO:0016597	9	0.45	0
BSU_37560	GO:0016597	9	0.45	0
BSU_39050	GO:0050440	9	0.45	0
BSU_25130	GO:0016787	9	0.45	0
BSU_24960	GO:0006826	9	0.45	0
BSU_24950	GO:0006826	9	0.45	0
BSU_34070	GO:0006826	9	0.45	0
BSU_37560	GO:0030152	9	0.45	0
BSU_06620	GO:0005515	9	0.45	0
BSU_01000	GO:0046872	9	0.45	0
BSU_09650	GO:0016597	9	0.45	0
BSU_16670	GO:0006826	9	0.45	0
BSU_16160	GO:0006826	9	0.45	0
BSU_12010	GO:0046872	9	0.45	0
BSU_27990	GO:0003677	9	0.45	0
BSU_39050	GO:0005515	9	0.45	0
BSU_06470	GO:0033592	9	0.45	0
BSU_36820	GO:0003677	9	0.45	0
BSU_15570	GO:0003677	9	0.45	0
BSU_03790	GO:0016020	9	0.45	0
BSU_35700	GO:0003677	9	0.45	0
BSU_12010	GO:0003677	9	0.45	0
BSU_39820	GO:0016020	9	0.45	0
BSU_13590	GO:0016740	9	0.45	0
BSU_18450	GO:0003677	9	0.45	0
BSU_13890	GO:0003677	9	0.45	0
BSU_02350	GO:0003677	9	0.45	0
BSU_16760	GO:0016020	9	0.45	0
BSU_28470	GO:0016020	9	0.45	0
BSU_16250	GO:0003677	9	0.45	0
BSU_35020	GO:0033592	9	0.45	0
BSU_15210	GO:0050440	9	0.45	0
BSU_40080	GO:0000287	9	0.45	0
BSU_31450	GO:0003677	9	0.45	0
BSU_00940	GO:0016740	9	0.45	0
BSU_40420	GO:0016740	9	0.45	0
BSU_28120	GO:0003677	9	0.45	0
BSU_31350	GO:0016740	9	0.45	0
BSU_17180	GO:0003677	9	0.45	0
BSU_30320	GO:0016740	9	0.45	0
BSU_27920	GO:0033592	9	0.45	0
BSU_06480	GO:0003677	9	0.45	0
BSU_17180	GO:0033592	9	0.45	0
BSU_38050	GO:0003677	9	0.45	0
BSU_38050	GO:0046872	9	0.45	0
BSU_06480	GO:0033592	9	0.45	0
BSU_15170	GO:0050440	9	0.45	0
BSU_01950	GO:0016020	9	0.45	0
BSU_00940	GO:0016787	9	0.45	0
BSU_28440	GO:0016020	9	0.45	0
BSU_27920	GO:0050440	9	0.45	0
BSU_05410	GO:0006813	9	0.45	0
BSU_00940	GO:0000287	9	0.45	0
BSU_15170	GO:0016020	9	0.45	0
BSU_08290	GO:0006813	9	0.45	0
BSU_29200	GO:0050440	9	0.45	0
BSU_00140	GO:0008311	9	0.45	0
BSU_04260	GO:0030152	9	0.45	0
BSU_00140	GO:0006826	9	0.45	0
BSU_18470	GO:0006826	9	0.45	0
BSU_30320	GO:0000287	9	0.45	0
BSU_00940	GO:0006826	9	0.45	0
BSU_38490	GO:0042906	9	0.45	0
BSU_18300	GO:0050440	9	0.45	0
BSU_35020	GO:0000287	9	0.45	0
BSU_03790	GO:0006826	9	0.45	0
BSU_22780	GO:0030152	9	0.45	0
BSU_30710	GO:0016020	9	0.45	0
BSU_07920	GO:0006813	9	0.45	0
BSU_00940	GO:0008311	9	0.45	0
BSU_02360	GO:0008311	9	0.45	0
BSU_08000	GO:0015711	9	0.45	0
BSU_02410	GO:0030152	9	0.45	0
BSU_22780	GO:0008311	9	0.45	0
BSU_10930	GO:0016787	9	0.45	0
BSU_00940	GO:0030152	9	0.45	0
BSU_25130	GO:0030152	9	0.45	0
BSU_09720	GO:1902475	9	0.45	0
BSU_36950	GO:0008311	9	0.45	0
BSU_11460	GO:0016020	9	0.45	0
BSU_34070	GO:0006813	9	0.45	0
BSU_15210	GO:0006813	9	0.45	0
BSU_38490	GO:0006813	9	0.45	0
BSU_16760	GO:0006826	9	0.45	0
BSU_28470	GO:0006826	9	0.45	0
BSU_16250	GO:0016020	9	0.45	0
BSU_00940	GO:0016597	9	0.45	0
BSU_13120	GO:0006826	9	0.45	0
BSU_02410	GO:0016787	9	0.45	0
BSU_29540	GO:0006826	9	0.45	0
BSU_00140	GO:0016597	9	0.45	0
BSU_25510	GO:0016020	9	0.45	0
BSU_20020	GO:0030152	9	0.45	0
BSU_23190	GO:0050440	9	0.45	0
BSU_35370	GO:0003678	9	0.45	0
BSU_29180	GO:0006826	9	0.45	0
BSU_09720	GO:0006826	9	0.45	0
BSU_02360	GO:0003677	9	0.45	0
BSU_08000	GO:0042906	9	0.45	0
BSU_35020	GO:0003677	9	0.45	0
BSU_13590	GO:0030152	9	0.45	0
BSU_29540	GO:0030152	9	0.45	0
BSU_36950	GO:0006826	9	0.45	0
BSU_34070	GO:0051156	9	0.45	0
BSU_15570	GO:0030152	9	0.45	0
BSU_10930	GO:0030152	9	0.45	0
BSU_35020	GO:0016597	9	0.45	0
BSU_02360	GO:0016597	9	0.45	0
BSU_27990	GO:0003678	9	0.45	0
BSU_00940	GO:0003677	9	0.45	0
BSU_39050	GO:0030152	9	0.45	0
BSU_06480	GO:0006826	9	0.45	0
BSU_28950	GO:0050440	9	0.45	0
BSU_22780	GO:0016597	9	0.45	0
BSU_33090	GO:1902475	9	0.45	0
BSU_25130	GO:0008311	9	0.45	0
BSU_22310	GO:0008311	9	0.45	0
BSU_08290	GO:0098660	9	0.45	0
BSU_24250	GO:0003678	9	0.45	0
BSU_22780	GO:0071555	9	0.45	0
BSU_12010	GO:0016887	9	0.45	0
BSU_31650	GO:0055085	9	0.45	0
BSU_00140	GO:0003934	9	0.45	0
BSU_33090	GO:0016887	9	0.45	0
BSU_03300	GO:0006508	9	0.45	0
BSU_00060	GO:0005886	9	0.45	0
BSU_28470	GO:0015969	9	0.45	0
BSU_06620	GO:0005886	9	0.45	0
BSU_31650	GO:0016887	9	0.45	0
BSU_16760	GO:0015969	9	0.45	0
BSU_03790	GO:0015969	9	0.45	0
BSU_37250	GO:0005737	9	0.45	0
BSU_00140	GO:0015969	9	0.45	0
BSU_40420	GO:0015969	9	0.45	0
BSU_25510	GO:0015969	9	0.45	0
BSU_40080	GO:0005524	9	0.45	0
BSU_35930	GO:0005886	9	0.45	0
BSU_38050	GO:0016887	9	0.45	0
BSU_31650	GO:1902475	9	0.45	0
BSU_01000	GO:0016887	9	0.45	0
BSU_15170	GO:0016887	9	0.45	0
BSU_09720	GO:0051156	9	0.45	0
BSU_23190	GO:0016887	9	0.45	0
BSU_17180	GO:0016887	9	0.45	0
BSU_29540	GO:0015969	9	0.45	0
BSU_00940	GO:0003934	9	0.45	0
BSU_08000	GO:0140359	9	0.45	0
BSU_23190	GO:0005886	9	0.45	0
BSU_29670	GO:0005515	9	0.45	0
BSU_16130	GO:0005524	9	0.45	0
BSU_13120	GO:0015969	9	0.45	0
BSU_18470	GO:0015969	9	0.45	0
BSU_35020	GO:0005886	9	0.45	0
BSU_41000	GO:0019344	9	0.45	0
BSU_05410	GO:0098660	9	0.45	0
BSU_18450	GO:0006508	9	0.45	0
BSU_06620	GO:0006508	9	0.45	0
BSU_00060	GO:0016887	9	0.45	0
BSU_37250	GO:0055085	9	0.45	0
BSU_08790	GO:0019344	9	0.45	0
BSU_13250	GO:0019344	9	0.45	0
BSU_34680	GO:0005515	9	0.45	0
BSU_29180	GO:0006508	9	0.45	0
BSU_02350	GO:0016887	9	0.45	0
BSU_24960	GO:1902475	9	0.45	0
BSU_24950	GO:1902475	9	0.45	0
BSU_34070	GO:0030152	9	0.45	0
BSU_38200	GO:0019344	9	0.45	0
BSU_30710	GO:0055085	9	0.45	0
BSU_38050	GO:0016874	9	0.45	0
BSU_28800	GO:0005524	9	0.45	0
BSU_06480	GO:0006508	9	0.45	0
BSU_28440	GO:0016887	9	0.45	0
BSU_27920	GO:0006508	9	0.45	0
BSU_16250	GO:0016887	9	0.45	0
BSU_22780	GO:0015969	9	0.45	0
BSU_34680	GO:0005886	9	0.45	0
BSU_29200	GO:0005886	9	0.45	0
BSU_36820	GO:0016887	9	0.45	0
BSU_08710	GO:0004564	9	0.45	0
BSU_18410	GO:0005737	9	0.45	0
BSU_30710	GO:0016887	9	0.45	0
BSU_03300	GO:0005886	9	0.45	0
BSU_02360	GO:0005886	9	0.45	0
BSU_28090	GO:0019344	9	0.45	0
BSU_06430	GO:0019344	9	0.45	0
BSU_06500	GO:0019344	9	0.45	0
BSU_35930	GO:0005524	9	0.45	0
BSU_24960	GO:0055085	9	0.45	0
BSU_24950	GO:0055085	9	0.45	0
BSU_17180	GO:0006508	9	0.45	0
BSU_22310	GO:0006355	9	0.45	0
BSU_04260	GO:0006355	9	0.45	0
BSU_08290	GO:0140359	9	0.45	0
BSU_25130	GO:0006355	9	0.45	0
BSU_27810	GO:0006355	9	0.45	0
BSU_16160	GO:0016020	9	0.45	0
BSU_39820	GO:0016020	9	0.45	0
BSU_35370	GO:0004850	9	0.45	0
BSU_00870	GO:0016020	9	0.45	0
BSU_07920	GO:0140359	9	0.45	0
BSU_15210	GO:0055085	9	0.45	0
BSU_18120	GO:0006355	9	0.45	0
BSU_03790	GO:0004850	9	0.45	0
BSU_00060	GO:0016020	9	0.45	0
BSU_33210	GO:0015969	9	0.45	0
BSU_09290	GO:0015969	9	0.45	0
BSU_05410	GO:0140359	9	0.45	0
BSU_23510	GO:0006355	9	0.45	0
BSU_36950	GO:0003934	9	0.45	0
BSU_08290	GO:0015969	9	0.45	0
BSU_01380	GO:0005515	9	0.45	0
BSU_07700	GO:0016020	9	0.45	0
BSU_40990	GO:0006355	9	0.45	0
BSU_09290	GO:0005515	9	0.45	0
BSU_34710	GO:0015969	9	0.45	0
BSU_01950	GO:0016020	9	0.45	0
BSU_33090	GO:0006508	9	0.45	0
BSU_28440	GO:0016020	9	0.45	0
BSU_25510	GO:0016020	9	0.45	0
BSU_05410	GO:0015969	9	0.45	0
BSU_07700	GO:0015969	9	0.45	0
BSU_00060	GO:0004850	9	0.45	0
BSU_38200	GO:0015969	9	0.45	0
BSU_35930	GO:0005515	9	0.45	0
BSU_13120	GO:0016020	9	0.45	0
BSU_38490	GO:0140359	9	0.45	0
BSU_35020	GO:0003934	9	0.45	0
BSU_11670	GO:0000166	9	0.45	0
BSU_00870	GO:0004850	9	0.45	0
BSU_15210	GO:0140359	9	0.45	0
BSU_30710	GO:0004850	9	0.45	0
BSU_34070	GO:0140359	9	0.45	0
BSU_00060	GO:0006508	9	0.45	0
BSU_29180	GO:0004850	9	0.45	0
BSU_02360	GO:0003934	9	0.45	0
BSU_18450	GO:0004850	9	0.45	0
BSU_08720	GO:0000166	9	0.45	0
BSU_00140	GO:0004564	9	0.45	0
BSU_22310	GO:0004850	9	0.45	0
BSU_29180	GO:0016020	9	0.45	0
BSU_06470	GO:0016020	9	0.45	0
BSU_16670	GO:0015969	9	0.45	0
BSU_06620	GO:0004850	9	0.45	0
BSU_34070	GO:0015969	9	0.45	0
BSU_06480	GO:0004850	9	0.45	0
BSU_06480	GO:0016020	9	0.45	0
BSU_27920	GO:0004850	9	0.45	0
BSU_34070	GO:0055085	9	0.45	0
BSU_39820	GO:0005515	9	0.45	0
BSU_37250	GO:0004850	9	0.45	0
BSU_03300	GO:0004850	9	0.45	0
BSU_28470	GO:0016020	9	0.45	0
BSU_16760	GO:0016020	9	0.45	0
BSU_03790	GO:0016020	9	0.45	0
BSU_05840	GO:0005524	9	0.45	0
BSU_39820	GO:0019344	9	0.45	0
BSU_15170	GO:0055085	9	0.45	0
BSU_30710	GO:0006508	9	0.45	0
BSU_00060	GO:0006526	9	0.45	0
BSU_00870	GO:0030152	9	0.45	0
BSU_06470	GO:0006526	9	0.45	0
BSU_18470	GO:0051156	9	0.45	0
BSU_29540	GO:0071555	9	0.45	0
BSU_39820	GO:0030152	9	0.45	0
BSU_34070	GO:0005215	9	0.45	0
BSU_28440	GO:0005737	9	0.45	0
BSU_06480	GO:0006526	9	0.45	0
BSU_27990	GO:0005737	9	0.45	0
BSU_38490	GO:0005215	9	0.45	0
BSU_35370	GO:0006526	9	0.45	0
BSU_15570	GO:0071555	9	0.45	0
BSU_15170	GO:0005737	9	0.45	0
BSU_10930	GO:0071555	9	0.45	0
BSU_13120	GO:0051156	9	0.45	0
BSU_15210	GO:0005737	9	0.45	0
BSU_13120	GO:0071555	9	0.45	0
BSU_18470	GO:0071555	9	0.45	0
BSU_07920	GO:0005215	9	0.45	0
BSU_35930	GO:0006526	9	0.45	0
BSU_34820	GO:0030152	9	0.45	0
BSU_37230	GO:0030152	9	0.45	0
BSU_00140	GO:0030152	9	0.45	0
BSU_31650	GO:0016887	9	0.45	0
BSU_24140	GO:0006526	9	0.45	0
BSU_29540	GO:0051156	9	0.45	0
BSU_08290	GO:0005215	9	0.45	0
BSU_35020	GO:0006526	9	0.45	0
BSU_38050	GO:0006526	9	0.45	0
BSU_28440	GO:0016887	9	0.45	0
BSU_05410	GO:0005215	9	0.45	0
BSU_18450	GO:0005737	9	0.45	0
BSU_07920	GO:0015711	9	0.45	0
BSU_09720	GO:0005215	9	0.45	0
BSU_40420	GO:0005524	9	0.45	0
BSU_11460	GO:0003678	9	0.45	0
BSU_12010	GO:0005737	9	0.45	0
BSU_30710	GO:0051775	9	0.45	0
BSU_35700	GO:0005737	9	0.45	0
BSU_16160	GO:0030152	9	0.45	0
BSU_36820	GO:0005737	9	0.45	0
BSU_31450	GO:0005737	9	0.45	0
BSU_11460	GO:0005737	9	0.45	0
BSU_10220	GO:0098660	9	0.45	0
BSU_29750	GO:0055085	9	0.45	0
BSU_36950	GO:0071555	9	0.45	0
BSU_33090	GO:0005737	9	0.45	0
BSU_35700	GO:0003678	9	0.45	0
BSU_33090	GO:0003678	9	0.45	0
BSU_31450	GO:0003678	9	0.45	0
BSU_24140	GO:0055085	9	0.45	0
BSU_06480	GO:0071555	9	0.45	0
BSU_18300	GO:0055085	9	0.45	0
BSU_15210	GO:1902475	9	0.45	0
BSU_35020	GO:0005524	9	0.45	0
BSU_38490	GO:0055085	9	0.45	0
BSU_07700	GO:0016020	9	0.45	0
BSU_07920	GO:0006865	9	0.45	0
BSU_22310	GO:0071555	9	0.45	0
BSU_08710	GO:0071555	9	0.45	0
BSU_38050	GO:0005737	9	0.45	0
BSU_08000	GO:0005215	9	0.45	0
BSU_28120	GO:0071555	9	0.45	0
BSU_08820	GO:0071555	9	0.45	0
BSU_36820	GO:0003678	9	0.45	0
BSU_25510	GO:0016887	9	0.45	0
BSU_00940	GO:0030152	9	0.45	0
BSU_16670	GO:0030152	9	0.45	0
BSU_37250	GO:0016887	9	0.45	0
BSU_13120	GO:0019344	9	0.45	0
BSU_00940	GO:0004312	9	0.45	0
BSU_29540	GO:0030152	9	0.45	0
BSU_35020	GO:0004312	9	0.45	0
BSU_28440	GO:0055085	9	0.45	0
BSU_02360	GO:0004312	9	0.45	0
BSU_24140	GO:0016874	9	0.45	0
BSU_23860	GO:0005515	9	0.45	0
BSU_33090	GO:0016887	9	0.45	0
BSU_29180	GO:0030152	9	0.45	0
BSU_01810	GO:0005737	9	0.45	0
BSU_22780	GO:0004312	9	0.45	0
BSU_39050	GO:0019344	9	0.45	0
BSU_27920	GO:0004312	9	0.45	0
BSU_13120	GO:0030152	9	0.45	0
BSU_00140	GO:0004312	9	0.45	0
BSU_18470	GO:0030152	9	0.45	0
BSU_25510	GO:0055085	9	0.45	0
BSU_18470	GO:0019344	9	0.45	0
BSU_00870	GO:0006508	9	0.45	0
BSU_07750	GO:0016887	9	0.45	0
BSU_18410	GO:0004312	9	0.45	0
BSU_24140	GO:0005524	9	0.45	0
BSU_18300	GO:0004312	9	0.45	0
BSU_38460	GO:0019344	9	0.45	0
BSU_31350	GO:0019344	9	0.45	0
BSU_09720	GO:0005737	9	0.45	0
BSU_09270	GO:0005737	9	0.45	0
BSU_30320	GO:0019344	9	0.45	0
BSU_34070	GO:1902475	9	0.45	0
BSU_30550	GO:0019344	9	0.45	0
BSU_09720	GO:0006865	9	0.45	0
BSU_36950	GO:0004312	9	0.45	0
BSU_06480	GO:0030152	9	0.45	0
BSU_25130	GO:0005737	9	0.45	0
BSU_16160	GO:0006526	9	0.45	0
BSU_34070	GO:0016887	9	0.45	0
BSU_00940	GO:0019344	9	0.45	0
BSU_18450	GO:0006526	9	0.45	0
BSU_27920	GO:0006526	9	0.45	0
BSU_09720	GO:0015711	9	0.45	0
BSU_28440	GO:0006526	9	0.45	0
BSU_29180	GO:0006526	9	0.45	0
BSU_40080	GO:0005515	9	0.45	0
BSU_12010	GO:0006508	9	0.45	0
BSU_03790	GO:0030152	9	0.45	0
BSU_15210	GO:0016887	9	0.45	0
BSU_15170	GO:0016887	9	0.45	0
BSU_16760	GO:0030152	9	0.45	0
BSU_30710	GO:0016887	9	0.45	0
BSU_39820	GO:0055085	9	0.45	0
BSU_25260	GO:0005515	9	0.45	0
BSU_15570	GO:0004312	9	0.45	0
BSU_10930	GO:0004312	9	0.45	0
BSU_28470	GO:0030152	9	0.45	0
BSU_29180	GO:0004312	9	0.45	0
BSU_04260	GO:0005737	9	0.45	0
BSU_08820	GO:0004312	9	0.45	0
BSU_06620	GO:0005737	9	0.45	0
BSU_36950	GO:0030152	9	0.45	0
BSU_28120	GO:0004312	9	0.45	0
BSU_00870	GO:0005737	9	0.45	0
BSU_08710	GO:0004312	9	0.45	0
BSU_22310	GO:0004312	9	0.45	0
BSU_06480	GO:0004312	9	0.45	0
BSU_34680	GO:0003677	9	0.45	0
BSU_08000	GO:0030420	9	0.45	0
BSU_13590	GO:0008973	9	0.45	0
BSU_25130	GO:0009055	9	0.45	0
BSU_30710	GO:0006065	9	0.45	0
BSU_06500	GO:0046872	9	0.45	0
BSU_28090	GO:0046872	9	0.45	0
BSU_28090	GO:0008270	9	0.45	0
BSU_29180	GO:0006397	9	0.45	0
BSU_15570	GO:0006397	9	0.45	0
BSU_06430	GO:0008270	9	0.45	0
BSU_06500	GO:0008270	9	0.45	0
BSU_41000	GO:0008270	9	0.45	0
BSU_28440	GO:0005504	9	0.45	0
BSU_06480	GO:0005829	9	0.45	0
BSU_31650	GO:0046872	9	0.45	0
BSU_27920	GO:0005829	9	0.45	0
BSU_15570	GO:0016151	9	0.45	0
BSU_15570	GO:0006065	9	0.45	0
BSU_37250	GO:0005829	9	0.45	0
BSU_14000	GO:0017000	9	0.45	0
BSU_39050	GO:0005515	9	0.45	0
BSU_15570	GO:0051539	9	0.45	1
BSU_13120	GO:0006397	9	0.45	0
BSU_10930	GO:0006065	9	0.45	0
BSU_10930	GO:0051082	9	0.45	0
BSU_38050	GO:0015293	9	0.45	0
BSU_05840	GO:0046872	9	0.45	0
BSU_35020	GO:0006364	9	0.45	0
BSU_03300	GO:0005829	9	0.45	0
BSU_41000	GO:0046872	9	0.45	0
BSU_05840	GO:0008270	9	0.45	0
BSU_09720	GO:0042907	9	0.45	0
BSU_11460	GO:0015293	9	0.45	0
BSU_30710	GO:0005504	9	0.45	0
BSU_37230	GO:0046872	9	0.45	0
BSU_38050	GO:0003677	9	0.45	0
BSU_01380	GO:0008270	9	0.45	0
BSU_36950	GO:0046872	9	0.45	0
BSU_27920	GO:0006397	9	0.45	0
BSU_13890	GO:0015293	9	0.45	0
BSU_07750	GO:0046872	9	0.45	0
BSU_18120	GO:0046872	9	0.45	0
BSU_02420	GO:0046872	9	0.45	0
BSU_31450	GO:0015293	9	0.45	0
BSU_00870	GO:0005829	9	0.45	0
BSU_16130	GO:0046872	9	0.45	0
BSU_30710	GO:0005829	9	0.45	0
BSU_13250	GO:0008270	9	0.45	0
BSU_06480	GO:0006397	9	0.45	0
BSU_05410	GO:0046872	9	0.45	0
BSU_08290	GO:0046872	9	0.45	0
BSU_07920	GO:0046872	9	0.45	0
BSU_22310	GO:0006397	9	0.45	0
BSU_15500	GO:0016151	9	0.45	0
BSU_12010	GO:0015293	9	0.45	0
BSU_08820	GO:0006397	9	0.45	0
BSU_18450	GO:0005829	9	0.45	0
BSU_22310	GO:0005829	9	0.45	0
BSU_15570	GO:0009314	9	0.45	0
BSU_01000	GO:0015293	9	0.45	0
BSU_03130	GO:0005576	9	0.45	0
BSU_33210	GO:0000155	9	0.45	1
BSU_06470	GO:0003824	9	0.45	0
BSU_17180	GO:0003824	9	0.45	0
BSU_37250	GO:0006065	9	0.45	0
BSU_15210	GO:0016780	9	0.45	0
BSU_06620	GO:0005504	9	0.45	0
BSU_08000	GO:0046872	9	0.45	0
BSU_28120	GO:0009314	9	0.45	0
BSU_35370	GO:0003677	9	0.45	0
BSU_03300	GO:0006065	9	0.45	0
BSU_29180	GO:0005504	9	0.45	0
BSU_03130	GO:0005515	9	0.45	0
BSU_16250	GO:0005737	9	0.45	0
BSU_28120	GO:0017000	9	0.45	0
BSU_08710	GO:0017000	9	0.45	0
BSU_36950	GO:0051082	9	0.45	0
BSU_27920	GO:0006364	9	0.45	0
BSU_35930	GO:0005504	9	0.45	0
BSU_00060	GO:0005504	9	0.45	0
BSU_13250	GO:0003700	9	0.45	0
BSU_27920	GO:0005504	9	0.45	0
BSU_08710	GO:0009314	9	0.45	0
BSU_38050	GO:0003824	9	0.45	0
BSU_09290	GO:0046872	9	0.45	0
BSU_06480	GO:0005504	9	0.45	0
BSU_40990	GO:0030435	9	0.45	0
BSU_08710	GO:0051082	9	0.45	0
BSU_22780	GO:0006364	9	0.45	0
BSU_00060	GO:0005829	9	0.45	0
BSU_00940	GO:0009055	9	0.45	0
BSU_35700	GO:0015293	9	0.45	0
BSU_35370	GO:0005504	9	0.45	0
BSU_15210	GO:0005515	9	0.45	0
BSU_20020	GO:0016151	9	0.45	0
BSU_10930	GO:0009314	9	0.45	0
BSU_35370	GO:0003824	9	0.45	0
BSU_24960	GO:0046872	9	0.45	0
BSU_00060	GO:0003824	9	0.45	0
BSU_31450	GO:0003824	9	0.45	0
BSU_11460	GO:0003824	9	0.45	0
BSU_24950	GO:0046872	9	0.45	0
BSU_34070	GO:0046872	9	0.45	0
BSU_15210	GO:0046872	9	0.45	0
BSU_17180	GO:0015293	9	0.45	0
BSU_33090	GO:0015293	9	0.45	0
BSU_15170	GO:0016780	9	0.45	0
BSU_02360	GO:0006364	9	0.45	0
BSU_27990	GO:0015293	9	0.45	0
BSU_13250	GO:0046872	9	0.45	0
BSU_06470	GO:0006364	9	0.45	0
BSU_38490	GO:0046872	9	0.45	0
BSU_22780	GO:0005576	9	0.45	0
BSU_08820	GO:0009314	9	0.45	0
BSU_23190	GO:0003824	9	0.45	0
BSU_09720	GO:0046872	9	0.45	0
BSU_35370	GO:0006364	9	0.45	0
BSU_22780	GO:0006397	9	0.45	0
BSU_38200	GO:0008270	9	0.45	0
BSU_15570	GO:0004849	9	0.45	0
BSU_29180	GO:0016881	9	0.45	0
BSU_40080	GO:0016616	9	0.45	0
BSU_00060	GO:0015293	9	0.45	0
BSU_08290	GO:0055085	9	0.45	0
BSU_38490	GO:0043041	9	0.45	0
BSU_23860	GO:0016616	9	0.45	0
BSU_36950	GO:0005829	9	0.45	0
BSU_13590	GO:0016151	9	0.45	0
BSU_02350	GO:0015293	9	0.45	0
BSU_29750	GO:0043041	9	0.45	0
BSU_22780	GO:0005829	9	0.45	0
BSU_02360	GO:0005829	9	0.45	0
BSU_29540	GO:0016881	9	0.45	0
BSU_18470	GO:0051082	9	0.45	0
BSU_11460	GO:0003677	9	0.45	0
BSU_31450	GO:0003677	9	0.45	0
BSU_36820	GO:0003677	9	0.45	0
BSU_13120	GO:0016881	9	0.45	0
BSU_18470	GO:0016881	9	0.45	0
BSU_35700	GO:0009103	9	0.45	0
BSU_29200	GO:0003677	9	0.45	0
BSU_01380	GO:0005524	9	0.45	0
BSU_24140	GO:0005975	9	0.45	1
BSU_18120	GO:0042907	9	0.45	0
BSU_34820	GO:0042907	9	0.45	0
BSU_09720	GO:0016881	9	0.45	0
BSU_35930	GO:0005524	9	0.45	0
BSU_15210	GO:0055085	9	0.45	0
BSU_22310	GO:0005829	9	0.45	0
BSU_06500	GO:0043041	9	0.45	0
BSU_00940	GO:0016881	9	0.45	0
BSU_03130	GO:0043041	9	0.45	0
BSU_24140	GO:0005737	9	0.45	0
BSU_27920	GO:0009103	9	0.45	0
BSU_02410	GO:0043041	9	0.45	0
BSU_08710	GO:0043041	9	0.45	0
BSU_09720	GO:0016301	9	0.45	0
BSU_28120	GO:0043041	9	0.45	0
BSU_16250	GO:0009103	9	0.45	0
BSU_15570	GO:0005829	9	0.45	0
BSU_29540	GO:0016151	9	0.45	0
BSU_03790	GO:0016881	9	0.45	0
BSU_16760	GO:0016881	9	0.45	0
BSU_28470	GO:0016881	9	0.45	0
BSU_14000	GO:0043041	9	0.45	0
BSU_10930	GO:0005829	9	0.45	0
BSU_36950	GO:0016881	9	0.45	0
BSU_38490	GO:0016301	9	0.45	0
BSU_05410	GO:0055085	9	0.45	0
BSU_08820	GO:0005829	9	0.45	0
BSU_06480	GO:0016881	9	0.45	0
BSU_15210	GO:0016301	9	0.45	0
BSU_28120	GO:0005829	9	0.45	0
BSU_08710	GO:0005829	9	0.45	0
BSU_34070	GO:0055085	9	0.45	0
BSU_16160	GO:0016881	9	0.45	0
BSU_39820	GO:0008270	9	0.45	0
BSU_16250	GO:0015293	9	0.45	0
BSU_00060	GO:0006364	9	0.45	0
BSU_35020	GO:0005829	9	0.45	0
BSU_35370	GO:0006397	9	0.45	0
BSU_40080	GO:0006065	9	0.45	0
BSU_36820	GO:0015293	9	0.45	0
BSU_03300	GO:0005504	9	0.45	0
BSU_37250	GO:0016616	9	0.45	0
BSU_34680	GO:0008270	9	0.45	0
BSU_03300	GO:0016616	9	0.45	0
BSU_01950	GO:0055085	9	0.45	0
BSU_05840	GO:0005524	9	0.45	0
BSU_29670	GO:0008270	9	0.45	0
BSU_23860	GO:0006065	9	0.45	0
BSU_38460	GO:0008270	9	0.45	0
BSU_31350	GO:0008270	9	0.45	0
BSU_18450	GO:0005504	9	0.45	0
BSU_35020	GO:0006397	9	0.45	0
BSU_30320	GO:0008270	9	0.45	0
BSU_30550	GO:0008270	9	0.45	0
BSU_02360	GO:0006397	9	0.45	0
BSU_06470	GO:0006397	9	0.45	0
BSU_30710	GO:0016151	9	0.45	0
BSU_39820	GO:0055085	9	0.45	0
BSU_16350	GO:0015293	9	0.45	0
BSU_16670	GO:0046872	9	0.45	0
BSU_02360	GO:0005829	9	0.45	0
BSU_00060	GO:0006397	9	0.45	0
BSU_16670	GO:0016881	9	0.45	0
BSU_28440	GO:0015293	9	0.45	0
BSU_38490	GO:0055085	9	0.45	0
BSU_10930	GO:0004849	9	0.45	0
BSU_15570	GO:0016616	9	0.45	0
BSU_10930	GO:0016616	9	0.45	0
BSU_31650	GO:0015293	9	0.45	0
BSU_35700	GO:0003677	9	0.45	0
BSU_00140	GO:0005829	9	0.45	0
BSU_18410	GO:0006750	9	0.45	1
BSU_08000	GO:0055085	9	0.45	0
BSU_06470	GO:0005829	9	0.45	0
BSU_07750	GO:0042907	9	0.45	0
BSU_34070	GO:0016881	9	0.45	0
BSU_24950	GO:0016881	9	0.45	0
BSU_39050	GO:0008270	9	0.45	0
BSU_09670	GO:0008270	9	0.45	0
BSU_24960	GO:0016881	9	0.45	0
BSU_25260	GO:0016881	9	0.45	0
BSU_27810	GO:0042907	9	0.45	0
BSU_34890	GO:0005829	9	0.45	0
BSU_29750	GO:0005829	9	0.45	0
BSU_09270	GO:0055085	9	0.45	0
BSU_13120	GO:0008270	9	0.45	0
BSU_18470	GO:0008270	9	0.45	0
BSU_37230	GO:0042907	9	0.45	0
BSU_09270	GO:0005829	9	0.45	0
BSU_02420	GO:0005524	9	0.45	0
BSU_24140	GO:0016780	9	0.45	0
BSU_16960	GO:0004527	9	0.45	0
BSU_40990	GO:0005886	9	0.45	0
BSU_27990	GO:0051287	9	0.45	0
BSU_29540	GO:0009228	9	0.45	0
BSU_18450	GO:0051287	9	0.45	0
BSU_13600	GO:0006338	9	0.45	0
BSU_22310	GO:0030435	9	0.45	0
BSU_23860	GO:0005886	9	0.45	0
BSU_06620	GO:0000287	9	0.45	0
BSU_34890	GO:0005576	9	0.45	0
BSU_06620	GO:0030435	9	0.45	0
BSU_13590	GO:0004784	9	0.45	0
BSU_04000	GO:0006065	9	0.45	0
BSU_18450	GO:0000287	9	0.45	0
BSU_06470	GO:0030435	9	0.45	0
BSU_27810	GO:0006525	9	0.45	0
BSU_04260	GO:0030435	9	0.45	0
BSU_13120	GO:0009228	9	0.45	0
BSU_18470	GO:0009228	9	0.45	0
BSU_34910	GO:0006065	9	0.45	0
BSU_25130	GO:0030435	9	0.45	0
BSU_40420	GO:0017000	9	0.45	0
BSU_29540	GO:0008763	9	0.45	0
BSU_28090	GO:0044781	9	0.45	0
BSU_30710	GO:0000287	9	0.45	0
BSU_16220	GO:0004527	9	0.45	0
BSU_31450	GO:0004527	9	0.45	0
BSU_36950	GO:0005886	9	0.45	0
BSU_41000	GO:0005886	9	0.45	0
BSU_00870	GO:0000287	9	0.45	0
BSU_37250	GO:0000287	9	0.45	0
BSU_37250	GO:0005524	9	0.45	0
BSU_13120	GO:0006364	9	0.45	0
BSU_10220	GO:0006525	9	0.45	0
BSU_08710	GO:0009228	9	0.45	0
BSU_39820	GO:0005886	9	0.45	0
BSU_28120	GO:0004849	9	0.45	0
BSU_28120	GO:0009228	9	0.45	0
BSU_00140	GO:0009314	9	0.45	0
BSU_31350	GO:0004784	9	0.45	0
BSU_01000	GO:0004527	9	0.45	0
BSU_38050	GO:0051287	9	0.45	0
BSU_40420	GO:0004784	9	0.45	0
BSU_30550	GO:0005737	9	0.45	1
BSU_00940	GO:0004784	9	0.45	0
BSU_02420	GO:0006525	9	0.45	0
BSU_03300	GO:0000287	9	0.45	0
BSU_28440	GO:0000287	9	0.45	0
BSU_09720	GO:0008763	9	0.45	0
BSU_10930	GO:0009228	9	0.45	0
BSU_00060	GO:0000287	9	0.45	0
BSU_15570	GO:0009228	9	0.45	0
BSU_18120	GO:0006525	9	0.45	0
BSU_01810	GO:0009314	9	0.45	0
BSU_29180	GO:0008763	9	0.45	0
BSU_32410	GO:0005576	9	0.45	0
BSU_23510	GO:0008360	9	0.45	0
BSU_40990	GO:0008360	9	0.45	0
BSU_10220	GO:0005524	9	0.45	0
BSU_00940	GO:0008360	9	0.45	0
BSU_28470	GO:0000049	9	0.45	0
BSU_21770	GO:0009252	9	0.45	0
BSU_14000	GO:0009252	9	0.45	0
BSU_16670	GO:0008763	9	0.45	0
BSU_25260	GO:0000049	9	0.45	0
BSU_29540	GO:0006065	9	0.45	0
BSU_36820	GO:0030435	9	0.45	0
BSU_00940	GO:0009252	9	0.45	0
BSU_13890	GO:0004527	9	0.45	0
BSU_23860	GO:0000049	9	0.45	0
BSU_09270	GO:0005737	9	0.45	0
BSU_28470	GO:0005737	9	0.45	0
BSU_05410	GO:0004672	9	0.45	1
BSU_01810	GO:0005737	9	0.45	0
BSU_03790	GO:0009252	9	0.45	0
BSU_16760	GO:0009252	9	0.45	0
BSU_28470	GO:0009252	9	0.45	0
BSU_08000	GO:0006525	9	0.45	0
BSU_36820	GO:0004527	9	0.45	0
BSU_02350	GO:0030435	9	0.45	0
BSU_22310	GO:0009314	9	0.45	0
BSU_28470	GO:0016874	9	0.45	0
BSU_21770	GO:0000049	9	0.45	0
BSU_03790	GO:0008360	9	0.45	0
BSU_11670	GO:0016836	9	0.45	0
BSU_16760	GO:0016874	9	0.45	0
BSU_09670	GO:0009252	9	0.45	0
BSU_00060	GO:0030435	9	0.45	0
BSU_28120	GO:0009252	9	0.45	0
BSU_35020	GO:0000287	9	0.45	0
BSU_02360	GO:0000287	9	0.45	0
BSU_06470	GO:0000287	9	0.45	0
BSU_16350	GO:0004527	9	0.45	0
BSU_00140	GO:0008360	9	0.45	0
BSU_15500	GO:0009228	9	0.45	0
BSU_25510	GO:0000287	9	0.45	0
BSU_13120	GO:0008763	9	0.45	0
BSU_18470	GO:0008763	9	0.45	0
BSU_24140	GO:0000287	9	0.45	0
BSU_04000	GO:0030435	9	0.45	0
BSU_06620	GO:0005737	9	0.45	0
BSU_00140	GO:0051082	9	0.45	0
BSU_34680	GO:0006065	9	0.45	0
BSU_29200	GO:0000287	9	0.45	0
BSU_08710	GO:0004849	9	0.45	0
BSU_03790	GO:0016874	9	0.45	0
BSU_00140	GO:0000155	9	0.45	0
BSU_25260	GO:0005737	9	0.45	1
BSU_16160	GO:0008763	9	0.45	0
BSU_28440	GO:0030435	9	0.45	0
BSU_02410	GO:0009055	9	0.45	0
BSU_22310	GO:0004849	9	0.45	0
BSU_08710	GO:0009252	9	0.45	0
BSU_29180	GO:0000049	9	0.45	0
BSU_23510	GO:0030435	9	0.45	0
BSU_30320	GO:0004784	9	0.45	0
BSU_29200	GO:0016780	9	0.45	0
BSU_38200	GO:0005886	9	0.45	0
BSU_18450	GO:0004527	9	0.45	0
BSU_23510	GO:0003700	9	0.45	0
BSU_10220	GO:0008324	9	0.45	0
BSU_03300	GO:0016780	9	0.45	0
BSU_18120	GO:0005524	9	0.45	0
BSU_06480	GO:0006364	9	0.45	0
BSU_08820	GO:0004849	9	0.45	0
BSU_37250	GO:0016780	9	0.45	0
BSU_16350	GO:0051287	9	0.45	0
BSU_31450	GO:0051287	9	0.45	0
BSU_06500	GO:0017000	9	0.45	0
BSU_38050	GO:0004527	9	0.45	0
BSU_22780	GO:0016780	9	0.45	0
BSU_30320	GO:0046872	9	0.45	0
BSU_22310	GO:0006364	9	0.45	0
BSU_31350	GO:0046872	9	0.45	0
BSU_04260	GO:0016780	9	0.45	0
BSU_27920	GO:0016780	9	0.45	0
BSU_23510	GO:0008763	9	0.45	0
BSU_17180	GO:0051287	9	0.45	0
BSU_40990	GO:0008763	9	0.45	0
BSU_06480	GO:0016780	9	0.45	0
BSU_06620	GO:0016780	9	0.45	0
BSU_00140	GO:0008763	9	0.45	0
BSU_16220	GO:0051287	9	0.45	0
BSU_36950	GO:0009314	9	0.45	0
BSU_02410	GO:0016780	9	0.45	0
BSU_00940	GO:0008763	9	0.45	0
BSU_00940	GO:0016780	9	0.45	0
BSU_18300	GO:0016780	9	0.45	0
BSU_29750	GO:0016780	9	0.45	0
BSU_25130	GO:0003700	9	0.45	0
BSU_09720	GO:0008324	9	0.45	0
BSU_27990	GO:0004527	9	0.45	0
BSU_12010	GO:0051287	9	0.45	0
BSU_13890	GO:0051287	9	0.45	0
BSU_15170	GO:0008763	9	0.45	0
BSU_15210	GO:0008763	9	0.45	0
BSU_02410	GO:0017000	9	0.45	0
BSU_28950	GO:0016780	9	0.45	0
BSU_18450	GO:0003824	9	0.45	0
BSU_30550	GO:0006556	9	0.45	1
BSU_07920	GO:0008324	9	0.45	0
BSU_27990	GO:0003824	9	0.45	0
BSU_20020	GO:0005576	9	0.45	0
BSU_38240	GO:0005524	9	0.45	0
BSU_28440	GO:0003824	9	0.45	0
BSU_01000	GO:0051287	9	0.45	0
BSU_03130	GO:0017000	9	0.45	0
BSU_37560	GO:0016780	9	0.45	0
BSU_09650	GO:0016780	9	0.45	0
BSU_13250	GO:0030435	9	0.45	0
BSU_35930	GO:0046872	9	0.45	0
BSU_39820	GO:0046872	9	0.45	0
BSU_38460	GO:0046872	9	0.45	0
BSU_00140	GO:0009228	9	0.45	0
BSU_30550	GO:0004784	9	0.45	0
BSU_02350	GO:0005524	9	0.45	0
BSU_24250	GO:0004527	9	0.45	0
BSU_15170	GO:0006065	9	0.45	0
BSU_07700	GO:0005524	9	0.45	0
BSU_28470	GO:0046872	9	0.45	0
BSU_16760	GO:0046872	9	0.45	0
BSU_22780	GO:0009228	9	0.45	0
BSU_38240	GO:0008324	9	0.45	0
BSU_41000	GO:0044781	9	0.45	0
BSU_00140	GO:0003700	9	0.45	0
BSU_03790	GO:0046872	9	0.45	0
BSU_28490	GO:0030435	9	0.45	0
BSU_07920	GO:0005524	9	0.45	0
BSU_00140	GO:0006338	9	0.45	0
BSU_06480	GO:0008763	9	0.45	0
BSU_18120	GO:0008324	9	0.45	0
BSU_34820	GO:0008324	9	0.45	0
BSU_07750	GO:0008324	9	0.45	0
BSU_27810	GO:0008324	9	0.45	0
BSU_00060	GO:0051287	9	0.45	0
BSU_02410	GO:0005524	9	0.45	0
BSU_36950	GO:0009228	9	0.45	0
BSU_35700	GO:0004527	9	0.45	0
BSU_37230	GO:0008324	9	0.45	0
BSU_00940	GO:0016874	9	0.45	0
BSU_03300	GO:0005524	9	0.45	0
BSU_27810	GO:0005524	9	0.45	0
BSU_35700	GO:0051287	9	0.45	0
BSU_06430	GO:0017000	9	0.45	0
BSU_02420	GO:0008324	9	0.45	0
BSU_08820	GO:0006364	9	0.45	0
BSU_29670	GO:0046872	9	0.45	0
BSU_40990	GO:0003700	9	0.45	0
BSU_34540	GO:0004527	9	0.45	0
BSU_34680	GO:0046872	9	0.45	0
BSU_00140	GO:0016874	9	0.45	0
BSU_25260	GO:0046872	9	0.45	0
BSU_24520	GO:0030435	9	0.45	0
BSU_40080	GO:0046872	9	0.45	0
BSU_23860	GO:0046872	9	0.45	0
BSU_17180	GO:0004527	9	0.45	0
BSU_22780	GO:0009314	9	0.45	0
BSU_00940	GO:0009228	9	0.45	0
BSU_03790	GO:0008763	9	0.45	0
BSU_16760	GO:0008763	9	0.45	0
BSU_28470	GO:0008763	9	0.45	0
BSU_29180	GO:0006364	9	0.45	0
BSU_18470	GO:0046872	9	0.45	0
BSU_15570	GO:0006364	9	0.45	0
BSU_13120	GO:0046872	9	0.45	0
BSU_02360	GO:0009314	9	0.45	0
BSU_00940	GO:0009314	9	0.45	0
BSU_36950	GO:0008763	9	0.45	0
BSU_09670	GO:0046872	9	0.45	0
BSU_36950	GO:0006338	9	0.45	0
BSU_06430	GO:0043041	9	0.45	0
BSU_23190	GO:0009103	9	0.45	0
BSU_39050	GO:0009252	9	0.45	0
BSU_39050	GO:0005524	9	0.45	0
BSU_40420	GO:0016783	9	0.45	0
BSU_22780	GO:0003723	9	0.45	0
BSU_01380	GO:0071555	9	0.45	0
BSU_02360	GO:1902210	9	0.45	0
BSU_18410	GO:0071555	9	0.45	0
BSU_11460	GO:0008233	9	0.45	0
BSU_15570	GO:0005524	9	0.45	0
BSU_10930	GO:0005524	9	0.45	0
BSU_04260	GO:0004529	9	0.45	0
BSU_31450	GO:0008233	9	0.45	0
BSU_22780	GO:1902210	9	0.45	0
BSU_35370	GO:0006072	9	0.45	0
BSU_28120	GO:0033014	9	0.45	1
BSU_10930	GO:0016151	9	0.45	0
BSU_08820	GO:0005524	9	0.45	0
BSU_28470	GO:0046872	9	0.45	0
BSU_22310	GO:0005524	9	0.45	0
BSU_27920	GO:1902210	9	0.45	0
BSU_16160	GO:0033554	9	0.45	0
BSU_16760	GO:0033554	9	0.45	0
BSU_36950	GO:1902210	9	0.45	0
BSU_11670	GO:0050660	9	0.45	1
BSU_29750	GO:0017000	9	0.45	0
BSU_21770	GO:0033554	9	0.45	0
BSU_06480	GO:1902210	9	0.45	0
BSU_22310	GO:1902210	9	0.45	0
BSU_25260	GO:0046872	9	0.45	0
BSU_00870	GO:0005737	9	0.45	0
BSU_35020	GO:1902210	9	0.45	0
BSU_25130	GO:0016705	9	0.45	0
BSU_25130	GO:0016740	9	0.45	0
BSU_20020	GO:0005524	9	0.45	0
BSU_23860	GO:0071555	9	0.45	0
BSU_30550	GO:0005886	9	0.45	0
BSU_06480	GO:0033554	9	0.45	0
BSU_25260	GO:0071555	9	0.45	0
BSU_35020	GO:0005886	9	0.45	0
BSU_13120	GO:0006072	9	0.45	0
BSU_27920	GO:0071555	9	0.45	0
BSU_16760	GO:0009089	9	0.45	1
BSU_28470	GO:0071555	9	0.45	0
BSU_00140	GO:1902210	9	0.45	0
BSU_16160	GO:0046872	9	0.45	0
BSU_29180	GO:0071555	9	0.45	0
BSU_16760	GO:0046872	9	0.45	0
BSU_28950	GO:0071555	9	0.45	0
BSU_18470	GO:0006072	9	0.45	0
BSU_15500	GO:0005524	9	0.45	0
BSU_13590	GO:0005524	9	0.45	0
BSU_00940	GO:0006072	9	0.45	0
BSU_18300	GO:0005737	9	0.45	1
BSU_21770	GO:0046872	9	0.45	0
BSU_04000	GO:0009027	9	0.45	1
BSU_00940	GO:1902210	9	0.45	0
BSU_04260	GO:0006281	9	0.45	1
BSU_35370	GO:0006417	9	0.45	1
BSU_08710	GO:1902210	9	0.45	0
BSU_31350	GO:0016783	9	0.45	0
BSU_02410	GO:0006979	9	0.45	0
BSU_40080	GO:0006417	9	0.45	0
BSU_35930	GO:0006417	9	0.45	0
BSU_06620	GO:0005524	9	0.45	0
BSU_08790	GO:0006782	9	0.45	0
BSU_00060	GO:0006417	9	0.45	0
BSU_34680	GO:0046872	9	0.45	0
BSU_17180	GO:0008233	9	0.45	0
BSU_35020	GO:0006417	9	0.45	0
BSU_02360	GO:0006417	9	0.45	0
BSU_06470	GO:0006417	9	0.45	0
BSU_34890	GO:0006782	9	0.45	0
BSU_35370	GO:0005524	9	0.45	0
BSU_36950	GO:0003723	9	0.45	0
BSU_40080	GO:0046872	9	0.45	0
BSU_27920	GO:0006417	9	0.45	0
BSU_36950	GO:0003700	9	0.45	0
BSU_17180	GO:0006417	9	0.45	0
BSU_25260	GO:0004324	9	0.45	0
BSU_23860	GO:0046872	9	0.45	0
BSU_06480	GO:0006417	9	0.45	0
BSU_27920	GO:0003924	9	0.45	1
BSU_00940	GO:0003700	9	0.45	0
BSU_03300	GO:0006979	9	0.45	0
BSU_00940	GO:0005829	9	0.45	1
BSU_40990	GO:0006259	9	0.45	0
BSU_27920	GO:0003723	9	0.45	0
BSU_23860	GO:0006417	9	0.45	0
BSU_28120	GO:1902210	9	0.45	0
BSU_28470	GO:0004324	9	0.45	0
BSU_08820	GO:1902210	9	0.45	0
BSU_23860	GO:0033554	9	0.45	0
BSU_29180	GO:1902210	9	0.45	0
BSU_10930	GO:1902210	9	0.45	0
BSU_15570	GO:1902210	9	0.45	0
BSU_25260	GO:0033554	9	0.45	0
BSU_29540	GO:1902210	9	0.45	0
BSU_03130	GO:0006979	9	0.45	0
BSU_08790	GO:0008270	9	0.45	1
BSU_27920	GO:0033554	9	0.45	0
BSU_28440	GO:0033554	9	0.45	0
BSU_28470	GO:0033554	9	0.45	0
BSU_20020	GO:0016705	9	0.45	0
BSU_03790	GO:0006417	9	0.45	0
BSU_40990	GO:0003677	9	0.45	1
BSU_28490	GO:0006289	9	0.45	1
BSU_28950	GO:0004324	9	0.45	0
BSU_29180	GO:0033554	9	0.45	0
BSU_16760	GO:0006417	9	0.45	0
BSU_06620	GO:0006417	9	0.45	0
BSU_23510	GO:0004529	9	0.45	0
BSU_25130	GO:0006979	9	0.45	0
BSU_00060	GO:0008233	9	0.45	0
BSU_29180	GO:0006417	9	0.45	0
BSU_00940	GO:0006979	9	0.45	0
BSU_30320	GO:0005886	9	0.45	0
BSU_35020	GO:0006072	9	0.45	0
BSU_21770	GO:0071555	9	0.45	0
BSU_16160	GO:0005886	9	0.45	0
BSU_27920	GO:0030488	9	0.45	0
BSU_17180	GO:0030488	9	0.45	0
BSU_13590	GO:0016783	9	0.45	0
BSU_08820	GO:0006072	9	0.45	0
BSU_28490	GO:0009380	9	0.45	1
BSU_06480	GO:0030488	9	0.45	0
BSU_05840	GO:0046872	9	0.45	0
BSU_40080	GO:0033554	9	0.45	0
BSU_02410	GO:0008168	9	0.45	1
BSU_22310	GO:0030488	9	0.45	0
BSU_15500	GO:0005886	9	0.45	0
BSU_22780	GO:0006782	9	0.45	0
BSU_29180	GO:0030488	9	0.45	0
BSU_29180	GO:0006072	9	0.45	0
BSU_07750	GO:0003333	9	0.45	1
BSU_10930	GO:0006072	9	0.45	0
BSU_16160	GO:0030488	9	0.45	0
BSU_28490	GO:0030488	9	0.45	0
BSU_09290	GO:0046872	9	0.45	0
BSU_35930	GO:0046872	9	0.45	0
BSU_27920	GO:0006072	9	0.45	0
BSU_29200	GO:0030488	9	0.45	0
BSU_13590	GO:0005886	9	0.45	0
BSU_06480	GO:0005737	9	0.45	1
BSU_00140	GO:0050660	9	0.45	0
BSU_28120	GO:0006072	9	0.45	0
BSU_22310	GO:0006072	9	0.45	0
BSU_10220	GO:0042907	9	0.45	0
BSU_16130	GO:0044781	9	0.45	0
BSU_25260	GO:0005886	9	0.45	0
BSU_25130	GO:0003723	9	0.45	0
BSU_27920	GO:0005886	9	0.45	0
BSU_30710	GO:0005737	9	0.45	0
BSU_28470	GO:0005886	9	0.45	0
BSU_29180	GO:0005886	9	0.45	0
BSU_28950	GO:0005886	9	0.45	0
BSU_22310	GO:0006310	9	0.45	1
BSU_35370	GO:0030488	9	0.45	0
BSU_00940	GO:0006782	9	0.45	0
BSU_36950	GO:0006072	9	0.45	0
BSU_25130	GO:0006782	9	0.45	0
BSU_09650	GO:0046872	9	0.45	1
BSU_02410	GO:0006782	9	0.45	0
BSU_22310	GO:0003723	9	0.45	0
BSU_21770	GO:0005886	9	0.45	0
BSU_35020	GO:0030488	9	0.45	0
BSU_02360	GO:0030488	9	0.45	0
BSU_06470	GO:0030488	9	0.45	0
BSU_35930	GO:0033554	9	0.45	0
BSU_06480	GO:0006072	9	0.45	0
BSU_08720	GO:0006979	9	0.45	0
BSU_16760	GO:0005886	9	0.45	0
BSU_03300	GO:0030488	9	0.45	0
BSU_31650	GO:0005886	9	0.45	1
BSU_29670	GO:0046872	9	0.45	0
BSU_04000	GO:0006782	9	0.45	0
BSU_02360	GO:0003723	9	0.45	0
BSU_00940	GO:0071555	9	0.45	0
BSU_38200	GO:0000287	9	0.45	1
BSU_06470	GO:0006072	9	0.45	0
BSU_13120	GO:0050660	9	0.45	0
BSU_00940	GO:0003723	9	0.45	0
BSU_18470	GO:0050660	9	0.45	0
BSU_38050	GO:0033554	9	0.45	0
BSU_00940	GO:0016783	9	0.45	0
BSU_35020	GO:0003723	9	0.45	0
BSU_02360	GO:0006072	9	0.45	0
BSU_40420	GO:0005886	9	0.45	0
BSU_13590	GO:0071555	9	0.45	0
BSU_37250	GO:0005737	9	0.45	0
BSU_15500	GO:0071555	9	0.45	0
BSU_31350	GO:0005886	9	0.45	0
BSU_30710	GO:0006979	9	0.45	0
BSU_15500	GO:0050660	9	0.45	0
BSU_15170	GO:0006979	9	0.45	0
BSU_16160	GO:0071555	9	0.45	0
BSU_15210	GO:0006979	9	0.45	0
BSU_27920	GO:0008233	9	0.45	0
BSU_34540	GO:0009368	9	0.45	1
BSU_16760	GO:0071555	9	0.45	0
BSU_04260	GO:0006782	9	0.45	0
BSU_28950	GO:0017000	9	0.45	0
BSU_25510	GO:1902210	9	0.45	0
BSU_35020	GO:0033554	9	0.45	0
BSU_30320	GO:0046872	9	0.45	0
BSU_25260	GO:0005524	9	0.45	1
BSU_06480	GO:0071555	9	0.45	0
BSU_24140	GO:0033554	9	0.45	0
BSU_00940	GO:0050660	9	0.45	0
BSU_16160	GO:0036402	9	0.45	1
BSU_16250	GO:0008233	9	0.45	0
BSU_35700	GO:0008233	9	0.45	0
BSU_22780	GO:0050660	9	0.45	0
BSU_25550	GO:0003735	9	0.45	1
BSU_24140	GO:0006979	9	0.45	0
BSU_36950	GO:0050660	9	0.45	0
BSU_00140	GO:0003723	9	0.45	0
BSU_15570	GO:0006072	9	0.45	0
BSU_22780	GO:0006072	9	0.45	0
BSU_20020	GO:0016740	9	0.45	0
BSU_16760	GO:0009090	9	0.45	1
BSU_29540	GO:0006072	9	0.45	0
BSU_08710	GO:0050660	9	0.45	0
BSU_28120	GO:0050660	9	0.45	0
BSU_06620	GO:0005737	9	0.45	0
BSU_10930	GO:0050660	9	0.45	0
BSU_15570	GO:0050660	9	0.45	0
BSU_31650	GO:0034220	9	0.45	1
BSU_00940	GO:0005886	9	0.45	0
BSU_35020	GO:0046872	9	0.45	0
BSU_06480	GO:0005886	9	0.45	0
BSU_29540	GO:0050660	9	0.45	0
BSU_28950	GO:0016787	9	0.45	0
BSU_04260	GO:0005524	9	0.45	0
BSU_29180	GO:0016787	9	0.45	0
BSU_28440	GO:0043754	9	0.45	0
BSU_18300	GO:0005829	9	0.45	0
BSU_24250	GO:0006526	9	0.45	1
BSU_29200	GO:0005829	9	0.45	0
BSU_08000	GO:0140359	9	0.45	0
BSU_31650	GO:0009103	9	0.45	0
BSU_15570	GO:0140824	9	0.45	0
BSU_29540	GO:0004849	9	0.45	0
BSU_28490	GO:0005829	9	0.45	0
BSU_16160	GO:0005829	9	0.45	0
BSU_10930	GO:0140824	9	0.45	0
BSU_24950	GO:0016020	9	0.45	1
BSU_15500	GO:0005829	9	0.45	0
BSU_03790	GO:0043754	9	0.45	0
BSU_16760	GO:0043754	9	0.45	0
BSU_23860	GO:0005524	9	0.45	0
BSU_30320	GO:0004324	9	0.45	0
BSU_06620	GO:0043754	9	0.45	0
BSU_29180	GO:0043754	9	0.45	0
BSU_29540	GO:0016616	9	0.45	0
BSU_40990	GO:0004529	9	0.45	0
BSU_22310	GO:0004497	9	0.45	0
BSU_33090	GO:0003677	9	0.45	0
BSU_06480	GO:0016151	9	0.45	0
BSU_15570	GO:0005829	9	0.45	0
BSU_30550	GO:0016783	9	0.45	0
BSU_35370	GO:0043754	9	0.45	0
BSU_22780	GO:0003934	9	0.45	1
BSU_40080	GO:0043754	9	0.45	0
BSU_24140	GO:0043754	9	0.45	0
BSU_02410	GO:0004497	9	0.45	0
BSU_39050	GO:0009055	9	0.45	0
BSU_09670	GO:0005524	9	0.45	0
BSU_06470	GO:0003677	9	0.45	0
BSU_34680	GO:0140824	9	0.45	0
BSU_25130	GO:0009229	9	0.45	0
BSU_34680	GO:0005524	9	0.45	0
BSU_06480	GO:0030170	9	0.45	0
BSU_22780	GO:0004497	9	0.45	0
BSU_28120	GO:0016616	9	0.45	0
BSU_02420	GO:0042907	9	0.45	0
BSU_24520	GO:0005829	9	0.45	0
BSU_34070	GO:0140359	9	0.45	0
BSU_27920	GO:0016151	9	0.45	0
BSU_08710	GO:0016616	9	0.45	0
BSU_28950	GO:0005829	9	0.45	0
BSU_15210	GO:0140359	9	0.45	0
BSU_03300	GO:0005737	9	0.45	0
BSU_08720	GO:0005524	9	0.45	0
BSU_38490	GO:0140359	9	0.45	0
BSU_04260	GO:0004497	9	0.45	0
BSU_02350	GO:0009103	9	0.45	0
BSU_02410	GO:0016616	9	0.45	0
BSU_36950	GO:0030170	9	0.45	0
BSU_13250	GO:0004529	9	0.45	0
BSU_23860	GO:0043754	9	0.45	0
BSU_35930	GO:0043754	9	0.45	0
BSU_08720	GO:0140824	9	0.45	1
BSU_38240	GO:0042907	9	0.45	0
BSU_02360	GO:0005829	9	0.45	0
BSU_17180	GO:0043754	9	0.45	0
BSU_35020	GO:0005829	9	0.45	0
BSU_13590	GO:0004497	9	0.45	0
BSU_34680	GO:0005524	9	0.45	0
BSU_18470	GO:0005829	9	0.45	1
BSU_00060	GO:0005829	9	0.45	0
BSU_38050	GO:0009103	9	0.45	0
BSU_01000	GO:0009103	9	0.45	0
BSU_15170	GO:0016881	9	0.45	0
BSU_15210	GO:0016881	9	0.45	0
BSU_39050	GO:0140824	9	0.45	0
BSU_08720	GO:0016616	9	0.45	0
BSU_15500	GO:0004497	9	0.45	0
BSU_08820	GO:0140824	9	0.45	0
BSU_09650	GO:0004407	9	0.45	1
BSU_29540	GO:0005829	9	0.45	0
BSU_00140	GO:0030170	9	0.45	0
BSU_23510	GO:0016881	9	0.45	0
BSU_40990	GO:0016881	9	0.45	0
BSU_29180	GO:0016151	9	0.45	0
BSU_00140	GO:0016881	9	0.45	0
BSU_40420	GO:0043041	9	0.45	0
BSU_11670	GO:0016616	9	0.45	0
BSU_29540	GO:0140824	9	0.45	0
BSU_27920	GO:0043754	9	0.45	0
BSU_06470	GO:0005829	9	0.45	0
BSU_34910	GO:0016616	9	0.45	0
BSU_33090	GO:0009103	9	0.45	0
BSU_40080	GO:0005524	9	0.45	0
BSU_30550	GO:0004324	9	0.45	0
BSU_10930	GO:0004497	9	0.45	0
BSU_08820	GO:0005829	9	0.45	0
BSU_28490	GO:0003677	9	0.45	1
BSU_06620	GO:0016151	9	0.45	0
BSU_22780	GO:0030170	9	0.45	0
BSU_22310	GO:0005829	9	0.45	0
BSU_00060	GO:0043754	9	0.45	0
BSU_22310	GO:0016151	9	0.45	0
BSU_15570	GO:0004497	9	0.45	0
BSU_08000	GO:0016301	9	0.45	0
BSU_06480	GO:0005829	9	0.45	0
BSU_12010	GO:0009103	9	0.45	0
BSU_08820	GO:0016151	9	0.45	0
BSU_02360	GO:0030170	9	0.45	0
BSU_35020	GO:0030170	9	0.45	0
BSU_29540	GO:0004497	9	0.45	0
BSU_39050	GO:0016151	9	0.45	0
BSU_00940	GO:0030170	9	0.45	0
BSU_35020	GO:0043754	9	0.45	0
BSU_02360	GO:0043754	9	0.45	0
BSU_06470	GO:0043754	9	0.45	0
BSU_27920	GO:0005829	9	0.45	0
BSU_22780	GO:0005829	9	0.45	0
BSU_41000	GO:0005886	9	0.45	0
BSU_40990	GO:0005886	9	0.45	0
BSU_37250	GO:0006979	9	0.45	0
BSU_23510	GO:0003700	9	0.45	0
BSU_22780	GO:0005524	9	0.45	0
BSU_06480	GO:0016787	9	0.45	0
BSU_10930	GO:0003723	9	0.45	0
BSU_25130	GO:0003700	9	0.45	0
BSU_28440	GO:0008233	9	0.45	0
BSU_24140	GO:0046872	9	0.45	0
BSU_37250	GO:0005524	9	0.45	0
BSU_15500	GO:0004324	9	0.45	0
BSU_13250	GO:0003700	9	0.45	0
BSU_13590	GO:0004324	9	0.45	0
BSU_24520	GO:0006259	9	0.45	0
BSU_15570	GO:0003723	9	0.45	0
BSU_03300	GO:0005524	9	0.45	0
BSU_06480	GO:0006979	9	0.45	0
BSU_03300	GO:0016151	9	0.45	0
BSU_38050	GO:0016787	9	0.45	0
BSU_01000	GO:0008233	9	0.45	0
BSU_24140	GO:0016787	9	0.45	0
BSU_28440	GO:0046872	9	0.45	0
BSU_01810	GO:0006259	9	0.45	0
BSU_37250	GO:0016151	9	0.45	0
BSU_22780	GO:0016151	9	0.45	0
BSU_40080	GO:0016787	9	0.45	0
BSU_18470	GO:0004849	9	0.45	0
BSU_03130	GO:0046872	9	0.45	1
BSU_29180	GO:0003723	9	0.45	0
BSU_02410	GO:0016151	9	0.45	0
BSU_01810	GO:0004529	9	0.45	0
BSU_23510	GO:0000917	9	0.45	0
BSU_00140	GO:0003700	9	0.45	0
BSU_28470	GO:0016787	9	0.45	0
BSU_28440	GO:0016787	9	0.45	0
BSU_13250	GO:0000917	9	0.45	0
BSU_06480	GO:0003723	9	0.45	0
BSU_25260	GO:0016787	9	0.45	0
BSU_22780	GO:0006979	9	0.45	0
BSU_08710	GO:0003723	9	0.45	0
BSU_28120	GO:0003723	9	0.45	0
BSU_23860	GO:0016787	9	0.45	0
BSU_13250	GO:0006259	9	0.45	0
BSU_21770	GO:0016787	9	0.45	0
BSU_16760	GO:0016787	9	0.45	0
BSU_38490	GO:0017000	9	0.45	0
BSU_25550	GO:0005840	9	0.45	1
BSU_25130	GO:0016151	9	0.45	0
BSU_40990	GO:0003700	9	0.45	0
BSU_21770	GO:0004324	9	0.45	0
BSU_16160	GO:0016787	9	0.45	0
BSU_25130	GO:0004529	9	0.45	0
BSU_00940	GO:0016151	9	0.45	0
BSU_08820	GO:0003723	9	0.45	0
BSU_36820	GO:0008233	9	0.45	0
BSU_04260	GO:0006979	9	0.45	0
BSU_25130	GO:0000917	9	0.45	0
BSU_39050	GO:0005576	9	0.45	0
BSU_29670	GO:0016787	9	0.45	0
BSU_28800	GO:0030145	9	0.45	1
BSU_15570	GO:0030170	9	0.45	0
BSU_06620	GO:0005524	9	0.45	0
BSU_28440	GO:0009055	9	0.45	1
BSU_12010	GO:0008233	9	0.45	0
BSU_30320	GO:0016783	9	0.45	0
BSU_25130	GO:0005524	9	0.45	0
BSU_08820	GO:0030170	9	0.45	0
BSU_22310	GO:0030170	9	0.45	0
BSU_36820	GO:1902600	9	0.45	1
BSU_24520	GO:0004529	9	0.45	0
BSU_40420	GO:0004324	9	0.45	0
BSU_11670	GO:0140824	9	0.45	0
BSU_04000	GO:0005524	9	0.45	0
BSU_20020	GO:0009229	9	0.45	0
BSU_34910	GO:0005524	9	0.45	0
BSU_31350	GO:0004324	9	0.45	0
BSU_25130	GO:0004497	9	0.45	0
BSU_30320	GO:0005524	9	0.45	1
BSU_01410	GO:0015935	9	0.45	1
BSU_00940	GO:0004497	9	0.45	0
BSU_04260	GO:0016151	9	0.45	0
BSU_39050	GO:0005524	9	0.45	0
BSU_23510	GO:0051082	9	0.45	0
BSU_04000	GO:0004553	9	0.45	0
BSU_34820	GO:0055085	9	0.45	1
BSU_31650	GO:0008233	9	0.45	0
BSU_10930	GO:0030170	9	0.45	0
BSU_24140	GO:0050440	9	0.45	1
BSU_18470	GO:0030170	9	0.45	0
BSU_15210	GO:0005576	9	0.45	0
BSU_13120	GO:0030170	9	0.45	0
BSU_18300	GO:0016616	9	0.45	0
BSU_37250	GO:0004497	9	0.45	0
BSU_40990	GO:0051301	9	0.45	1
BSU_25130	GO:0006259	9	0.45	0
BSU_05410	GO:0140359	9	0.45	0
BSU_08820	GO:0004497	9	0.45	0
BSU_29540	GO:0003723	9	0.45	0
BSU_23510	GO:0006259	9	0.45	0
BSU_16580	GO:0071897	9	0.45	1
BSU_08290	GO:0140359	9	0.45	0
BSU_35930	GO:0016787	9	0.45	0
BSU_09290	GO:0016787	9	0.45	0
BSU_07920	GO:0140359	9	0.45	0
BSU_38050	GO:0008233	9	0.45	0
BSU_24140	GO:0004108	9	0.45	1
BSU_29540	GO:0030170	9	0.45	0
BSU_00940	GO:0004324	9	0.45	0
BSU_39050	GO:0004497	9	0.45	0
BSU_07920	GO:0042907	9	0.45	0
BSU_13120	GO:0004849	9	0.45	0
BSU_04260	GO:0006259	9	0.45	0
BSU_33090	GO:0008233	9	0.45	0
BSU_02410	GO:0005524	9	0.45	0
BSU_08790	GO:0004553	9	0.45	0
BSU_09720	GO:0006525	9	0.45	0
BSU_07750	GO:0006525	9	0.45	0
BSU_16760	GO:0000049	9	0.45	0
BSU_23860	GO:0050660	9	0.45	0
BSU_09720	GO:0006814	9	0.45	0
BSU_38200	GO:0004170	9	0.45	0
BSU_02410	GO:0050660	9	0.45	0
BSU_25260	GO:0000155	9	0.45	0
BSU_00940	GO:0050660	9	0.45	0
BSU_38490	GO:0006814	9	0.45	0
BSU_25130	GO:0050660	9	0.45	0
BSU_30550	GO:0004170	9	0.45	0
BSU_09290	GO:0016874	9	0.45	0
BSU_40420	GO:0004170	9	0.45	0
BSU_08290	GO:0016874	9	0.45	0
BSU_15570	GO:0042128	9	0.45	0
BSU_36950	GO:0003677	9	0.45	0
BSU_10930	GO:0042128	9	0.45	0
BSU_34710	GO:0016874	9	0.45	0
BSU_31650	GO:0045121	9	0.45	0
BSU_40420	GO:0006556	9	0.45	0
BSU_35930	GO:0046872	9	0.45	0
BSU_39050	GO:0050660	9	0.45	0
BSU_08820	GO:0005737	9	0.45	1
BSU_08820	GO:0050660	9	0.45	0
BSU_31350	GO:0006556	9	0.45	0
BSU_06430	GO:0050660	9	0.45	0
BSU_28950	GO:0000155	9	0.45	0
BSU_37560	GO:0000155	9	0.45	0
BSU_22780	GO:0003677	9	0.45	0
BSU_00940	GO:0006556	9	0.45	0
BSU_22780	GO:0050660	9	0.45	0
BSU_35020	GO:0008973	9	0.45	0
BSU_40080	GO:0042128	9	0.45	0
BSU_00140	GO:0003677	9	0.45	0
BSU_29540	GO:0032259	9	0.45	0
BSU_00940	GO:0004170	9	0.45	0
BSU_25130	GO:0004170	9	0.45	0
BSU_24960	GO:0045121	9	0.45	0
BSU_06430	GO:0003677	9	0.45	0
BSU_07920	GO:0006814	9	0.45	0
BSU_25510	GO:0045121	9	0.45	0
BSU_00140	GO:0044781	9	0.45	0
BSU_23860	GO:0042128	9	0.45	0
BSU_04260	GO:0050660	9	0.45	0
BSU_17600	GO:0004170	9	0.45	0
BSU_30550	GO:0008973	9	0.45	0
BSU_24950	GO:0008360	9	0.45	0
BSU_24960	GO:0008360	9	0.45	0
BSU_25260	GO:0008360	9	0.45	0
BSU_06470	GO:0006950	9	0.45	0
BSU_30320	GO:0008973	9	0.45	0
BSU_35930	GO:0005524	9	0.45	0
BSU_00940	GO:0003677	9	0.45	0
BSU_08000	GO:0006814	9	0.45	0
BSU_01950	GO:0030152	9	0.45	1
BSU_04000	GO:0004170	9	0.45	0
BSU_40080	GO:0050660	9	0.45	0
BSU_13590	GO:0004170	9	0.45	0
BSU_02410	GO:0004170	9	0.45	0
BSU_08000	GO:0004170	9	0.45	0
BSU_39050	GO:0006979	9	0.45	1
BSU_35020	GO:0033014	9	0.45	0
BSU_15570	GO:0003677	9	0.45	0
BSU_30550	GO:0000155	9	0.45	0
BSU_24140	GO:0016491	9	0.45	0
BSU_37560	GO:0008360	9	0.45	0
BSU_27920	GO:0006950	9	0.45	0
BSU_18300	GO:0046872	9	0.45	0
BSU_28090	GO:0003677	9	0.45	0
BSU_29200	GO:0046872	9	0.45	0
BSU_15500	GO:0005829	9	0.45	0
BSU_29540	GO:0003677	9	0.45	0
BSU_00940	GO:0033014	9	0.45	0
BSU_38460	GO:0006450	9	0.45	0
BSU_13590	GO:0005829	9	0.45	0
BSU_40420	GO:0008973	9	0.45	0
BSU_29540	GO:0005829	9	0.45	0
BSU_24520	GO:0005524	9	0.45	0
BSU_28490	GO:0046872	9	0.45	0
BSU_13120	GO:0003677	9	0.45	0
BSU_18470	GO:0003677	9	0.45	0
BSU_29670	GO:0008360	9	0.45	0
BSU_16160	GO:0046872	9	0.45	0
BSU_29670	GO:0006450	9	0.45	0
BSU_38460	GO:0008360	9	0.45	0
BSU_10930	GO:0003677	9	0.45	0
BSU_20020	GO:0005829	9	0.45	0
BSU_25260	GO:0046872	9	0.45	0
BSU_05840	GO:0016491	9	0.45	0
BSU_29540	GO:0006096	9	0.45	0
BSU_08790	GO:0050660	9	0.45	0
BSU_04260	GO:0004170	9	0.45	0
BSU_34910	GO:0044781	9	0.45	0
BSU_39820	GO:0046872	9	0.45	0
BSU_28950	GO:0008360	9	0.45	0
BSU_29670	GO:0000155	9	0.45	0
BSU_15570	GO:0050660	9	0.45	0
BSU_22780	GO:0033014	9	0.45	0
BSU_10930	GO:0050660	9	0.45	0
BSU_37250	GO:0050660	9	0.45	0
BSU_09290	GO:0016491	9	0.45	0
BSU_30320	GO:0000155	9	0.45	0
BSU_35930	GO:0016491	9	0.45	0
BSU_38460	GO:0000155	9	0.45	0
BSU_10930	GO:0006096	9	0.45	0
BSU_08710	GO:0003677	9	0.45	0
BSU_28120	GO:0003677	9	0.45	0
BSU_02360	GO:0033014	9	0.45	0
BSU_29670	GO:0046872	9	0.45	0
BSU_08820	GO:0003677	9	0.45	0
BSU_29670	GO:0016491	9	0.45	0
BSU_30320	GO:0006556	9	0.45	0
BSU_15210	GO:0006814	9	0.45	0
BSU_22310	GO:0050660	9	0.45	0
BSU_24950	GO:0045121	9	0.45	0
BSU_15570	GO:0005829	9	0.45	0
BSU_00940	GO:0004849	9	0.45	0
BSU_30320	GO:0016874	9	0.45	0
BSU_28470	GO:0016746	9	0.45	0
BSU_04000	GO:0042128	9	0.45	0
BSU_24140	GO:0005524	9	0.45	0
BSU_34910	GO:0042128	9	0.45	0
BSU_16160	GO:0008360	9	0.45	0
BSU_28490	GO:0006950	9	0.45	0
BSU_28470	GO:0005737	9	0.45	0
BSU_00140	GO:0032259	9	0.45	0
BSU_16760	GO:0006556	9	0.45	0
BSU_29540	GO:0004170	9	0.45	0
BSU_34680	GO:0016853	9	0.45	0
BSU_30550	GO:0016874	9	0.45	0
BSU_00940	GO:0032259	9	0.45	0
BSU_15570	GO:0004170	9	0.45	0
BSU_10930	GO:0004170	9	0.45	0
BSU_35020	GO:0032259	9	0.45	0
BSU_20020	GO:0004170	9	0.45	1
BSU_25260	GO:0016853	9	0.45	0
BSU_37250	GO:0045121	9	0.45	0
BSU_02360	GO:0032259	9	0.45	0
BSU_33090	GO:0045121	9	0.45	0
BSU_40080	GO:0016853	9	0.45	0
BSU_16670	GO:0008360	9	0.45	0
BSU_23860	GO:0016853	9	0.45	0
BSU_38460	GO:0016874	9	0.45	0
BSU_22310	GO:0006950	9	0.45	0
BSU_16760	GO:0016746	9	0.45	0
BSU_03130	GO:0016746	9	0.45	0
BSU_38200	GO:0016853	9	0.45	0
BSU_36950	GO:0032259	9	0.45	0
BSU_39820	GO:0016853	9	0.45	0
BSU_02360	GO:0004849	9	0.45	0
BSU_34070	GO:0019825	9	0.45	0
BSU_38050	GO:0045121	9	0.45	0
BSU_37230	GO:0140359	9	0.45	1
BSU_08290	GO:0055085	9	0.45	0
BSU_30550	GO:0016853	9	0.45	0
BSU_30320	GO:0016853	9	0.45	0
BSU_00140	GO:0042128	9	0.45	0
BSU_06430	GO:0005737	9	0.45	0
BSU_23860	GO:0005737	9	0.45	0
BSU_38460	GO:0016853	9	0.45	0
BSU_13590	GO:0005737	9	0.45	0
BSU_00940	GO:0016746	9	0.45	0
BSU_16760	GO:0005737	9	0.45	0
BSU_35020	GO:0004849	9	0.45	0
BSU_21770	GO:0005737	9	0.45	0
BSU_29670	GO:0016874	9	0.45	0
BSU_29670	GO:0016853	9	0.45	0
BSU_06620	GO:0006950	9	0.45	0
BSU_05410	GO:0055085	9	0.45	0
BSU_03790	GO:0016746	9	0.45	0
BSU_39050	GO:0004170	9	0.45	0
BSU_08820	GO:0004170	9	0.45	0
BSU_01490	GO:0022625	9	0.45	1
BSU_00870	GO:0006950	9	0.45	0
BSU_00870	GO:0016874	9	0.45	0
BSU_06480	GO:0032259	9	0.45	0
BSU_22310	GO:0032259	9	0.45	0
BSU_13590	GO:0006556	9	0.45	0
BSU_22780	GO:0004170	9	0.45	0
BSU_08710	GO:0032259	9	0.45	0
BSU_00940	GO:0016853	9	0.45	0
BSU_28120	GO:0032259	9	0.45	0
BSU_08820	GO:0032259	9	0.45	0
BSU_24140	GO:0008973	9	0.45	0
BSU_29180	GO:0032259	9	0.45	0
BSU_35370	GO:0006950	9	0.45	0
BSU_10930	GO:0032259	9	0.45	0
BSU_33210	GO:0016874	9	0.45	0
BSU_06500	GO:0003677	9	0.45	0
BSU_34680	GO:0042128	9	0.45	0
BSU_33210	GO:0016020	9	0.45	0
BSU_15570	GO:0032259	9	0.45	0
BSU_16250	GO:0045121	9	0.45	0
BSU_01950	GO:0016874	9	0.45	0
BSU_13590	GO:0050660	9	0.45	0
BSU_29540	GO:0050660	9	0.45	0
BSU_09290	GO:0005524	9	0.45	1
BSU_01950	GO:0016020	9	0.45	0
BSU_34070	GO:0008360	9	0.45	0
BSU_03790	GO:0016853	9	0.45	0
BSU_16670	GO:0000155	9	0.45	0
BSU_00870	GO:0005737	9	0.45	0
BSU_06620	GO:0016853	9	0.45	0
BSU_12010	GO:0045121	9	0.45	0
BSU_06620	GO:0016746	9	0.45	0
BSU_16960	GO:0005886	9	0.45	1
BSU_18470	GO:0016853	9	0.45	0
BSU_13120	GO:0016853	9	0.45	0
BSU_08720	GO:0042128	9	0.45	0
BSU_22780	GO:0032259	9	0.45	0
BSU_09670	GO:0016746	9	0.45	0
BSU_09670	GO:0016853	9	0.45	0
BSU_29180	GO:0016746	9	0.45	0
BSU_39050	GO:0016853	9	0.45	0
BSU_11670	GO:0042128	9	0.45	0
BSU_16760	GO:0016853	9	0.45	0
BSU_08790	GO:0005737	9	0.45	0
BSU_38490	GO:0006525	9	0.45	0
BSU_18410	GO:0006751	9	0.45	1
BSU_13590	GO:0006096	9	0.45	0
BSU_39820	GO:0016874	9	0.45	0
BSU_30710	GO:0045121	9	0.45	0
BSU_27920	GO:0032259	9	0.45	0
BSU_15500	GO:0006556	9	0.45	0
BSU_28470	GO:0016853	9	0.45	0
BSU_38200	GO:0016874	9	0.45	0
BSU_40080	GO:0005524	9	0.45	0
BSU_07700	GO:0005524	9	0.45	0
BSU_35020	GO:0016491	9	0.45	0
BSU_01380	GO:0016853	9	0.45	0
BSU_25260	GO:0050660	9	0.45	0
BSU_00140	GO:0004849	9	0.45	0
BSU_04260	GO:0003924	9	0.45	0
BSU_04260	GO:0005737	9	0.45	0
BSU_06480	GO:0003924	9	0.45	0
BSU_01950	GO:0005737	9	0.45	0
BSU_13590	GO:0009055	9	0.45	0
BSU_06620	GO:0003924	9	0.45	0
BSU_35370	GO:0046872	9	0.45	0
BSU_22310	GO:0003924	9	0.45	0
BSU_08820	GO:0003924	9	0.45	0
BSU_39050	GO:0003924	9	0.45	0
BSU_29180	GO:0003924	9	0.45	0
BSU_10930	GO:0003924	9	0.45	0
BSU_15570	GO:0003924	9	0.45	0
BSU_29540	GO:0003924	9	0.45	0
BSU_01810	GO:0006144	9	0.45	0
BSU_13590	GO:0003924	9	0.45	0
BSU_30710	GO:0003924	9	0.45	0
BSU_15500	GO:0003924	9	0.45	0
BSU_38200	GO:0003677	9	0.45	0
BSU_39820	GO:0003677	9	0.45	0
BSU_34910	GO:0006144	9	0.45	0
BSU_00870	GO:0005737	9	0.45	0
BSU_24960	GO:0005737	9	0.45	0
BSU_24960	GO:0016887	9	0.45	1
BSU_22780	GO:0003924	9	0.45	0
BSU_28470	GO:0050660	9	0.45	0
BSU_37250	GO:0003924	9	0.45	0
BSU_29180	GO:0006289	9	0.45	0
BSU_00940	GO:0006144	9	0.45	0
BSU_02410	GO:0006144	9	0.45	0
BSU_08790	GO:0003677	9	0.45	0
BSU_37250	GO:0005737	9	0.45	0
BSU_22780	GO:0006144	9	0.45	0
BSU_28950	GO:0050660	9	0.45	0
BSU_22310	GO:0006289	9	0.45	0
BSU_16670	GO:0030153	9	0.45	0
BSU_28120	GO:0006289	9	0.45	0
BSU_08820	GO:0006289	9	0.45	0
BSU_15500	GO:0006144	9	0.45	0
BSU_15570	GO:0006289	9	0.45	0
BSU_03300	GO:0003924	9	0.45	0
BSU_01430	GO:0003677	9	0.45	1
BSU_08790	GO:0006144	9	0.45	0
BSU_29540	GO:0006289	9	0.45	0
BSU_01380	GO:0003677	9	0.45	0
BSU_29540	GO:0009055	9	0.45	0
BSU_13120	GO:0006289	9	0.45	0
BSU_20020	GO:0005737	9	0.45	0
BSU_00940	GO:0003924	9	0.45	0
BSU_09650	GO:0006144	9	0.45	0
BSU_16670	GO:0006450	9	0.45	0
BSU_02410	GO:0003924	9	0.45	0
BSU_24950	GO:0005737	9	0.45	0
BSU_28950	GO:0003924	9	0.45	0
BSU_01810	GO:0000287	9	0.45	0
BSU_37560	GO:0003924	9	0.45	0
BSU_38200	GO:0030153	9	0.45	0
BSU_38460	GO:0003677	9	0.45	0
BSU_29670	GO:0003677	9	0.45	0
BSU_34680	GO:0005524	9	0.45	0
BSU_07920	GO:0005524	9	0.45	0
BSU_25510	GO:0005524	9	0.45	0
BSU_34070	GO:0015113	9	0.45	0
BSU_09720	GO:0006450	9	0.45	0
BSU_11670	GO:0009228	9	0.45	1
BSU_16430	GO:0071978	9	0.45	1
BSU_04000	GO:0009423	9	0.45	0
BSU_34890	GO:0006144	9	0.45	0
BSU_35370	GO:0005524	9	0.45	0
BSU_33090	GO:0005737	9	0.45	0
BSU_39050	GO:0005737	9	0.45	0
BSU_13590	GO:0005737	9	0.45	0
BSU_15210	GO:0055085	9	0.45	0
BSU_31650	GO:0015031	9	0.45	0
BSU_33210	GO:0030153	9	0.45	0
BSU_35020	GO:0005524	9	0.45	0
BSU_20020	GO:0009055	9	0.45	0
BSU_15500	GO:0050660	9	0.45	0
BSU_35020	GO:0005524	9	0.45	0
BSU_02360	GO:0005524	9	0.45	0
BSU_15170	GO:0055085	9	0.45	0
BSU_21770	GO:0050660	9	0.45	0
BSU_30550	GO:0030153	9	0.45	0
BSU_18300	GO:0033014	9	0.45	0
BSU_30710	GO:0005737	9	0.45	0
BSU_35020	GO:0016787	9	0.45	1
BSU_14000	GO:0033014	9	0.45	0
BSU_34070	GO:0005737	9	0.45	0
BSU_08000	GO:0015113	9	0.45	0
BSU_40420	GO:0003924	9	0.45	0
BSU_30550	GO:0003924	9	0.45	0
BSU_32410	GO:0003924	9	0.45	0
BSU_30550	GO:0003677	9	0.45	0
BSU_04260	GO:0005524	9	0.45	0
BSU_18470	GO:0006450	9	0.45	0
BSU_13120	GO:0006450	9	0.45	0
BSU_22310	GO:0005524	9	0.45	0
BSU_31350	GO:0003677	9	0.45	0
BSU_30320	GO:0003677	9	0.45	0
BSU_06620	GO:0005524	9	0.45	0
BSU_29540	GO:0006450	9	0.45	0
BSU_09720	GO:0015113	9	0.45	0
BSU_40080	GO:0005524	9	0.45	0
BSU_11460	GO:0005737	9	0.45	0
BSU_38490	GO:0015113	9	0.45	0
BSU_34070	GO:0055085	9	0.45	0
BSU_09720	GO:0005737	9	0.45	0
BSU_06620	GO:0005737	9	0.45	0
BSU_20020	GO:0006144	9	0.45	0
BSU_25130	GO:0006144	9	0.45	0
BSU_00870	GO:1990169	9	0.45	0
BSU_10930	GO:0005829	9	0.45	0
BSU_00940	GO:0006289	9	0.45	0
BSU_35370	GO:0006289	9	0.45	0
BSU_34680	GO:1990169	9	0.45	0
BSU_25130	GO:0005737	9	0.45	0
BSU_03300	GO:0000287	9	0.45	0
BSU_25260	GO:1990169	9	0.45	0
BSU_40080	GO:1990169	9	0.45	0
BSU_23860	GO:1990169	9	0.45	0
BSU_30320	GO:0008360	9	0.45	0
BSU_02410	GO:0031222	9	0.45	0
BSU_37250	GO:0000287	9	0.45	0
BSU_22780	GO:0000287	9	0.45	0
BSU_22780	GO:0005829	9	0.45	0
BSU_00940	GO:0031222	9	0.45	0
BSU_00140	GO:0006450	9	0.45	0
BSU_06480	GO:0008973	9	0.45	0
BSU_36950	GO:0030153	9	0.45	0
BSU_06620	GO:0000287	9	0.45	0
BSU_25130	GO:0031222	9	0.45	0
BSU_02410	GO:0005829	9	0.45	0
BSU_18470	GO:1990169	9	0.45	0
BSU_13120	GO:1990169	9	0.45	0
BSU_38490	GO:0005524	9	0.45	0
BSU_08820	GO:0000287	9	0.45	0
BSU_39050	GO:0000287	9	0.45	0
BSU_29180	GO:1990169	9	0.45	0
BSU_28950	GO:0016491	9	0.45	0
BSU_29180	GO:0016491	9	0.45	0
BSU_04260	GO:0005829	9	0.45	0
BSU_05840	GO:0003677	9	0.45	0
BSU_31650	GO:0055085	9	0.45	0
BSU_36950	GO:0006450	9	0.45	1
BSU_34890	GO:0009423	9	0.45	0
BSU_13120	GO:0046872	9	0.45	0
BSU_02350	GO:0045121	9	0.45	0
BSU_15500	GO:0003677	9	0.45	0
BSU_08820	GO:0005829	9	0.45	0
BSU_29540	GO:0005524	9	0.45	1
BSU_08000	GO:0005524	9	0.45	0
BSU_34070	GO:0006814	9	0.45	0
BSU_06480	GO:0016491	9	0.45	0
BSU_08790	GO:0009423	9	0.45	0
BSU_16130	GO:0006450	9	0.45	0
BSU_29900	GO:0006450	9	0.45	0
BSU_00060	GO:0000287	9	0.45	0
BSU_15500	GO:0016491	9	0.45	0
BSU_18410	GO:0071555	9	0.45	0
BSU_16160	GO:0016491	9	0.45	0
BSU_16760	GO:0016491	9	0.45	0
BSU_21770	GO:0016491	9	0.45	0
BSU_00140	GO:0030153	9	0.45	0
BSU_25260	GO:0016491	9	0.45	0
BSU_27920	GO:0016491	9	0.45	0
BSU_28470	GO:0016491	9	0.45	0
BSU_09670	GO:1990169	9	0.45	0
BSU_37560	GO:0006450	9	0.45	0
BSU_06480	GO:0006289	9	0.45	0
BSU_39050	GO:1990169	9	0.45	0
BSU_24950	GO:0055085	9	0.45	0
BSU_08000	GO:1990169	9	0.45	0
BSU_01810	GO:1990169	9	0.45	0
BSU_10930	GO:0009055	9	0.45	0
BSU_09650	GO:1990169	9	0.45	0
BSU_00870	GO:0000287	9	0.45	0
BSU_32410	GO:1990169	9	0.45	0
BSU_15500	GO:1990169	9	0.45	0
BSU_22780	GO:1990169	9	0.45	0
BSU_27920	GO:0006289	9	0.45	0
BSU_02410	GO:1990169	9	0.45	0
BSU_00940	GO:1990169	9	0.45	0
BSU_24520	GO:0000287	9	0.45	0
BSU_01380	GO:0000287	9	0.45	0
BSU_25130	GO:1990169	9	0.45	0
BSU_03300	GO:0005737	9	0.45	0
BSU_01380	GO:1990169	9	0.45	0
BSU_00940	GO:0008973	9	0.45	0
BSU_15570	GO:0009055	9	0.45	0
BSU_28470	GO:0006450	9	0.45	0
BSU_18410	GO:1990169	9	0.45	0
BSU_06470	GO:0046872	9	0.45	0
BSU_15170	GO:1990169	9	0.45	0
BSU_02360	GO:0046872	9	0.45	0
BSU_35020	GO:0046872	9	0.45	0
BSU_02410	GO:0005737	9	0.45	0
BSU_28950	GO:0000287	9	0.45	0
BSU_22780	GO:0006289	9	0.45	0
BSU_16760	GO:1990169	9	0.45	0
BSU_15210	GO:0005524	9	0.45	0
BSU_25130	GO:0005829	9	0.45	0
BSU_35020	GO:0006289	9	0.45	0
BSU_02360	GO:0006289	9	0.45	0
BSU_15570	GO:0000287	9	0.45	0
BSU_06620	GO:1990169	9	0.45	0
BSU_28950	GO:0006450	9	0.45	0
BSU_00940	GO:0006450	9	0.45	0
BSU_06470	GO:0006289	9	0.45	0
BSU_28470	GO:1990169	9	0.45	0
BSU_22310	GO:0003676	9	0.45	1
BSU_25260	GO:0006450	9	0.45	0
BSU_24960	GO:0055085	9	0.45	0
BSU_03790	GO:1990169	9	0.45	0
BSU_18470	GO:0030153	9	0.45	0
BSU_03790	GO:0006450	9	0.45	0
BSU_30710	GO:0000287	9	0.45	0
BSU_16760	GO:0006450	9	0.45	0
BSU_15500	GO:0000287	9	0.45	0
BSU_34070	GO:0006450	9	0.45	0
BSU_00140	GO:0033014	9	0.45	0
BSU_25510	GO:0055085	9	0.45	0
BSU_10930	GO:0050661	9	0.45	0
BSU_18410	GO:0031222	9	0.45	0
BSU_21770	GO:0006556	9	0.45	0
BSU_00060	GO:0030488	9	0.45	0
BSU_00140	GO:0032993	9	0.45	0
BSU_25130	GO:0090729	9	0.45	0
BSU_23860	GO:0004315	9	0.45	0
BSU_27990	GO:0030435	9	0.45	0
BSU_24250	GO:0006950	9	0.45	0
BSU_03790	GO:0005737	9	0.45	0
BSU_34070	GO:0030420	9	0.45	0
BSU_01380	GO:0004177	9	0.45	1
BSU_01950	GO:0005737	9	0.45	0
BSU_01000	GO:0030435	9	0.45	0
BSU_25260	GO:0016874	9	0.45	0
BSU_24960	GO:0016874	9	0.45	0
BSU_02420	GO:0022857	9	0.45	0
BSU_25510	GO:0016020	9	0.45	0
BSU_02410	GO:0016787	9	0.45	0
BSU_18450	GO:0003677	9	0.45	0
BSU_31350	GO:0000049	9	0.45	0
BSU_18120	GO:0022857	9	0.45	0
BSU_34820	GO:0022857	9	0.45	0
BSU_09290	GO:0005737	9	0.45	0
BSU_40080	GO:0004315	9	0.45	0
BSU_15170	GO:0016020	9	0.45	0
BSU_33090	GO:0005737	9	0.45	0
BSU_05840	GO:0090729	9	0.45	0
BSU_15570	GO:0016874	9	0.45	0
BSU_10930	GO:0016874	9	0.45	0
BSU_30320	GO:0000049	9	0.45	0
BSU_28120	GO:0032993	9	0.45	0
BSU_07920	GO:0022857	9	0.45	0
BSU_00140	GO:0019825	9	0.45	0
BSU_37560	GO:0008237	9	0.45	0
BSU_27990	GO:0003677	9	0.45	0
BSU_28470	GO:0000155	9	0.45	0
BSU_24960	GO:0005737	9	0.45	0
BSU_28470	GO:0005737	9	0.45	0
BSU_16760	GO:0005737	9	0.45	0
BSU_34070	GO:0005737	9	0.45	0
BSU_34680	GO:0004315	9	0.45	0
BSU_28440	GO:0004315	9	0.45	0
BSU_24950	GO:0005737	9	0.45	0
BSU_08710	GO:0032993	9	0.45	0
BSU_27990	GO:0009898	9	0.45	1
BSU_13250	GO:0010468	9	0.45	1
BSU_25130	GO:0016787	9	0.45	0
BSU_04260	GO:0016787	9	0.45	0
BSU_15170	GO:0005515	9	0.45	0
BSU_30320	GO:0016787	9	0.45	0
BSU_10930	GO:0016787	9	0.45	0
BSU_34910	GO:0016787	9	0.45	0
BSU_15210	GO:0005515	9	0.45	0
BSU_29670	GO:0016787	9	0.45	0
BSU_29200	GO:0009097	9	0.45	0
BSU_15570	GO:0004315	9	0.45	0
BSU_06480	GO:0008360	9	0.45	0
BSU_37560	GO:0016787	9	0.45	0
BSU_08000	GO:0055085	9	0.45	0
BSU_16160	GO:0005515	9	0.45	0
BSU_28950	GO:0016787	9	0.45	0
BSU_04260	GO:0016874	9	0.45	0
BSU_08820	GO:0006950	9	0.45	0
BSU_35020	GO:0006950	9	0.45	0
BSU_15210	GO:0030420	9	0.45	0
BSU_18410	GO:0090729	9	0.45	0
BSU_29540	GO:0000155	9	0.45	0
BSU_24140	GO:0009097	9	0.45	0
BSU_22780	GO:0004849	9	0.45	0
BSU_22310	GO:0090729	9	0.45	0
BSU_22310	GO:0016874	9	0.45	0
BSU_40420	GO:0000049	9	0.45	0
BSU_01950	GO:0016020	9	0.45	0
BSU_40420	GO:0008237	9	0.45	0
BSU_03130	GO:0005515	9	0.45	0
BSU_36950	GO:0032993	9	0.45	0
BSU_39050	GO:0016874	9	0.45	0
BSU_08820	GO:0016874	9	0.45	0
BSU_30710	GO:0004315	9	0.45	0
BSU_16350	GO:0030435	9	0.45	0
BSU_37230	GO:0022857	9	0.45	0
BSU_34710	GO:0005737	9	0.45	0
BSU_06430	GO:0005737	9	0.45	0
BSU_18410	GO:0005515	9	0.45	0
BSU_01380	GO:0005515	9	0.45	0
BSU_28090	GO:0016787	9	0.45	0
BSU_07750	GO:0022857	9	0.45	0
BSU_27810	GO:0022857	9	0.45	0
BSU_38490	GO:0012501	9	0.45	0
BSU_30710	GO:0016020	9	0.45	0
BSU_38490	GO:0042371	9	0.45	1
BSU_24140	GO:0005515	9	0.45	0
BSU_13120	GO:0016874	9	0.45	0
BSU_03790	GO:0019825	9	0.45	0
BSU_29540	GO:0008237	9	0.45	0
BSU_01810	GO:0005737	9	0.45	0
BSU_28440	GO:0009097	9	0.45	0
BSU_00060	GO:0009097	9	0.45	0
BSU_10930	GO:0008237	9	0.45	0
BSU_34710	GO:0005737	9	0.45	0
BSU_18470	GO:0016874	9	0.45	0
BSU_27920	GO:0005524	9	0.45	0
BSU_39050	GO:0016787	9	0.45	0
BSU_28440	GO:0016020	9	0.45	0
BSU_13590	GO:0016787	9	0.45	0
BSU_08290	GO:0005737	9	0.45	0
BSU_33210	GO:0005737	9	0.45	0
BSU_22780	GO:0009055	9	0.45	0
BSU_27920	GO:0009097	9	0.45	0
BSU_16670	GO:0016874	9	0.45	0
BSU_16670	GO:0005737	9	0.45	0
BSU_16160	GO:0016874	9	0.45	0
BSU_05410	GO:0005737	9	0.45	0
BSU_09720	GO:0019825	9	0.45	0
BSU_20020	GO:0006338	9	0.45	0
BSU_15570	GO:0016787	9	0.45	0
BSU_16760	GO:0019825	9	0.45	0
BSU_34070	GO:0055085	9	0.45	0
BSU_29540	GO:0016787	9	0.45	0
BSU_28470	GO:0019825	9	0.45	0
BSU_20020	GO:0008237	9	0.45	0
BSU_38240	GO:0005515	9	0.45	0
BSU_09720	GO:0005737	9	0.45	0
BSU_36950	GO:0019825	9	0.45	0
BSU_21770	GO:0005524	9	0.45	0
BSU_27920	GO:0005515	9	0.45	0
BSU_16250	GO:0016020	9	0.45	0
BSU_34890	GO:0006338	9	0.45	0
BSU_18470	GO:0032993	9	0.45	0
BSU_13120	GO:0032993	9	0.45	0
BSU_39050	GO:0005515	9	0.45	0
BSU_08790	GO:0044781	9	0.45	0
BSU_13590	GO:0008237	9	0.45	0
BSU_07700	GO:0016020	9	0.45	0
BSU_29540	GO:0032993	9	0.45	0
BSU_23510	GO:0032993	9	0.45	0
BSU_13590	GO:0005524	9	0.45	0
BSU_00940	GO:0008270	9	0.45	1
BSU_00870	GO:0009097	9	0.45	0
BSU_11460	GO:0016887	9	0.45	1
BSU_00940	GO:0019825	9	0.45	0
BSU_00060	GO:0004315	9	0.45	0
BSU_29180	GO:0016874	9	0.45	0
BSU_38490	GO:0055085	9	0.45	0
BSU_09720	GO:0022857	9	0.45	0
BSU_11460	GO:0016020	9	0.45	0
BSU_29180	GO:0008360	9	0.45	0
BSU_09720	GO:0000155	9	0.45	0
BSU_35020	GO:0000049	9	0.45	0
BSU_30550	GO:0000049	9	0.45	0
BSU_13590	GO:0016874	9	0.45	0
BSU_09720	GO:0016874	9	0.45	0
BSU_29540	GO:0016874	9	0.45	0
BSU_30710	GO:0005515	9	0.45	0
BSU_24520	GO:0006950	9	0.45	0
BSU_04000	GO:0005737	9	0.45	0
BSU_29540	GO:0016874	9	0.45	0
BSU_11460	GO:0005737	9	0.45	0
BSU_35370	GO:0004315	9	0.45	0
BSU_13250	GO:0044781	9	0.45	0
BSU_36950	GO:0004849	9	0.45	0
BSU_37250	GO:0016020	9	0.45	0
BSU_18450	GO:0009097	9	0.45	0
BSU_28440	GO:0003677	9	0.45	0
BSU_29180	GO:0009097	9	0.45	0
BSU_34070	GO:0016874	9	0.45	0
BSU_09720	GO:0008360	9	0.45	0
BSU_15500	GO:0005524	9	0.45	0
BSU_06480	GO:0004849	9	0.45	0
BSU_20020	GO:0016874	9	0.45	0
BSU_15570	GO:0032993	9	0.45	0
BSU_36950	GO:0000155	9	0.45	0
BSU_30710	GO:0009097	9	0.45	0
BSU_15500	GO:0016874	9	0.45	0
BSU_24950	GO:0016874	9	0.45	0
BSU_10930	GO:0032993	9	0.45	0
BSU_15210	GO:0055085	9	0.45	0
BSU_16250	GO:0030435	9	0.45	0
BSU_38460	GO:0016787	9	0.45	0
BSU_23860	GO:0005524	9	0.45	0
BSU_13890	GO:0030435	9	0.45	0
BSU_25130	GO:0016874	9	0.45	0
BSU_35020	GO:0005524	9	0.45	0
BSU_02410	GO:0008237	9	0.45	0
BSU_23860	GO:0006556	9	0.45	0
BSU_38460	GO:0009252	9	0.45	0
BSU_12010	GO:0030435	9	0.45	0
BSU_00940	GO:0016020	9	0.45	0
BSU_38490	GO:0030420	9	0.45	0
BSU_28470	GO:0006556	9	0.45	0
BSU_16760	GO:0090729	9	0.45	0
BSU_37250	GO:0019825	9	0.45	0
BSU_29670	GO:0009252	9	0.45	0
BSU_35020	GO:0016020	9	0.45	0
BSU_04260	GO:0009055	9	0.45	0
BSU_02360	GO:0016020	9	0.45	0
BSU_28470	GO:0008360	9	0.45	0
BSU_34070	GO:0016020	9	0.45	1
BSU_31350	GO:0009252	9	0.45	0
BSU_00940	GO:0016874	9	0.45	0
BSU_20020	GO:0006096	9	0.45	0
BSU_08000	GO:0030420	9	0.45	0
BSU_35370	GO:0016020	9	0.45	0
BSU_23860	GO:0090729	9	0.45	0
BSU_28950	GO:0016874	9	0.45	0
BSU_40080	GO:0009252	9	0.45	0
BSU_39050	GO:0019825	9	0.45	0
BSU_08000	GO:0005515	9	0.45	0
BSU_16760	GO:0008360	9	0.45	0
BSU_36950	GO:0016874	9	0.45	0
BSU_09670	GO:0047810	9	0.45	1
BSU_08820	GO:0019825	9	0.45	0
BSU_40080	GO:0005737	9	0.45	0
BSU_21770	GO:0090729	9	0.45	0
BSU_18470	GO:0008360	9	0.45	0
BSU_28440	GO:0005737	9	0.45	0
BSU_40990	GO:0005886	9	0.45	0
BSU_24140	GO:0016746	9	0.45	0
BSU_00940	GO:0032993	9	0.45	0
BSU_08000	GO:0022857	9	0.45	0
BSU_04260	GO:0009314	9	0.45	0
BSU_27920	GO:0016746	9	0.45	0
BSU_13120	GO:0008360	9	0.45	0
BSU_15500	GO:0090729	9	0.45	0
BSU_23860	GO:0009252	9	0.45	0
BSU_08000	GO:0012501	9	0.45	0
BSU_25260	GO:0006556	9	0.45	0
BSU_25260	GO:0009252	9	0.45	0
BSU_00060	GO:0006950	9	0.45	0
BSU_13590	GO:0090729	9	0.45	0
BSU_09650	GO:0016746	9	0.45	0
BSU_22310	GO:0006281	9	0.45	1
BSU_13120	GO:0000155	9	0.45	0
BSU_00940	GO:0000155	9	0.45	0
BSU_34680	GO:0009252	9	0.45	0
BSU_36950	GO:0008360	9	0.45	0
BSU_11460	GO:0045121	9	0.45	0
BSU_37250	GO:0005515	9	0.45	0
BSU_39050	GO:0016746	9	0.45	0
BSU_06470	GO:0016020	9	0.45	0
BSU_23190	GO:0045121	9	0.45	0
BSU_13590	GO:0000049	9	0.45	0
BSU_30320	GO:0004823	9	0.45	1
BSU_02360	GO:0006950	9	0.45	0
BSU_22780	GO:0016020	9	0.45	0
BSU_09720	GO:0030420	9	0.45	0
BSU_00870	GO:0005737	9	0.45	0
BSU_16160	GO:0090729	9	0.45	0
BSU_29540	GO:0008360	9	0.45	0
BSU_24950	GO:0008763	9	0.45	0
BSU_15500	GO:0000049	9	0.45	0
BSU_31350	GO:0044781	9	0.45	0
BSU_30320	GO:0009252	9	0.45	0
BSU_02410	GO:0016874	9	0.45	0
BSU_03300	GO:0004315	9	0.45	0
BSU_18470	GO:0000155	9	0.45	0
BSU_13250	GO:0016853	9	0.45	0
BSU_18470	GO:0009252	9	0.45	0
BSU_08790	GO:0016853	9	0.45	0
BSU_30710	GO:0016746	9	0.45	0
BSU_25130	GO:0008237	9	0.45	0
BSU_23860	GO:0005737	9	0.45	0
BSU_22780	GO:0016874	9	0.45	0
BSU_25130	GO:0009314	9	0.45	0
BSU_29180	GO:0090729	9	0.45	0
BSU_00940	GO:0000049	9	0.45	0
BSU_28470	GO:0090729	9	0.45	0
BSU_34070	GO:0008763	9	0.45	0
BSU_18300	GO:0004315	9	0.45	0
BSU_28950	GO:0090729	9	0.45	0
BSU_37250	GO:0004315	9	0.45	0
BSU_15170	GO:0016746	9	0.45	0
BSU_06480	GO:0000049	9	0.45	0
BSU_35700	GO:0030435	9	0.45	0
BSU_35370	GO:0009097	9	0.45	0
BSU_29540	GO:0019825	9	0.45	0
BSU_20020	GO:0042802	9	0.45	1
BSU_15210	GO:0016746	9	0.45	0
BSU_37560	GO:0016874	9	0.45	0
BSU_22310	GO:0016020	9	0.45	0
BSU_22780	GO:0032993	9	0.45	0
BSU_28470	GO:0005524	9	0.45	1
BSU_13120	GO:0009252	9	0.45	0
BSU_09290	GO:0016853	9	0.45	0
BSU_31650	GO:0030435	9	0.45	0
BSU_28950	GO:0006556	9	0.45	0
BSU_21770	GO:0030435	9	0.45	0
BSU_06430	GO:0005524	9	0.45	1
BSU_00940	GO:0008237	9	0.45	0
BSU_40420	GO:0005524	9	0.45	0
BSU_18470	GO:0019825	9	0.45	0
BSU_13120	GO:0019825	9	0.45	0
BSU_16160	GO:0000049	9	0.45	0
BSU_38050	GO:0030435	9	0.45	0
BSU_04260	GO:0005737	9	0.45	0
BSU_27920	GO:0090729	9	0.45	0
BSU_31350	GO:0005524	9	0.45	0
BSU_00940	GO:0016787	9	0.45	0
BSU_41000	GO:0005886	9	0.45	0
BSU_30550	GO:0009252	9	0.45	0
BSU_08790	GO:0030435	9	0.45	0
BSU_34890	GO:0030435	9	0.45	0
BSU_25260	GO:0090729	9	0.45	0
BSU_01100	GO:0046677	9	0.45	1
BSU_08790	GO:0016787	9	0.45	0
BSU_33090	GO:0030435	9	0.45	0
BSU_00870	GO:0016020	9	0.45	0
BSU_16670	GO:0019825	9	0.45	0
BSU_15170	GO:0045121	9	0.45	0
BSU_37250	GO:0016874	9	0.45	0
BSU_33010	GO:0006777	8	0.4	0
BSU_38730	GO:0009401	8	0.4	0
BSU_34590	GO:0009401	8	0.4	0
BSU_12950	GO:0005737	8	0.4	0
BSU_12950	GO:0016874	8	0.4	0
BSU_36310	GO:0005829	8	0.4	0
BSU_27030	GO:0003723	8	0.4	0
BSU_27030	GO:0004564	8	0.4	0
BSU_11650	GO:0005737	8	0.4	0
BSU_14870	GO:0005737	8	0.4	0
BSU_15540	GO:0005829	8	0.4	0
BSU_23480	GO:0005829	8	0.4	0
BSU_34460	GO:0004564	8	0.4	0
BSU_22740	GO:0005737	8	0.4	0
BSU_22120	GO:0005515	8	0.4	0
BSU_02440	GO:0006450	8	0.4	0
BSU_22070	GO:0019284	8	0.4	0
BSU_23160	GO:0071555	8	0.4	0
BSU_31180	GO:0071555	8	0.4	0
BSU_33610	GO:0019284	8	0.4	0
BSU_01620	GO:0034220	8	0.4	0
BSU_02440	GO:0005737	8	0.4	0
BSU_37110	GO:0004564	8	0.4	0
BSU_02000	GO:0005886	8	0.4	0
BSU_39260	GO:0003723	8	0.4	0
BSU_31370	GO:0006777	8	0.4	0
BSU_33930	GO:0016887	8	0.4	0
BSU_11650	GO:0006777	8	0.4	0
BSU_06020	GO:0016874	8	0.4	0
BSU_38750	GO:0003677	8	0.4	0
BSU_39260	GO:0004564	8	0.4	0
BSU_04620	GO:0003934	8	0.4	0
BSU_01390	GO:0044781	8	0.4	0
BSU_28300	GO:0006777	8	0.4	0
BSU_13660	GO:0005737	8	0.4	0
BSU_22070	GO:0006164	8	0.4	0
BSU_04620	GO:0016651	8	0.4	0
BSU_13260	GO:0016887	8	0.4	0
BSU_04620	GO:0006777	8	0.4	0
BSU_29130	GO:0003824	8	0.4	0
BSU_06530	GO:0005737	8	0.4	0
BSU_01480	GO:0071555	8	0.4	0
BSU_01120	GO:0003677	8	0.4	0
BSU_37110	GO:0006177	8	0.4	0
BSU_26640	GO:0016651	8	0.4	0
BSU_04620	GO:0019284	8	0.4	0
BSU_08880	GO:0019284	8	0.4	0
BSU_36890	GO:0005829	8	0.4	0
BSU_03640	GO:0006777	8	0.4	0
BSU_38020	GO:0016887	8	0.4	0
BSU_03640	GO:0006072	8	0.4	0
BSU_06020	GO:0006450	8	0.4	0
BSU_06360	GO:0006450	8	0.4	0
BSU_03490	GO:0003677	8	0.4	0
BSU_05980	GO:0006072	8	0.4	0
BSU_25430	GO:0006779	8	0.4	0
BSU_27260	GO:0005829	8	0.4	0
BSU_15780	GO:0003934	8	0.4	0
BSU_02630	GO:0006072	8	0.4	0
BSU_09320	GO:0016874	8	0.4	0
BSU_09320	GO:0005737	8	0.4	0
BSU_06360	GO:0006777	8	0.4	0
BSU_09710	GO:0016874	8	0.4	0
BSU_33610	GO:0006777	8	0.4	0
BSU_02010	GO:0016887	8	0.4	0
BSU_38760	GO:0004659	8	0.4	0
BSU_09710	GO:0005737	8	0.4	0
BSU_22440	GO:0005829	8	0.4	0
BSU_23940	GO:0003723	8	0.4	0
BSU_03640	GO:0003934	8	0.4	0
BSU_30980	GO:0003723	8	0.4	0
BSU_06530	GO:0006450	8	0.4	0
BSU_18090	GO:0005737	8	0.4	0
BSU_11870	GO:0005829	8	0.4	0
BSU_25300	GO:0044781	8	0.4	0
BSU_27080	GO:0005737	8	0.4	0
BSU_02130	GO:0006177	8	0.4	0
BSU_09710	GO:0006450	8	0.4	0
BSU_11610	GO:0006355	8	0.4	0
BSU_38750	GO:0004659	8	0.4	0
BSU_18360	GO:0004564	8	0.4	0
BSU_17040	GO:0005737	8	0.4	0
BSU_38750	GO:0005737	8	0.4	0
BSU_05980	GO:0003934	8	0.4	0
BSU_29560	GO:0006177	8	0.4	0
BSU_33920	GO:0071555	8	0.4	0
BSU_29680	GO:0006777	8	0.4	0
BSU_15780	GO:0006072	8	0.4	0
BSU_17040	GO:0006777	8	0.4	0
BSU_15680	GO:0016887	8	0.4	0
BSU_03640	GO:0017018	8	0.4	0
BSU_25320	GO:0003723	8	0.4	0
BSU_17680	GO:0006777	8	0.4	0
BSU_28920	GO:0006777	8	0.4	0
BSU_09320	GO:0006450	8	0.4	0
BSU_22220	GO:0016887	8	0.4	0
BSU_31370	GO:0006177	8	0.4	0
BSU_27500	GO:0006779	8	0.4	0
BSU_11650	GO:0016783	8	0.4	0
BSU_21820	GO:0006072	8	0.4	0
BSU_11870	GO:0016783	8	0.4	0
BSU_36760	GO:0006779	8	0.4	0
BSU_03750	GO:0006072	8	0.4	0
BSU_22070	GO:0006072	8	0.4	0
BSU_02440	GO:0016874	8	0.4	0
BSU_06020	GO:0003934	8	0.4	0
BSU_33610	GO:0003934	8	0.4	0
BSU_06600	GO:0035539	8	0.4	0
BSU_38760	GO:0003677	8	0.4	0
BSU_28270	GO:0006777	8	0.4	0
BSU_03640	GO:0019284	8	0.4	0
BSU_26420	GO:0016887	8	0.4	0
BSU_01620	GO:0009401	8	0.4	0
BSU_22700	GO:0035539	8	0.4	0
BSU_16030	GO:0006072	8	0.4	0
BSU_16770	GO:0044781	8	0.4	0
BSU_22360	GO:0005829	8	0.4	0
BSU_22360	GO:0006177	8	0.4	0
BSU_02630	GO:0034220	8	0.4	0
BSU_27260	GO:0019284	8	0.4	0
BSU_15780	GO:0005829	8	0.4	0
BSU_27260	GO:0006779	8	0.4	0
BSU_28920	GO:0005886	8	0.4	0
BSU_31370	GO:0005737	8	0.4	0
BSU_34970	GO:0005737	8	0.4	0
BSU_21500	GO:0005737	8	0.4	0
BSU_07800	GO:0034220	8	0.4	0
BSU_03750	GO:0003676	8	0.4	0
BSU_21810	GO:0005737	8	0.4	0
BSU_06020	GO:0005829	8	0.4	0
BSU_36760	GO:0005829	8	0.4	0
BSU_40320	GO:0009401	8	0.4	0
BSU_27500	GO:0016874	8	0.4	0
BSU_05990	GO:0009401	8	0.4	0
BSU_22360	GO:0071555	8	0.4	0
BSU_28270	GO:0017018	8	0.4	0
BSU_15540	GO:0051082	8	0.4	0
BSU_36890	GO:0051082	8	0.4	0
BSU_27270	GO:0044781	8	0.4	0
BSU_12810	GO:0005515	8	0.4	0
BSU_22360	GO:0006355	8	0.4	0
BSU_11870	GO:0005829	8	0.4	0
BSU_25070	GO:0071555	8	0.4	0
BSU_09840	GO:0006633	8	0.4	0
BSU_29560	GO:0005829	8	0.4	0
BSU_29560	GO:0071555	8	0.4	0
BSU_13170	GO:0005737	8	0.4	0
BSU_22740	GO:0005515	8	0.4	0
BSU_38750	GO:0006526	8	0.4	0
BSU_17040	GO:0005737	8	0.4	0
BSU_05980	GO:0034220	8	0.4	0
BSU_05980	GO:0009401	8	0.4	0
BSU_33520	GO:0004659	8	0.4	0
BSU_29130	GO:0006526	8	0.4	0
BSU_24160	GO:0005515	8	0.4	0
BSU_27080	GO:0003676	8	0.4	0
BSU_24550	GO:0005737	8	0.4	0
BSU_19370	GO:0006526	8	0.4	0
BSU_19370	GO:0005737	8	0.4	0
BSU_11610	GO:0017018	8	0.4	0
BSU_02640	GO:0034220	8	0.4	0
BSU_11610	GO:0019284	8	0.4	0
BSU_25070	GO:0016651	8	0.4	0
BSU_22740	GO:0017018	8	0.4	0
BSU_33010	GO:0003676	8	0.4	0
BSU_33010	GO:0005515	8	0.4	0
BSU_00580	GO:0005829	8	0.4	0
BSU_25070	GO:0005829	8	0.4	0
BSU_11870	GO:0019284	8	0.4	0
BSU_02000	GO:0005886	8	0.4	0
BSU_05990	GO:0034220	8	0.4	0
BSU_02640	GO:0009401	8	0.4	0
BSU_38730	GO:0016874	8	0.4	0
BSU_11870	GO:0071555	8	0.4	0
BSU_37100	GO:0005829	8	0.4	0
BSU_11870	GO:0051082	8	0.4	0
BSU_02130	GO:0005829	8	0.4	0
BSU_17680	GO:0006633	8	0.4	0
BSU_16140	GO:0019284	8	0.4	0
BSU_16140	GO:0006633	8	0.4	0
BSU_15730	GO:0005737	8	0.4	0
BSU_15540	GO:0006633	8	0.4	0
BSU_36890	GO:0006633	8	0.4	0
BSU_02760	GO:0009401	8	0.4	0
BSU_11650	GO:0006177	8	0.4	0
BSU_22070	GO:0005829	8	0.4	0
BSU_29130	GO:0016874	8	0.4	0
BSU_36310	GO:0003676	8	0.4	0
BSU_11610	GO:0051082	8	0.4	0
BSU_25710	GO:0005515	8	0.4	0
BSU_39260	GO:0005737	8	0.4	0
BSU_25320	GO:0006355	8	0.4	0
BSU_37110	GO:0005829	8	0.4	0
BSU_28130	GO:0005737	8	0.4	0
BSU_11870	GO:0006177	8	0.4	0
BSU_28270	GO:0006779	8	0.4	0
BSU_18160	GO:0004659	8	0.4	0
BSU_11870	GO:0006633	8	0.4	0
BSU_33221	GO:0006526	8	0.4	0
BSU_11610	GO:0006633	8	0.4	0
BSU_03750	GO:0006526	8	0.4	0
BSU_33520	GO:0006526	8	0.4	0
BSU_31930	GO:0005515	8	0.4	0
BSU_03640	GO:0016651	8	0.4	0
BSU_00760	GO:0044781	8	0.4	0
BSU_15540	GO:0019284	8	0.4	0
BSU_02630	GO:0009401	8	0.4	0
BSU_00110	GO:0006177	8	0.4	0
BSU_11650	GO:0071555	8	0.4	0
BSU_10300	GO:0005737	8	0.4	0
BSU_25320	GO:0006633	8	0.4	0
BSU_19370	GO:0003677	8	0.4	0
BSU_10300	GO:0005515	8	0.4	0
BSU_21500	GO:0005737	8	0.4	0
BSU_23280	GO:0005737	8	0.4	0
BSU_28270	GO:0003676	8	0.4	0
BSU_00760	GO:0005737	8	0.4	0
BSU_02630	GO:0006526	8	0.4	0
BSU_14870	GO:0017018	8	0.4	0
BSU_22360	GO:0006633	8	0.4	0
BSU_27270	GO:0005737	8	0.4	0
BSU_08880	GO:0005829	8	0.4	0
BSU_03900	GO:0005737	8	0.4	0
BSU_00110	GO:0005829	8	0.4	0
BSU_18340	GO:0006633	8	0.4	0
BSU_18330	GO:0006633	8	0.4	0
BSU_40340	GO:0009401	8	0.4	0
BSU_18090	GO:0017018	8	0.4	0
BSU_01120	GO:0006526	8	0.4	0
BSU_06360	GO:0071555	8	0.4	0
BSU_36890	GO:0019284	8	0.4	0
BSU_27030	GO:0005886	8	0.4	0
BSU_09840	GO:0051082	8	0.4	0
BSU_13660	GO:0016874	8	0.4	0
BSU_02000	GO:0005515	8	0.4	0
BSU_25070	GO:0005737	8	0.4	0
BSU_36310	GO:0003934	8	0.4	0
BSU_11610	GO:0003934	8	0.4	0
BSU_37100	GO:0019284	8	0.4	0
BSU_01480	GO:0006450	8	0.4	0
BSU_07800	GO:0003677	8	0.4	0
BSU_23550	GO:0005737	8	0.4	0
BSU_17680	GO:0006355	8	0.4	0
BSU_09840	GO:0005829	8	0.4	0
BSU_28300	GO:0005737	8	0.4	0
BSU_03640	GO:0051082	8	0.4	0
BSU_08880	GO:0006633	8	0.4	0
BSU_02130	GO:0003676	8	0.4	0
BSU_02740	GO:0005515	8	0.4	0
BSU_22440	GO:0006526	8	0.4	0
BSU_34720	GO:0005515	8	0.4	0
BSU_31180	GO:0003723	8	0.4	0
BSU_17680	GO:0051082	8	0.4	0
BSU_30400	GO:0006777	8	0.4	0
BSU_25070	GO:0006177	8	0.4	0
BSU_33920	GO:0006777	8	0.4	0
BSU_11870	GO:0003934	8	0.4	0
BSU_02550	GO:0006777	8	0.4	0
BSU_31370	GO:0016783	8	0.4	0
BSU_36840	GO:0034220	8	0.4	0
BSU_11440	GO:0071555	8	0.4	0
BSU_18090	GO:0016874	8	0.4	0
BSU_17040	GO:0016874	8	0.4	0
BSU_01480	GO:0006779	8	0.4	0
BSU_33440	GO:0006777	8	0.4	0
BSU_37100	GO:0006072	8	0.4	0
BSU_18160	GO:0005737	8	0.4	0
BSU_04620	GO:0017018	8	0.4	0
BSU_27030	GO:0005886	8	0.4	0
BSU_07800	GO:0005829	8	0.4	0
BSU_27080	GO:0016874	8	0.4	0
BSU_36760	GO:0006072	8	0.4	0
BSU_34590	GO:0034220	8	0.4	0
BSU_22360	GO:0051082	8	0.4	0
BSU_35250	GO:0071555	8	0.4	0
BSU_18360	GO:0003723	8	0.4	0
BSU_26430	GO:0005515	8	0.4	0
BSU_08880	GO:0051082	8	0.4	0
BSU_16030	GO:0006164	8	0.4	0
BSU_25430	GO:0006450	8	0.4	0
BSU_09840	GO:0003934	8	0.4	0
BSU_18340	GO:0051082	8	0.4	0
BSU_16030	GO:0006777	8	0.4	0
BSU_34970	GO:0006777	8	0.4	0
BSU_39660	GO:0006777	8	0.4	0
BSU_18090	GO:0005737	8	0.4	0
BSU_27500	GO:0006450	8	0.4	0
BSU_06020	GO:0017018	8	0.4	0
BSU_02130	GO:0005737	8	0.4	0
BSU_22740	GO:0016651	8	0.4	0
BSU_18330	GO:0051082	8	0.4	0
BSU_06530	GO:0017018	8	0.4	0
BSU_38750	GO:0034220	8	0.4	0
BSU_18090	GO:0005886	8	0.4	0
BSU_25070	GO:0017018	8	0.4	0
BSU_25430	GO:0005829	8	0.4	0
BSU_04620	GO:0051082	8	0.4	0
BSU_12950	GO:0005515	8	0.4	0
BSU_39660	GO:0003676	8	0.4	0
BSU_26430	GO:0006777	8	0.4	0
BSU_38020	GO:0035539	8	0.4	0
BSU_29680	GO:0005737	8	0.4	0
BSU_29680	GO:0005737	8	0.4	0
BSU_15680	GO:0006777	8	0.4	0
BSU_36760	GO:0006164	8	0.4	0
BSU_11440	GO:0034220	8	0.4	0
BSU_13660	GO:0005515	8	0.4	0
BSU_02010	GO:0016874	8	0.4	0
BSU_27260	GO:0003934	8	0.4	0
BSU_28920	GO:0003676	8	0.4	0
BSU_39660	GO:0005515	8	0.4	0
BSU_31370	GO:0005737	8	0.4	0
BSU_16140	GO:0051082	8	0.4	0
BSU_09320	GO:0009401	8	0.4	0
BSU_33440	GO:0005737	8	0.4	0
BSU_22070	GO:0006779	8	0.4	0
BSU_33930	GO:0006777	8	0.4	0
BSU_09840	GO:0017018	8	0.4	0
BSU_17040	GO:0003676	8	0.4	0
BSU_38760	GO:0006526	8	0.4	0
BSU_28920	GO:0005515	8	0.4	0
BSU_18160	GO:0006779	8	0.4	0
BSU_37100	GO:0006779	8	0.4	0
BSU_27500	GO:0005829	8	0.4	0
BSU_28300	GO:0005737	8	0.4	0
BSU_07800	GO:0005737	8	0.4	0
BSU_33010	GO:0003934	8	0.4	0
BSU_02550	GO:0005515	8	0.4	0
BSU_09840	GO:0019284	8	0.4	0
BSU_14870	GO:0009401	8	0.4	0
BSU_37100	GO:0006164	8	0.4	0
BSU_18360	GO:0071555	8	0.4	0
BSU_34720	GO:0006777	8	0.4	0
BSU_21810	GO:0006777	8	0.4	0
BSU_35250	GO:0034220	8	0.4	0
BSU_22120	GO:0003676	8	0.4	0
BSU_05990	GO:0005829	8	0.4	0
BSU_30400	GO:0005515	8	0.4	0
BSU_27080	GO:0034220	8	0.4	0
BSU_26430	GO:0003676	8	0.4	0
BSU_26390	GO:0003676	8	0.4	0
BSU_16030	GO:0006450	8	0.4	0
BSU_14870	GO:0034220	8	0.4	0
BSU_34720	GO:0003676	8	0.4	0
BSU_37110	GO:0016783	8	0.4	0
BSU_02640	GO:0005829	8	0.4	0
BSU_03640	GO:0006633	8	0.4	0
BSU_02000	GO:0006777	8	0.4	0
BSU_29680	GO:0005737	8	0.4	0
BSU_02740	GO:0006777	8	0.4	0
BSU_03490	GO:0006526	8	0.4	0
BSU_28300	GO:0000287	8	0.4	0
BSU_06020	GO:0006072	8	0.4	0
BSU_21820	GO:0005515	8	0.4	0
BSU_03490	GO:0005515	8	0.4	0
BSU_21920	GO:0097588	8	0.4	0
BSU_02140	GO:0016051	8	0.4	0
BSU_37100	GO:0004407	8	0.4	0
BSU_05980	GO:0005515	8	0.4	0
BSU_02630	GO:0005515	8	0.4	0
BSU_06360	GO:0005886	8	0.4	0
BSU_04620	GO:0010468	8	0.4	0
BSU_10300	GO:0005515	8	0.4	0
BSU_27500	GO:0004407	8	0.4	0
BSU_02550	GO:0044781	8	0.4	0
BSU_22030	GO:0097588	8	0.4	0
BSU_01120	GO:0005515	8	0.4	0
BSU_23940	GO:0016051	8	0.4	0
BSU_07690	GO:0005515	8	0.4	0
BSU_22220	GO:0006338	8	0.4	0
BSU_03640	GO:0010468	8	0.4	0
BSU_06530	GO:0005737	8	0.4	0
BSU_30400	GO:0044781	8	0.4	0
BSU_02760	GO:0005515	8	0.4	0
BSU_05990	GO:0005515	8	0.4	0
BSU_06020	GO:0010468	8	0.4	0
BSU_33610	GO:0010468	8	0.4	0
BSU_31370	GO:0005886	8	0.4	0
BSU_03750	GO:0005515	8	0.4	0
BSU_09840	GO:0016020	8	0.4	0
BSU_29560	GO:0004407	8	0.4	0
BSU_11650	GO:0006338	8	0.4	0
BSU_02740	GO:0044781	8	0.4	0
BSU_36760	GO:0004407	8	0.4	0
BSU_14870	GO:0097588	8	0.4	0
BSU_25430	GO:0004407	8	0.4	0
BSU_11870	GO:0005886	8	0.4	0
BSU_12950	GO:0097588	8	0.4	0
BSU_13660	GO:0097588	8	0.4	0
BSU_11650	GO:0005886	8	0.4	0
BSU_11250	GO:0004407	8	0.4	0
BSU_12950	GO:0005515	8	0.4	0
BSU_02000	GO:0044781	8	0.4	0
BSU_36870	GO:0005829	8	0.4	0
BSU_13660	GO:0005515	8	0.4	0
BSU_38750	GO:0097588	8	0.4	0
BSU_38760	GO:0097588	8	0.4	0
BSU_21810	GO:0044781	8	0.4	0
BSU_22740	GO:0005515	8	0.4	0
BSU_33520	GO:0005515	8	0.4	0
BSU_02640	GO:0005515	8	0.4	0
BSU_37110	GO:0005886	8	0.4	0
BSU_11440	GO:0097588	8	0.4	0
BSU_22360	GO:0019516	8	0.4	0
BSU_22220	GO:0016051	8	0.4	0
BSU_36310	GO:0006355	8	0.4	0
BSU_16030	GO:0010468	8	0.4	0
BSU_32520	GO:0005737	8	0.4	0
BSU_37100	GO:0010468	8	0.4	0
BSU_34970	GO:0016051	8	0.4	0
BSU_13260	GO:0010468	8	0.4	0
BSU_18090	GO:0005886	8	0.4	0
BSU_31150	GO:0016051	8	0.4	0
BSU_11870	GO:0004407	8	0.4	0
BSU_32450	GO:0005886	8	0.4	0
BSU_11650	GO:0016051	8	0.4	0
BSU_11870	GO:0004177	8	0.4	0
BSU_28270	GO:0032259	8	0.4	0
BSU_17610	GO:0005737	8	0.4	0
BSU_17680	GO:0044781	8	0.4	0
BSU_27500	GO:0032259	8	0.4	0
BSU_36310	GO:0004177	8	0.4	0
BSU_25430	GO:0032259	8	0.4	0
BSU_33930	GO:0016051	8	0.4	0
BSU_33920	GO:0016051	8	0.4	0
BSU_40320	GO:0016051	8	0.4	0
BSU_23280	GO:0016051	8	0.4	0
BSU_25300	GO:0016051	8	0.4	0
BSU_04620	GO:0004407	8	0.4	0
BSU_29680	GO:0097588	8	0.4	0
BSU_05980	GO:0005515	8	0.4	0
BSU_32530	GO:0016051	8	0.4	0
BSU_12810	GO:0016051	8	0.4	0
BSU_25710	GO:0016051	8	0.4	0
BSU_23550	GO:0005737	8	0.4	0
BSU_09320	GO:0005886	8	0.4	0
BSU_18090	GO:0005886	8	0.4	0
BSU_08880	GO:0010468	8	0.4	0
BSU_37490	GO:0016051	8	0.4	0
BSU_32450	GO:0005886	8	0.4	0
BSU_27270	GO:0016051	8	0.4	0
BSU_29560	GO:0019516	8	0.4	0
BSU_34970	GO:0044781	8	0.4	0
BSU_25070	GO:0019516	8	0.4	0
BSU_27260	GO:0006355	8	0.4	0
BSU_33440	GO:0044781	8	0.4	0
BSU_31370	GO:0044781	8	0.4	0
BSU_15370	GO:0016051	8	0.4	0
BSU_22070	GO:0010468	8	0.4	0
BSU_13170	GO:0016051	8	0.4	0
BSU_39260	GO:0005886	8	0.4	0
BSU_27030	GO:0005886	8	0.4	0
BSU_22700	GO:0051537	8	0.4	0
BSU_33930	GO:0044781	8	0.4	0
BSU_11650	GO:0003824	8	0.4	0
BSU_23160	GO:0003949	8	0.4	0
BSU_13660	GO:0006826	8	0.4	0
BSU_35380	GO:0097588	8	0.4	0
BSU_11440	GO:0005829	8	0.4	0
BSU_31370	GO:0003824	8	0.4	0
BSU_25070	GO:0005737	8	0.4	0
BSU_09840	GO:0006164	8	0.4	0
BSU_22740	GO:0005737	8	0.4	0
BSU_37110	GO:0003824	8	0.4	0
BSU_18090	GO:0005737	8	0.4	0
BSU_35250	GO:0005829	8	0.4	0
BSU_36840	GO:0005829	8	0.4	0
BSU_24160	GO:0003824	8	0.4	0
BSU_15680	GO:0044781	8	0.4	0
BSU_02000	GO:0016301	8	0.4	0
BSU_09120	GO:0016301	8	0.4	0
BSU_36310	GO:0006164	8	0.4	0
BSU_32840	GO:0004407	8	0.4	0
BSU_06530	GO:0005737	8	0.4	0
BSU_11610	GO:0006164	8	0.4	0
BSU_28270	GO:0016020	8	0.4	0
BSU_31370	GO:0005737	8	0.4	0
BSU_22700	GO:0003949	8	0.4	0
BSU_22360	GO:0003824	8	0.4	0
BSU_26390	GO:0009401	8	0.4	0
BSU_32840	GO:0016020	8	0.4	0
BSU_24160	GO:0016020	8	0.4	0
BSU_02440	GO:0016020	8	0.4	0
BSU_39060	GO:0003677	8	0.4	0
BSU_31930	GO:0044781	8	0.4	0
BSU_15370	GO:0006338	8	0.4	0
BSU_13170	GO:0006338	8	0.4	0
BSU_35250	GO:0004527	8	0.4	0
BSU_12860	GO:0003677	8	0.4	0
BSU_38020	GO:0005737	8	0.4	0
BSU_29560	GO:0003824	8	0.4	0
BSU_36840	GO:0004527	8	0.4	0
BSU_18360	GO:0003949	8	0.4	0
BSU_25070	GO:0003824	8	0.4	0
BSU_06600	GO:0005737	8	0.4	0
BSU_23280	GO:0006338	8	0.4	0
BSU_36870	GO:0004527	8	0.4	0
BSU_28280	GO:0008740	8	0.4	0
BSU_40320	GO:0008740	8	0.4	0
BSU_32050	GO:0008740	8	0.4	0
BSU_02760	GO:0016301	8	0.4	0
BSU_24160	GO:0004407	8	0.4	0
BSU_01700	GO:0005737	8	0.4	0
BSU_31150	GO:0005737	8	0.4	0
BSU_29560	GO:0005886	8	0.4	0
BSU_18090	GO:0005886	8	0.4	0
BSU_34970	GO:0006338	8	0.4	0
BSU_11610	GO:0010468	8	0.4	0
BSU_02630	GO:0097588	8	0.4	0
BSU_36310	GO:0010468	8	0.4	0
BSU_05990	GO:0097588	8	0.4	0
BSU_02640	GO:0097588	8	0.4	0
BSU_22440	GO:0005515	8	0.4	0
BSU_05980	GO:0097588	8	0.4	0
BSU_25070	GO:0005886	8	0.4	0
BSU_00580	GO:0005515	8	0.4	0
BSU_15370	GO:0004407	8	0.4	0
BSU_31150	GO:0006338	8	0.4	0
BSU_18360	GO:0005886	8	0.4	0
BSU_37110	GO:0005886	8	0.4	0
BSU_30980	GO:0005886	8	0.4	0
BSU_22360	GO:0005886	8	0.4	0
BSU_28280	GO:0004407	8	0.4	0
BSU_09840	GO:0010468	8	0.4	0
BSU_29680	GO:0004407	8	0.4	0
BSU_38020	GO:0044781	8	0.4	0
BSU_11870	GO:0010468	8	0.4	0
BSU_09710	GO:0006826	8	0.4	0
BSU_00130	GO:0004407	8	0.4	0
BSU_09710	GO:0016301	8	0.4	0
BSU_23940	GO:0004407	8	0.4	0
BSU_15540	GO:0016020	8	0.4	0
BSU_28130	GO:0005737	8	0.4	0
BSU_02440	GO:0006826	8	0.4	0
BSU_02760	GO:0006826	8	0.4	0
BSU_00760	GO:0005737	8	0.4	0
BSU_15730	GO:0004407	8	0.4	0
BSU_14320	GO:0022857	8	0.4	0
BSU_10120	GO:0044781	8	0.4	0
BSU_11870	GO:0006164	8	0.4	0
BSU_24160	GO:0005515	8	0.4	0
BSU_27260	GO:0006164	8	0.4	0
BSU_09320	GO:0005886	8	0.4	0
BSU_14330	GO:0022857	8	0.4	0
BSU_38720	GO:0005737	8	0.4	0
BSU_25070	GO:0005515	8	0.4	0
BSU_36850	GO:0005829	8	0.4	0
BSU_23940	GO:0005737	8	0.4	0
BSU_33010	GO:0006164	8	0.4	0
BSU_27260	GO:0010468	8	0.4	0
BSU_00580	GO:0032259	8	0.4	0
BSU_00110	GO:0006006	8	0.4	0
BSU_02000	GO:0009401	8	0.4	0
BSU_06530	GO:0030153	8	0.4	0
BSU_14320	GO:0005215	8	0.4	0
BSU_14330	GO:0005215	8	0.4	0
BSU_09710	GO:0030153	8	0.4	0
BSU_33610	GO:0044183	8	0.4	0
BSU_22440	GO:0009898	8	0.4	0
BSU_11610	GO:0030153	8	0.4	0
BSU_27080	GO:0015625	8	0.4	0
BSU_22440	GO:0009229	8	0.4	0
BSU_22360	GO:0004407	8	0.4	0
BSU_27030	GO:0016787	8	0.4	0
BSU_13660	GO:0015625	8	0.4	0
BSU_03750	GO:0046872	8	0.4	0
BSU_12950	GO:0015625	8	0.4	0
BSU_40410	GO:0009898	8	0.4	0
BSU_33221	GO:0009898	8	0.4	0
BSU_11610	GO:0015625	8	0.4	0
BSU_21820	GO:0046872	8	0.4	0
BSU_05980	GO:0046872	8	0.4	0
BSU_02630	GO:0046872	8	0.4	0
BSU_09710	GO:0015625	8	0.4	0
BSU_09320	GO:0015625	8	0.4	0
BSU_33610	GO:0046872	8	0.4	0
BSU_00850	GO:0009898	8	0.4	0
BSU_03490	GO:0009229	8	0.4	0
BSU_17040	GO:0015625	8	0.4	0
BSU_17200	GO:0046872	8	0.4	0
BSU_36760	GO:0044183	8	0.4	0
BSU_09710	GO:0015293	8	0.4	0
BSU_17210	GO:0046872	8	0.4	0
BSU_02760	GO:0015293	8	0.4	0
BSU_39060	GO:0005215	8	0.4	0
BSU_29680	GO:0015625	8	0.4	0
BSU_17680	GO:0016765	8	0.4	0
BSU_29560	GO:0015625	8	0.4	0
BSU_28930	GO:0015625	8	0.4	0
BSU_33010	GO:0046872	8	0.4	0
BSU_12860	GO:0005215	8	0.4	0
BSU_27260	GO:0046872	8	0.4	0
BSU_22360	GO:0015625	8	0.4	0
BSU_36310	GO:0046872	8	0.4	0
BSU_22030	GO:0006814	8	0.4	0
BSU_11610	GO:0016765	8	0.4	0
BSU_22440	GO:0048476	8	0.4	0
BSU_18090	GO:0015625	8	0.4	0
BSU_06360	GO:0008973	8	0.4	0
BSU_28300	GO:0004407	8	0.4	0
BSU_27080	GO:0015031	8	0.4	0
BSU_33520	GO:0009229	8	0.4	0
BSU_14320	GO:0015293	8	0.4	0
BSU_36850	GO:0009898	8	0.4	0
BSU_28930	GO:0030153	8	0.4	0
BSU_24160	GO:0046872	8	0.4	0
BSU_29560	GO:0030153	8	0.4	0
BSU_14870	GO:0015031	8	0.4	0
BSU_13660	GO:0015031	8	0.4	0
BSU_38750	GO:0015031	8	0.4	0
BSU_01620	GO:0015031	8	0.4	0
BSU_38760	GO:0015031	8	0.4	0
BSU_21920	GO:0015031	8	0.4	0
BSU_11870	GO:0046872	8	0.4	0
BSU_22030	GO:0015031	8	0.4	0
BSU_00110	GO:0046872	8	0.4	0
BSU_14320	GO:0030153	8	0.4	0
BSU_13260	GO:0030153	8	0.4	0
BSU_22360	GO:0016765	8	0.4	0
BSU_14330	GO:0030153	8	0.4	0
BSU_27500	GO:0030153	8	0.4	0
BSU_34590	GO:0015031	8	0.4	0
BSU_06360	GO:0046872	8	0.4	0
BSU_29680	GO:0015031	8	0.4	0
BSU_02010	GO:0030153	8	0.4	0
BSU_36760	GO:0046872	8	0.4	0
BSU_15370	GO:0016765	8	0.4	0
BSU_06530	GO:0015625	8	0.4	0
BSU_00130	GO:0016765	8	0.4	0
BSU_01120	GO:0046872	8	0.4	0
BSU_18090	GO:0030153	8	0.4	0
BSU_38730	GO:0046872	8	0.4	0
BSU_23940	GO:0016765	8	0.4	0
BSU_22070	GO:0046872	8	0.4	0
BSU_22360	GO:0030153	8	0.4	0
BSU_00110	GO:0008973	8	0.4	0
BSU_06360	GO:0015625	8	0.4	0
BSU_06020	GO:0015625	8	0.4	0
BSU_35250	GO:0009898	8	0.4	0
BSU_07800	GO:0015031	8	0.4	0
BSU_22740	GO:0004407	8	0.4	0
BSU_29560	GO:0046872	8	0.4	0
BSU_28300	GO:0046872	8	0.4	0
BSU_32840	GO:0046872	8	0.4	0
BSU_16030	GO:0046872	8	0.4	0
BSU_36840	GO:0009898	8	0.4	0
BSU_36870	GO:0009898	8	0.4	0
BSU_15730	GO:0016765	8	0.4	0
BSU_36860	GO:0009898	8	0.4	0
BSU_02440	GO:0015625	8	0.4	0
BSU_37100	GO:0044183	8	0.4	0
BSU_16030	GO:0044183	8	0.4	0
BSU_36760	GO:0032259	8	0.4	0
BSU_33520	GO:0048476	8	0.4	0
BSU_21820	GO:0006355	8	0.4	0
BSU_36310	GO:0044183	8	0.4	0
BSU_31370	GO:0019516	8	0.4	0
BSU_03640	GO:0032259	8	0.4	0
BSU_37110	GO:0019516	8	0.4	0
BSU_33610	GO:0004177	8	0.4	0
BSU_05980	GO:0006355	8	0.4	0
BSU_06020	GO:0004177	8	0.4	0
BSU_02630	GO:0006355	8	0.4	0
BSU_03750	GO:0032259	8	0.4	0
BSU_04620	GO:0032259	8	0.4	0
BSU_15780	GO:0032259	8	0.4	0
BSU_33010	GO:0048476	8	0.4	0
BSU_27080	GO:0048476	8	0.4	0
BSU_09840	GO:0044183	8	0.4	0
BSU_06020	GO:0032259	8	0.4	0
BSU_33610	GO:0032259	8	0.4	0
BSU_09840	GO:0032259	8	0.4	0
BSU_15780	GO:0004177	8	0.4	0
BSU_04620	GO:0004177	8	0.4	0
BSU_21820	GO:0004177	8	0.4	0
BSU_37110	GO:0004407	8	0.4	0
BSU_11870	GO:0044183	8	0.4	0
BSU_02130	GO:0008973	8	0.4	0
BSU_27260	GO:0044183	8	0.4	0
BSU_27260	GO:0004407	8	0.4	0
BSU_11870	GO:0019516	8	0.4	0
BSU_11650	GO:0019516	8	0.4	0
BSU_06600	GO:0004407	8	0.4	0
BSU_37100	GO:0032259	8	0.4	0
BSU_09840	GO:0004177	8	0.4	0
BSU_06360	GO:0006006	8	0.4	0
BSU_39260	GO:0005737	8	0.4	0
BSU_11650	GO:0044781	8	0.4	0
BSU_22070	GO:0032259	8	0.4	0
BSU_04620	GO:0044781	8	0.4	0
BSU_12950	GO:0048476	8	0.4	0
BSU_08880	GO:0032259	8	0.4	0
BSU_02130	GO:0006006	8	0.4	0
BSU_03750	GO:0048476	8	0.4	0
BSU_02630	GO:0032259	8	0.4	0
BSU_33610	GO:0006355	8	0.4	0
BSU_06020	GO:0006355	8	0.4	0
BSU_15780	GO:0006355	8	0.4	0
BSU_05980	GO:0032259	8	0.4	0
BSU_33010	GO:0044183	8	0.4	0
BSU_03640	GO:0004177	8	0.4	0
BSU_15780	GO:0044183	8	0.4	0
BSU_24550	GO:0009229	8	0.4	0
BSU_34720	GO:0046872	8	0.4	0
BSU_18340	GO:0004407	8	0.4	0
BSU_35380	GO:0046872	8	0.4	0
BSU_05980	GO:0009229	8	0.4	0
BSU_21820	GO:0009229	8	0.4	0
BSU_03750	GO:0009229	8	0.4	0
BSU_12860	GO:0015293	8	0.4	0
BSU_13660	GO:0006814	8	0.4	0
BSU_16030	GO:0004177	8	0.4	0
BSU_37100	GO:0004177	8	0.4	0
BSU_36760	GO:0004177	8	0.4	0
BSU_03490	GO:0009898	8	0.4	0
BSU_10300	GO:0004177	8	0.4	0
BSU_39660	GO:0046872	8	0.4	0
BSU_36230	GO:0046872	8	0.4	0
BSU_35580	GO:0046872	8	0.4	0
BSU_32430	GO:0015293	8	0.4	0
BSU_32440	GO:0015293	8	0.4	0
BSU_34460	GO:0003723	8	0.4	0
BSU_14330	GO:0015293	8	0.4	0
BSU_19370	GO:0009229	8	0.4	0
BSU_21920	GO:0006814	8	0.4	0
BSU_22070	GO:0004177	8	0.4	0
BSU_26430	GO:0046872	8	0.4	0
BSU_36310	GO:0032259	8	0.4	0
BSU_09710	GO:0016798	8	0.4	0
BSU_18090	GO:0005737	8	0.4	0
BSU_04620	GO:0044183	8	0.4	0
BSU_22070	GO:0006355	8	0.4	0
BSU_16030	GO:0006355	8	0.4	0
BSU_21820	GO:0044183	8	0.4	0
BSU_03640	GO:0044183	8	0.4	0
BSU_01120	GO:0009229	8	0.4	0
BSU_05980	GO:0004177	8	0.4	0
BSU_18330	GO:0004407	8	0.4	0
BSU_05980	GO:0044183	8	0.4	0
BSU_37100	GO:0006355	8	0.4	0
BSU_36760	GO:0006355	8	0.4	0
BSU_02440	GO:0006814	8	0.4	0
BSU_08880	GO:0044183	8	0.4	0
BSU_18160	GO:0006355	8	0.4	0
BSU_08880	GO:0004177	8	0.4	0
BSU_22070	GO:0044183	8	0.4	0
BSU_29130	GO:0009898	8	0.4	0
BSU_09710	GO:0006814	8	0.4	0
BSU_02630	GO:0009229	8	0.4	0
BSU_14870	GO:0006814	8	0.4	0
BSU_02740	GO:0009401	8	0.4	0
BSU_40320	GO:0019556	8	0.4	0
BSU_33610	GO:0006072	8	0.4	0
BSU_27260	GO:0005829	8	0.4	0
BSU_30210	GO:0005886	8	0.4	0
BSU_33610	GO:0006164	8	0.4	0
BSU_25300	GO:0004407	8	0.4	0
BSU_23550	GO:0016020	8	0.4	0
BSU_18090	GO:0004529	8	0.4	0
BSU_28920	GO:0004529	8	0.4	0
BSU_32530	GO:0004407	8	0.4	0
BSU_15370	GO:0016020	8	0.4	0
BSU_33930	GO:0005886	8	0.4	0
BSU_31150	GO:0031160	8	0.4	0
BSU_36230	GO:0031160	8	0.4	0
BSU_02130	GO:0005524	8	0.4	0
BSU_35580	GO:0031160	8	0.4	0
BSU_36890	GO:0005829	8	0.4	0
BSU_15540	GO:0005829	8	0.4	0
BSU_29130	GO:0005829	8	0.4	0
BSU_15680	GO:0005886	8	0.4	0
BSU_22220	GO:0005886	8	0.4	0
BSU_38020	GO:0005886	8	0.4	0
BSU_16140	GO:0005829	8	0.4	0
BSU_28930	GO:0031160	8	0.4	0
BSU_07800	GO:0015833	8	0.4	0
BSU_09320	GO:0006865	8	0.4	0
BSU_18330	GO:0005829	8	0.4	0
BSU_06020	GO:0006164	8	0.4	0
BSU_03640	GO:0006164	8	0.4	0
BSU_13660	GO:0031160	8	0.4	0
BSU_04620	GO:0006164	8	0.4	0
BSU_12950	GO:0031160	8	0.4	0
BSU_15780	GO:0006164	8	0.4	0
BSU_03640	GO:0005524	8	0.4	0
BSU_33520	GO:0003678	8	0.4	0
BSU_03490	GO:0003678	8	0.4	0
BSU_22030	GO:0031160	8	0.4	0
BSU_15730	GO:0044781	8	0.4	0
BSU_17040	GO:0004529	8	0.4	0
BSU_12810	GO:0031160	8	0.4	0
BSU_13450	GO:0003678	8	0.4	0
BSU_25710	GO:0031160	8	0.4	0
BSU_34970	GO:0004529	8	0.4	0
BSU_11610	GO:0005829	8	0.4	0
BSU_28930	GO:0090729	8	0.4	0
BSU_21500	GO:0004529	8	0.4	0
BSU_11870	GO:0005829	8	0.4	0
BSU_09120	GO:0031160	8	0.4	0
BSU_00130	GO:0005886	8	0.4	0
BSU_02630	GO:0015833	8	0.4	0
BSU_27500	GO:0005886	8	0.4	0
BSU_29560	GO:0017118	8	0.4	0
BSU_36840	GO:0009103	8	0.4	0
BSU_32450	GO:0016020	8	0.4	0
BSU_19370	GO:0003678	8	0.4	0
BSU_00110	GO:0000287	8	0.4	0
BSU_22360	GO:0005886	8	0.4	0
BSU_18090	GO:0005886	8	0.4	0
BSU_14870	GO:0019556	8	0.4	0
BSU_12950	GO:0016020	8	0.4	0
BSU_06360	GO:0000287	8	0.4	0
BSU_13660	GO:0016020	8	0.4	0
BSU_38760	GO:0016020	8	0.4	0
BSU_01120	GO:0003678	8	0.4	0
BSU_21920	GO:0016020	8	0.4	0
BSU_38750	GO:0009103	8	0.4	0
BSU_35250	GO:0009103	8	0.4	0
BSU_35250	GO:0015833	8	0.4	0
BSU_38750	GO:0015833	8	0.4	0
BSU_11610	GO:0005886	8	0.4	0
BSU_36840	GO:0015833	8	0.4	0
BSU_11440	GO:0009103	8	0.4	0
BSU_02130	GO:0000287	8	0.4	0
BSU_28920	GO:0016301	8	0.4	0
BSU_29560	GO:0005886	8	0.4	0
BSU_26430	GO:0004529	8	0.4	0
BSU_39660	GO:0004529	8	0.4	0
BSU_34590	GO:0009103	8	0.4	0
BSU_18340	GO:0005829	8	0.4	0
BSU_22360	GO:0005829	8	0.4	0
BSU_30400	GO:0004529	8	0.4	0
BSU_23550	GO:0005524	8	0.4	0
BSU_02130	GO:0031160	8	0.4	0
BSU_25320	GO:0005829	8	0.4	0
BSU_33221	GO:0003678	8	0.4	0
BSU_36230	GO:0005524	8	0.4	0
BSU_37100	GO:0031160	8	0.4	0
BSU_36760	GO:0031160	8	0.4	0
BSU_35580	GO:0005524	8	0.4	0
BSU_02440	GO:0016020	8	0.4	0
BSU_03490	GO:0015833	8	0.4	0
BSU_23940	GO:0031160	8	0.4	0
BSU_28270	GO:0005524	8	0.4	0
BSU_02550	GO:0004529	8	0.4	0
BSU_34720	GO:0004529	8	0.4	0
BSU_02000	GO:0004529	8	0.4	0
BSU_02740	GO:0004529	8	0.4	0
BSU_27870	GO:0016020	8	0.4	0
BSU_26390	GO:0004529	8	0.4	0
BSU_09840	GO:0005829	8	0.4	0
BSU_25320	GO:0004529	8	0.4	0
BSU_22030	GO:0016020	8	0.4	0
BSU_26390	GO:0005737	8	0.4	0
BSU_07800	GO:0016874	8	0.4	0
BSU_37110	GO:0017118	8	0.4	0
BSU_31370	GO:0017118	8	0.4	0
BSU_25070	GO:0005524	8	0.4	0
BSU_15560	GO:0005737	8	0.4	0
BSU_38750	GO:0003824	8	0.4	0
BSU_18160	GO:0005829	8	0.4	0
BSU_38760	GO:0003824	8	0.4	0
BSU_11610	GO:0004564	8	0.4	0
BSU_03900	GO:0044781	8	0.4	0
BSU_11870	GO:0004564	8	0.4	0
BSU_22740	GO:0005524	8	0.4	0
BSU_14870	GO:0005737	8	0.4	0
BSU_02440	GO:0005737	8	0.4	0
BSU_00110	GO:0005737	8	0.4	0
BSU_09710	GO:0005737	8	0.4	0
BSU_36890	GO:0004564	8	0.4	0
BSU_27260	GO:0006072	8	0.4	0
BSU_15540	GO:0004564	8	0.4	0
BSU_33520	GO:0005829	8	0.4	0
BSU_02760	GO:0006865	8	0.4	0
BSU_25320	GO:0005524	8	0.4	0
BSU_19370	GO:0003824	8	0.4	0
BSU_03270	GO:0016020	8	0.4	0
BSU_36310	GO:0006072	8	0.4	0
BSU_06530	GO:0016651	8	0.4	0
BSU_22360	GO:0016783	8	0.4	0
BSU_08880	GO:0003934	8	0.4	0
BSU_22070	GO:0003934	8	0.4	0
BSU_08880	GO:0004564	8	0.4	0
BSU_25070	GO:0016783	8	0.4	0
BSU_01120	GO:0016874	8	0.4	0
BSU_01120	GO:0003824	8	0.4	0
BSU_16030	GO:0003934	8	0.4	0
BSU_37100	GO:0003934	8	0.4	0
BSU_36760	GO:0003934	8	0.4	0
BSU_38760	GO:0005829	8	0.4	0
BSU_02640	GO:0005737	8	0.4	0
BSU_05990	GO:0005737	8	0.4	0
BSU_04620	GO:0004564	8	0.4	0
BSU_02760	GO:0005737	8	0.4	0
BSU_29560	GO:0016783	8	0.4	0
BSU_38750	GO:0005829	8	0.4	0
BSU_07800	GO:0003824	8	0.4	0
BSU_10300	GO:0005737	8	0.4	0
BSU_09840	GO:0004564	8	0.4	0
BSU_33010	GO:0006072	8	0.4	0
BSU_19370	GO:0016874	8	0.4	0
BSU_22740	GO:0031160	8	0.4	0
BSU_18160	GO:0005524	8	0.4	0
BSU_38750	GO:0016874	8	0.4	0
BSU_15780	GO:0005524	8	0.4	0
BSU_04620	GO:0005524	8	0.4	0
BSU_14320	GO:0006865	8	0.4	0
BSU_14330	GO:0006865	8	0.4	0
BSU_37100	GO:0005829	8	0.4	0
BSU_38760	GO:0016874	8	0.4	0
BSU_22060	GO:0006865	8	0.4	0
BSU_26390	GO:0031160	8	0.4	0
BSU_11610	GO:0016651	8	0.4	0
BSU_22360	GO:0017118	8	0.4	0
BSU_22070	GO:0005829	8	0.4	0
BSU_07610	GO:0006865	8	0.4	0
BSU_32440	GO:0006865	8	0.4	0
BSU_08880	GO:0005829	8	0.4	0
BSU_32430	GO:0006865	8	0.4	0
BSU_25070	GO:0017118	8	0.4	0
BSU_10300	GO:0031160	8	0.4	0
BSU_22440	GO:0003678	8	0.4	0
BSU_39060	GO:0006865	8	0.4	0
BSU_24160	GO:0031160	8	0.4	0
BSU_31930	GO:0031160	8	0.4	0
BSU_22120	GO:0004529	8	0.4	0
BSU_09710	GO:0006865	8	0.4	0
BSU_22440	GO:0003824	8	0.4	0
BSU_09840	GO:0016651	8	0.4	0
BSU_33610	GO:0004529	8	0.4	0
BSU_06360	GO:0017118	8	0.4	0
BSU_11440	GO:0003824	8	0.4	0
BSU_14870	GO:0005524	8	0.4	0
BSU_22120	GO:0005737	8	0.4	0
BSU_17040	GO:0005737	8	0.4	0
BSU_10640	GO:0005737	8	0.4	0
BSU_09840	GO:0005524	8	0.4	0
BSU_36310	GO:0004529	8	0.4	0
BSU_27260	GO:0031160	8	0.4	0
BSU_11650	GO:0017118	8	0.4	0
BSU_14060	GO:0016020	8	0.4	0
BSU_22030	GO:0005737	8	0.4	0
BSU_11870	GO:0031160	8	0.4	0
BSU_11870	GO:0017118	8	0.4	0
BSU_16140	GO:0004529	8	0.4	0
BSU_04620	GO:0031160	8	0.4	0
BSU_08880	GO:0006164	8	0.4	0
BSU_21920	GO:0005737	8	0.4	0
BSU_28000	GO:0005737	8	0.4	0
BSU_30980	GO:0044781	8	0.4	0
BSU_02760	GO:0016301	8	0.4	0
BSU_34720	GO:0009401	8	0.4	0
BSU_33520	GO:0005829	8	0.4	0
BSU_22030	GO:0005737	8	0.4	0
BSU_12950	GO:0003677	8	0.4	0
BSU_11610	GO:0008740	8	0.4	0
BSU_11650	GO:0008270	8	0.4	0
BSU_25070	GO:0005737	8	0.4	0
BSU_22120	GO:0005737	8	0.4	0
BSU_10640	GO:0005737	8	0.4	0
BSU_02630	GO:0003677	8	0.4	0
BSU_03490	GO:0004527	8	0.4	0
BSU_18090	GO:0005737	8	0.4	0
BSU_02440	GO:0009401	8	0.4	0
BSU_07800	GO:0004527	8	0.4	0
BSU_28760	GO:0016020	8	0.4	0
BSU_22360	GO:0003949	8	0.4	0
BSU_09840	GO:0008740	8	0.4	0
BSU_02000	GO:0003700	8	0.4	0
BSU_06530	GO:0008740	8	0.4	0
BSU_09320	GO:0009401	8	0.4	0
BSU_00110	GO:0008270	8	0.4	0
BSU_22440	GO:0005829	8	0.4	0
BSU_02550	GO:0003700	8	0.4	0
BSU_22740	GO:0005737	8	0.4	0
BSU_09710	GO:0003677	8	0.4	0
BSU_17680	GO:0003949	8	0.4	0
BSU_13450	GO:0005829	8	0.4	0
BSU_22740	GO:0008740	8	0.4	0
BSU_26390	GO:0005737	8	0.4	0
BSU_06530	GO:0005737	8	0.4	0
BSU_28270	GO:0008740	8	0.4	0
BSU_18160	GO:0005737	8	0.4	0
BSU_01480	GO:0003700	8	0.4	0
BSU_36760	GO:0003677	8	0.4	0
BSU_35580	GO:0016020	8	0.4	0
BSU_25320	GO:0004407	8	0.4	0
BSU_33520	GO:0005504	8	0.4	0
BSU_14870	GO:0005737	8	0.4	0
BSU_11870	GO:0008270	8	0.4	0
BSU_21500	GO:0003700	8	0.4	0
BSU_18090	GO:0008740	8	0.4	0
BSU_11440	GO:0016874	8	0.4	0
BSU_02760	GO:0003677	8	0.4	0
BSU_29130	GO:0004527	8	0.4	0
BSU_31370	GO:0016020	8	0.4	0
BSU_17040	GO:0005737	8	0.4	0
BSU_00850	GO:0005829	8	0.4	0
BSU_18090	GO:0005737	8	0.4	0
BSU_00850	GO:0004527	8	0.4	0
BSU_11610	GO:0009401	8	0.4	0
BSU_21500	GO:0005737	8	0.4	0
BSU_31370	GO:0008270	8	0.4	0
BSU_37490	GO:0006338	8	0.4	0
BSU_02010	GO:0009401	8	0.4	0
BSU_13260	GO:0009401	8	0.4	0
BSU_22060	GO:0003677	8	0.4	0
BSU_36850	GO:0004527	8	0.4	0
BSU_27270	GO:0006338	8	0.4	0
BSU_38020	GO:0009401	8	0.4	0
BSU_02130	GO:0008270	8	0.4	0
BSU_26420	GO:0009401	8	0.4	0
BSU_15680	GO:0009401	8	0.4	0
BSU_33930	GO:0009401	8	0.4	0
BSU_07610	GO:0003677	8	0.4	0
BSU_32440	GO:0003677	8	0.4	0
BSU_32430	GO:0003677	8	0.4	0
BSU_17610	GO:0009401	8	0.4	0
BSU_28920	GO:0009401	8	0.4	0
BSU_30400	GO:0009401	8	0.4	0
BSU_28930	GO:0016787	8	0.4	0
BSU_39260	GO:0044781	8	0.4	0
BSU_28280	GO:0019556	8	0.4	0
BSU_02550	GO:0009401	8	0.4	0
BSU_37110	GO:0008270	8	0.4	0
BSU_02130	GO:0019556	8	0.4	0
BSU_06020	GO:0008740	8	0.4	0
BSU_25710	GO:0006338	8	0.4	0
BSU_04620	GO:0008740	8	0.4	0
BSU_13450	GO:0004527	8	0.4	0
BSU_31180	GO:0003700	8	0.4	0
BSU_13660	GO:0009401	8	0.4	0
BSU_06360	GO:0008270	8	0.4	0
BSU_25070	GO:0016020	8	0.4	0
BSU_03640	GO:0008740	8	0.4	0
BSU_22440	GO:0004527	8	0.4	0
BSU_33221	GO:0004527	8	0.4	0
BSU_22030	GO:0019556	8	0.4	0
BSU_01620	GO:0003677	8	0.4	0
BSU_11610	GO:0003949	8	0.4	0
BSU_28930	GO:0009401	8	0.4	0
BSU_30210	GO:0044781	8	0.4	0
BSU_23940	GO:0006338	8	0.4	0
BSU_14320	GO:0003677	8	0.4	0
BSU_15780	GO:0019556	8	0.4	0
BSU_14330	GO:0003677	8	0.4	0
BSU_25300	GO:0006338	8	0.4	0
BSU_32530	GO:0006338	8	0.4	0
BSU_12810	GO:0006338	8	0.4	0
BSU_17140	GO:0044781	8	0.4	0
BSU_33440	GO:0016020	8	0.4	0
BSU_02630	GO:0009103	8	0.4	0
BSU_28760	GO:0000287	8	0.4	0
BSU_22700	GO:0015937	8	0.4	0
BSU_13170	GO:0004407	8	0.4	0
BSU_10120	GO:0015937	8	0.4	0
BSU_15680	GO:0015937	8	0.4	0
BSU_10300	GO:0016020	8	0.4	0
BSU_26390	GO:0016020	8	0.4	0
BSU_21810	GO:0016020	8	0.4	0
BSU_24550	GO:0016874	8	0.4	0
BSU_18160	GO:0019556	8	0.4	0
BSU_19370	GO:0005504	8	0.4	0
BSU_24550	GO:0005504	8	0.4	0
BSU_23480	GO:0005829	8	0.4	0
BSU_38750	GO:0005504	8	0.4	0
BSU_27270	GO:0005737	8	0.4	0
BSU_31370	GO:0005737	8	0.4	0
BSU_24160	GO:0005886	8	0.4	0
BSU_25070	GO:0005886	8	0.4	0
BSU_06530	GO:0019556	8	0.4	0
BSU_38760	GO:0005504	8	0.4	0
BSU_29560	GO:0008270	8	0.4	0
BSU_26390	GO:0005886	8	0.4	0
BSU_29680	GO:0000287	8	0.4	0
BSU_37110	GO:0046872	8	0.4	0
BSU_38760	GO:0005829	8	0.4	0
BSU_32840	GO:0000287	8	0.4	0
BSU_34590	GO:0015833	8	0.4	0
BSU_11440	GO:0046872	8	0.4	0
BSU_23280	GO:0016020	8	0.4	0
BSU_07800	GO:0009103	8	0.4	0
BSU_29680	GO:0016020	8	0.4	0
BSU_28130	GO:0044781	8	0.4	0
BSU_19370	GO:0000287	8	0.4	0
BSU_06530	GO:0005886	8	0.4	0
BSU_09710	GO:0016301	8	0.4	0
BSU_23480	GO:0009103	8	0.4	0
BSU_31930	GO:0016020	8	0.4	0
BSU_28000	GO:0009103	8	0.4	0
BSU_38760	GO:0015833	8	0.4	0
BSU_36870	GO:0015833	8	0.4	0
BSU_38750	GO:0000287	8	0.4	0
BSU_38760	GO:0000287	8	0.4	0
BSU_28130	GO:0004407	8	0.4	0
BSU_29130	GO:0009103	8	0.4	0
BSU_07800	GO:0046872	8	0.4	0
BSU_36860	GO:0015833	8	0.4	0
BSU_28210	GO:0005886	8	0.4	0
BSU_36760	GO:0005829	8	0.4	0
BSU_00580	GO:0005886	8	0.4	0
BSU_15780	GO:0005886	8	0.4	0
BSU_31150	GO:0005737	8	0.4	0
BSU_07690	GO:0005886	8	0.4	0
BSU_09320	GO:0005737	8	0.4	0
BSU_22220	GO:0005737	8	0.4	0
BSU_23280	GO:0005737	8	0.4	0
BSU_02630	GO:0005504	8	0.4	0
BSU_13170	GO:0005737	8	0.4	0
BSU_00110	GO:0005886	8	0.4	0
BSU_03750	GO:0046872	8	0.4	0
BSU_21820	GO:0046872	8	0.4	0
BSU_03490	GO:0046872	8	0.4	0
BSU_05980	GO:0005504	8	0.4	0
BSU_27270	GO:0005737	8	0.4	0
BSU_21820	GO:0005504	8	0.4	0
BSU_02630	GO:0046872	8	0.4	0
BSU_25710	GO:0005737	8	0.4	0
BSU_15560	GO:0005886	8	0.4	0
BSU_01120	GO:0046872	8	0.4	0
BSU_23940	GO:0005737	8	0.4	0
BSU_03750	GO:0005504	8	0.4	0
BSU_23160	GO:0003700	8	0.4	0
BSU_23480	GO:0046872	8	0.4	0
BSU_34970	GO:0005737	8	0.4	0
BSU_18360	GO:0003700	8	0.4	0
BSU_06020	GO:0019556	8	0.4	0
BSU_01120	GO:0005504	8	0.4	0
BSU_03490	GO:0005829	8	0.4	0
BSU_38750	GO:0005829	8	0.4	0
BSU_36760	GO:0016020	8	0.4	0
BSU_33221	GO:0046872	8	0.4	0
BSU_22440	GO:0046872	8	0.4	0
BSU_21920	GO:0005737	8	0.4	0
BSU_18160	GO:0005829	8	0.4	0
BSU_25070	GO:0008270	8	0.4	0
BSU_15780	GO:0005829	8	0.4	0
BSU_03640	GO:0019556	8	0.4	0
BSU_33520	GO:0005829	8	0.4	0
BSU_02130	GO:0005737	8	0.4	0
BSU_22740	GO:0005886	8	0.4	0
BSU_07800	GO:0005829	8	0.4	0
BSU_23280	GO:0004407	8	0.4	0
BSU_13610	GO:0004407	8	0.4	0
BSU_11650	GO:0005737	8	0.4	0
BSU_10300	GO:0005886	8	0.4	0
BSU_22360	GO:0008270	8	0.4	0
BSU_02130	GO:0005829	8	0.4	0
BSU_22030	GO:0005737	8	0.4	0
BSU_22060	GO:0015293	8	0.4	0
BSU_06530	GO:0033014	8	0.4	0
BSU_22030	GO:0009252	8	0.4	0
BSU_02010	GO:0005737	8	0.4	0
BSU_15560	GO:0006541	8	0.4	0
BSU_17680	GO:0016836	8	0.4	0
BSU_28270	GO:0006541	8	0.4	0
BSU_22360	GO:0006508	8	0.4	0
BSU_17680	GO:0006508	8	0.4	0
BSU_18090	GO:0016874	8	0.4	0
BSU_28270	GO:0016874	8	0.4	0
BSU_11610	GO:0006508	8	0.4	0
BSU_22740	GO:0016874	8	0.4	0
BSU_25070	GO:0016874	8	0.4	0
BSU_25320	GO:0016874	8	0.4	0
BSU_22360	GO:0016836	8	0.4	0
BSU_10300	GO:0005737	8	0.4	0
BSU_28930	GO:0005737	8	0.4	0
BSU_29680	GO:0005737	8	0.4	0
BSU_36890	GO:0006541	8	0.4	0
BSU_14870	GO:0016874	8	0.4	0
BSU_02760	GO:0090729	8	0.4	0
BSU_02130	GO:0090729	8	0.4	0
BSU_04620	GO:0016874	8	0.4	0
BSU_15780	GO:0016874	8	0.4	0
BSU_11250	GO:0006541	8	0.4	0
BSU_25430	GO:0006541	8	0.4	0
BSU_28280	GO:0006541	8	0.4	0
BSU_06020	GO:0016874	8	0.4	0
BSU_09840	GO:0016874	8	0.4	0
BSU_11610	GO:0016874	8	0.4	0
BSU_10640	GO:0090729	8	0.4	0
BSU_27030	GO:0090729	8	0.4	0
BSU_39260	GO:0090729	8	0.4	0
BSU_34460	GO:0090729	8	0.4	0
BSU_25320	GO:0006508	8	0.4	0
BSU_18160	GO:0090729	8	0.4	0
BSU_29680	GO:0003677	8	0.4	0
BSU_13260	GO:0005737	8	0.4	0
BSU_38730	GO:0003677	8	0.4	0
BSU_38020	GO:0005737	8	0.4	0
BSU_33520	GO:0009097	8	0.4	0
BSU_29130	GO:0009097	8	0.4	0
BSU_31370	GO:0009055	8	0.4	0
BSU_38750	GO:0009097	8	0.4	0
BSU_38760	GO:0009097	8	0.4	0
BSU_25320	GO:0009055	8	0.4	0
BSU_25070	GO:0009055	8	0.4	0
BSU_22740	GO:0009055	8	0.4	0
BSU_18090	GO:0009055	8	0.4	0
BSU_02130	GO:0000049	8	0.4	0
BSU_11610	GO:0009055	8	0.4	0
BSU_37110	GO:0000049	8	0.4	0
BSU_31370	GO:0000049	8	0.4	0
BSU_09840	GO:0009055	8	0.4	0
BSU_06530	GO:0009055	8	0.4	0
BSU_02130	GO:0005737	8	0.4	0
BSU_22220	GO:0005737	8	0.4	0
BSU_11610	GO:0016787	8	0.4	0
BSU_14870	GO:0005737	8	0.4	0
BSU_26420	GO:0005737	8	0.4	0
BSU_38760	GO:0005737	8	0.4	0
BSU_17610	GO:0005737	8	0.4	0
BSU_06530	GO:0005737	8	0.4	0
BSU_09710	GO:0005737	8	0.4	0
BSU_25320	GO:0016836	8	0.4	0
BSU_18090	GO:0005737	8	0.4	0
BSU_17680	GO:0016787	8	0.4	0
BSU_29560	GO:0005737	8	0.4	0
BSU_14320	GO:0005737	8	0.4	0
BSU_18160	GO:0005737	8	0.4	0
BSU_14330	GO:0005737	8	0.4	0
BSU_06530	GO:0005737	8	0.4	0
BSU_22360	GO:0016787	8	0.4	0
BSU_27500	GO:0006541	8	0.4	0
BSU_37110	GO:0006541	8	0.4	0
BSU_10300	GO:0090729	8	0.4	0
BSU_29560	GO:0006556	8	0.4	0
BSU_04620	GO:0000310	8	0.4	0
BSU_03640	GO:0000310	8	0.4	0
BSU_02550	GO:0004519	8	0.4	0
BSU_31370	GO:0016853	8	0.4	0
BSU_33440	GO:0016853	8	0.4	0
BSU_36310	GO:0004124	8	0.4	0
BSU_39060	GO:0008514	8	0.4	0
BSU_34970	GO:0016853	8	0.4	0
BSU_39660	GO:0016853	8	0.4	0
BSU_05980	GO:0000310	8	0.4	0
BSU_12860	GO:0008514	8	0.4	0
BSU_30400	GO:0016853	8	0.4	0
BSU_02550	GO:0016853	8	0.4	0
BSU_34720	GO:0016853	8	0.4	0
BSU_08880	GO:0000310	8	0.4	0
BSU_15780	GO:0000310	8	0.4	0
BSU_29680	GO:0016853	8	0.4	0
BSU_32430	GO:0008514	8	0.4	0
BSU_14330	GO:0008514	8	0.4	0
BSU_17680	GO:0016853	8	0.4	0
BSU_28920	GO:0016853	8	0.4	0
BSU_28270	GO:0016853	8	0.4	0
BSU_01620	GO:0008514	8	0.4	0
BSU_21500	GO:0004519	8	0.4	0
BSU_14320	GO:0008514	8	0.4	0
BSU_28300	GO:0016853	8	0.4	0
BSU_32440	GO:0008514	8	0.4	0
BSU_02000	GO:0004519	8	0.4	0
BSU_11610	GO:0004124	8	0.4	0
BSU_33610	GO:0000310	8	0.4	0
BSU_06020	GO:0000310	8	0.4	0
BSU_22060	GO:0008514	8	0.4	0
BSU_07610	GO:0008514	8	0.4	0
BSU_21810	GO:0016853	8	0.4	0
BSU_02000	GO:0016853	8	0.4	0
BSU_02740	GO:0016853	8	0.4	0
BSU_25070	GO:0090729	8	0.4	0
BSU_11610	GO:0016836	8	0.4	0
BSU_04620	GO:0006541	8	0.4	0
BSU_02130	GO:0016874	8	0.4	0
BSU_11870	GO:0006541	8	0.4	0
BSU_27260	GO:0006541	8	0.4	0
BSU_22030	GO:0005737	8	0.4	0
BSU_18330	GO:0006541	8	0.4	0
BSU_36760	GO:0006541	8	0.4	0
BSU_18340	GO:0006541	8	0.4	0
BSU_22740	GO:0006541	8	0.4	0
BSU_03640	GO:0016874	8	0.4	0
BSU_29560	GO:0090729	8	0.4	0
BSU_28300	GO:0006541	8	0.4	0
BSU_22030	GO:0090729	8	0.4	0
BSU_37100	GO:0006541	8	0.4	0
BSU_39350	GO:0006541	8	0.4	0
BSU_26430	GO:0016853	8	0.4	0
BSU_11610	GO:0016798	8	0.4	0
BSU_15680	GO:0016853	8	0.4	0
BSU_30980	GO:0016798	8	0.4	0
BSU_22360	GO:0006556	8	0.4	0
BSU_16030	GO:0000310	8	0.4	0
BSU_09320	GO:0008514	8	0.4	0
BSU_37100	GO:0000310	8	0.4	0
BSU_00110	GO:0006541	8	0.4	0
BSU_25070	GO:0006556	8	0.4	0
BSU_36760	GO:0000310	8	0.4	0
BSU_17680	GO:0016798	8	0.4	0
BSU_22360	GO:0016798	8	0.4	0
BSU_11870	GO:0090729	8	0.4	0
BSU_25320	GO:0016798	8	0.4	0
BSU_09840	GO:0004124	8	0.4	0
BSU_19370	GO:0009097	8	0.4	0
BSU_04620	GO:0009055	8	0.4	0
BSU_33010	GO:0016853	8	0.4	0
BSU_00850	GO:0006289	8	0.4	0
BSU_11610	GO:0004672	8	0.4	0
BSU_37100	GO:0009228	8	0.4	0
BSU_18160	GO:0016780	8	0.4	0
BSU_13660	GO:0004672	8	0.4	0
BSU_00850	GO:1902600	8	0.4	0
BSU_03640	GO:0004124	8	0.4	0
BSU_06020	GO:0016780	8	0.4	0
BSU_15780	GO:0016780	8	0.4	0
BSU_17040	GO:0004672	8	0.4	0
BSU_18090	GO:0004672	8	0.4	0
BSU_33440	GO:0046872	8	0.4	0
BSU_22360	GO:0004672	8	0.4	0
BSU_34970	GO:0046872	8	0.4	0
BSU_39660	GO:0046872	8	0.4	0
BSU_11250	GO:0016780	8	0.4	0
BSU_28300	GO:0046872	8	0.4	0
BSU_22070	GO:0009228	8	0.4	0
BSU_28920	GO:0046872	8	0.4	0
BSU_06360	GO:0004672	8	0.4	0
BSU_02130	GO:0005524	8	0.4	0
BSU_16030	GO:0046872	8	0.4	0
BSU_04620	GO:0009228	8	0.4	0
BSU_03640	GO:0009228	8	0.4	0
BSU_33610	GO:0046872	8	0.4	0
BSU_06020	GO:0004672	8	0.4	0
BSU_06360	GO:0046872	8	0.4	0
BSU_17680	GO:0046872	8	0.4	0
BSU_06530	GO:0004672	8	0.4	0
BSU_11650	GO:0046872	8	0.4	0
BSU_33010	GO:0046872	8	0.4	0
BSU_08880	GO:0009228	8	0.4	0
BSU_09710	GO:0004672	8	0.4	0
BSU_17040	GO:0046872	8	0.4	0
BSU_28930	GO:0004672	8	0.4	0
BSU_29560	GO:0004672	8	0.4	0
BSU_03640	GO:0009055	8	0.4	0
BSU_29680	GO:0004672	8	0.4	0
BSU_09840	GO:0004644	8	0.4	0
BSU_36230	GO:0016780	8	0.4	0
BSU_35580	GO:0016780	8	0.4	0
BSU_02740	GO:0046872	8	0.4	0
BSU_26430	GO:0046872	8	0.4	0
BSU_15680	GO:0046872	8	0.4	0
BSU_02130	GO:0016780	8	0.4	0
BSU_37100	GO:0016780	8	0.4	0
BSU_08880	GO:0004124	8	0.4	0
BSU_33610	GO:0004644	8	0.4	0
BSU_06020	GO:0004644	8	0.4	0
BSU_36760	GO:0016780	8	0.4	0
BSU_33930	GO:0046872	8	0.4	0
BSU_15780	GO:0004644	8	0.4	0
BSU_04620	GO:0004644	8	0.4	0
BSU_02000	GO:0046872	8	0.4	0
BSU_21810	GO:0046872	8	0.4	0
BSU_28000	GO:0016780	8	0.4	0
BSU_33010	GO:0004644	8	0.4	0
BSU_28300	GO:0016780	8	0.4	0
BSU_27260	GO:0016780	8	0.4	0
BSU_30400	GO:0046872	8	0.4	0
BSU_33920	GO:0046872	8	0.4	0
BSU_13450	GO:0006289	8	0.4	0
BSU_02550	GO:0046872	8	0.4	0
BSU_27260	GO:0004644	8	0.4	0
BSU_01120	GO:0006289	8	0.4	0
BSU_05980	GO:0004124	8	0.4	0
BSU_11870	GO:0004644	8	0.4	0
BSU_22030	GO:0016780	8	0.4	0
BSU_34720	GO:0046872	8	0.4	0
BSU_11610	GO:0004644	8	0.4	0
BSU_36310	GO:0004644	8	0.4	0
BSU_22440	GO:1902600	8	0.4	0
BSU_02440	GO:0004672	8	0.4	0
BSU_06020	GO:0009228	8	0.4	0
BSU_33610	GO:0009228	8	0.4	0
BSU_28130	GO:0016787	8	0.4	0
BSU_02130	GO:0015633	8	0.4	0
BSU_13610	GO:0016787	8	0.4	0
BSU_25320	GO:0016787	8	0.4	0
BSU_13660	GO:0006525	8	0.4	0
BSU_11610	GO:0008616	8	0.4	0
BSU_22360	GO:0000049	8	0.4	0
BSU_03640	GO:0015633	8	0.4	0
BSU_09710	GO:0006525	8	0.4	0
BSU_04620	GO:0015633	8	0.4	0
BSU_15780	GO:0015633	8	0.4	0
BSU_06020	GO:0015633	8	0.4	0
BSU_25320	GO:0008616	8	0.4	0
BSU_06530	GO:0015633	8	0.4	0
BSU_25070	GO:0000049	8	0.4	0
BSU_24550	GO:0009097	8	0.4	0
BSU_11870	GO:0000049	8	0.4	0
BSU_11650	GO:0000049	8	0.4	0
BSU_03490	GO:1902600	8	0.4	0
BSU_33610	GO:0004124	8	0.4	0
BSU_06020	GO:0004124	8	0.4	0
BSU_25430	GO:0009055	8	0.4	0
BSU_22440	GO:0009097	8	0.4	0
BSU_06360	GO:0000049	8	0.4	0
BSU_33520	GO:1902600	8	0.4	0
BSU_01120	GO:1902600	8	0.4	0
BSU_03750	GO:0009097	8	0.4	0
BSU_13450	GO:1902600	8	0.4	0
BSU_01120	GO:0009097	8	0.4	0
BSU_00110	GO:0000049	8	0.4	0
BSU_02630	GO:0009097	8	0.4	0
BSU_05980	GO:0009097	8	0.4	0
BSU_21820	GO:0009097	8	0.4	0
BSU_18160	GO:0015633	8	0.4	0
BSU_06600	GO:0008616	8	0.4	0
BSU_02440	GO:0006525	8	0.4	0
BSU_09840	GO:0009228	8	0.4	0
BSU_11610	GO:0009228	8	0.4	0
BSU_11870	GO:0004784	8	0.4	0
BSU_11650	GO:0004784	8	0.4	0
BSU_18090	GO:0015633	8	0.4	0
BSU_28270	GO:0015633	8	0.4	0
BSU_15780	GO:0004124	8	0.4	0
BSU_22740	GO:0015633	8	0.4	0
BSU_11440	GO:1902600	8	0.4	0
BSU_25070	GO:0015633	8	0.4	0
BSU_04620	GO:0004124	8	0.4	0
BSU_07800	GO:1902600	8	0.4	0
BSU_38730	GO:0006525	8	0.4	0
BSU_31370	GO:0004784	8	0.4	0
BSU_37110	GO:0004784	8	0.4	0
BSU_11870	GO:0009228	8	0.4	0
BSU_38760	GO:0015633	8	0.4	0
BSU_29560	GO:0000049	8	0.4	0
BSU_35250	GO:1902600	8	0.4	0
BSU_22700	GO:0008616	8	0.4	0
BSU_13610	GO:0008616	8	0.4	0
BSU_38020	GO:0008616	8	0.4	0
BSU_38750	GO:1902600	8	0.4	0
BSU_09840	GO:0015633	8	0.4	0
BSU_15540	GO:0009228	8	0.4	0
BSU_36890	GO:0009228	8	0.4	0
BSU_27260	GO:0009228	8	0.4	0
BSU_29560	GO:0004784	8	0.4	0
BSU_02760	GO:0006525	8	0.4	0
BSU_25070	GO:0004784	8	0.4	0
BSU_14870	GO:0015633	8	0.4	0
BSU_12860	GO:0006525	8	0.4	0
BSU_22360	GO:0004784	8	0.4	0
BSU_17040	GO:0016853	8	0.4	0
BSU_11650	GO:0016853	8	0.4	0
BSU_08880	GO:0005524	8	0.4	0
BSU_08880	GO:0046872	8	0.4	0
BSU_17040	GO:0005886	8	0.4	0
BSU_09120	GO:0016491	8	0.4	0
BSU_02140	GO:0016491	8	0.4	0
BSU_11610	GO:0005886	8	0.4	0
BSU_06530	GO:0005886	8	0.4	0
BSU_22440	GO:0003962	8	0.4	0
BSU_06360	GO:0005886	8	0.4	0
BSU_06020	GO:0005886	8	0.4	0
BSU_14870	GO:0055085	8	0.4	0
BSU_28210	GO:0005886	8	0.4	0
BSU_33610	GO:0046872	8	0.4	0
BSU_13660	GO:0055085	8	0.4	0
BSU_06360	GO:0004312	8	0.4	0
BSU_06530	GO:0004312	8	0.4	0
BSU_37110	GO:0008531	8	0.4	0
BSU_18090	GO:0005886	8	0.4	0
BSU_06360	GO:0003677	8	0.4	0
BSU_22360	GO:0005886	8	0.4	0
BSU_27500	GO:0008531	8	0.4	0
BSU_17200	GO:0046872	8	0.4	0
BSU_27500	GO:0005886	8	0.4	0
BSU_11250	GO:0008531	8	0.4	0
BSU_16140	GO:0046872	8	0.4	0
BSU_15540	GO:0046872	8	0.4	0
BSU_36890	GO:0046872	8	0.4	0
BSU_38730	GO:0016491	8	0.4	0
BSU_36310	GO:0046872	8	0.4	0
BSU_29560	GO:0005886	8	0.4	0
BSU_06600	GO:0008531	8	0.4	0
BSU_01620	GO:0016491	8	0.4	0
BSU_27260	GO:0046872	8	0.4	0
BSU_06020	GO:0003677	8	0.4	0
BSU_11870	GO:0046872	8	0.4	0
BSU_06530	GO:0003677	8	0.4	0
BSU_06360	GO:0005737	8	0.4	0
BSU_12950	GO:0005737	8	0.4	0
BSU_09320	GO:0005886	8	0.4	0
BSU_40320	GO:0006144	8	0.4	0
BSU_22220	GO:0006144	8	0.4	0
BSU_38760	GO:0055085	8	0.4	0
BSU_36760	GO:0004312	8	0.4	0
BSU_02440	GO:0005737	8	0.4	0
BSU_37100	GO:0004312	8	0.4	0
BSU_16030	GO:0004312	8	0.4	0
BSU_34970	GO:0006144	8	0.4	0
BSU_21920	GO:0055085	8	0.4	0
BSU_31150	GO:0006144	8	0.4	0
BSU_09320	GO:0003677	8	0.4	0
BSU_22070	GO:0004312	8	0.4	0
BSU_01620	GO:0005524	8	0.4	0
BSU_09320	GO:0005737	8	0.4	0
BSU_29680	GO:0008253	8	0.4	0
BSU_15370	GO:0006144	8	0.4	0
BSU_27870	GO:0046872	8	0.4	0
BSU_29680	GO:0005737	8	0.4	0
BSU_17040	GO:0005737	8	0.4	0
BSU_19370	GO:0005737	8	0.4	0
BSU_22070	GO:0046872	8	0.4	0
BSU_24550	GO:0005737	8	0.4	0
BSU_18330	GO:0004312	8	0.4	0
BSU_18340	GO:0004312	8	0.4	0
BSU_29680	GO:0004312	8	0.4	0
BSU_23940	GO:0006144	8	0.4	0
BSU_37100	GO:0046872	8	0.4	0
BSU_12810	GO:0006144	8	0.4	0
BSU_25710	GO:0006144	8	0.4	0
BSU_28300	GO:0005737	8	0.4	0
BSU_37490	GO:0006144	8	0.4	0
BSU_16030	GO:0046872	8	0.4	0
BSU_27270	GO:0006144	8	0.4	0
BSU_17680	GO:0046872	8	0.4	0
BSU_36760	GO:0051992	8	0.4	0
BSU_18330	GO:0046872	8	0.4	0
BSU_18340	GO:0046872	8	0.4	0
BSU_32530	GO:0046677	8	0.4	0
BSU_12810	GO:0046677	8	0.4	0
BSU_25710	GO:0046677	8	0.4	0
BSU_37490	GO:0046677	8	0.4	0
BSU_27270	GO:0046677	8	0.4	0
BSU_06020	GO:0051992	8	0.4	0
BSU_15370	GO:0046677	8	0.4	0
BSU_13170	GO:0046677	8	0.4	0
BSU_15780	GO:0051992	8	0.4	0
BSU_31370	GO:0015293	8	0.4	0
BSU_23280	GO:0046677	8	0.4	0
BSU_40320	GO:0046677	8	0.4	0
BSU_22220	GO:0046677	8	0.4	0
BSU_15730	GO:0008531	8	0.4	0
BSU_34970	GO:0046677	8	0.4	0
BSU_25300	GO:0046677	8	0.4	0
BSU_25320	GO:0015293	8	0.4	0
BSU_25070	GO:0015293	8	0.4	0
BSU_13660	GO:0016020	8	0.4	0
BSU_24550	GO:0003962	8	0.4	0
BSU_11610	GO:0015293	8	0.4	0
BSU_06530	GO:0005886	8	0.4	0
BSU_37100	GO:0005524	8	0.4	0
BSU_06360	GO:0005886	8	0.4	0
BSU_02440	GO:0003677	8	0.4	0
BSU_23940	GO:0008531	8	0.4	0
BSU_01120	GO:0003962	8	0.4	0
BSU_02440	GO:0016020	8	0.4	0
BSU_18090	GO:0015293	8	0.4	0
BSU_02440	GO:0046677	8	0.4	0
BSU_22740	GO:0015293	8	0.4	0
BSU_02760	GO:0046677	8	0.4	0
BSU_18160	GO:0051992	8	0.4	0
BSU_02630	GO:0003962	8	0.4	0
BSU_05980	GO:0003962	8	0.4	0
BSU_11250	GO:0051992	8	0.4	0
BSU_22030	GO:0046677	8	0.4	0
BSU_03750	GO:0003962	8	0.4	0
BSU_33520	GO:0003962	8	0.4	0
BSU_27080	GO:0016491	8	0.4	0
BSU_22030	GO:0051992	8	0.4	0
BSU_28000	GO:0051992	8	0.4	0
BSU_36230	GO:0051992	8	0.4	0
BSU_35580	GO:0051992	8	0.4	0
BSU_21820	GO:0003962	8	0.4	0
BSU_37100	GO:0046677	8	0.4	0
BSU_02130	GO:0051992	8	0.4	0
BSU_36760	GO:0046677	8	0.4	0
BSU_37100	GO:0051992	8	0.4	0
BSU_22360	GO:0046872	8	0.4	0
BSU_28920	GO:0046872	8	0.4	0
BSU_23940	GO:0046677	8	0.4	0
BSU_03490	GO:0003962	8	0.4	0
BSU_00130	GO:0008531	8	0.4	0
BSU_15780	GO:0046677	8	0.4	0
BSU_02760	GO:0016491	8	0.4	0
BSU_02630	GO:0016491	8	0.4	0
BSU_05990	GO:0016491	8	0.4	0
BSU_02640	GO:0016491	8	0.4	0
BSU_11650	GO:0046677	8	0.4	0
BSU_05980	GO:0016491	8	0.4	0
BSU_28300	GO:0051992	8	0.4	0
BSU_09710	GO:0016491	8	0.4	0
BSU_15370	GO:0008531	8	0.4	0
BSU_28280	GO:0008531	8	0.4	0
BSU_25430	GO:0008531	8	0.4	0
BSU_02130	GO:0046677	8	0.4	0
BSU_27260	GO:0051992	8	0.4	0
BSU_09320	GO:0016491	8	0.4	0
BSU_11650	GO:0006144	8	0.4	0
BSU_13660	GO:0005737	8	0.4	0
BSU_09840	GO:0000310	8	0.4	0
BSU_00110	GO:0006556	8	0.4	0
BSU_22030	GO:0046942	8	0.4	0
BSU_04620	GO:0008531	8	0.4	0
BSU_13660	GO:0003677	8	0.4	0
BSU_21920	GO:0046942	8	0.4	0
BSU_06360	GO:0006556	8	0.4	0
BSU_38760	GO:0046942	8	0.4	0
BSU_13660	GO:0046942	8	0.4	0
BSU_14870	GO:0046942	8	0.4	0
BSU_02130	GO:0050660	8	0.4	0
BSU_37100	GO:0008531	8	0.4	0
BSU_03640	GO:0050660	8	0.4	0
BSU_05980	GO:0046942	8	0.4	0
BSU_02640	GO:0046942	8	0.4	0
BSU_05990	GO:0046942	8	0.4	0
BSU_02630	GO:0046942	8	0.4	0
BSU_13450	GO:0003678	8	0.4	0
BSU_23280	GO:0050660	8	0.4	0
BSU_21810	GO:0050660	8	0.4	0
BSU_18090	GO:0006355	8	0.4	0
BSU_00850	GO:0003678	8	0.4	0
BSU_38020	GO:0016853	8	0.4	0
BSU_11610	GO:0008237	8	0.4	0
BSU_10640	GO:0006355	8	0.4	0
BSU_02130	GO:0006556	8	0.4	0
BSU_16140	GO:0006355	8	0.4	0
BSU_37110	GO:0006556	8	0.4	0
BSU_01120	GO:0003678	8	0.4	0
BSU_12810	GO:0034219	8	0.4	0
BSU_33221	GO:0003678	8	0.4	0
BSU_09840	GO:0050660	8	0.4	0
BSU_12950	GO:0003677	8	0.4	0
BSU_31370	GO:0006556	8	0.4	0
BSU_21500	GO:0006355	8	0.4	0
BSU_02440	GO:0046942	8	0.4	0
BSU_04620	GO:0050660	8	0.4	0
BSU_02630	GO:0004312	8	0.4	0
BSU_38730	GO:0046942	8	0.4	0
BSU_16030	GO:0016853	8	0.4	0
BSU_02760	GO:0046942	8	0.4	0
BSU_33010	GO:0004124	8	0.4	0
BSU_03640	GO:0016853	8	0.4	0
BSU_33010	GO:0000310	8	0.4	0
BSU_09710	GO:0008514	8	0.4	0
BSU_27260	GO:0000310	8	0.4	0
BSU_12950	GO:0008514	8	0.4	0
BSU_11870	GO:0000310	8	0.4	0
BSU_11610	GO:0000310	8	0.4	0
BSU_36310	GO:0000310	8	0.4	0
BSU_04620	GO:0016853	8	0.4	0
BSU_33610	GO:0016853	8	0.4	0
BSU_11870	GO:0004124	8	0.4	0
BSU_06360	GO:0016853	8	0.4	0
BSU_11870	GO:0006556	8	0.4	0
BSU_12950	GO:0046942	8	0.4	0
BSU_33930	GO:0016853	8	0.4	0
BSU_11610	GO:0050660	8	0.4	0
BSU_15780	GO:0050660	8	0.4	0
BSU_06020	GO:0050660	8	0.4	0
BSU_06530	GO:0050660	8	0.4	0
BSU_22700	GO:0006355	8	0.4	0
BSU_30210	GO:0003910	8	0.4	0
BSU_13610	GO:0006355	8	0.4	0
BSU_39350	GO:0006355	8	0.4	0
BSU_34590	GO:0046942	8	0.4	0
BSU_14870	GO:0050660	8	0.4	0
BSU_01620	GO:0046942	8	0.4	0
BSU_23280	GO:0008531	8	0.4	0
BSU_17140	GO:0006355	8	0.4	0
BSU_11650	GO:0006556	8	0.4	0
BSU_02760	GO:0008514	8	0.4	0
BSU_22700	GO:0016853	8	0.4	0
BSU_03490	GO:0003678	8	0.4	0
BSU_10120	GO:0016853	8	0.4	0
BSU_33520	GO:0003678	8	0.4	0
BSU_25320	GO:0006144	8	0.4	0
BSU_31150	GO:0005524	8	0.4	0
BSU_34460	GO:0031222	8	0.4	0
BSU_39260	GO:0031222	8	0.4	0
BSU_40320	GO:0000287	8	0.4	0
BSU_15780	GO:0008253	8	0.4	0
BSU_27030	GO:0031222	8	0.4	0
BSU_10300	GO:0000287	8	0.4	0
BSU_30980	GO:0031222	8	0.4	0
BSU_33520	GO:0008253	8	0.4	0
BSU_29680	GO:0000287	8	0.4	0
BSU_28760	GO:0000287	8	0.4	0
BSU_25710	GO:0031222	8	0.4	0
BSU_38760	GO:0000287	8	0.4	0
BSU_38750	GO:0000287	8	0.4	0
BSU_14870	GO:0008253	8	0.4	0
BSU_13610	GO:0006144	8	0.4	0
BSU_22740	GO:0008531	8	0.4	0
BSU_15780	GO:0004312	8	0.4	0
BSU_05980	GO:0004312	8	0.4	0
BSU_27080	GO:0005737	8	0.4	0
BSU_22030	GO:0055085	8	0.4	0
BSU_03640	GO:0004312	8	0.4	0
BSU_21820	GO:0004312	8	0.4	0
BSU_03750	GO:0004312	8	0.4	0
BSU_38730	GO:0005737	8	0.4	0
BSU_38750	GO:0008253	8	0.4	0
BSU_25300	GO:0006144	8	0.4	0
BSU_06020	GO:0004312	8	0.4	0
BSU_33610	GO:0004312	8	0.4	0
BSU_28130	GO:0006144	8	0.4	0
BSU_38760	GO:0008253	8	0.4	0
BSU_23280	GO:0006144	8	0.4	0
BSU_12810	GO:0031222	8	0.4	0
BSU_18160	GO:0008253	8	0.4	0
BSU_14870	GO:0000287	8	0.4	0
BSU_02550	GO:0005524	8	0.4	0
BSU_11870	GO:0008531	8	0.4	0
BSU_00130	GO:0003910	8	0.4	0
BSU_02760	GO:0005524	8	0.4	0
BSU_17680	GO:0005524	8	0.4	0
BSU_25320	GO:0005524	8	0.4	0
BSU_09120	GO:0005524	8	0.4	0
BSU_22440	GO:0003678	8	0.4	0
BSU_04620	GO:0031222	8	0.4	0
BSU_15680	GO:0003910	8	0.4	0
BSU_38020	GO:0003910	8	0.4	0
BSU_25710	GO:0008237	8	0.4	0
BSU_12810	GO:0008237	8	0.4	0
BSU_25320	GO:0008237	8	0.4	0
BSU_38730	GO:0055085	8	0.4	0
BSU_06530	GO:0031222	8	0.4	0
BSU_29130	GO:0003678	8	0.4	0
BSU_22360	GO:0008531	8	0.4	0
BSU_15780	GO:0000287	8	0.4	0
BSU_02130	GO:0008253	8	0.4	0
BSU_23480	GO:0008253	8	0.4	0
BSU_18340	GO:0008531	8	0.4	0
BSU_18160	GO:0000287	8	0.4	0
BSU_18330	GO:0008531	8	0.4	0
BSU_06020	GO:0000287	8	0.4	0
BSU_33520	GO:0000287	8	0.4	0
BSU_29680	GO:0055085	8	0.4	0
BSU_16030	GO:0008253	8	0.4	0
BSU_27260	GO:0008531	8	0.4	0
BSU_14870	GO:0005524	8	0.4	0
BSU_03640	GO:0031222	8	0.4	0
BSU_02130	GO:0000287	8	0.4	0
BSU_07800	GO:0003678	8	0.4	0
BSU_03640	GO:0004644	8	0.4	0
BSU_03490	GO:0006289	8	0.4	0
BSU_33010	GO:0006397	8	0.4	0
BSU_19370	GO:0016829	8	0.4	0
BSU_02630	GO:0006364	8	0.4	0
BSU_05980	GO:0006364	8	0.4	0
BSU_22700	GO:0009423	8	0.4	1
BSU_21820	GO:0006364	8	0.4	0
BSU_03750	GO:0006364	8	0.4	0
BSU_29680	GO:0016829	8	0.4	0
BSU_32440	GO:0042907	8	0.4	1
BSU_33520	GO:0006364	8	0.4	0
BSU_28300	GO:0016829	8	0.4	0
BSU_01070	GO:0032549	8	0.4	1
BSU_09320	GO:0005524	8	0.4	1
BSU_15780	GO:0006364	8	0.4	0
BSU_38760	GO:0016829	8	0.4	0
BSU_38750	GO:0016829	8	0.4	0
BSU_02760	GO:0016887	8	0.4	0
BSU_33930	GO:0005524	8	0.4	1
BSU_07800	GO:0006289	8	0.4	0
BSU_03750	GO:0004527	8	0.4	0
BSU_09840	GO:0004849	8	0.4	0
BSU_05980	GO:0051920	8	0.4	0
BSU_08880	GO:0051920	8	0.4	0
BSU_36760	GO:0006364	8	0.4	0
BSU_16030	GO:0006364	8	0.4	0
BSU_01260	GO:0019843	8	0.4	1
BSU_22070	GO:0051920	8	0.4	0
BSU_22070	GO:0006364	8	0.4	0
BSU_01120	GO:0006364	8	0.4	0
BSU_09710	GO:0055085	8	0.4	1
BSU_25710	GO:0005576	8	0.4	1
BSU_28130	GO:0006782	8	0.4	1
BSU_16030	GO:0051920	8	0.4	0
BSU_37100	GO:0051920	8	0.4	0
BSU_36760	GO:0051920	8	0.4	0
BSU_06020	GO:0006364	8	0.4	0
BSU_33610	GO:0006364	8	0.4	0
BSU_14870	GO:0071555	8	0.4	0
BSU_02130	GO:0016829	8	0.4	0
BSU_01280	GO:0022625	8	0.4	1
BSU_02740	GO:0003677	8	0.4	1
BSU_22120	GO:0005737	8	0.4	0
BSU_17210	GO:0004312	8	0.4	1
BSU_14870	GO:0016491	8	0.4	1
BSU_27080	GO:0005737	8	0.4	0
BSU_17040	GO:0005737	8	0.4	0
BSU_00110	GO:0008615	8	0.4	1
BSU_00110	GO:0071555	8	0.4	0
BSU_06360	GO:0006177	8	0.4	1
BSU_02440	GO:0005737	8	0.4	0
BSU_03490	GO:0090529	8	0.4	0
BSU_16140	GO:0005737	8	0.4	1
BSU_02440	GO:0071555	8	0.4	0
BSU_01120	GO:0090529	8	0.4	0
BSU_26390	GO:0005737	8	0.4	0
BSU_27260	GO:0004124	8	0.4	1
BSU_09840	GO:0003824	8	0.4	1
BSU_18340	GO:0017000	8	0.4	1
BSU_07800	GO:0016829	8	0.4	0
BSU_13220	GO:0016020	8	0.4	1
BSU_03600	GO:0015811	8	0.4	1
BSU_02440	GO:0016887	8	0.4	0
BSU_36310	GO:0006364	8	0.4	0
BSU_40410	GO:0000160	8	0.4	1
BSU_27260	GO:0006364	8	0.4	0
BSU_15540	GO:0016491	8	0.4	1
BSU_33010	GO:0006364	8	0.4	0
BSU_01120	GO:0016829	8	0.4	0
BSU_28280	GO:0046872	8	0.4	1
BSU_00760	GO:0019752	8	0.4	1
BSU_23480	GO:0071555	8	0.4	1
BSU_12860	GO:0005886	8	0.4	1
BSU_35250	GO:0006289	8	0.4	0
BSU_03640	GO:0051920	8	0.4	0
BSU_04620	GO:0051920	8	0.4	0
BSU_15780	GO:0051920	8	0.4	0
BSU_00110	GO:0042823	8	0.4	1
BSU_06020	GO:0051082	8	0.4	1
BSU_04620	GO:0009055	8	0.4	0
BSU_09840	GO:0003723	8	0.4	0
BSU_39490	GO:0015184	8	0.4	1
BSU_09120	GO:0071555	8	0.4	1
BSU_28920	GO:0004527	8	0.4	0
BSU_38760	GO:0005737	8	0.4	0
BSU_22740	GO:0009055	8	0.4	0
BSU_38750	GO:0005737	8	0.4	0
BSU_36310	GO:0003723	8	0.4	0
BSU_14870	GO:0005737	8	0.4	0
BSU_11870	GO:0003723	8	0.4	0
BSU_18160	GO:0005737	8	0.4	0
BSU_27260	GO:0003723	8	0.4	0
BSU_29680	GO:0005737	8	0.4	0
BSU_01480	GO:0140098	8	0.4	1
BSU_17140	GO:0004315	8	0.4	1
BSU_39660	GO:0004527	8	0.4	0
BSU_36870	GO:0006364	8	0.4	0
BSU_22120	GO:0005737	8	0.4	0
BSU_03640	GO:0003723	8	0.4	0
BSU_29130	GO:0006289	8	0.4	0
BSU_21820	GO:0003723	8	0.4	0
BSU_02010	GO:0016301	8	0.4	1
BSU_04620	GO:0003723	8	0.4	0
BSU_10300	GO:0005737	8	0.4	0
BSU_15780	GO:0003723	8	0.4	0
BSU_40320	GO:0005737	8	0.4	1
BSU_16770	GO:0005829	8	0.4	1
BSU_06020	GO:0003723	8	0.4	0
BSU_21820	GO:0005737	8	0.4	1
BSU_02140	GO:0006071	8	0.4	1
BSU_22070	GO:0000310	8	0.4	1
BSU_15780	GO:0005737	8	0.4	1
BSU_33010	GO:0003723	8	0.4	0
BSU_13310	GO:0001046	8	0.4	1
BSU_15680	GO:0009307	8	0.4	0
BSU_26640	GO:0009055	8	0.4	0
BSU_09840	GO:0051920	8	0.4	0
BSU_33010	GO:0004527	8	0.4	0
BSU_30210	GO:0009307	8	0.4	0
BSU_00130	GO:0009307	8	0.4	0
BSU_28210	GO:0009307	8	0.4	0
BSU_27080	GO:0004527	8	0.4	0
BSU_38720	GO:0009307	8	0.4	0
BSU_36310	GO:0004527	8	0.4	0
BSU_27270	GO:0005829	8	0.4	1
BSU_33610	GO:0051920	8	0.4	0
BSU_06020	GO:0051920	8	0.4	0
BSU_25320	GO:0006364	8	0.4	1
BSU_36310	GO:0004849	8	0.4	0
BSU_17040	GO:0004527	8	0.4	0
BSU_33010	GO:0004849	8	0.4	0
BSU_11870	GO:0004849	8	0.4	0
BSU_02130	GO:0005737	8	0.4	0
BSU_27260	GO:0004849	8	0.4	0
BSU_28130	GO:0005829	8	0.4	1
BSU_24550	GO:0005737	8	0.4	0
BSU_19370	GO:0005737	8	0.4	0
BSU_00520	GO:0006412	8	0.4	1
BSU_28000	GO:0090529	8	0.4	1
BSU_38020	GO:0009307	8	0.4	0
BSU_27260	GO:0051920	8	0.4	0
BSU_11870	GO:0051920	8	0.4	0
BSU_25070	GO:0009055	8	0.4	0
BSU_11610	GO:0004849	8	0.4	0
BSU_11610	GO:0051920	8	0.4	0
BSU_36310	GO:0051920	8	0.4	0
BSU_16200	GO:0097588	8	0.4	1
BSU_28000	GO:0071555	8	0.4	0
BSU_08880	GO:0004644	8	0.4	0
BSU_07690	GO:0071555	8	0.4	0
BSU_32840	GO:0005737	8	0.4	0
BSU_00110	GO:0000160	8	0.4	0
BSU_24160	GO:0005737	8	0.4	0
BSU_37490	GO:0003677	8	0.4	0
BSU_35580	GO:0006065	8	0.4	1
BSU_25710	GO:0003677	8	0.4	0
BSU_12810	GO:0003677	8	0.4	0
BSU_32530	GO:0003677	8	0.4	0
BSU_25300	GO:0003677	8	0.4	0
BSU_09840	GO:0009055	8	0.4	0
BSU_32050	GO:0071555	8	0.4	0
BSU_38760	GO:0005737	8	0.4	0
BSU_16200	GO:0046872	8	0.4	0
BSU_28210	GO:0071555	8	0.4	0
BSU_23940	GO:0003677	8	0.4	0
BSU_27270	GO:0003677	8	0.4	0
BSU_28300	GO:0005737	8	0.4	0
BSU_29680	GO:0005737	8	0.4	0
BSU_38730	GO:0005737	8	0.4	0
BSU_22220	GO:0003677	8	0.4	0
BSU_11610	GO:0000160	8	0.4	0
BSU_37490	GO:0016787	8	0.4	1
BSU_03270	GO:0050660	8	0.4	1
BSU_23280	GO:0003677	8	0.4	0
BSU_38750	GO:0016020	8	0.4	1
BSU_13170	GO:0003677	8	0.4	0
BSU_36230	GO:0000160	8	0.4	0
BSU_05990	GO:0016020	8	0.4	1
BSU_15370	GO:0000160	8	0.4	0
BSU_15370	GO:0003677	8	0.4	0
BSU_40340	GO:0000160	8	0.4	0
BSU_40320	GO:0000160	8	0.4	0
BSU_34590	GO:0045121	8	0.4	0
BSU_11440	GO:0046872	8	0.4	0
BSU_12860	GO:0006865	8	0.4	1
BSU_21920	GO:0071555	8	0.4	0
BSU_29560	GO:0005737	8	0.4	0
BSU_13660	GO:0000160	8	0.4	1
BSU_16770	GO:0009089	8	0.4	1
BSU_24550	GO:0046872	8	0.4	0
BSU_19370	GO:0006096	8	0.4	1
BSU_00110	GO:0005737	8	0.4	0
BSU_01040	GO:0015934	8	0.4	1
BSU_34600	GO:0042956	8	0.4	1
BSU_06360	GO:0005737	8	0.4	0
BSU_09710	GO:0015113	8	0.4	0
BSU_14330	GO:0005886	8	0.4	1
BSU_13170	GO:0006144	8	0.4	1
BSU_18090	GO:0009055	8	0.4	0
BSU_19370	GO:0046872	8	0.4	0
BSU_02130	GO:0005737	8	0.4	0
BSU_07800	GO:0046872	8	0.4	0
BSU_02440	GO:0015113	8	0.4	0
BSU_28000	GO:0046872	8	0.4	0
BSU_02760	GO:0015113	8	0.4	0
BSU_36760	GO:0004849	8	0.4	0
BSU_16030	GO:0004849	8	0.4	0
BSU_13610	GO:0019284	8	0.4	1
BSU_25070	GO:0005737	8	0.4	0
BSU_37100	GO:0004849	8	0.4	0
BSU_01120	GO:0046872	8	0.4	0
BSU_27030	GO:0071555	8	0.4	0
BSU_18090	GO:0071555	8	0.4	0
BSU_37100	GO:0071555	8	0.4	1
BSU_11610	GO:0009055	8	0.4	0
BSU_02550	GO:0006950	8	0.4	0
BSU_38730	GO:0140359	8	0.4	1
BSU_03490	GO:0046872	8	0.4	0
BSU_02000	GO:0006950	8	0.4	0
BSU_21500	GO:0006950	8	0.4	0
BSU_22070	GO:0004849	8	0.4	0
BSU_27080	GO:0000160	8	0.4	0
BSU_28210	GO:0030163	8	0.4	1
BSU_38020	GO:0000160	8	0.4	0
BSU_10300	GO:0071555	8	0.4	0
BSU_29680	GO:0005737	8	0.4	0
BSU_38730	GO:0005737	8	0.4	0
BSU_28000	GO:0051726	8	0.4	1
BSU_01120	GO:0003746	8	0.4	1
BSU_28300	GO:0016740	8	0.4	1
BSU_02630	GO:0071555	8	0.4	0
BSU_05990	GO:0071555	8	0.4	0
BSU_02640	GO:0071555	8	0.4	0
BSU_24160	GO:0006631	8	0.4	1
BSU_05980	GO:0071555	8	0.4	0
BSU_16770	GO:0019877	8	0.4	1
BSU_36760	GO:0045121	8	0.4	0
BSU_00130	GO:0006434	8	0.4	1
BSU_23480	GO:0045121	8	0.4	0
BSU_32050	GO:0008233	8	0.4	1
BSU_11870	GO:0003824	8	0.4	1
BSU_03640	GO:0004849	8	0.4	0
BSU_33610	GO:0004849	8	0.4	0
BSU_06360	GO:0005737	8	0.4	0
BSU_26390	GO:0005515	8	0.4	1
BSU_01050	GO:0005840	8	0.4	1
BSU_06530	GO:0005737	8	0.4	0
BSU_09320	GO:0005737	8	0.4	0
BSU_26390	GO:0071555	8	0.4	0
BSU_06020	GO:0004849	8	0.4	0
BSU_02630	GO:0008320	8	0.4	1
BSU_03640	GO:0009055	8	0.4	0
BSU_12950	GO:0005737	8	0.4	0
BSU_22070	GO:0071555	8	0.4	0
BSU_13660	GO:0005737	8	0.4	0
BSU_15780	GO:0004849	8	0.4	0
BSU_04620	GO:0004849	8	0.4	0
BSU_06600	GO:0006650	8	0.4	1
BSU_26640	GO:0050661	8	0.4	1
BSU_07800	GO:0045121	8	0.4	0
BSU_11650	GO:0003677	8	0.4	0
BSU_21920	GO:0090529	8	0.4	0
BSU_38750	GO:0045121	8	0.4	0
BSU_02130	GO:0090529	8	0.4	0
BSU_02140	GO:0005737	8	0.4	0
BSU_38760	GO:0045121	8	0.4	0
BSU_36870	GO:0045121	8	0.4	0
BSU_17610	GO:0000160	8	0.4	0
BSU_36760	GO:0090529	8	0.4	0
BSU_36860	GO:0045121	8	0.4	0
BSU_01280	GO:0019843	8	0.4	1
BSU_33930	GO:0000160	8	0.4	0
BSU_15680	GO:0000160	8	0.4	0
BSU_31150	GO:0003677	8	0.4	0
BSU_34970	GO:0003677	8	0.4	0
BSU_01220	GO:0003723	8	0.4	1
BSU_12950	GO:0045121	8	0.4	0
BSU_12950	GO:0071555	8	0.4	0
BSU_32430	GO:0005886	8	0.4	1
BSU_13660	GO:0071555	8	0.4	0
BSU_38750	GO:0071555	8	0.4	0
BSU_02630	GO:0045121	8	0.4	0
BSU_38760	GO:0071555	8	0.4	0
BSU_14870	GO:0090529	8	0.4	0
BSU_03490	GO:0003824	8	0.4	1
BSU_22120	GO:0005737	8	0.4	0
BSU_06530	GO:0009055	8	0.4	0
BSU_05990	GO:0045121	8	0.4	0
BSU_22060	GO:0022857	8	0.4	1
BSU_02640	GO:0045121	8	0.4	0
BSU_05980	GO:0045121	8	0.4	0
BSU_08880	GO:0004849	8	0.4	0
BSU_33010	GO:0000156	8	0.4	1
BSU_36840	GO:0006364	8	0.4	0
BSU_33440	GO:0009055	8	0.4	0
BSU_35250	GO:0006364	8	0.4	0
BSU_17200	GO:0005829	8	0.4	0
BSU_06020	GO:0005829	8	0.4	0
BSU_33520	GO:0005524	8	0.4	0
BSU_03750	GO:0005524	8	0.4	0
BSU_21820	GO:0005524	8	0.4	0
BSU_03490	GO:0005524	8	0.4	0
BSU_30980	GO:0005978	8	0.4	1
BSU_05980	GO:0005524	8	0.4	0
BSU_02630	GO:0005524	8	0.4	0
BSU_36760	GO:0006541	8	0.4	0
BSU_16030	GO:0006541	8	0.4	0
BSU_17200	GO:0004312	8	0.4	1
BSU_36310	GO:0005829	8	0.4	0
BSU_27260	GO:0005829	8	0.4	0
BSU_01120	GO:0005524	8	0.4	0
BSU_22120	GO:0003700	8	0.4	1
BSU_15780	GO:0005829	8	0.4	0
BSU_00130	GO:0016740	8	0.4	1
BSU_02130	GO:0008889	8	0.4	1
BSU_37100	GO:0016881	8	0.4	0
BSU_06020	GO:0004527	8	0.4	0
BSU_16140	GO:0016881	8	0.4	0
BSU_33221	GO:0006289	8	0.4	0
BSU_11870	GO:0005829	8	0.4	0
BSU_27260	GO:0005829	8	0.4	0
BSU_22030	GO:0016881	8	0.4	0
BSU_36760	GO:0016881	8	0.4	0
BSU_33520	GO:0005829	8	0.4	0
BSU_36760	GO:0005829	8	0.4	0
BSU_10640	GO:0006259	8	0.4	1
BSU_22070	GO:0005829	8	0.4	0
BSU_28300	GO:0005524	8	0.4	0
BSU_06530	GO:0016874	8	0.4	1
BSU_33920	GO:0016853	8	0.4	1
BSU_17210	GO:0005829	8	0.4	0
BSU_01120	GO:0006541	8	0.4	0
BSU_06020	GO:0044183	8	0.4	1
BSU_16030	GO:0005829	8	0.4	1
BSU_04620	GO:0009229	8	0.4	0
BSU_09840	GO:0009229	8	0.4	0
BSU_11610	GO:0005829	8	0.4	0
BSU_11610	GO:0009229	8	0.4	0
BSU_14870	GO:0046872	8	0.4	1
BSU_04620	GO:0005829	8	0.4	1
BSU_24550	GO:0005524	8	0.4	0
BSU_09840	GO:0005829	8	0.4	0
BSU_19370	GO:0005524	8	0.4	0
BSU_06530	GO:0005829	8	0.4	0
BSU_36310	GO:0006541	8	0.4	0
BSU_18090	GO:0009229	8	0.4	0
BSU_22740	GO:0009229	8	0.4	0
BSU_01220	GO:0019843	8	0.4	1
BSU_02640	GO:0065002	8	0.4	1
BSU_33010	GO:0005524	8	0.4	0
BSU_10640	GO:0004529	8	0.4	1
BSU_01070	GO:0006351	8	0.4	1
BSU_03750	GO:0006541	8	0.4	0
BSU_02630	GO:0006541	8	0.4	0
BSU_05980	GO:0006541	8	0.4	0
BSU_31180	GO:0008740	8	0.4	1
BSU_03490	GO:0006541	8	0.4	0
BSU_28760	GO:0005829	8	0.4	0
BSU_21820	GO:0006541	8	0.4	0
BSU_33520	GO:0006541	8	0.4	0
BSU_02440	GO:0004527	8	0.4	0
BSU_35580	GO:0005829	8	0.4	0
BSU_36230	GO:0005829	8	0.4	0
BSU_16030	GO:0032259	8	0.4	1
BSU_15780	GO:0006541	8	0.4	0
BSU_28270	GO:0005524	8	0.4	0
BSU_28920	GO:0005524	8	0.4	0
BSU_11610	GO:0005829	8	0.4	0
BSU_06360	GO:0004527	8	0.4	0
BSU_36310	GO:0005829	8	0.4	0
BSU_28000	GO:0005524	8	0.4	0
BSU_27270	GO:0046872	8	0.4	0
BSU_00760	GO:0046872	8	0.4	0
BSU_01390	GO:0046872	8	0.4	0
BSU_15780	GO:0006397	8	0.4	0
BSU_33520	GO:0006397	8	0.4	0
BSU_03750	GO:0006397	8	0.4	0
BSU_21820	GO:0006397	8	0.4	0
BSU_17040	GO:0016020	8	0.4	0
BSU_05980	GO:0006397	8	0.4	0
BSU_02630	GO:0006397	8	0.4	0
BSU_13660	GO:0016020	8	0.4	0
BSU_40340	GO:0005829	8	0.4	0
BSU_01120	GO:0006397	8	0.4	0
BSU_01480	GO:0005829	8	0.4	0
BSU_27080	GO:0005829	8	0.4	0
BSU_16770	GO:0046872	8	0.4	0
BSU_06020	GO:0006397	8	0.4	0
BSU_29680	GO:0016020	8	0.4	0
BSU_16030	GO:0004644	8	0.4	0
BSU_31930	GO:0046872	8	0.4	0
BSU_27260	GO:0006397	8	0.4	0
BSU_33520	GO:0006289	8	0.4	0
BSU_36310	GO:0006397	8	0.4	0
BSU_22070	GO:0004644	8	0.4	0
BSU_39260	GO:0046872	8	0.4	0
BSU_37100	GO:0004644	8	0.4	0
BSU_33610	GO:0006397	8	0.4	0
BSU_36760	GO:0004644	8	0.4	0
BSU_22070	GO:0004124	8	0.4	0
BSU_17140	GO:0046872	8	0.4	0
BSU_30980	GO:0046872	8	0.4	0
BSU_15730	GO:0046872	8	0.4	0
BSU_03900	GO:0046872	8	0.4	0
BSU_22070	GO:0006397	8	0.4	0
BSU_23160	GO:0005829	8	0.4	0
BSU_16030	GO:0006397	8	0.4	0
BSU_06530	GO:0016881	8	0.4	0
BSU_12950	GO:0016881	8	0.4	0
BSU_12950	GO:0016020	8	0.4	0
BSU_15780	GO:0005829	8	0.4	0
BSU_06020	GO:0005829	8	0.4	0
BSU_09710	GO:0016881	8	0.4	0
BSU_09320	GO:0016881	8	0.4	0
BSU_09840	GO:0005829	8	0.4	0
BSU_08880	GO:0005829	8	0.4	0
BSU_06360	GO:0016881	8	0.4	0
BSU_06020	GO:0016881	8	0.4	0
BSU_22440	GO:0006289	8	0.4	0
BSU_39660	GO:0005524	8	0.4	0
BSU_02440	GO:0016881	8	0.4	0
BSU_06530	GO:0004527	8	0.4	0
BSU_36760	GO:0004124	8	0.4	0
BSU_13660	GO:0016881	8	0.4	0
BSU_36760	GO:0006397	8	0.4	0
BSU_18090	GO:0016881	8	0.4	0
BSU_06360	GO:0016020	8	0.4	0
BSU_06020	GO:0016020	8	0.4	0
BSU_22700	GO:0005829	8	0.4	0
BSU_02440	GO:0016020	8	0.4	0
BSU_36760	GO:0005829	8	0.4	0
BSU_37100	GO:0005829	8	0.4	0
BSU_26430	GO:0005524	8	0.4	0
BSU_27080	GO:0016881	8	0.4	0
BSU_17040	GO:0016881	8	0.4	0
BSU_16030	GO:0004124	8	0.4	0
BSU_34720	GO:0005524	8	0.4	0
BSU_33920	GO:0005524	8	0.4	0
BSU_22070	GO:0005829	8	0.4	0
BSU_37100	GO:0004124	8	0.4	0
BSU_33010	GO:0006541	8	0.4	0
BSU_25070	GO:0009229	8	0.4	0
BSU_25320	GO:0009229	8	0.4	0
BSU_06020	GO:0030145	8	0.4	0
BSU_07800	GO:0033554	8	0.4	0
BSU_22700	GO:0030288	8	0.4	0
BSU_03490	GO:0006364	8	0.4	0
BSU_02130	GO:0033554	8	0.4	0
BSU_28760	GO:0016491	8	0.4	1
BSU_07800	GO:0006364	8	0.4	0
BSU_26430	GO:0004527	8	0.4	0
BSU_27500	GO:0008033	8	0.4	1
BSU_26390	GO:0004527	8	0.4	0
BSU_19370	GO:0033554	8	0.4	0
BSU_22070	GO:0030145	8	0.4	0
BSU_34720	GO:0004527	8	0.4	0
BSU_08880	GO:0015935	8	0.4	1
BSU_06600	GO:0030288	8	0.4	0
BSU_38750	GO:0033554	8	0.4	0
BSU_22220	GO:0032508	8	0.4	1
BSU_08880	GO:0030145	8	0.4	0
BSU_24550	GO:0019464	8	0.4	1
BSU_35380	GO:0044780	8	0.4	1
BSU_39060	GO:0016020	8	0.4	1
BSU_15780	GO:0030145	8	0.4	0
BSU_04620	GO:0030145	8	0.4	0
BSU_06020	GO:0005524	8	0.4	1
BSU_03640	GO:0030145	8	0.4	0
BSU_01120	GO:0033554	8	0.4	0
BSU_38020	GO:0046872	8	0.4	1
BSU_01480	GO:0008033	8	0.4	1
BSU_03490	GO:0033554	8	0.4	0
BSU_36890	GO:0003677	8	0.4	0
BSU_15540	GO:0003677	8	0.4	0
BSU_29130	GO:0006364	8	0.4	0
BSU_36870	GO:0046933	8	0.4	1
BSU_38020	GO:0030288	8	0.4	0
BSU_00110	GO:0042802	8	0.4	1
BSU_00850	GO:0006364	8	0.4	0
BSU_38760	GO:0033554	8	0.4	0
BSU_16680	GO:0005737	8	0.4	1
BSU_06600	GO:0000287	8	0.4	1
BSU_01700	GO:0016835	8	0.4	1
BSU_01260	GO:0015934	8	0.4	1
BSU_09710	GO:0015295	8	0.4	0
BSU_37100	GO:0003723	8	0.4	0
BSU_16030	GO:0003723	8	0.4	0
BSU_36850	GO:0006364	8	0.4	0
BSU_10120	GO:0005829	8	0.4	1
BSU_27080	GO:0009401	8	0.4	1
BSU_22070	GO:0003723	8	0.4	0
BSU_17040	GO:0005737	8	0.4	0
BSU_08880	GO:0003723	8	0.4	0
BSU_27080	GO:0005737	8	0.4	0
BSU_05980	GO:0003723	8	0.4	0
BSU_36760	GO:0003723	8	0.4	0
BSU_05990	GO:0065002	8	0.4	1
BSU_15540	GO:0044205	8	0.4	1
BSU_16030	GO:0030145	8	0.4	0
BSU_13450	GO:0006364	8	0.4	0
BSU_28300	GO:0033554	8	0.4	0
BSU_36230	GO:0016616	8	0.4	1
BSU_11250	GO:0016740	8	0.4	1
BSU_29680	GO:0033554	8	0.4	0
BSU_38760	GO:0016682	8	0.4	1
BSU_22440	GO:0006364	8	0.4	0
BSU_10640	GO:0003723	8	0.4	0
BSU_33221	GO:0006364	8	0.4	0
BSU_15680	GO:0005829	8	0.4	1
BSU_37100	GO:0030145	8	0.4	0
BSU_17040	GO:0003723	8	0.4	0
BSU_36760	GO:0030145	8	0.4	0
BSU_25760	GO:0006352	8	0.4	1
BSU_27260	GO:0016765	8	0.4	1
BSU_33610	GO:0030145	8	0.4	0
BSU_31370	GO:0009229	8	0.4	0
BSU_27260	GO:0003677	8	0.4	0
BSU_37100	GO:0003677	8	0.4	0
BSU_11250	GO:0016597	8	0.4	1
BSU_16030	GO:0003677	8	0.4	0
BSU_18090	GO:0006259	8	0.4	0
BSU_28920	GO:0006259	8	0.4	0
BSU_39660	GO:0006259	8	0.4	0
BSU_30400	GO:0006259	8	0.4	0
BSU_22070	GO:0003677	8	0.4	0
BSU_15560	GO:0006222	8	0.4	1
BSU_01700	GO:0005829	8	0.4	0
BSU_38720	GO:0005829	8	0.4	0
BSU_02130	GO:0008081	8	0.4	1
BSU_02550	GO:0006259	8	0.4	0
BSU_11440	GO:0006289	8	0.4	0
BSU_34720	GO:0006259	8	0.4	0
BSU_02630	GO:0005524	8	0.4	0
BSU_02760	GO:0003677	8	0.4	0
BSU_21500	GO:0006259	8	0.4	0
BSU_02010	GO:0016020	8	0.4	1
BSU_33610	GO:0005524	8	0.4	0
BSU_33610	GO:0006259	8	0.4	0
BSU_34600	GO:0005886	8	0.4	1
BSU_17210	GO:0006541	8	0.4	0
BSU_36310	GO:0006259	8	0.4	0
BSU_16140	GO:0006259	8	0.4	0
BSU_22120	GO:0006259	8	0.4	0
BSU_34970	GO:0006259	8	0.4	0
BSU_03750	GO:0005524	8	0.4	0
BSU_21820	GO:0005524	8	0.4	0
BSU_05980	GO:0005524	8	0.4	0
BSU_25320	GO:0006259	8	0.4	0
BSU_39660	GO:0006541	8	0.4	0
BSU_17040	GO:0006259	8	0.4	0
BSU_02000	GO:0006259	8	0.4	0
BSU_08880	GO:0003677	8	0.4	0
BSU_02740	GO:0006259	8	0.4	0
BSU_18340	GO:0043041	8	0.4	1
BSU_11610	GO:0030145	8	0.4	0
BSU_36310	GO:0030145	8	0.4	0
BSU_23480	GO:0006289	8	0.4	0
BSU_15780	GO:0003924	8	0.4	1
BSU_22060	GO:0016020	8	0.4	1
BSU_09840	GO:0030145	8	0.4	0
BSU_09840	GO:0003677	8	0.4	0
BSU_16030	GO:0005524	8	0.4	0
BSU_35380	GO:1902210	8	0.4	1
BSU_29130	GO:0051287	8	0.4	1
BSU_02550	GO:0032993	8	0.4	1
BSU_11610	GO:0003677	8	0.4	0
BSU_22120	GO:0004527	8	0.4	0
BSU_11870	GO:0003677	8	0.4	0
BSU_33610	GO:0003677	8	0.4	0
BSU_06020	GO:0003677	8	0.4	0
BSU_01500	GO:0005737	8	0.4	1
BSU_03640	GO:0003677	8	0.4	0
BSU_39350	GO:0005829	8	0.4	0
BSU_13610	GO:0005829	8	0.4	0
BSU_22700	GO:0005829	8	0.4	0
BSU_26390	GO:0006259	8	0.4	0
BSU_26430	GO:0006259	8	0.4	0
BSU_27870	GO:0009435	8	0.4	1
BSU_02740	GO:0000976	8	0.4	1
BSU_32430	GO:0042906	8	0.4	1
BSU_33010	GO:0030145	8	0.4	0
BSU_27260	GO:0030145	8	0.4	0
BSU_04620	GO:0003677	8	0.4	0
BSU_11870	GO:0030145	8	0.4	0
BSU_25710	GO:0071555	8	0.4	1
BSU_15540	GO:0005737	8	0.4	1
BSU_09320	GO:0005886	8	0.4	0
BSU_02440	GO:0008531	8	0.4	0
BSU_06360	GO:0005737	8	0.4	0
BSU_18160	GO:0006508	8	0.4	0
BSU_06020	GO:0008168	8	0.4	0
BSU_28000	GO:0005886	8	0.4	0
BSU_39660	GO:0005886	8	0.4	0
BSU_15780	GO:0008168	8	0.4	0
BSU_34720	GO:0006281	8	0.4	0
BSU_04620	GO:0008168	8	0.4	0
BSU_26390	GO:0006281	8	0.4	0
BSU_26430	GO:0006281	8	0.4	0
BSU_03640	GO:0008168	8	0.4	0
BSU_28300	GO:0005886	8	0.4	0
BSU_05980	GO:0008168	8	0.4	0
BSU_23280	GO:0003824	8	0.4	0
BSU_08880	GO:0008168	8	0.4	0
BSU_33520	GO:0006508	8	0.4	0
BSU_39260	GO:0016829	8	0.4	0
BSU_16200	GO:0005886	8	0.4	0
BSU_01120	GO:0005886	8	0.4	0
BSU_33610	GO:0008168	8	0.4	0
BSU_33520	GO:0005886	8	0.4	0
BSU_27080	GO:0005886	8	0.4	0
BSU_15780	GO:0005886	8	0.4	0
BSU_23480	GO:0005886	8	0.4	0
BSU_36760	GO:0005886	8	0.4	0
BSU_21820	GO:0005886	8	0.4	0
BSU_33010	GO:0005886	8	0.4	0
BSU_03750	GO:0006281	8	0.4	0
BSU_39660	GO:0006281	8	0.4	0
BSU_29680	GO:0005515	8	0.4	0
BSU_03750	GO:0005886	8	0.4	0
BSU_33010	GO:0006281	8	0.4	0
BSU_27080	GO:0006281	8	0.4	0
BSU_26430	GO:0005886	8	0.4	0
BSU_28920	GO:0006281	8	0.4	0
BSU_02130	GO:0006281	8	0.4	0
BSU_11610	GO:0016829	8	0.4	0
BSU_15780	GO:0004312	8	0.4	0
BSU_22070	GO:0008168	8	0.4	0
BSU_18330	GO:0004312	8	0.4	0
BSU_18340	GO:0004312	8	0.4	0
BSU_04620	GO:0004312	8	0.4	0
BSU_29560	GO:0004312	8	0.4	0
BSU_36760	GO:0004312	8	0.4	0
BSU_37100	GO:0004312	8	0.4	0
BSU_16030	GO:0004312	8	0.4	0
BSU_36760	GO:0032259	8	0.4	0
BSU_22070	GO:0004312	8	0.4	0
BSU_08880	GO:0004312	8	0.4	0
BSU_35380	GO:0008168	8	0.4	0
BSU_00760	GO:0006525	8	0.4	0
BSU_05980	GO:0004312	8	0.4	0
BSU_02130	GO:0005198	8	0.4	0
BSU_03640	GO:0004312	8	0.4	0
BSU_32520	GO:0004425	8	0.4	0
BSU_36760	GO:0008168	8	0.4	0
BSU_10120	GO:0004425	8	0.4	0
BSU_38750	GO:0006508	8	0.4	0
BSU_31930	GO:0003824	8	0.4	0
BSU_03900	GO:0006525	8	0.4	0
BSU_25320	GO:0016829	8	0.4	0
BSU_28300	GO:0005515	8	0.4	0
BSU_31370	GO:0016829	8	0.4	0
BSU_03640	GO:0006281	8	0.4	0
BSU_15780	GO:0006281	8	0.4	0
BSU_38760	GO:0006508	8	0.4	0
BSU_06600	GO:0016829	8	0.4	0
BSU_06020	GO:0006281	8	0.4	0
BSU_06530	GO:0006281	8	0.4	0
BSU_37100	GO:0008168	8	0.4	0
BSU_18160	GO:0006281	8	0.4	0
BSU_38020	GO:0016829	8	0.4	0
BSU_15680	GO:0003677	8	0.4	0
BSU_09320	GO:0140359	8	0.4	0
BSU_10120	GO:0003677	8	0.4	0
BSU_22700	GO:0003677	8	0.4	0
BSU_36840	GO:0140581	8	0.4	0
BSU_15540	GO:0016798	8	0.4	0
BSU_01700	GO:0008652	8	0.4	0
BSU_32050	GO:0006465	8	0.4	0
BSU_34590	GO:0140581	8	0.4	0
BSU_38720	GO:0008652	8	0.4	0
BSU_09710	GO:0006465	8	0.4	0
BSU_14060	GO:0003824	8	0.4	0
BSU_00760	GO:0008652	8	0.4	0
BSU_16770	GO:0008652	8	0.4	0
BSU_28130	GO:0008652	8	0.4	0
BSU_33010	GO:0008168	8	0.4	0
BSU_27260	GO:0008168	8	0.4	0
BSU_26430	GO:0005515	8	0.4	0
BSU_17140	GO:0008652	8	0.4	0
BSU_36890	GO:0016798	8	0.4	0
BSU_38750	GO:0140581	8	0.4	0
BSU_35250	GO:0140581	8	0.4	0
BSU_25300	GO:0008652	8	0.4	0
BSU_02440	GO:0005737	8	0.4	0
BSU_26640	GO:0003824	8	0.4	0
BSU_07800	GO:0140581	8	0.4	0
BSU_23160	GO:0140098	8	0.4	0
BSU_06020	GO:0016798	8	0.4	0
BSU_33610	GO:0016798	8	0.4	0
BSU_25430	GO:0140098	8	0.4	0
BSU_03270	GO:0003824	8	0.4	0
BSU_09840	GO:0016798	8	0.4	0
BSU_27500	GO:0140098	8	0.4	0
BSU_11610	GO:0016798	8	0.4	0
BSU_11870	GO:0016798	8	0.4	0
BSU_11440	GO:0140581	8	0.4	0
BSU_27260	GO:0016798	8	0.4	0
BSU_12950	GO:0016020	8	0.4	0
BSU_13660	GO:0016020	8	0.4	0
BSU_38760	GO:0016020	8	0.4	0
BSU_06020	GO:0016020	8	0.4	0
BSU_09840	GO:0008168	8	0.4	0
BSU_33520	GO:0140581	8	0.4	0
BSU_01620	GO:0140359	8	0.4	0
BSU_11870	GO:0006525	8	0.4	0
BSU_36310	GO:0006281	8	0.4	0
BSU_31150	GO:0140359	8	0.4	0
BSU_06360	GO:0016020	8	0.4	0
BSU_13260	GO:0140359	8	0.4	0
BSU_39660	GO:0005515	8	0.4	0
BSU_28930	GO:0140359	8	0.4	0
BSU_02440	GO:0016020	8	0.4	0
BSU_28270	GO:0006281	8	0.4	0
BSU_27080	GO:0140359	8	0.4	0
BSU_14870	GO:0140359	8	0.4	0
BSU_02010	GO:0140359	8	0.4	0
BSU_09600	GO:0140359	8	0.4	0
BSU_36870	GO:0140581	8	0.4	0
BSU_36310	GO:0008168	8	0.4	0
BSU_36860	GO:0140581	8	0.4	0
BSU_36850	GO:0140581	8	0.4	0
BSU_21920	GO:0016020	8	0.4	0
BSU_13610	GO:0008652	8	0.4	0
BSU_11870	GO:0008168	8	0.4	0
BSU_34720	GO:0005515	8	0.4	0
BSU_21820	GO:0006508	8	0.4	0
BSU_09610	GO:0140359	8	0.4	0
BSU_22030	GO:0016020	8	0.4	0
BSU_15370	GO:0003824	8	0.4	0
BSU_29680	GO:0016020	8	0.4	0
BSU_27870	GO:0003824	8	0.4	0
BSU_32450	GO:0003824	8	0.4	0
BSU_26420	GO:0140359	8	0.4	0
BSU_21820	GO:0004312	8	0.4	0
BSU_01120	GO:0032259	8	0.4	0
BSU_03640	GO:0016798	8	0.4	0
BSU_18090	GO:0051775	8	0.4	0
BSU_28760	GO:0006412	8	0.4	0
BSU_08880	GO:0006525	8	0.4	0
BSU_28300	GO:0006412	8	0.4	0
BSU_28270	GO:0006412	8	0.4	0
BSU_38760	GO:0006412	8	0.4	0
BSU_28270	GO:0003824	8	0.4	0
BSU_11650	GO:0042823	8	0.4	0
BSU_38750	GO:0006412	8	0.4	0
BSU_11870	GO:0042823	8	0.4	0
BSU_10640	GO:0051775	8	0.4	0
BSU_36310	GO:0051775	8	0.4	0
BSU_27080	GO:0051775	8	0.4	0
BSU_16140	GO:0051775	8	0.4	0
BSU_19370	GO:0006412	8	0.4	0
BSU_01120	GO:0008705	8	0.4	0
BSU_06360	GO:0042823	8	0.4	0
BSU_29680	GO:0006412	8	0.4	0
BSU_24160	GO:0003824	8	0.4	0
BSU_33010	GO:0005515	8	0.4	0
BSU_06360	GO:0016491	8	0.4	0
BSU_29560	GO:0005198	8	0.4	0
BSU_35380	GO:0005198	8	0.4	0
BSU_22070	GO:0006525	8	0.4	0
BSU_22070	GO:0071555	8	0.4	0
BSU_02130	GO:0042823	8	0.4	0
BSU_22120	GO:0051775	8	0.4	0
BSU_32840	GO:0003824	8	0.4	0
BSU_16030	GO:0071555	8	0.4	0
BSU_37110	GO:0042823	8	0.4	0
BSU_31370	GO:0042823	8	0.4	0
BSU_25070	GO:0003824	8	0.4	0
BSU_22030	GO:0071555	8	0.4	0
BSU_37110	GO:0016491	8	0.4	0
BSU_17040	GO:0051775	8	0.4	0
BSU_02630	GO:0008705	8	0.4	0
BSU_37110	GO:0005198	8	0.4	0
BSU_05980	GO:0008705	8	0.4	0
BSU_38730	GO:0006813	8	0.4	0
BSU_03640	GO:0006525	8	0.4	0
BSU_14320	GO:0006813	8	0.4	0
BSU_14330	GO:0006813	8	0.4	0
BSU_38760	GO:0016020	8	0.4	0
BSU_04620	GO:0006525	8	0.4	0
BSU_33520	GO:0008705	8	0.4	0
BSU_02010	GO:0006813	8	0.4	0
BSU_13260	GO:0006813	8	0.4	0
BSU_21920	GO:0016020	8	0.4	0
BSU_29130	GO:0008705	8	0.4	0
BSU_38750	GO:0008705	8	0.4	0
BSU_02440	GO:0006826	8	0.4	0
BSU_38760	GO:0008705	8	0.4	0
BSU_24550	GO:0005515	8	0.4	0
BSU_13660	GO:0016020	8	0.4	0
BSU_31150	GO:0006813	8	0.4	0
BSU_28930	GO:0006813	8	0.4	0
BSU_06360	GO:0006412	8	0.4	0
BSU_21820	GO:0008705	8	0.4	0
BSU_03750	GO:0008705	8	0.4	0
BSU_02130	GO:0006412	8	0.4	0
BSU_36760	GO:0051775	8	0.4	0
BSU_37100	GO:0051775	8	0.4	0
BSU_16030	GO:0051775	8	0.4	0
BSU_19370	GO:0008705	8	0.4	0
BSU_12950	GO:0016020	8	0.4	0
BSU_24550	GO:0008705	8	0.4	0
BSU_00110	GO:0006412	8	0.4	0
BSU_22070	GO:0051775	8	0.4	0
BSU_02760	GO:0006813	8	0.4	0
BSU_09320	GO:0006813	8	0.4	0
BSU_09710	GO:0006813	8	0.4	0
BSU_26430	GO:0051775	8	0.4	0
BSU_26390	GO:0051775	8	0.4	0
BSU_28760	GO:0003824	8	0.4	0
BSU_25070	GO:0005198	8	0.4	0
BSU_06360	GO:0005198	8	0.4	0
BSU_28270	GO:0005515	8	0.4	0
BSU_38750	GO:0006526	8	0.4	0
BSU_38760	GO:0006526	8	0.4	0
BSU_33010	GO:0071555	8	0.4	0
BSU_33010	GO:0032259	8	0.4	0
BSU_27260	GO:0071555	8	0.4	0
BSU_11870	GO:0071555	8	0.4	0
BSU_11610	GO:0071555	8	0.4	0
BSU_11250	GO:0006525	8	0.4	0
BSU_36310	GO:0071555	8	0.4	0
BSU_17210	GO:0032259	8	0.4	0
BSU_33440	GO:0003824	8	0.4	0
BSU_17040	GO:0005515	8	0.4	0
BSU_09840	GO:0071555	8	0.4	0
BSU_19370	GO:0006526	8	0.4	0
BSU_07800	GO:0006526	8	0.4	0
BSU_35250	GO:0006508	8	0.4	0
BSU_03750	GO:0032259	8	0.4	0
BSU_06020	GO:0004312	8	0.4	0
BSU_33610	GO:0004312	8	0.4	0
BSU_02630	GO:0032259	8	0.4	0
BSU_05980	GO:0032259	8	0.4	0
BSU_31370	GO:0005198	8	0.4	0
BSU_03490	GO:0032259	8	0.4	0
BSU_33520	GO:0032259	8	0.4	0
BSU_03490	GO:0006526	8	0.4	0
BSU_09840	GO:0004312	8	0.4	0
BSU_21810	GO:0003824	8	0.4	0
BSU_36310	GO:0004312	8	0.4	0
BSU_15780	GO:0032259	8	0.4	0
BSU_32520	GO:0006525	8	0.4	0
BSU_01120	GO:0006526	8	0.4	0
BSU_00110	GO:0005198	8	0.4	0
BSU_29560	GO:0016491	8	0.4	0
BSU_37100	GO:0006525	8	0.4	0
BSU_30400	GO:0051775	8	0.4	0
BSU_35580	GO:0003824	8	0.4	0
BSU_03750	GO:0051775	8	0.4	0
BSU_33010	GO:0051775	8	0.4	0
BSU_22360	GO:0005198	8	0.4	0
BSU_28920	GO:0051775	8	0.4	0
BSU_39660	GO:0051775	8	0.4	0
BSU_11870	GO:0016491	8	0.4	0
BSU_28300	GO:0051775	8	0.4	0
BSU_34720	GO:0051775	8	0.4	0
BSU_31370	GO:0003824	8	0.4	0
BSU_11650	GO:0016491	8	0.4	0
BSU_02740	GO:0051775	8	0.4	0
BSU_08880	GO:0071555	8	0.4	0
BSU_00110	GO:0016491	8	0.4	0
BSU_03640	GO:0071555	8	0.4	0
BSU_04620	GO:0071555	8	0.4	0
BSU_02630	GO:0006526	8	0.4	0
BSU_16030	GO:0006525	8	0.4	0
BSU_05980	GO:0006526	8	0.4	0
BSU_11650	GO:0005198	8	0.4	0
BSU_21820	GO:0006526	8	0.4	0
BSU_03750	GO:0006526	8	0.4	0
BSU_33520	GO:0006526	8	0.4	0
BSU_11870	GO:0005198	8	0.4	0
BSU_33610	GO:0071555	8	0.4	0
BSU_36230	GO:0003824	8	0.4	0
BSU_06020	GO:0071555	8	0.4	0
BSU_22360	GO:0016491	8	0.4	0
BSU_09840	GO:0051775	8	0.4	0
BSU_38760	GO:0051775	8	0.4	0
BSU_38730	GO:0051775	8	0.4	0
BSU_15780	GO:0071555	8	0.4	0
BSU_04620	GO:0016798	8	0.4	0
BSU_08880	GO:0016798	8	0.4	0
BSU_09840	GO:0015293	8	0.4	0
BSU_39260	GO:0042838	8	0.4	0
BSU_02630	GO:0004659	8	0.4	0
BSU_01120	GO:0009097	8	0.4	0
BSU_01700	GO:0042838	8	0.4	0
BSU_38720	GO:0042838	8	0.4	0
BSU_05980	GO:0004659	8	0.4	0
BSU_21820	GO:0004659	8	0.4	0
BSU_00760	GO:0042838	8	0.4	0
BSU_16770	GO:0042838	8	0.4	0
BSU_28130	GO:0042838	8	0.4	0
BSU_17140	GO:0042838	8	0.4	0
BSU_03750	GO:0004659	8	0.4	0
BSU_02760	GO:0015793	8	0.4	0
BSU_13610	GO:0042838	8	0.4	0
BSU_19370	GO:0009097	8	0.4	0
BSU_22700	GO:0042838	8	0.4	0
BSU_02630	GO:0009097	8	0.4	0
BSU_05980	GO:0009097	8	0.4	0
BSU_09710	GO:0035435	8	0.4	0
BSU_27260	GO:0016491	8	0.4	0
BSU_03640	GO:0004315	8	0.4	0
BSU_35250	GO:0042802	8	0.4	0
BSU_11610	GO:0005886	8	0.4	0
BSU_08880	GO:0004315	8	0.4	0
BSU_22070	GO:0004315	8	0.4	0
BSU_22440	GO:0004659	8	0.4	0
BSU_02760	GO:0031460	8	0.4	0
BSU_01120	GO:0004659	8	0.4	0
BSU_37100	GO:0004315	8	0.4	0
BSU_11870	GO:0016491	8	0.4	0
BSU_03750	GO:0009097	8	0.4	0
BSU_21820	GO:0009097	8	0.4	0
BSU_11610	GO:0016491	8	0.4	0
BSU_36310	GO:0016491	8	0.4	0
BSU_22440	GO:0009097	8	0.4	0
BSU_38760	GO:0009097	8	0.4	0
BSU_02740	GO:0003700	8	0.4	0
BSU_37110	GO:0030488	8	0.4	0
BSU_33610	GO:0016491	8	0.4	0
BSU_06020	GO:0016491	8	0.4	0
BSU_19370	GO:0009099	8	0.4	0
BSU_25070	GO:0030488	8	0.4	0
BSU_01120	GO:0009099	8	0.4	0
BSU_02630	GO:0009099	8	0.4	0
BSU_05980	GO:0009099	8	0.4	0
BSU_03750	GO:0003700	8	0.4	0
BSU_33010	GO:0003700	8	0.4	0
BSU_28920	GO:0003700	8	0.4	0
BSU_29560	GO:0030488	8	0.4	0
BSU_39660	GO:0003700	8	0.4	0
BSU_11870	GO:0008615	8	0.4	0
BSU_30400	GO:0003700	8	0.4	0
BSU_34720	GO:0003700	8	0.4	0
BSU_22440	GO:0009099	8	0.4	0
BSU_22360	GO:0030488	8	0.4	0
BSU_19370	GO:0042802	8	0.4	0
BSU_33520	GO:0009099	8	0.4	0
BSU_31370	GO:0030488	8	0.4	0
BSU_38750	GO:0009097	8	0.4	0
BSU_18160	GO:0009097	8	0.4	0
BSU_29560	GO:0008615	8	0.4	0
BSU_06360	GO:0030488	8	0.4	0
BSU_33520	GO:0009097	8	0.4	0
BSU_25070	GO:0008615	8	0.4	0
BSU_38760	GO:0009099	8	0.4	0
BSU_18160	GO:0009099	8	0.4	0
BSU_09320	GO:0015793	8	0.4	0
BSU_11650	GO:0030488	8	0.4	0
BSU_11870	GO:0030488	8	0.4	0
BSU_38750	GO:0009099	8	0.4	0
BSU_09710	GO:0015793	8	0.4	0
BSU_04620	GO:0004315	8	0.4	0
BSU_33610	GO:0004315	8	0.4	0
BSU_36840	GO:0042802	8	0.4	0
BSU_09840	GO:0005886	8	0.4	0
BSU_15780	GO:0009252	8	0.4	0
BSU_09840	GO:0033609	8	0.4	0
BSU_21920	GO:0006071	8	0.4	0
BSU_11610	GO:0033609	8	0.4	0
BSU_13660	GO:0006071	8	0.4	0
BSU_14870	GO:0033609	8	0.4	0
BSU_14870	GO:0006071	8	0.4	0
BSU_14330	GO:0031460	8	0.4	0
BSU_14320	GO:0031460	8	0.4	0
BSU_09710	GO:0006071	8	0.4	0
BSU_36760	GO:0005886	8	0.4	0
BSU_38750	GO:0042802	8	0.4	0
BSU_01620	GO:0031460	8	0.4	0
BSU_36310	GO:0009252	8	0.4	0
BSU_17210	GO:0005886	8	0.4	0
BSU_18160	GO:0033609	8	0.4	0
BSU_06530	GO:0033609	8	0.4	0
BSU_22030	GO:0006071	8	0.4	0
BSU_04620	GO:0033609	8	0.4	0
BSU_33010	GO:0033609	8	0.4	0
BSU_03640	GO:0033609	8	0.4	0
BSU_16030	GO:0009252	8	0.4	0
BSU_32450	GO:0033609	8	0.4	0
BSU_02130	GO:0033609	8	0.4	0
BSU_01120	GO:0009252	8	0.4	0
BSU_15780	GO:0033609	8	0.4	0
BSU_33520	GO:0009252	8	0.4	0
BSU_02630	GO:0009252	8	0.4	0
BSU_05980	GO:0009252	8	0.4	0
BSU_03490	GO:0009252	8	0.4	0
BSU_06020	GO:0033609	8	0.4	0
BSU_21820	GO:0009252	8	0.4	0
BSU_03750	GO:0009252	8	0.4	0
BSU_38730	GO:0031460	8	0.4	0
BSU_18330	GO:0005886	8	0.4	0
BSU_33010	GO:0009252	8	0.4	0
BSU_14870	GO:0031460	8	0.4	0
BSU_06020	GO:0005886	8	0.4	0
BSU_15540	GO:0004315	8	0.4	0
BSU_36890	GO:0004315	8	0.4	0
BSU_02440	GO:0035435	8	0.4	0
BSU_27080	GO:0031460	8	0.4	0
BSU_06530	GO:0005886	8	0.4	0
BSU_27260	GO:0004315	8	0.4	0
BSU_16140	GO:0004315	8	0.4	0
BSU_11870	GO:0004315	8	0.4	0
BSU_18160	GO:0005886	8	0.4	0
BSU_11610	GO:0004315	8	0.4	0
BSU_09710	GO:0031460	8	0.4	0
BSU_09840	GO:0004315	8	0.4	0
BSU_09320	GO:0031460	8	0.4	0
BSU_15780	GO:0005886	8	0.4	0
BSU_04620	GO:0005886	8	0.4	0
BSU_18340	GO:0005886	8	0.4	0
BSU_31150	GO:0031460	8	0.4	0
BSU_17680	GO:0005886	8	0.4	0
BSU_21810	GO:0005886	8	0.4	0
BSU_33010	GO:0005886	8	0.4	0
BSU_02630	GO:0042802	8	0.4	0
BSU_02440	GO:0006071	8	0.4	0
BSU_17210	GO:0009252	8	0.4	0
BSU_02130	GO:0005886	8	0.4	0
BSU_17680	GO:0004315	8	0.4	0
BSU_28930	GO:0031460	8	0.4	0
BSU_03640	GO:0005886	8	0.4	0
BSU_07800	GO:0042802	8	0.4	0
BSU_02760	GO:0006071	8	0.4	0
BSU_36890	GO:0016491	8	0.4	0
BSU_02760	GO:0035435	8	0.4	0
BSU_11650	GO:0008615	8	0.4	0
BSU_26430	GO:0003700	8	0.4	0
BSU_29130	GO:0042802	8	0.4	0
BSU_15560	GO:0003723	8	0.4	0
BSU_10640	GO:0005737	8	0.4	0
BSU_33920	GO:0003723	8	0.4	0
BSU_36760	GO:0016020	8	0.4	0
BSU_32450	GO:0051537	8	0.4	0
BSU_18090	GO:0005737	8	0.4	0
BSU_27870	GO:0051537	8	0.4	0
BSU_02010	GO:0015793	8	0.4	0
BSU_15370	GO:0051537	8	0.4	0
BSU_23550	GO:0051537	8	0.4	0
BSU_13260	GO:0015793	8	0.4	0
BSU_14060	GO:0051537	8	0.4	0
BSU_21920	GO:0003723	8	0.4	0
BSU_29680	GO:0016020	8	0.4	0
BSU_22070	GO:0003723	8	0.4	0
BSU_09600	GO:0015793	8	0.4	0
BSU_37100	GO:0016020	8	0.4	0
BSU_31180	GO:0003723	8	0.4	0
BSU_16030	GO:0016020	8	0.4	0
BSU_33440	GO:0051537	8	0.4	0
BSU_35580	GO:0051537	8	0.4	0
BSU_31370	GO:0004823	8	0.4	0
BSU_37110	GO:0004823	8	0.4	0
BSU_36230	GO:0051537	8	0.4	0
BSU_02130	GO:0004823	8	0.4	0
BSU_05980	GO:0003723	8	0.4	0
BSU_08880	GO:0003723	8	0.4	0
BSU_23280	GO:0051537	8	0.4	0
BSU_16030	GO:0003723	8	0.4	0
BSU_21810	GO:0051537	8	0.4	0
BSU_37100	GO:0003723	8	0.4	0
BSU_36760	GO:0003723	8	0.4	0
BSU_22070	GO:0016020	8	0.4	0
BSU_31930	GO:0051537	8	0.4	0
BSU_26390	GO:0005737	8	0.4	0
BSU_21500	GO:0005737	8	0.4	0
BSU_29680	GO:0006096	8	0.4	0
BSU_15540	GO:0003723	8	0.4	0
BSU_13660	GO:0016020	8	0.4	0
BSU_12950	GO:0016020	8	0.4	0
BSU_36760	GO:0051537	8	0.4	0
BSU_37100	GO:0051537	8	0.4	0
BSU_16030	GO:0051537	8	0.4	0
BSU_37100	GO:0016798	8	0.4	0
BSU_33610	GO:0140098	8	0.4	0
BSU_28000	GO:0042802	8	0.4	0
BSU_37100	GO:0016491	8	0.4	0
BSU_18360	GO:0140098	8	0.4	0
BSU_02440	GO:0016020	8	0.4	0
BSU_02760	GO:0005737	8	0.4	0
BSU_31180	GO:0140098	8	0.4	0
BSU_22070	GO:0016798	8	0.4	0
BSU_33920	GO:0140098	8	0.4	0
BSU_01390	GO:0140098	8	0.4	0
BSU_38760	GO:0016020	8	0.4	0
BSU_16030	GO:0016491	8	0.4	0
BSU_26640	GO:0051537	8	0.4	0
BSU_03270	GO:0051537	8	0.4	0
BSU_22070	GO:0016491	8	0.4	0
BSU_36890	GO:0003723	8	0.4	0
BSU_00110	GO:0006525	8	0.4	0
BSU_09710	GO:0140098	8	0.4	0
BSU_09320	GO:0140098	8	0.4	0
BSU_06530	GO:0140098	8	0.4	0
BSU_25300	GO:0006525	8	0.4	0
BSU_06360	GO:0140098	8	0.4	0
BSU_06020	GO:0140098	8	0.4	0
BSU_22030	GO:0016020	8	0.4	0
BSU_37110	GO:0006525	8	0.4	0
BSU_02440	GO:0140098	8	0.4	0
BSU_21920	GO:0016020	8	0.4	0
BSU_03640	GO:0003723	8	0.4	0
BSU_21820	GO:0003723	8	0.4	0
BSU_04620	GO:0003723	8	0.4	0
BSU_31370	GO:0051537	8	0.4	0
BSU_17040	GO:0006096	8	0.4	0
BSU_02440	GO:0003700	8	0.4	0
BSU_28930	GO:0015793	8	0.4	0
BSU_13660	GO:0006096	8	0.4	0
BSU_03640	GO:0016491	8	0.4	0
BSU_29560	GO:0004823	8	0.4	0
BSU_06020	GO:0003700	8	0.4	0
BSU_06530	GO:0009234	8	0.4	0
BSU_06360	GO:0003700	8	0.4	0
BSU_06530	GO:0003700	8	0.4	0
BSU_11610	GO:0006096	8	0.4	0
BSU_09320	GO:0003700	8	0.4	0
BSU_25070	GO:0004823	8	0.4	0
BSU_09710	GO:0003700	8	0.4	0
BSU_31150	GO:0015793	8	0.4	0
BSU_02130	GO:0008615	8	0.4	0
BSU_09840	GO:0009234	8	0.4	0
BSU_37110	GO:0008615	8	0.4	0
BSU_36310	GO:0003700	8	0.4	0
BSU_10640	GO:0003700	8	0.4	0
BSU_29560	GO:0006096	8	0.4	0
BSU_17040	GO:0003700	8	0.4	0
BSU_06360	GO:0008615	8	0.4	0
BSU_28930	GO:0006096	8	0.4	0
BSU_18090	GO:0009234	8	0.4	0
BSU_16140	GO:0003700	8	0.4	0
BSU_31370	GO:0008615	8	0.4	0
BSU_27080	GO:0003700	8	0.4	0
BSU_18090	GO:0003700	8	0.4	0
BSU_22360	GO:0006096	8	0.4	0
BSU_11610	GO:0009234	8	0.4	0
BSU_04620	GO:0016491	8	0.4	0
BSU_18090	GO:0006096	8	0.4	0
BSU_03640	GO:0009234	8	0.4	0
BSU_11440	GO:0042802	8	0.4	0
BSU_09710	GO:0006096	8	0.4	0
BSU_14330	GO:0015793	8	0.4	0
BSU_06600	GO:0009234	8	0.4	0
BSU_25070	GO:0051537	8	0.4	0
BSU_14320	GO:0015793	8	0.4	0
BSU_34970	GO:0009234	8	0.4	0
BSU_06360	GO:0004823	8	0.4	0
BSU_23480	GO:0042802	8	0.4	0
BSU_15560	GO:0009234	8	0.4	0
BSU_30210	GO:0009234	8	0.4	0
BSU_08880	GO:0016491	8	0.4	0
BSU_36890	GO:0009234	8	0.4	0
BSU_06020	GO:0003723	8	0.4	0
BSU_28760	GO:0051537	8	0.4	0
BSU_04620	GO:0009234	8	0.4	0
BSU_15780	GO:0003723	8	0.4	0
BSU_09840	GO:0003723	8	0.4	0
BSU_00110	GO:0004823	8	0.4	0
BSU_09320	GO:0006096	8	0.4	0
BSU_03490	GO:0042802	8	0.4	0
BSU_22360	GO:0004823	8	0.4	0
BSU_06530	GO:0006096	8	0.4	0
BSU_06360	GO:0006096	8	0.4	0
BSU_06020	GO:0006096	8	0.4	0
BSU_09840	GO:0051537	8	0.4	0
BSU_38730	GO:0015793	8	0.4	0
BSU_14870	GO:0051537	8	0.4	0
BSU_32840	GO:0051537	8	0.4	0
BSU_15540	GO:0051537	8	0.4	0
BSU_02440	GO:0006096	8	0.4	0
BSU_11870	GO:0004823	8	0.4	0
BSU_28270	GO:0051537	8	0.4	0
BSU_11650	GO:0004823	8	0.4	0
BSU_24160	GO:0051537	8	0.4	0
BSU_06020	GO:0006826	8	0.4	0
BSU_06360	GO:0006826	8	0.4	0
BSU_09710	GO:0042906	8	0.4	0
BSU_01120	GO:0006508	8	0.4	0
BSU_02630	GO:0004088	8	0.4	0
BSU_28130	GO:0016836	8	0.4	0
BSU_38760	GO:0006096	8	0.4	0
BSU_16770	GO:0016836	8	0.4	0
BSU_00760	GO:0016836	8	0.4	0
BSU_38750	GO:0006096	8	0.4	0
BSU_02130	GO:0052656	8	0.4	0
BSU_03750	GO:0006096	8	0.4	0
BSU_21820	GO:0006096	8	0.4	0
BSU_05980	GO:0006096	8	0.4	0
BSU_02630	GO:0006096	8	0.4	0
BSU_01120	GO:0006096	8	0.4	0
BSU_38760	GO:0004088	8	0.4	0
BSU_38750	GO:0004088	8	0.4	0
BSU_19370	GO:0004088	8	0.4	0
BSU_05980	GO:0004088	8	0.4	0
BSU_21820	GO:0004088	8	0.4	0
BSU_03750	GO:0004088	8	0.4	0
BSU_05990	GO:0016887	8	0.4	0
BSU_03490	GO:0140663	8	0.4	0
BSU_07800	GO:0052656	8	0.4	0
BSU_05980	GO:0016887	8	0.4	0
BSU_03490	GO:0016746	8	0.4	0
BSU_02640	GO:0016887	8	0.4	0
BSU_33520	GO:0016746	8	0.4	0
BSU_02630	GO:0016887	8	0.4	0
BSU_33520	GO:0004088	8	0.4	0
BSU_07800	GO:0140663	8	0.4	0
BSU_15780	GO:0016746	8	0.4	0
BSU_19370	GO:0140663	8	0.4	0
BSU_17140	GO:0016836	8	0.4	0
BSU_38750	GO:0140663	8	0.4	0
BSU_38760	GO:0140663	8	0.4	0
BSU_11440	GO:0140663	8	0.4	0
BSU_07800	GO:0004088	8	0.4	0
BSU_36870	GO:0006508	8	0.4	0
BSU_24550	GO:0006096	8	0.4	0
BSU_05980	GO:0016787	8	0.4	0
BSU_13260	GO:0016887	8	0.4	0
BSU_02010	GO:0016887	8	0.4	0
BSU_02630	GO:0016787	8	0.4	0
BSU_36760	GO:0005886	8	0.4	0
BSU_23480	GO:0005886	8	0.4	0
BSU_18160	GO:0005886	8	0.4	0
BSU_01620	GO:0016887	8	0.4	0
BSU_22070	GO:0016787	8	0.4	0
BSU_38750	GO:0052656	8	0.4	0
BSU_17210	GO:0005886	8	0.4	0
BSU_36850	GO:0006508	8	0.4	0
BSU_36860	GO:0006508	8	0.4	0
BSU_31150	GO:0016887	8	0.4	0
BSU_01700	GO:0016836	8	0.4	0
BSU_09600	GO:0016887	8	0.4	0
BSU_09610	GO:0016887	8	0.4	0
BSU_21820	GO:0005886	8	0.4	0
BSU_01120	GO:0004088	8	0.4	0
BSU_33520	GO:0140663	8	0.4	0
BSU_33010	GO:0016787	8	0.4	0
BSU_00110	GO:0008966	8	0.4	0
BSU_27260	GO:0016787	8	0.4	0
BSU_03490	GO:0004088	8	0.4	0
BSU_36310	GO:0016787	8	0.4	0
BSU_19370	GO:0052656	8	0.4	0
BSU_34590	GO:0006508	8	0.4	0
BSU_10300	GO:0005886	8	0.4	0
BSU_33610	GO:0016787	8	0.4	0
BSU_06020	GO:0016787	8	0.4	0
BSU_36310	GO:0005886	8	0.4	0
BSU_03750	GO:0016787	8	0.4	0
BSU_21820	GO:0016787	8	0.4	0
BSU_01120	GO:0140663	8	0.4	0
BSU_39350	GO:0016836	8	0.4	0
BSU_11440	GO:0016887	8	0.4	0
BSU_14870	GO:0016887	8	0.4	0
BSU_07800	GO:0000287	8	0.4	0
BSU_29130	GO:0006508	8	0.4	0
BSU_22360	GO:0009098	8	0.4	0
BSU_17680	GO:0000287	8	0.4	0
BSU_06020	GO:0005886	8	0.4	0
BSU_25070	GO:0009098	8	0.4	0
BSU_19370	GO:0016746	8	0.4	0
BSU_06360	GO:0005886	8	0.4	0
BSU_24550	GO:0016746	8	0.4	0
BSU_29560	GO:0009098	8	0.4	0
BSU_01120	GO:0000287	8	0.4	0
BSU_01700	GO:0009098	8	0.4	0
BSU_00110	GO:0000287	8	0.4	0
BSU_38720	GO:0009098	8	0.4	0
BSU_00760	GO:0009098	8	0.4	0
BSU_13610	GO:0016836	8	0.4	0
BSU_11870	GO:0009098	8	0.4	0
BSU_11650	GO:0009098	8	0.4	0
BSU_28000	GO:0005886	8	0.4	0
BSU_22070	GO:0009089	8	0.4	0
BSU_29680	GO:0000287	8	0.4	0
BSU_28300	GO:0000287	8	0.4	0
BSU_25710	GO:0000287	8	0.4	0
BSU_12810	GO:0000287	8	0.4	0
BSU_37100	GO:0009089	8	0.4	0
BSU_32530	GO:0000287	8	0.4	0
BSU_02130	GO:0000287	8	0.4	0
BSU_25300	GO:0000287	8	0.4	0
BSU_38760	GO:0000287	8	0.4	0
BSU_38750	GO:0000287	8	0.4	0
BSU_02130	GO:0008966	8	0.4	0
BSU_19370	GO:0000287	8	0.4	0
BSU_23940	GO:0000287	8	0.4	0
BSU_16770	GO:0009098	8	0.4	0
BSU_27080	GO:0005886	8	0.4	0
BSU_28130	GO:0009098	8	0.4	0
BSU_29130	GO:0140663	8	0.4	0
BSU_38020	GO:0005737	8	0.4	0
BSU_09600	GO:0005737	8	0.4	0
BSU_09610	GO:0005737	8	0.4	0
BSU_06360	GO:0008966	8	0.4	0
BSU_21500	GO:0005737	8	0.4	0
BSU_34590	GO:0016887	8	0.4	0
BSU_29680	GO:0016887	8	0.4	0
BSU_01620	GO:0016887	8	0.4	0
BSU_22030	GO:0016887	8	0.4	0
BSU_21920	GO:0016887	8	0.4	0
BSU_36760	GO:0016746	8	0.4	0
BSU_38760	GO:0016887	8	0.4	0
BSU_38750	GO:0016887	8	0.4	0
BSU_13660	GO:0016887	8	0.4	0
BSU_06600	GO:0005737	8	0.4	0
BSU_33010	GO:0016746	8	0.4	0
BSU_17040	GO:0005886	8	0.4	0
BSU_05980	GO:0016746	8	0.4	0
BSU_17140	GO:0009098	8	0.4	0
BSU_01120	GO:0016746	8	0.4	0
BSU_39350	GO:0009098	8	0.4	0
BSU_13610	GO:0009098	8	0.4	0
BSU_22700	GO:0009098	8	0.4	0
BSU_02630	GO:0016746	8	0.4	0
BSU_21820	GO:0016746	8	0.4	0
BSU_31370	GO:0005737	8	0.4	0
BSU_03750	GO:0016746	8	0.4	0
BSU_00110	GO:0052656	8	0.4	0
BSU_23280	GO:0005737	8	0.4	0
BSU_13170	GO:0005737	8	0.4	0
BSU_28130	GO:0005737	8	0.4	0
BSU_01120	GO:0052656	8	0.4	0
BSU_28930	GO:0016887	8	0.4	0
BSU_16030	GO:0016787	8	0.4	0
BSU_06530	GO:0006826	8	0.4	0
BSU_00130	GO:0005886	8	0.4	0
BSU_38760	GO:0019344	8	0.4	0
BSU_38750	GO:0019344	8	0.4	0
BSU_21920	GO:0008889	8	0.4	0
BSU_19370	GO:0019344	8	0.4	0
BSU_28930	GO:0015093	8	0.4	0
BSU_03640	GO:0008889	8	0.4	0
BSU_07800	GO:0019344	8	0.4	0
BSU_15780	GO:0008889	8	0.4	0
BSU_31150	GO:0015093	8	0.4	0
BSU_06020	GO:0008889	8	0.4	0
BSU_06530	GO:0008889	8	0.4	0
BSU_03490	GO:0019344	8	0.4	0
BSU_18160	GO:0008889	8	0.4	0
BSU_02760	GO:0042626	8	0.4	0
BSU_01120	GO:0019344	8	0.4	0
BSU_28000	GO:0008889	8	0.4	0
BSU_28920	GO:0016740	8	0.4	0
BSU_17680	GO:0016740	8	0.4	0
BSU_09320	GO:0015093	8	0.4	0
BSU_31150	GO:0042626	8	0.4	0
BSU_09840	GO:0016740	8	0.4	0
BSU_02440	GO:0055085	8	0.4	0
BSU_28930	GO:0042626	8	0.4	0
BSU_02630	GO:0055085	8	0.4	0
BSU_05990	GO:0055085	8	0.4	0
BSU_09710	GO:0015093	8	0.4	0
BSU_16140	GO:0016740	8	0.4	0
BSU_11610	GO:0016740	8	0.4	0
BSU_02640	GO:0055085	8	0.4	0
BSU_05980	GO:0055085	8	0.4	0
BSU_36890	GO:0016740	8	0.4	0
BSU_14870	GO:0015093	8	0.4	0
BSU_15540	GO:0016740	8	0.4	0
BSU_38730	GO:0015093	8	0.4	0
BSU_30210	GO:0005886	8	0.4	0
BSU_37100	GO:0016787	8	0.4	0
BSU_01620	GO:0015093	8	0.4	0
BSU_18340	GO:0005524	8	0.4	0
BSU_18330	GO:0005524	8	0.4	0
BSU_17680	GO:0005524	8	0.4	0
BSU_18090	GO:0005886	8	0.4	0
BSU_16140	GO:0005524	8	0.4	0
BSU_15540	GO:0005524	8	0.4	0
BSU_04620	GO:0015293	8	0.4	0
BSU_36890	GO:0005524	8	0.4	0
BSU_11870	GO:0005524	8	0.4	0
BSU_28270	GO:0008889	8	0.4	0
BSU_09840	GO:0005524	8	0.4	0
BSU_11610	GO:0005886	8	0.4	0
BSU_28760	GO:0008889	8	0.4	0
BSU_04620	GO:0005524	8	0.4	0
BSU_03640	GO:0005524	8	0.4	0
BSU_28920	GO:0005524	8	0.4	0
BSU_22360	GO:0005886	8	0.4	0
BSU_25320	GO:0005524	8	0.4	0
BSU_13260	GO:0015093	8	0.4	0
BSU_23550	GO:0016836	8	0.4	0
BSU_14320	GO:0015093	8	0.4	0
BSU_14330	GO:0015093	8	0.4	0
BSU_33930	GO:0005886	8	0.4	0
BSU_15680	GO:0005886	8	0.4	0
BSU_02010	GO:0015093	8	0.4	0
BSU_22220	GO:0005886	8	0.4	0
BSU_06020	GO:0008531	8	0.4	0
BSU_38020	GO:0005886	8	0.4	0
BSU_14870	GO:0008889	8	0.4	0
BSU_27500	GO:0005886	8	0.4	0
BSU_38760	GO:0008889	8	0.4	0
BSU_29560	GO:0005886	8	0.4	0
BSU_06360	GO:0008531	8	0.4	0
BSU_03640	GO:0016740	8	0.4	0
BSU_08880	GO:0016740	8	0.4	0
BSU_24550	GO:0019344	8	0.4	0
BSU_14320	GO:0042626	8	0.4	0
BSU_38750	GO:0030152	8	0.4	0
BSU_06530	GO:0016836	8	0.4	0
BSU_36230	GO:0005886	8	0.4	0
BSU_18160	GO:0030152	8	0.4	0
BSU_21500	GO:0006355	8	0.4	0
BSU_18090	GO:0006355	8	0.4	0
BSU_16140	GO:0006355	8	0.4	0
BSU_10640	GO:0006355	8	0.4	0
BSU_33520	GO:0030152	8	0.4	0
BSU_09840	GO:0016836	8	0.4	0
BSU_11870	GO:0016836	8	0.4	0
BSU_09710	GO:0030435	8	0.4	0
BSU_15780	GO:0005886	8	0.4	0
BSU_16200	GO:0005886	8	0.4	0
BSU_02440	GO:0030435	8	0.4	0
BSU_08880	GO:0006355	8	0.4	0
BSU_04620	GO:0006355	8	0.4	0
BSU_38760	GO:0030152	8	0.4	0
BSU_18160	GO:0016787	8	0.4	0
BSU_36760	GO:0016787	8	0.4	0
BSU_14870	GO:0016887	8	0.4	0
BSU_09320	GO:0016887	8	0.4	0
BSU_38750	GO:0006508	8	0.4	0
BSU_17200	GO:0005886	8	0.4	0
BSU_02760	GO:0016887	8	0.4	0
BSU_24160	GO:0016836	8	0.4	0
BSU_09840	GO:0006355	8	0.4	0
BSU_10120	GO:0030435	8	0.4	0
BSU_22700	GO:0030435	8	0.4	0
BSU_32840	GO:0016836	8	0.4	0
BSU_23480	GO:0030152	8	0.4	0
BSU_11610	GO:0006355	8	0.4	0
BSU_14060	GO:0016836	8	0.4	0
BSU_02760	GO:0030435	8	0.4	0
BSU_07800	GO:0006508	8	0.4	0
BSU_18330	GO:0016836	8	0.4	0
BSU_30400	GO:0071555	8	0.4	0
BSU_02000	GO:0071555	8	0.4	0
BSU_34720	GO:0071555	8	0.4	0
BSU_02550	GO:0071555	8	0.4	0
BSU_13260	GO:0042626	8	0.4	0
BSU_02010	GO:0042626	8	0.4	0
BSU_11440	GO:0006508	8	0.4	0
BSU_39660	GO:0071555	8	0.4	0
BSU_02740	GO:0071555	8	0.4	0
BSU_28920	GO:0071555	8	0.4	0
BSU_02760	GO:0015093	8	0.4	0
BSU_13660	GO:0071555	8	0.4	0
BSU_14330	GO:0042626	8	0.4	0
BSU_09320	GO:0071555	8	0.4	0
BSU_02440	GO:0071555	8	0.4	0
BSU_02010	GO:0071555	8	0.4	0
BSU_09600	GO:0042626	8	0.4	0
BSU_28000	GO:0005886	8	0.4	0
BSU_09120	GO:0042626	8	0.4	0
BSU_06360	GO:0005886	8	0.4	0
BSU_14870	GO:0071555	8	0.4	0
BSU_21820	GO:0030152	8	0.4	0
BSU_09710	GO:0071555	8	0.4	0
BSU_00110	GO:0005886	8	0.4	0
BSU_36840	GO:0006508	8	0.4	0
BSU_02760	GO:0071555	8	0.4	0
BSU_09610	GO:0042626	8	0.4	0
BSU_35250	GO:0006508	8	0.4	0
BSU_18340	GO:0016836	8	0.4	0
BSU_26420	GO:0071555	8	0.4	0
BSU_26430	GO:0071555	8	0.4	0
BSU_26420	GO:0042626	8	0.4	0
BSU_13260	GO:0071555	8	0.4	0
BSU_37490	GO:0000287	8	0.4	0
BSU_27270	GO:0000287	8	0.4	0
BSU_00110	GO:0005886	8	0.4	0
BSU_22740	GO:0005886	8	0.4	0
BSU_29130	GO:0044780	8	0.4	0
BSU_06360	GO:0046872	8	0.4	0
BSU_13450	GO:0044780	8	0.4	0
BSU_00110	GO:0046872	8	0.4	0
BSU_01120	GO:0044780	8	0.4	0
BSU_11650	GO:0046872	8	0.4	0
BSU_11870	GO:0046872	8	0.4	0
BSU_21820	GO:0005515	8	0.4	0
BSU_33221	GO:0044780	8	0.4	0
BSU_33221	GO:0006284	8	0.4	0
BSU_22440	GO:0006284	8	0.4	0
BSU_18090	GO:0005886	8	0.4	0
BSU_22440	GO:0044780	8	0.4	0
BSU_28270	GO:0005886	8	0.4	0
BSU_01120	GO:0016020	8	0.4	0
BSU_37110	GO:0046872	8	0.4	0
BSU_03750	GO:0005515	8	0.4	0
BSU_00850	GO:0044780	8	0.4	0
BSU_23480	GO:0006284	8	0.4	0
BSU_04620	GO:0005886	8	0.4	0
BSU_15780	GO:0005886	8	0.4	0
BSU_07800	GO:0044780	8	0.4	0
BSU_06020	GO:0005886	8	0.4	0
BSU_06530	GO:0005886	8	0.4	0
BSU_11440	GO:0044780	8	0.4	0
BSU_18160	GO:0005886	8	0.4	0
BSU_35250	GO:0044780	8	0.4	0
BSU_28300	GO:0046872	8	0.4	0
BSU_32840	GO:0046872	8	0.4	0
BSU_24160	GO:0046872	8	0.4	0
BSU_22070	GO:0016020	8	0.4	0
BSU_11440	GO:0006284	8	0.4	0
BSU_09840	GO:0005886	8	0.4	0
BSU_22360	GO:0046872	8	0.4	0
BSU_05980	GO:0005515	8	0.4	0
BSU_14060	GO:0005886	8	0.4	0
BSU_36890	GO:0005978	8	0.4	0
BSU_33520	GO:0016020	8	0.4	0
BSU_04620	GO:0005524	8	0.4	0
BSU_04620	GO:0005978	8	0.4	0
BSU_01120	GO:0006284	8	0.4	0
BSU_33610	GO:0005524	8	0.4	0
BSU_13450	GO:0006284	8	0.4	0
BSU_11650	GO:0005978	8	0.4	0
BSU_17680	GO:0005978	8	0.4	0
BSU_00850	GO:0006284	8	0.4	0
BSU_28920	GO:0005978	8	0.4	0
BSU_11650	GO:0005524	8	0.4	0
BSU_33010	GO:0005524	8	0.4	0
BSU_22030	GO:0000160	8	0.4	0
BSU_17680	GO:0005524	8	0.4	0
BSU_28920	GO:0005524	8	0.4	0
BSU_03490	GO:0006284	8	0.4	0
BSU_03750	GO:0016020	8	0.4	0
BSU_03640	GO:0005524	8	0.4	0
BSU_34460	GO:0005978	8	0.4	0
BSU_25070	GO:0005886	8	0.4	0
BSU_15560	GO:0005978	8	0.4	0
BSU_02630	GO:0005515	8	0.4	0
BSU_28760	GO:0005886	8	0.4	0
BSU_29560	GO:0046872	8	0.4	0
BSU_23940	GO:0005978	8	0.4	0
BSU_39260	GO:0005978	8	0.4	0
BSU_33520	GO:0006284	8	0.4	0
BSU_31370	GO:0005886	8	0.4	0
BSU_27030	GO:0005978	8	0.4	0
BSU_16030	GO:0005524	8	0.4	0
BSU_29680	GO:0000160	8	0.4	0
BSU_03640	GO:0005978	8	0.4	0
BSU_21820	GO:0016020	8	0.4	0
BSU_36850	GO:0044780	8	0.4	0
BSU_36860	GO:0044780	8	0.4	0
BSU_36870	GO:0044780	8	0.4	0
BSU_03640	GO:0005886	8	0.4	0
BSU_38750	GO:0042126	8	0.4	0
BSU_28930	GO:0006826	8	0.4	0
BSU_38760	GO:0042126	8	0.4	0
BSU_29560	GO:0006826	8	0.4	0
BSU_29680	GO:0006826	8	0.4	0
BSU_06360	GO:0005515	8	0.4	0
BSU_29130	GO:0003677	8	0.4	0
BSU_01120	GO:0003677	8	0.4	0
BSU_03490	GO:0003677	8	0.4	0
BSU_07800	GO:0003677	8	0.4	0
BSU_19370	GO:0003677	8	0.4	0
BSU_38750	GO:0003677	8	0.4	0
BSU_31370	GO:0016740	8	0.4	0
BSU_33610	GO:0005515	8	0.4	0
BSU_00850	GO:0003677	8	0.4	0
BSU_15540	GO:0003824	8	0.4	0
BSU_29560	GO:0042823	8	0.4	0
BSU_24550	GO:0042126	8	0.4	0
BSU_12950	GO:0006826	8	0.4	0
BSU_19370	GO:0005515	8	0.4	0
BSU_09320	GO:0006826	8	0.4	0
BSU_09710	GO:0006826	8	0.4	0
BSU_25070	GO:0042823	8	0.4	0
BSU_22030	GO:0016020	8	0.4	0
BSU_11610	GO:0006826	8	0.4	0
BSU_13660	GO:0006826	8	0.4	0
BSU_19370	GO:0042126	8	0.4	0
BSU_27080	GO:0006826	8	0.4	0
BSU_29680	GO:0016020	8	0.4	0
BSU_17040	GO:0006826	8	0.4	0
BSU_18090	GO:0006826	8	0.4	0
BSU_22360	GO:0006826	8	0.4	0
BSU_14870	GO:0005737	8	0.4	0
BSU_07800	GO:0006284	8	0.4	0
BSU_06020	GO:0006525	8	0.4	0
BSU_33520	GO:0042126	8	0.4	0
BSU_28210	GO:0005886	8	0.4	0
BSU_33610	GO:0003677	8	0.4	0
BSU_22360	GO:0005886	8	0.4	0
BSU_33610	GO:0006525	8	0.4	0
BSU_29130	GO:0006284	8	0.4	0
BSU_07800	GO:0042126	8	0.4	0
BSU_11610	GO:0005886	8	0.4	0
BSU_27260	GO:0003677	8	0.4	0
BSU_15780	GO:0003677	8	0.4	0
BSU_02130	GO:0005886	8	0.4	0
BSU_17210	GO:0003677	8	0.4	0
BSU_36760	GO:0016020	8	0.4	0
BSU_14870	GO:0003824	8	0.4	0
BSU_16030	GO:0016020	8	0.4	0
BSU_36840	GO:0044780	8	0.4	0
BSU_06020	GO:0003677	8	0.4	0
BSU_21820	GO:0003677	8	0.4	0
BSU_11650	GO:0016740	8	0.4	0
BSU_16030	GO:0003677	8	0.4	0
BSU_35250	GO:0006284	8	0.4	0
BSU_18160	GO:0042126	8	0.4	0
BSU_25070	GO:0016740	8	0.4	0
BSU_29560	GO:0016740	8	0.4	0
BSU_36760	GO:0003677	8	0.4	0
BSU_37100	GO:0003677	8	0.4	0
BSU_22070	GO:0003677	8	0.4	0
BSU_38020	GO:0005886	8	0.4	0
BSU_00130	GO:0005886	8	0.4	0
BSU_30210	GO:0005886	8	0.4	0
BSU_02630	GO:0003677	8	0.4	0
BSU_05980	GO:0003677	8	0.4	0
BSU_15680	GO:0005886	8	0.4	0
BSU_22220	GO:0005886	8	0.4	0
BSU_31370	GO:0005978	8	0.4	0
BSU_28270	GO:0005524	8	0.4	0
BSU_21920	GO:0000160	8	0.4	0
BSU_33221	GO:0000725	8	0.4	0
BSU_08880	GO:0051082	8	0.4	0
BSU_31370	GO:0006418	8	0.4	0
BSU_37110	GO:0006418	8	0.4	0
BSU_11610	GO:0009089	8	0.4	0
BSU_25070	GO:0005886	8	0.4	0
BSU_25430	GO:0005886	8	0.4	0
BSU_02130	GO:0006418	8	0.4	0
BSU_22070	GO:0051082	8	0.4	0
BSU_16030	GO:0051082	8	0.4	0
BSU_37100	GO:0051082	8	0.4	0
BSU_36760	GO:0051082	8	0.4	0
BSU_09840	GO:0009089	8	0.4	0
BSU_33610	GO:0051082	8	0.4	0
BSU_33930	GO:0005886	8	0.4	0
BSU_15680	GO:0005886	8	0.4	0
BSU_11870	GO:0009089	8	0.4	0
BSU_25320	GO:0030420	8	0.4	0
BSU_27260	GO:0009089	8	0.4	0
BSU_15540	GO:0009089	8	0.4	0
BSU_11650	GO:0006418	8	0.4	0
BSU_01120	GO:0000725	8	0.4	0
BSU_17680	GO:0030420	8	0.4	0
BSU_16140	GO:0009089	8	0.4	0
BSU_00110	GO:0006418	8	0.4	0
BSU_22360	GO:0030420	8	0.4	0
BSU_36890	GO:0009089	8	0.4	0
BSU_05980	GO:0051082	8	0.4	0
BSU_06360	GO:0006418	8	0.4	0
BSU_15780	GO:0051082	8	0.4	0
BSU_04620	GO:0051082	8	0.4	0
BSU_21820	GO:0051082	8	0.4	0
BSU_03640	GO:0051082	8	0.4	0
BSU_09840	GO:0005886	8	0.4	0
BSU_22220	GO:0005886	8	0.4	0
BSU_38020	GO:0005886	8	0.4	0
BSU_15540	GO:0005886	8	0.4	0
BSU_13170	GO:0000287	8	0.4	0
BSU_03640	GO:0009089	8	0.4	0
BSU_22700	GO:0016836	8	0.4	0
BSU_21810	GO:0005886	8	0.4	0
BSU_23280	GO:0000287	8	0.4	0
BSU_31930	GO:0005886	8	0.4	0
BSU_28210	GO:0005886	8	0.4	0
BSU_23280	GO:0005886	8	0.4	0
BSU_35580	GO:0005886	8	0.4	0
BSU_32450	GO:0005886	8	0.4	0
BSU_27870	GO:0005886	8	0.4	0
BSU_15370	GO:0000287	8	0.4	0
BSU_15370	GO:0005886	8	0.4	0
BSU_23550	GO:0005886	8	0.4	0
BSU_08880	GO:0009089	8	0.4	0
BSU_33440	GO:0005886	8	0.4	0
BSU_22220	GO:0000287	8	0.4	0
BSU_28270	GO:0005886	8	0.4	0
BSU_22360	GO:0005886	8	0.4	0
BSU_27500	GO:0005886	8	0.4	0
BSU_33610	GO:0009089	8	0.4	0
BSU_11650	GO:0000287	8	0.4	0
BSU_29560	GO:0005886	8	0.4	0
BSU_24160	GO:0005886	8	0.4	0
BSU_32840	GO:0005886	8	0.4	0
BSU_18090	GO:0005886	8	0.4	0
BSU_06530	GO:0005886	8	0.4	0
BSU_31150	GO:0000287	8	0.4	0
BSU_16030	GO:0005515	8	0.4	0
BSU_28760	GO:0005886	8	0.4	0
BSU_04620	GO:0009089	8	0.4	0
BSU_31370	GO:0005886	8	0.4	0
BSU_11610	GO:0005886	8	0.4	0
BSU_19370	GO:0000725	8	0.4	0
BSU_11870	GO:0006418	8	0.4	0
BSU_12950	GO:0000160	8	0.4	0
BSU_21920	GO:0005737	8	0.4	0
BSU_21810	GO:0005524	8	0.4	0
BSU_02000	GO:0005524	8	0.4	0
BSU_02740	GO:0005524	8	0.4	0
BSU_02000	GO:0005978	8	0.4	0
BSU_02740	GO:0005978	8	0.4	0
BSU_10120	GO:0005524	8	0.4	0
BSU_26430	GO:0005524	8	0.4	0
BSU_38020	GO:0005978	8	0.4	0
BSU_10120	GO:0005978	8	0.4	0
BSU_31930	GO:0005524	8	0.4	0
BSU_36890	GO:0051082	8	0.4	0
BSU_15680	GO:0005978	8	0.4	0
BSU_39260	GO:0005524	8	0.4	0
BSU_17140	GO:0005524	8	0.4	0
BSU_28130	GO:0005524	8	0.4	0
BSU_34720	GO:0005524	8	0.4	0
BSU_02550	GO:0005524	8	0.4	0
BSU_33920	GO:0005524	8	0.4	0
BSU_31370	GO:0005524	8	0.4	0
BSU_33440	GO:0005978	8	0.4	0
BSU_14870	GO:0000160	8	0.4	0
BSU_28300	GO:0005524	8	0.4	0
BSU_34970	GO:0005978	8	0.4	0
BSU_28300	GO:0052656	8	0.4	0
BSU_30400	GO:0005978	8	0.4	0
BSU_33440	GO:0005524	8	0.4	0
BSU_30400	GO:0005524	8	0.4	0
BSU_34970	GO:0005524	8	0.4	0
BSU_39660	GO:0005524	8	0.4	0
BSU_33920	GO:0005978	8	0.4	0
BSU_02550	GO:0005978	8	0.4	0
BSU_21810	GO:0005978	8	0.4	0
BSU_09710	GO:0000160	8	0.4	0
BSU_30980	GO:0005524	8	0.4	0
BSU_15730	GO:0005524	8	0.4	0
BSU_03900	GO:0005524	8	0.4	0
BSU_22440	GO:0000725	8	0.4	0
BSU_11870	GO:0051082	8	0.4	0
BSU_22360	GO:0006418	8	0.4	0
BSU_18160	GO:0005737	8	0.4	0
BSU_36310	GO:0051082	8	0.4	0
BSU_00110	GO:0005737	8	0.4	0
BSU_11610	GO:0030420	8	0.4	0
BSU_02440	GO:0005737	8	0.4	0
BSU_33010	GO:0051082	8	0.4	0
BSU_09840	GO:0051082	8	0.4	0
BSU_14870	GO:0005737	8	0.4	0
BSU_33520	GO:0000725	8	0.4	0
BSU_03490	GO:0000725	8	0.4	0
BSU_13450	GO:0000725	8	0.4	0
BSU_28000	GO:0005737	8	0.4	0
BSU_27260	GO:0051082	8	0.4	0
BSU_02130	GO:0005737	8	0.4	0
BSU_12950	GO:0005737	8	0.4	0
BSU_05980	GO:0000160	8	0.4	0
BSU_16770	GO:0005524	8	0.4	0
BSU_27270	GO:0005524	8	0.4	0
BSU_00760	GO:0005524	8	0.4	0
BSU_13660	GO:0005737	8	0.4	0
BSU_01390	GO:0005524	8	0.4	0
BSU_25300	GO:0005524	8	0.4	0
BSU_29560	GO:0006418	8	0.4	0
BSU_25070	GO:0006418	8	0.4	0
BSU_02640	GO:0000160	8	0.4	0
BSU_05990	GO:0000160	8	0.4	0
BSU_01120	GO:0005515	8	0.4	0
BSU_10300	GO:0005737	8	0.4	0
BSU_02760	GO:0000160	8	0.4	0
BSU_26390	GO:0005737	8	0.4	0
BSU_27500	GO:0016887	8	0.4	0
BSU_03270	GO:0042128	8	0.4	0
BSU_36840	GO:0071555	8	0.4	0
BSU_32520	GO:0046316	8	0.4	0
BSU_22740	GO:0004222	8	0.4	0
BSU_14320	GO:0006508	8	0.4	0
BSU_14330	GO:0006508	8	0.4	0
BSU_13660	GO:0004222	8	0.4	0
BSU_24550	GO:0004047	8	0.4	0
BSU_12950	GO:0004222	8	0.4	0
BSU_17610	GO:0046316	8	0.4	0
BSU_26640	GO:0010133	8	0.4	0
BSU_06020	GO:0051539	8	0.4	0
BSU_03270	GO:0010133	8	0.4	0
BSU_28760	GO:0004047	8	0.4	0
BSU_23550	GO:0046316	8	0.4	0
BSU_14060	GO:0010133	8	0.4	0
BSU_23550	GO:0010133	8	0.4	0
BSU_15780	GO:0051539	8	0.4	0
BSU_40340	GO:0004047	8	0.4	0
BSU_24160	GO:0004222	8	0.4	0
BSU_10300	GO:0004222	8	0.4	0
BSU_16030	GO:0004047	8	0.4	0
BSU_25710	GO:0004222	8	0.4	0
BSU_38760	GO:0070681	8	0.4	0
BSU_31150	GO:0006508	8	0.4	0
BSU_28270	GO:0070681	8	0.4	0
BSU_02630	GO:0005778	8	0.4	0
BSU_02760	GO:0004222	8	0.4	0
BSU_03750	GO:0005778	8	0.4	0
BSU_12810	GO:0004222	8	0.4	0
BSU_28930	GO:0046316	8	0.4	0
BSU_33610	GO:0051539	8	0.4	0
BSU_38730	GO:0006508	8	0.4	0
BSU_11610	GO:0046316	8	0.4	0
BSU_31930	GO:0004222	8	0.4	0
BSU_33221	GO:0005778	8	0.4	0
BSU_01620	GO:0006508	8	0.4	0
BSU_38720	GO:0009245	8	0.4	0
BSU_26390	GO:0004222	8	0.4	0
BSU_04620	GO:0051539	8	0.4	0
BSU_15370	GO:0010133	8	0.4	0
BSU_22360	GO:0009245	8	0.4	0
BSU_36230	GO:0010133	8	0.4	0
BSU_06020	GO:0004747	8	0.4	0
BSU_06360	GO:0004747	8	0.4	0
BSU_33010	GO:0004047	8	0.4	0
BSU_05980	GO:0051539	8	0.4	0
BSU_27260	GO:0051301	8	0.4	0
BSU_11870	GO:0051301	8	0.4	0
BSU_33440	GO:0010133	8	0.4	0
BSU_17040	GO:0004047	8	0.4	0
BSU_06530	GO:0046316	8	0.4	0
BSU_28920	GO:0004047	8	0.4	0
BSU_35580	GO:0010133	8	0.4	0
BSU_28270	GO:0004047	8	0.4	0
BSU_17680	GO:0009245	8	0.4	0
BSU_11610	GO:0051301	8	0.4	0
BSU_31370	GO:0010133	8	0.4	0
BSU_28300	GO:0004047	8	0.4	0
BSU_36890	GO:0051301	8	0.4	0
BSU_11610	GO:0009245	8	0.4	0
BSU_18340	GO:0046316	8	0.4	0
BSU_03640	GO:0004047	8	0.4	0
BSU_18330	GO:0046316	8	0.4	0
BSU_27870	GO:0010133	8	0.4	0
BSU_32450	GO:0010133	8	0.4	0
BSU_03640	GO:0051539	8	0.4	0
BSU_23280	GO:0010133	8	0.4	0
BSU_02630	GO:0004047	8	0.4	0
BSU_05980	GO:0004047	8	0.4	0
BSU_21820	GO:0004047	8	0.4	0
BSU_06360	GO:0004047	8	0.4	0
BSU_03750	GO:0004047	8	0.4	0
BSU_11870	GO:0046316	8	0.4	0
BSU_09840	GO:0046316	8	0.4	0
BSU_04620	GO:0004047	8	0.4	0
BSU_31930	GO:0010133	8	0.4	0
BSU_33610	GO:0004047	8	0.4	0
BSU_21810	GO:0010133	8	0.4	0
BSU_38750	GO:0070681	8	0.4	0
BSU_09320	GO:0004222	8	0.4	0
BSU_09710	GO:0004222	8	0.4	0
BSU_11610	GO:0003677	8	0.4	0
BSU_31930	GO:0006631	8	0.4	0
BSU_33010	GO:0051539	8	0.4	0
BSU_27260	GO:0051539	8	0.4	0
BSU_25710	GO:0006631	8	0.4	0
BSU_01120	GO:0019464	8	0.4	0
BSU_12810	GO:0006631	8	0.4	0
BSU_11870	GO:0051539	8	0.4	0
BSU_22360	GO:0003677	8	0.4	0
BSU_15540	GO:0009435	8	0.4	0
BSU_28930	GO:0003677	8	0.4	0
BSU_11610	GO:0051539	8	0.4	0
BSU_16030	GO:0019464	8	0.4	0
BSU_14320	GO:0003677	8	0.4	0
BSU_00850	GO:0030163	8	0.4	0
BSU_19370	GO:0019464	8	0.4	0
BSU_14320	GO:0032508	8	0.4	0
BSU_16140	GO:0009435	8	0.4	0
BSU_02630	GO:0019464	8	0.4	0
BSU_28930	GO:0006508	8	0.4	0
BSU_09840	GO:0009435	8	0.4	0
BSU_17040	GO:0019464	8	0.4	0
BSU_03640	GO:0009435	8	0.4	0
BSU_13660	GO:0006631	8	0.4	0
BSU_04620	GO:0009435	8	0.4	0
BSU_33010	GO:0019464	8	0.4	0
BSU_33610	GO:0009435	8	0.4	0
BSU_22740	GO:0006631	8	0.4	0
BSU_11610	GO:0009435	8	0.4	0
BSU_05980	GO:0019464	8	0.4	0
BSU_11870	GO:0009435	8	0.4	0
BSU_27260	GO:0009435	8	0.4	0
BSU_36890	GO:0009435	8	0.4	0
BSU_10300	GO:0006631	8	0.4	0
BSU_03750	GO:0019464	8	0.4	0
BSU_21820	GO:0019464	8	0.4	0
BSU_26390	GO:0006631	8	0.4	0
BSU_06360	GO:0070681	8	0.4	0
BSU_38730	GO:0032508	8	0.4	0
BSU_14330	GO:0003677	8	0.4	0
BSU_06360	GO:0032508	8	0.4	0
BSU_09710	GO:0032508	8	0.4	0
BSU_09320	GO:0032508	8	0.4	0
BSU_14870	GO:0006508	8	0.4	0
BSU_33930	GO:0046316	8	0.4	0
BSU_02130	GO:0070681	8	0.4	0
BSU_27080	GO:0006508	8	0.4	0
BSU_06530	GO:0032508	8	0.4	0
BSU_15680	GO:0046316	8	0.4	0
BSU_36310	GO:0051539	8	0.4	0
BSU_26420	GO:0046316	8	0.4	0
BSU_19370	GO:0070681	8	0.4	0
BSU_02440	GO:0032508	8	0.4	0
BSU_38020	GO:0046316	8	0.4	0
BSU_13260	GO:0046316	8	0.4	0
BSU_02010	GO:0046316	8	0.4	0
BSU_14870	GO:0004222	8	0.4	0
BSU_38760	GO:0005778	8	0.4	0
BSU_38750	GO:0005778	8	0.4	0
BSU_11610	GO:0032508	8	0.4	0
BSU_19370	GO:0005778	8	0.4	0
BSU_02760	GO:0006508	8	0.4	0
BSU_02010	GO:0003677	8	0.4	0
BSU_22700	GO:0005829	8	0.4	0
BSU_29560	GO:0032508	8	0.4	0
BSU_28930	GO:0032508	8	0.4	0
BSU_22360	GO:0032508	8	0.4	0
BSU_38720	GO:0005829	8	0.4	0
BSU_18090	GO:0032508	8	0.4	0
BSU_01700	GO:0005829	8	0.4	0
BSU_29130	GO:0005778	8	0.4	0
BSU_01120	GO:0005778	8	0.4	0
BSU_03490	GO:0005778	8	0.4	0
BSU_07800	GO:0005778	8	0.4	0
BSU_09320	GO:0006508	8	0.4	0
BSU_09710	GO:0006508	8	0.4	0
BSU_08880	GO:0051539	8	0.4	0
BSU_29680	GO:0004047	8	0.4	0
BSU_08880	GO:0009435	8	0.4	0
BSU_17200	GO:0006751	8	0.4	0
BSU_34970	GO:0005506	8	0.4	0
BSU_13260	GO:0005515	8	0.4	0
BSU_17140	GO:0006751	8	0.4	0
BSU_22220	GO:0005506	8	0.4	0
BSU_40320	GO:0005506	8	0.4	0
BSU_23280	GO:0005506	8	0.4	0
BSU_33610	GO:0005886	8	0.4	0
BSU_11610	GO:0005886	8	0.4	0
BSU_36230	GO:0005886	8	0.4	0
BSU_28270	GO:0051539	8	0.4	0
BSU_02010	GO:0005515	8	0.4	0
BSU_13170	GO:0005506	8	0.4	0
BSU_27270	GO:0005506	8	0.4	0
BSU_25710	GO:0005506	8	0.4	0
BSU_32530	GO:0005506	8	0.4	0
BSU_25300	GO:0005506	8	0.4	0
BSU_28760	GO:0051539	8	0.4	0
BSU_35580	GO:0005886	8	0.4	0
BSU_25710	GO:0006751	8	0.4	0
BSU_07690	GO:0006751	8	0.4	0
BSU_00110	GO:0005886	8	0.4	0
BSU_16030	GO:0051539	8	0.4	0
BSU_28000	GO:0016757	8	0.4	0
BSU_06360	GO:0005886	8	0.4	0
BSU_37100	GO:0051539	8	0.4	0
BSU_06530	GO:0005886	8	0.4	0
BSU_29130	GO:0016757	8	0.4	0
BSU_28210	GO:0006751	8	0.4	0
BSU_32050	GO:0006751	8	0.4	0
BSU_36760	GO:0051539	8	0.4	0
BSU_15780	GO:0005506	8	0.4	0
BSU_11650	GO:0005506	8	0.4	0
BSU_22030	GO:0005506	8	0.4	0
BSU_09320	GO:0005886	8	0.4	0
BSU_26390	GO:0005886	8	0.4	0
BSU_31150	GO:0005506	8	0.4	0
BSU_12810	GO:0006751	8	0.4	0
BSU_13170	GO:0005886	8	0.4	0
BSU_09840	GO:0051301	8	0.4	0
BSU_25710	GO:0005737	8	0.4	0
BSU_02630	GO:0030435	8	0.4	0
BSU_12810	GO:0005737	8	0.4	0
BSU_02630	GO:0016740	8	0.4	0
BSU_05980	GO:0016740	8	0.4	0
BSU_03640	GO:0016740	8	0.4	0
BSU_21820	GO:0016740	8	0.4	0
BSU_03750	GO:0016740	8	0.4	0
BSU_05990	GO:0030435	8	0.4	0
BSU_07800	GO:0030435	8	0.4	0
BSU_02640	GO:0030435	8	0.4	0
BSU_05980	GO:0030435	8	0.4	0
BSU_10300	GO:0005737	8	0.4	0
BSU_33610	GO:0016740	8	0.4	0
BSU_06360	GO:0016740	8	0.4	0
BSU_14870	GO:0030435	8	0.4	0
BSU_38750	GO:0030435	8	0.4	0
BSU_11650	GO:0006537	8	0.4	0
BSU_16030	GO:0016740	8	0.4	0
BSU_23940	GO:0005506	8	0.4	0
BSU_38750	GO:0051539	8	0.4	0
BSU_27030	GO:0006751	8	0.4	0
BSU_25300	GO:0005886	8	0.4	0
BSU_38720	GO:0005886	8	0.4	0
BSU_07690	GO:0005886	8	0.4	0
BSU_18360	GO:0005886	8	0.4	0
BSU_38760	GO:0051539	8	0.4	0
BSU_17040	GO:0005886	8	0.4	0
BSU_10300	GO:0006751	8	0.4	0
BSU_18160	GO:0005506	8	0.4	0
BSU_03640	GO:0005506	8	0.4	0
BSU_14330	GO:0005515	8	0.4	0
BSU_14870	GO:0051539	8	0.4	0
BSU_04620	GO:0005506	8	0.4	0
BSU_06020	GO:0005506	8	0.4	0
BSU_14320	GO:0005515	8	0.4	0
BSU_06530	GO:0005506	8	0.4	0
BSU_02130	GO:0005506	8	0.4	0
BSU_06020	GO:0006751	8	0.4	0
BSU_33610	GO:0006751	8	0.4	0
BSU_09840	GO:0010133	8	0.4	0
BSU_05990	GO:0071555	8	0.4	0
BSU_02640	GO:0071555	8	0.4	0
BSU_05980	GO:0071555	8	0.4	0
BSU_29680	GO:0004747	8	0.4	0
BSU_14870	GO:0010133	8	0.4	0
BSU_08880	GO:0051301	8	0.4	0
BSU_11440	GO:0071555	8	0.4	0
BSU_14870	GO:0071555	8	0.4	0
BSU_15540	GO:0010133	8	0.4	0
BSU_24550	GO:0019346	8	0.4	0
BSU_27080	GO:0071555	8	0.4	0
BSU_22070	GO:0051301	8	0.4	0
BSU_38750	GO:0071555	8	0.4	0
BSU_18090	GO:0051301	8	0.4	0
BSU_09320	GO:0051301	8	0.4	0
BSU_22070	GO:0051539	8	0.4	0
BSU_02630	GO:0071555	8	0.4	0
BSU_28270	GO:0010133	8	0.4	0
BSU_22440	GO:0019346	8	0.4	0
BSU_28760	GO:0010133	8	0.4	0
BSU_12950	GO:0004747	8	0.4	0
BSU_13660	GO:0004747	8	0.4	0
BSU_33440	GO:0004047	8	0.4	0
BSU_39660	GO:0004047	8	0.4	0
BSU_27080	GO:0004747	8	0.4	0
BSU_33610	GO:0051301	8	0.4	0
BSU_06020	GO:0051301	8	0.4	0
BSU_25070	GO:0010133	8	0.4	0
BSU_07800	GO:0071555	8	0.4	0
BSU_17040	GO:0004747	8	0.4	0
BSU_04620	GO:0051301	8	0.4	0
BSU_21920	GO:0071555	8	0.4	0
BSU_25320	GO:0009245	8	0.4	0
BSU_32840	GO:0010133	8	0.4	0
BSU_24160	GO:0010133	8	0.4	0
BSU_03640	GO:0051301	8	0.4	0
BSU_37100	GO:0016052	8	0.4	0
BSU_17610	GO:0016052	8	0.4	0
BSU_32520	GO:0016052	8	0.4	0
BSU_28130	GO:0016052	8	0.4	0
BSU_38720	GO:0016052	8	0.4	0
BSU_11440	GO:0016757	8	0.4	0
BSU_00760	GO:0016052	8	0.4	0
BSU_16770	GO:0016052	8	0.4	0
BSU_02630	GO:0016757	8	0.4	0
BSU_06360	GO:0005886	8	0.4	0
BSU_15560	GO:0005886	8	0.4	0
BSU_17140	GO:0016052	8	0.4	0
BSU_01120	GO:0019346	8	0.4	0
BSU_07800	GO:0016757	8	0.4	0
BSU_09320	GO:0005886	8	0.4	0
BSU_39350	GO:0016052	8	0.4	0
BSU_06020	GO:0005886	8	0.4	0
BSU_13610	GO:0016052	8	0.4	0
BSU_22700	GO:0016052	8	0.4	0
BSU_23480	GO:0016757	8	0.4	0
BSU_01700	GO:0016052	8	0.4	0
BSU_06530	GO:0016052	8	0.4	0
BSU_09840	GO:0016052	8	0.4	0
BSU_11870	GO:0016052	8	0.4	0
BSU_34590	GO:0071555	8	0.4	0
BSU_34590	GO:0016757	8	0.4	0
BSU_23550	GO:0016052	8	0.4	0
BSU_36840	GO:0016757	8	0.4	0
BSU_02630	GO:0019346	8	0.4	0
BSU_05980	GO:0019346	8	0.4	0
BSU_03490	GO:0019346	8	0.4	0
BSU_01620	GO:0071555	8	0.4	0
BSU_21820	GO:0019346	8	0.4	0
BSU_03750	GO:0019346	8	0.4	0
BSU_38750	GO:0016757	8	0.4	0
BSU_35250	GO:0016757	8	0.4	0
BSU_33520	GO:0019346	8	0.4	0
BSU_18340	GO:0016052	8	0.4	0
BSU_18330	GO:0016052	8	0.4	0
BSU_02440	GO:0000156	8	0.4	0
BSU_09320	GO:0000156	8	0.4	0
BSU_02440	GO:0009401	8	0.4	0
BSU_03640	GO:0005524	8	0.4	0
BSU_02630	GO:0046933	8	0.4	0
BSU_09120	GO:0055085	8	0.4	0
BSU_22070	GO:0005524	8	0.4	0
BSU_02140	GO:0055085	8	0.4	0
BSU_02630	GO:0005524	8	0.4	0
BSU_05980	GO:0005524	8	0.4	0
BSU_33221	GO:0030163	8	0.4	0
BSU_07800	GO:0046933	8	0.4	0
BSU_09610	GO:0055085	8	0.4	0
BSU_03750	GO:0005524	8	0.4	0
BSU_22440	GO:0030163	8	0.4	0
BSU_31370	GO:0016787	8	0.4	0
BSU_15780	GO:0005524	8	0.4	0
BSU_02440	GO:0055085	8	0.4	0
BSU_40410	GO:0030163	8	0.4	0
BSU_28270	GO:0003677	8	0.4	0
BSU_26420	GO:0055085	8	0.4	0
BSU_09600	GO:0055085	8	0.4	0
BSU_15540	GO:0005886	8	0.4	0
BSU_11440	GO:0046933	8	0.4	0
BSU_35250	GO:0046933	8	0.4	0
BSU_36310	GO:0005524	8	0.4	0
BSU_28930	GO:0055085	8	0.4	0
BSU_33610	GO:0005524	8	0.4	0
BSU_31150	GO:0055085	8	0.4	0
BSU_31370	GO:0003677	8	0.4	0
BSU_26390	GO:0005524	8	0.4	0
BSU_38730	GO:0055085	8	0.4	0
BSU_13260	GO:0055085	8	0.4	0
BSU_02130	GO:0005524	8	0.4	0
BSU_28000	GO:0005524	8	0.4	0
BSU_16030	GO:0005524	8	0.4	0
BSU_21820	GO:0005524	8	0.4	0
BSU_36760	GO:0005524	8	0.4	0
BSU_37100	GO:0005524	8	0.4	0
BSU_02010	GO:0055085	8	0.4	0
BSU_09840	GO:0005886	8	0.4	0
BSU_11650	GO:0003677	8	0.4	0
BSU_09710	GO:0015878	8	0.4	0
BSU_37100	GO:0016787	8	0.4	0
BSU_06360	GO:0003677	8	0.4	0
BSU_32450	GO:0005886	8	0.4	0
BSU_27870	GO:0005886	8	0.4	0
BSU_15370	GO:0005886	8	0.4	0
BSU_23550	GO:0005886	8	0.4	0
BSU_33610	GO:0003677	8	0.4	0
BSU_14060	GO:0005886	8	0.4	0
BSU_36760	GO:0016787	8	0.4	0
BSU_02760	GO:0016787	8	0.4	0
BSU_04620	GO:0003677	8	0.4	0
BSU_02760	GO:0015878	8	0.4	0
BSU_28920	GO:0005886	8	0.4	0
BSU_26420	GO:0005737	8	0.4	0
BSU_13260	GO:0005737	8	0.4	0
BSU_02440	GO:0015878	8	0.4	0
BSU_28930	GO:0005737	8	0.4	0
BSU_22360	GO:0016787	8	0.4	0
BSU_23280	GO:0005886	8	0.4	0
BSU_21920	GO:0016787	8	0.4	0
BSU_25070	GO:0005886	8	0.4	0
BSU_13660	GO:0016787	8	0.4	0
BSU_24160	GO:0005886	8	0.4	0
BSU_12950	GO:0016787	8	0.4	0
BSU_09320	GO:0005886	8	0.4	0
BSU_14870	GO:0016787	8	0.4	0
BSU_09710	GO:0016787	8	0.4	0
BSU_27080	GO:0005886	8	0.4	0
BSU_13660	GO:0016020	8	0.4	0
BSU_31930	GO:0005886	8	0.4	0
BSU_36760	GO:0005886	8	0.4	0
BSU_13450	GO:0030163	8	0.4	0
BSU_31370	GO:0005886	8	0.4	0
BSU_33440	GO:0005886	8	0.4	0
BSU_21820	GO:0005886	8	0.4	0
BSU_02440	GO:0016787	8	0.4	0
BSU_21810	GO:0005886	8	0.4	0
BSU_38750	GO:0046933	8	0.4	0
BSU_38760	GO:0046933	8	0.4	0
BSU_27080	GO:0055085	8	0.4	0
BSU_02630	GO:1990169	8	0.4	0
BSU_33610	GO:1990169	8	0.4	0
BSU_02630	GO:0006289	8	0.4	0
BSU_04620	GO:1990169	8	0.4	0
BSU_03750	GO:1990169	8	0.4	0
BSU_21820	GO:1990169	8	0.4	0
BSU_03640	GO:1990169	8	0.4	0
BSU_05980	GO:1990169	8	0.4	0
BSU_03640	GO:0019877	8	0.4	0
BSU_08880	GO:0019877	8	0.4	0
BSU_05980	GO:0006289	8	0.4	0
BSU_10120	GO:0003677	8	0.4	0
BSU_38020	GO:0003677	8	0.4	0
BSU_16030	GO:1990169	8	0.4	0
BSU_04620	GO:0019877	8	0.4	0
BSU_21820	GO:0006289	8	0.4	0
BSU_03750	GO:0006289	8	0.4	0
BSU_06360	GO:1990169	8	0.4	0
BSU_24550	GO:1990169	8	0.4	0
BSU_29680	GO:0003924	8	0.4	0
BSU_38760	GO:0009401	8	0.4	0
BSU_36860	GO:0030163	8	0.4	0
BSU_06360	GO:0009089	8	0.4	0
BSU_28270	GO:1990169	8	0.4	0
BSU_22070	GO:0006289	8	0.4	0
BSU_12950	GO:0009401	8	0.4	0
BSU_13660	GO:0009401	8	0.4	0
BSU_28920	GO:1990169	8	0.4	0
BSU_17040	GO:1990169	8	0.4	0
BSU_15680	GO:0003677	8	0.4	0
BSU_37100	GO:0019877	8	0.4	0
BSU_33930	GO:0003677	8	0.4	0
BSU_36870	GO:0030163	8	0.4	0
BSU_33010	GO:1990169	8	0.4	0
BSU_36840	GO:0030163	8	0.4	0
BSU_22070	GO:0019877	8	0.4	0
BSU_00110	GO:0009089	8	0.4	0
BSU_33610	GO:0019877	8	0.4	0
BSU_17680	GO:0004180	8	0.4	0
BSU_35250	GO:0030163	8	0.4	0
BSU_38760	GO:0003924	8	0.4	0
BSU_15540	GO:0019877	8	0.4	0
BSU_16140	GO:0019877	8	0.4	0
BSU_03640	GO:0003924	8	0.4	0
BSU_06020	GO:0003924	8	0.4	0
BSU_06530	GO:0003924	8	0.4	0
BSU_18160	GO:0003924	8	0.4	0
BSU_14870	GO:0003924	8	0.4	0
BSU_34970	GO:0003677	8	0.4	0
BSU_10300	GO:1990169	8	0.4	0
BSU_09320	GO:0055085	8	0.4	0
BSU_28270	GO:0003924	8	0.4	0
BSU_33440	GO:0003677	8	0.4	0
BSU_34590	GO:0046933	8	0.4	0
BSU_02440	GO:0016020	8	0.4	0
BSU_28760	GO:0003924	8	0.4	0
BSU_14870	GO:0055085	8	0.4	0
BSU_36890	GO:0019877	8	0.4	0
BSU_02130	GO:0003924	8	0.4	0
BSU_33010	GO:0006289	8	0.4	0
BSU_27260	GO:0006289	8	0.4	0
BSU_11610	GO:0004180	8	0.4	0
BSU_09840	GO:0019877	8	0.4	0
BSU_15780	GO:0006289	8	0.4	0
BSU_06020	GO:0006289	8	0.4	0
BSU_33610	GO:0006289	8	0.4	0
BSU_36850	GO:0030163	8	0.4	0
BSU_32050	GO:0004180	8	0.4	0
BSU_35380	GO:1990169	8	0.4	0
BSU_11610	GO:0019877	8	0.4	0
BSU_28210	GO:0004180	8	0.4	0
BSU_11870	GO:0019877	8	0.4	0
BSU_27260	GO:0019877	8	0.4	0
BSU_21810	GO:0003677	8	0.4	0
BSU_33920	GO:0003677	8	0.4	0
BSU_36310	GO:0006289	8	0.4	0
BSU_03640	GO:0003677	8	0.4	0
BSU_22440	GO:0016746	8	0.4	0
BSU_13660	GO:0000156	8	0.4	0
BSU_03750	GO:0005886	8	0.4	0
BSU_01120	GO:0005886	8	0.4	0
BSU_02130	GO:0003924	8	0.4	0
BSU_02440	GO:0003677	8	0.4	0
BSU_19370	GO:0003924	8	0.4	0
BSU_38750	GO:0003924	8	0.4	0
BSU_38760	GO:0003924	8	0.4	0
BSU_21820	GO:0005886	8	0.4	0
BSU_33520	GO:0005886	8	0.4	0
BSU_07800	GO:0003924	8	0.4	0
BSU_28300	GO:0003924	8	0.4	0
BSU_29680	GO:0003924	8	0.4	0
BSU_15780	GO:0005886	8	0.4	0
BSU_02760	GO:0000976	8	0.4	0
BSU_06020	GO:0005886	8	0.4	0
BSU_33610	GO:0005886	8	0.4	0
BSU_10640	GO:0000976	8	0.4	0
BSU_33920	GO:0008033	8	0.4	0
BSU_09320	GO:0003677	8	0.4	0
BSU_23160	GO:0008033	8	0.4	0
BSU_38020	GO:0003677	8	0.4	0
BSU_18360	GO:0008033	8	0.4	0
BSU_29560	GO:0003677	8	0.4	0
BSU_00110	GO:0003924	8	0.4	0
BSU_17610	GO:0003677	8	0.4	0
BSU_33930	GO:0003677	8	0.4	0
BSU_15680	GO:0003677	8	0.4	0
BSU_26420	GO:0003677	8	0.4	0
BSU_13260	GO:0003677	8	0.4	0
BSU_11610	GO:0003677	8	0.4	0
BSU_02010	GO:0003677	8	0.4	0
BSU_28930	GO:0003677	8	0.4	0
BSU_36760	GO:0005886	8	0.4	0
BSU_16030	GO:0005886	8	0.4	0
BSU_13660	GO:0003677	8	0.4	0
BSU_31180	GO:0008033	8	0.4	0
BSU_22070	GO:0005886	8	0.4	0
BSU_36310	GO:0000976	8	0.4	0
BSU_16140	GO:0000976	8	0.4	0
BSU_15780	GO:0005886	8	0.4	0
BSU_39660	GO:0019464	8	0.4	0
BSU_35580	GO:0006631	8	0.4	0
BSU_36230	GO:0006631	8	0.4	0
BSU_23550	GO:0006631	8	0.4	0
BSU_26430	GO:0019464	8	0.4	0
BSU_08880	GO:0000976	8	0.4	0
BSU_22070	GO:0000156	8	0.4	0
BSU_37100	GO:0009435	8	0.4	0
BSU_01120	GO:0006221	8	0.4	0
BSU_29130	GO:0030163	8	0.4	0
BSU_16030	GO:0000156	8	0.4	0
BSU_37100	GO:0000156	8	0.4	0
BSU_29680	GO:0019464	8	0.4	0
BSU_36760	GO:0000156	8	0.4	0
BSU_13450	GO:0006221	8	0.4	0
BSU_28300	GO:0019464	8	0.4	0
BSU_22070	GO:0009435	8	0.4	0
BSU_22070	GO:0000976	8	0.4	0
BSU_03490	GO:0006221	8	0.4	0
BSU_14870	GO:0019464	8	0.4	0
BSU_36310	GO:0005886	8	0.4	0
BSU_17040	GO:0000976	8	0.4	0
BSU_18090	GO:0000976	8	0.4	0
BSU_26390	GO:0000976	8	0.4	0
BSU_21500	GO:0000976	8	0.4	0
BSU_33610	GO:0000156	8	0.4	0
BSU_06020	GO:0000156	8	0.4	0
BSU_37100	GO:0000976	8	0.4	0
BSU_15780	GO:0000156	8	0.4	0
BSU_02630	GO:0000156	8	0.4	0
BSU_27260	GO:0005886	8	0.4	0
BSU_33010	GO:0005886	8	0.4	0
BSU_16030	GO:0000976	8	0.4	0
BSU_21820	GO:0000156	8	0.4	0
BSU_03640	GO:0000156	8	0.4	0
BSU_33520	GO:0006221	8	0.4	0
BSU_05980	GO:0000156	8	0.4	0
BSU_27080	GO:0005886	8	0.4	0
BSU_25070	GO:0003677	8	0.4	0
BSU_33610	GO:0008033	8	0.4	0
BSU_21810	GO:0005737	8	0.4	0
BSU_14870	GO:0005737	8	0.4	0
BSU_24160	GO:0005737	8	0.4	0
BSU_32840	GO:0005737	8	0.4	0
BSU_25070	GO:0005737	8	0.4	0
BSU_29130	GO:0006221	8	0.4	0
BSU_31370	GO:0005737	8	0.4	0
BSU_33440	GO:0005737	8	0.4	0
BSU_23280	GO:0005737	8	0.4	0
BSU_13660	GO:0042906	8	0.4	0
BSU_32450	GO:0005737	8	0.4	0
BSU_15370	GO:0005737	8	0.4	0
BSU_23550	GO:0005737	8	0.4	0
BSU_14060	GO:0005737	8	0.4	0
BSU_03270	GO:0005737	8	0.4	0
BSU_26640	GO:0005737	8	0.4	0
BSU_15560	GO:0005737	8	0.4	0
BSU_38750	GO:0006221	8	0.4	0
BSU_09710	GO:0042906	8	0.4	0
BSU_22360	GO:0003677	8	0.4	0
BSU_22030	GO:0015878	8	0.4	0
BSU_16200	GO:0005886	8	0.4	0
BSU_14870	GO:0015878	8	0.4	0
BSU_12950	GO:0015878	8	0.4	0
BSU_28000	GO:0005886	8	0.4	0
BSU_39660	GO:0005886	8	0.4	0
BSU_13660	GO:0015878	8	0.4	0
BSU_21920	GO:0015878	8	0.4	0
BSU_00580	GO:0003677	8	0.4	0
BSU_17680	GO:0003677	8	0.4	0
BSU_28270	GO:0005886	8	0.4	0
BSU_28300	GO:0005886	8	0.4	0
BSU_28930	GO:0015878	8	0.4	0
BSU_28280	GO:0005886	8	0.4	0
BSU_02760	GO:0042906	8	0.4	0
BSU_02440	GO:0042906	8	0.4	0
BSU_33010	GO:0005886	8	0.4	0
BSU_33520	GO:0016746	8	0.4	0
BSU_03750	GO:0016746	8	0.4	0
BSU_21820	GO:0016746	8	0.4	0
BSU_09710	GO:0008033	8	0.4	0
BSU_34970	GO:0071555	8	0.4	0
BSU_11610	GO:0008801	8	0.4	0
BSU_06360	GO:0009361	8	0.4	0
BSU_00110	GO:0009361	8	0.4	0
BSU_00110	GO:0070681	8	0.4	0
BSU_28930	GO:0006779	8	0.4	0
BSU_11610	GO:0008033	8	0.4	0
BSU_09320	GO:0008033	8	0.4	0
BSU_03490	GO:0016746	8	0.4	0
BSU_06530	GO:0008033	8	0.4	0
BSU_06360	GO:0008033	8	0.4	0
BSU_06020	GO:0008033	8	0.4	0
BSU_01120	GO:0070681	8	0.4	0
BSU_02440	GO:0008033	8	0.4	0
BSU_01390	GO:0008033	8	0.4	0
BSU_03490	GO:0030163	8	0.4	0
BSU_25320	GO:0008801	8	0.4	0
BSU_09710	GO:0015112	8	0.4	0
BSU_06600	GO:0008801	8	0.4	0
BSU_22440	GO:0006221	8	0.4	0
BSU_05980	GO:0016746	8	0.4	0
BSU_02630	GO:0016746	8	0.4	0
BSU_01120	GO:0016746	8	0.4	0
BSU_22740	GO:0071555	8	0.4	0
BSU_24160	GO:0071555	8	0.4	0
BSU_26390	GO:0071555	8	0.4	0
BSU_31930	GO:0071555	8	0.4	0
BSU_33221	GO:0006221	8	0.4	0
BSU_11650	GO:0071555	8	0.4	0
BSU_02130	GO:0009361	8	0.4	0
BSU_24550	GO:0016746	8	0.4	0
BSU_19370	GO:0016746	8	0.4	0
BSU_38020	GO:0008801	8	0.4	0
BSU_13610	GO:0008801	8	0.4	0
BSU_22700	GO:0008801	8	0.4	0
BSU_24550	GO:0016740	8	0.4	0
BSU_02130	GO:0005737	8	0.4	0
BSU_38760	GO:0030435	8	0.4	0
BSU_37100	GO:0008311	8	0.4	0
BSU_06530	GO:0030152	8	0.4	0
BSU_22440	GO:0046872	8	0.4	0
BSU_22070	GO:0003677	8	0.4	0
BSU_25320	GO:0008311	8	0.4	0
BSU_00110	GO:0036402	8	0.4	0
BSU_36760	GO:0008311	8	0.4	0
BSU_01120	GO:0046872	8	0.4	0
BSU_02630	GO:0046872	8	0.4	0
BSU_03640	GO:0016597	8	0.4	0
BSU_05980	GO:0046872	8	0.4	0
BSU_21820	GO:0046872	8	0.4	0
BSU_03750	GO:0046872	8	0.4	0
BSU_04620	GO:0030152	8	0.4	0
BSU_16030	GO:0008311	8	0.4	0
BSU_24550	GO:0046872	8	0.4	0
BSU_22070	GO:0008311	8	0.4	0
BSU_10640	GO:0008311	8	0.4	0
BSU_01120	GO:0036402	8	0.4	0
BSU_36760	GO:0005975	8	0.4	0
BSU_28270	GO:0030152	8	0.4	0
BSU_15370	GO:0016597	8	0.4	0
BSU_00130	GO:0016597	8	0.4	0
BSU_25320	GO:0030152	8	0.4	0
BSU_25070	GO:0030152	8	0.4	0
BSU_15730	GO:0016597	8	0.4	0
BSU_22740	GO:0030152	8	0.4	0
BSU_23940	GO:0016597	8	0.4	0
BSU_18090	GO:0030152	8	0.4	0
BSU_19370	GO:0046872	8	0.4	0
BSU_22440	GO:0005515	8	0.4	0
BSU_16030	GO:0016597	8	0.4	0
BSU_02130	GO:0003677	8	0.4	0
BSU_22070	GO:0016597	8	0.4	0
BSU_11610	GO:0030152	8	0.4	0
BSU_08880	GO:0016597	8	0.4	0
BSU_09840	GO:0030152	8	0.4	0
BSU_03640	GO:0030152	8	0.4	0
BSU_16030	GO:0003677	8	0.4	0
BSU_36310	GO:0004525	8	0.4	0
BSU_11610	GO:0008311	8	0.4	0
BSU_07690	GO:0045892	8	0.4	0
BSU_28300	GO:0005524	8	0.4	0
BSU_12860	GO:0015711	8	0.4	0
BSU_28270	GO:0005524	8	0.4	0
BSU_28920	GO:0005524	8	0.4	0
BSU_36310	GO:0008311	8	0.4	0
BSU_33010	GO:0004525	8	0.4	0
BSU_27260	GO:0004525	8	0.4	0
BSU_33440	GO:0005524	8	0.4	0
BSU_33010	GO:0005524	8	0.4	0
BSU_29130	GO:0006520	8	0.4	0
BSU_11870	GO:0008311	8	0.4	0
BSU_24550	GO:0005524	8	0.4	0
BSU_27260	GO:0008311	8	0.4	0
BSU_37100	GO:0008881	8	0.4	0
BSU_33610	GO:0005524	8	0.4	0
BSU_27260	GO:0005975	8	0.4	0
BSU_39660	GO:0005524	8	0.4	0
BSU_36760	GO:0003677	8	0.4	0
BSU_37110	GO:0005524	8	0.4	0
BSU_08880	GO:0008311	8	0.4	0
BSU_09320	GO:0015711	8	0.4	0
BSU_03640	GO:0008311	8	0.4	0
BSU_04620	GO:0008311	8	0.4	0
BSU_15780	GO:0008311	8	0.4	0
BSU_06020	GO:0008311	8	0.4	0
BSU_33610	GO:0008311	8	0.4	0
BSU_18160	GO:0005524	8	0.4	0
BSU_32450	GO:0005886	8	0.4	0
BSU_02140	GO:0005524	8	0.4	0
BSU_02130	GO:0005524	8	0.4	0
BSU_09840	GO:0008311	8	0.4	0
BSU_26430	GO:0005524	8	0.4	0
BSU_02740	GO:0005524	8	0.4	0
BSU_34720	GO:0005524	8	0.4	0
BSU_30400	GO:0005524	8	0.4	0
BSU_06360	GO:0036402	8	0.4	0
BSU_28280	GO:0016597	8	0.4	0
BSU_25430	GO:0016597	8	0.4	0
BSU_26390	GO:0045892	8	0.4	0
BSU_29130	GO:0003676	8	0.4	0
BSU_22700	GO:0004181	8	0.4	0
BSU_06600	GO:0004181	8	0.4	0
BSU_31370	GO:0050661	8	0.4	0
BSU_30210	GO:0006222	8	0.4	0
BSU_04620	GO:0016020	8	0.4	0
BSU_35250	GO:0003676	8	0.4	0
BSU_36840	GO:0003676	8	0.4	0
BSU_06600	GO:0006222	8	0.4	0
BSU_36870	GO:0003676	8	0.4	0
BSU_36860	GO:0003676	8	0.4	0
BSU_36850	GO:0003676	8	0.4	0
BSU_22070	GO:0006222	8	0.4	0
BSU_31930	GO:0050661	8	0.4	0
BSU_37100	GO:0016020	8	0.4	0
BSU_38760	GO:0036402	8	0.4	0
BSU_38020	GO:0004181	8	0.4	0
BSU_34970	GO:0006222	8	0.4	0
BSU_14060	GO:0050661	8	0.4	0
BSU_26390	GO:0006222	8	0.4	0
BSU_14870	GO:0006222	8	0.4	0
BSU_21920	GO:0006222	8	0.4	0
BSU_00580	GO:0032259	8	0.4	0
BSU_22740	GO:0016020	8	0.4	0
BSU_10120	GO:0032259	8	0.4	0
BSU_18340	GO:0016020	8	0.4	0
BSU_22440	GO:0003676	8	0.4	0
BSU_09840	GO:0032259	8	0.4	0
BSU_28270	GO:0006222	8	0.4	0
BSU_18330	GO:0016020	8	0.4	0
BSU_13450	GO:0003676	8	0.4	0
BSU_03490	GO:0003676	8	0.4	0
BSU_04620	GO:0006222	8	0.4	0
BSU_27260	GO:0016020	8	0.4	0
BSU_36890	GO:0006222	8	0.4	0
BSU_11870	GO:0016020	8	0.4	0
BSU_36760	GO:0016020	8	0.4	0
BSU_38750	GO:0036402	8	0.4	0
BSU_30980	GO:0006222	8	0.4	0
BSU_18340	GO:0016597	8	0.4	0
BSU_36760	GO:0016597	8	0.4	0
BSU_37100	GO:0016597	8	0.4	0
BSU_04620	GO:0016597	8	0.4	0
BSU_11870	GO:0016597	8	0.4	0
BSU_27260	GO:0016597	8	0.4	0
BSU_33221	GO:0005515	8	0.4	0
BSU_18330	GO:0016597	8	0.4	0
BSU_22360	GO:0016597	8	0.4	0
BSU_32450	GO:0050661	8	0.4	0
BSU_22740	GO:0016597	8	0.4	0
BSU_28300	GO:0016597	8	0.4	0
BSU_23550	GO:0050661	8	0.4	0
BSU_37110	GO:0016597	8	0.4	0
BSU_02640	GO:0003677	8	0.4	0
BSU_06600	GO:0016597	8	0.4	0
BSU_27500	GO:0016597	8	0.4	0
BSU_19370	GO:0005515	8	0.4	0
BSU_15370	GO:0050661	8	0.4	0
BSU_06020	GO:0003677	8	0.4	0
BSU_06360	GO:0003677	8	0.4	0
BSU_11440	GO:0005515	8	0.4	0
BSU_23940	GO:0006222	8	0.4	0
BSU_07800	GO:0005515	8	0.4	0
BSU_39660	GO:0016020	8	0.4	0
BSU_02760	GO:0006222	8	0.4	0
BSU_19370	GO:0036402	8	0.4	0
BSU_09840	GO:0003677	8	0.4	0
BSU_01120	GO:0005515	8	0.4	0
BSU_09320	GO:0003677	8	0.4	0
BSU_02630	GO:0005515	8	0.4	0
BSU_27870	GO:0050661	8	0.4	0
BSU_03750	GO:0005515	8	0.4	0
BSU_06530	GO:0003677	8	0.4	0
BSU_02130	GO:0036402	8	0.4	0
BSU_40320	GO:0016597	8	0.4	0
BSU_28930	GO:0008881	8	0.4	0
BSU_04620	GO:0005524	8	0.4	0
BSU_21920	GO:0030435	8	0.4	0
BSU_38730	GO:0005215	8	0.4	0
BSU_28300	GO:0005737	8	0.4	0
BSU_24550	GO:0003746	8	0.4	0
BSU_28930	GO:0005215	8	0.4	0
BSU_32840	GO:0005737	8	0.4	0
BSU_24160	GO:0005737	8	0.4	0
BSU_28300	GO:0005975	8	0.4	0
BSU_31150	GO:0005215	8	0.4	0
BSU_27260	GO:0015935	8	0.4	0
BSU_29130	GO:0005737	8	0.4	0
BSU_11870	GO:0015935	8	0.4	0
BSU_14320	GO:0005215	8	0.4	0
BSU_14330	GO:0005215	8	0.4	0
BSU_11610	GO:0015935	8	0.4	0
BSU_36310	GO:0015935	8	0.4	0
BSU_12950	GO:0015711	8	0.4	0
BSU_02010	GO:0005215	8	0.4	0
BSU_01620	GO:0015711	8	0.4	0
BSU_03750	GO:0003746	8	0.4	0
BSU_29680	GO:0016887	8	0.4	0
BSU_36760	GO:0004525	8	0.4	0
BSU_22700	GO:0006508	8	0.4	0
BSU_38020	GO:0006508	8	0.4	0
BSU_02760	GO:0005215	8	0.4	0
BSU_38760	GO:0005737	8	0.4	0
BSU_38750	GO:0005737	8	0.4	0
BSU_16030	GO:0004525	8	0.4	0
BSU_19370	GO:0005737	8	0.4	0
BSU_02130	GO:0005524	8	0.4	0
BSU_21820	GO:0003746	8	0.4	0
BSU_14320	GO:0015711	8	0.4	0
BSU_35250	GO:0003746	8	0.4	0
BSU_07800	GO:0005737	8	0.4	0
BSU_09320	GO:0005215	8	0.4	0
BSU_09710	GO:0005215	8	0.4	0
BSU_02630	GO:0003746	8	0.4	0
BSU_05980	GO:0003746	8	0.4	0
BSU_09840	GO:0015935	8	0.4	0
BSU_13260	GO:0005215	8	0.4	0
BSU_03750	GO:0005524	8	0.4	0
BSU_31370	GO:0016407	8	0.4	0
BSU_33610	GO:0019344	8	0.4	0
BSU_25300	GO:0005524	8	0.4	0
BSU_06600	GO:0005886	8	0.4	0
BSU_17140	GO:0005886	8	0.4	0
BSU_11440	GO:0005975	8	0.4	0
BSU_06360	GO:0019344	8	0.4	0
BSU_12950	GO:0005975	8	0.4	0
BSU_13660	GO:0005975	8	0.4	0
BSU_04620	GO:0019344	8	0.4	0
BSU_11650	GO:0019344	8	0.4	0
BSU_11650	GO:0016407	8	0.4	0
BSU_02130	GO:0005737	8	0.4	0
BSU_22360	GO:0016407	8	0.4	0
BSU_05980	GO:0016887	8	0.4	0
BSU_31370	GO:0005737	8	0.4	0
BSU_02640	GO:0016887	8	0.4	0
BSU_19370	GO:0005524	8	0.4	0
BSU_18090	GO:0005886	8	0.4	0
BSU_09600	GO:0005215	8	0.4	0
BSU_03640	GO:0019344	8	0.4	0
BSU_09610	GO:0005215	8	0.4	0
BSU_22030	GO:0016887	8	0.4	0
BSU_33610	GO:0015935	8	0.4	0
BSU_06020	GO:0015935	8	0.4	0
BSU_04620	GO:0015935	8	0.4	0
BSU_03640	GO:0015935	8	0.4	0
BSU_09710	GO:0015711	8	0.4	0
BSU_21920	GO:0016887	8	0.4	0
BSU_14870	GO:0016887	8	0.4	0
BSU_22070	GO:0015935	8	0.4	0
BSU_38760	GO:0016887	8	0.4	0
BSU_16030	GO:0015935	8	0.4	0
BSU_02760	GO:0015711	8	0.4	0
BSU_37100	GO:0015935	8	0.4	0
BSU_01390	GO:0015935	8	0.4	0
BSU_13660	GO:0016887	8	0.4	0
BSU_06600	GO:0006508	8	0.4	0
BSU_38760	GO:0003746	8	0.4	0
BSU_38750	GO:0003746	8	0.4	0
BSU_22360	GO:0008881	8	0.4	0
BSU_31180	GO:0008881	8	0.4	0
BSU_19370	GO:0006520	8	0.4	0
BSU_18360	GO:0008881	8	0.4	0
BSU_38750	GO:0006520	8	0.4	0
BSU_38760	GO:0006520	8	0.4	0
BSU_29560	GO:0008881	8	0.4	0
BSU_25070	GO:0008881	8	0.4	0
BSU_02440	GO:0016020	8	0.4	0
BSU_33920	GO:0008881	8	0.4	0
BSU_12950	GO:0016020	8	0.4	0
BSU_13660	GO:0016020	8	0.4	0
BSU_38760	GO:0016020	8	0.4	0
BSU_24550	GO:0006520	8	0.4	0
BSU_21920	GO:0016020	8	0.4	0
BSU_33610	GO:0004525	8	0.4	0
BSU_22030	GO:0016020	8	0.4	0
BSU_23160	GO:0008881	8	0.4	0
BSU_07800	GO:0006520	8	0.4	0
BSU_14330	GO:0015711	8	0.4	0
BSU_09120	GO:0008881	8	0.4	0
BSU_21820	GO:0005524	8	0.4	0
BSU_03640	GO:0005524	8	0.4	0
BSU_05980	GO:0005524	8	0.4	0
BSU_02630	GO:0005524	8	0.4	0
BSU_35580	GO:0008881	8	0.4	0
BSU_31150	GO:0008881	8	0.4	0
BSU_01120	GO:0006520	8	0.4	0
BSU_16030	GO:0005524	8	0.4	0
BSU_01480	GO:0008881	8	0.4	0
BSU_33920	GO:0005524	8	0.4	0
BSU_03490	GO:0006520	8	0.4	0
BSU_39060	GO:0015711	8	0.4	0
BSU_38730	GO:0005737	8	0.4	0
BSU_25710	GO:0008881	8	0.4	0
BSU_12810	GO:0008881	8	0.4	0
BSU_23940	GO:0008881	8	0.4	0
BSU_06020	GO:0004525	8	0.4	0
BSU_28000	GO:0006520	8	0.4	0
BSU_29680	GO:0016020	8	0.4	0
BSU_35250	GO:0005737	8	0.4	0
BSU_11440	GO:0005737	8	0.4	0
BSU_14330	GO:0098660	8	0.4	0
BSU_02010	GO:0098660	8	0.4	0
BSU_13260	GO:0098660	8	0.4	0
BSU_03490	GO:0003746	8	0.4	0
BSU_28000	GO:0005737	8	0.4	0
BSU_01120	GO:0004525	8	0.4	0
BSU_09600	GO:0098660	8	0.4	0
BSU_15780	GO:0004525	8	0.4	0
BSU_09610	GO:0098660	8	0.4	0
BSU_07800	GO:0003746	8	0.4	0
BSU_26420	GO:0098660	8	0.4	0
BSU_09120	GO:0098660	8	0.4	0
BSU_22070	GO:0004525	8	0.4	0
BSU_29680	GO:0005737	8	0.4	0
BSU_19370	GO:0003746	8	0.4	0
BSU_14320	GO:0098660	8	0.4	0
BSU_31150	GO:0098660	8	0.4	0
BSU_00110	GO:0005524	8	0.4	0
BSU_02630	GO:0004525	8	0.4	0
BSU_22360	GO:0003677	8	0.4	0
BSU_32430	GO:0015711	8	0.4	0
BSU_10300	GO:0016020	8	0.4	0
BSU_33520	GO:0004525	8	0.4	0
BSU_03750	GO:0004525	8	0.4	0
BSU_26390	GO:0016020	8	0.4	0
BSU_29130	GO:0003746	8	0.4	0
BSU_32440	GO:0015711	8	0.4	0
BSU_07610	GO:0015711	8	0.4	0
BSU_22060	GO:0015711	8	0.4	0
BSU_36760	GO:0016020	8	0.4	0
BSU_21820	GO:0004525	8	0.4	0
BSU_09710	GO:0098660	8	0.4	0
BSU_28930	GO:0098660	8	0.4	0
BSU_05980	GO:0004525	8	0.4	0
BSU_21810	GO:0032259	8	0.4	0
BSU_02440	GO:0006222	8	0.4	0
BSU_00110	GO:0006222	8	0.4	0
BSU_01120	GO:0046872	8	0.4	0
BSU_15680	GO:0030366	8	0.4	0
BSU_06360	GO:0044550	8	0.4	0
BSU_30210	GO:0030366	8	0.4	0
BSU_25320	GO:0016491	8	0.4	0
BSU_22440	GO:0046872	8	0.4	0
BSU_00110	GO:0044550	8	0.4	0
BSU_22740	GO:0016491	8	0.4	0
BSU_22030	GO:0016020	8	0.4	0
BSU_38020	GO:0030366	8	0.4	0
BSU_02630	GO:0046872	8	0.4	0
BSU_05980	GO:0046872	8	0.4	0
BSU_21820	GO:0046872	8	0.4	0
BSU_03750	GO:0046872	8	0.4	0
BSU_30980	GO:0030366	8	0.4	0
BSU_00760	GO:0030366	8	0.4	0
BSU_11870	GO:0044550	8	0.4	0
BSU_10120	GO:0030366	8	0.4	0
BSU_29680	GO:0016020	8	0.4	0
BSU_19370	GO:0046872	8	0.4	0
BSU_13170	GO:0006537	8	0.4	0
BSU_23280	GO:0006537	8	0.4	0
BSU_15780	GO:0000287	8	0.4	0
BSU_23480	GO:0042802	8	0.4	0
BSU_03640	GO:0000287	8	0.4	0
BSU_02440	GO:0005737	8	0.4	0
BSU_26640	GO:0005515	8	0.4	0
BSU_02130	GO:0000287	8	0.4	0
BSU_06600	GO:0030366	8	0.4	0
BSU_29680	GO:0016491	8	0.4	0
BSU_15370	GO:0030366	8	0.4	0
BSU_00130	GO:0030366	8	0.4	0
BSU_15730	GO:0030366	8	0.4	0
BSU_02130	GO:0044550	8	0.4	0
BSU_29560	GO:0005886	8	0.4	0
BSU_37110	GO:0044550	8	0.4	0
BSU_15370	GO:0006537	8	0.4	0
BSU_27270	GO:0006537	8	0.4	0
BSU_24550	GO:0046872	8	0.4	0
BSU_06360	GO:0006222	8	0.4	0
BSU_15780	GO:0016491	8	0.4	0
BSU_18160	GO:0016491	8	0.4	0
BSU_32530	GO:0030288	8	0.4	0
BSU_06530	GO:0016491	8	0.4	0
BSU_27270	GO:0030288	8	0.4	0
BSU_11440	GO:0046872	8	0.4	0
BSU_06020	GO:0016491	8	0.4	0
BSU_13170	GO:0030288	8	0.4	0
BSU_23280	GO:0030288	8	0.4	0
BSU_23940	GO:0030288	8	0.4	0
BSU_35250	GO:0046872	8	0.4	0
BSU_04620	GO:0016491	8	0.4	0
BSU_36840	GO:0046872	8	0.4	0
BSU_40320	GO:0030288	8	0.4	0
BSU_36870	GO:0046872	8	0.4	0
BSU_22220	GO:0030288	8	0.4	0
BSU_36860	GO:0046872	8	0.4	0
BSU_25300	GO:0030288	8	0.4	0
BSU_18160	GO:0008081	8	0.4	0
BSU_18090	GO:0016491	8	0.4	0
BSU_29560	GO:0044550	8	0.4	0
BSU_37490	GO:0006537	8	0.4	0
BSU_28000	GO:0008081	8	0.4	0
BSU_21920	GO:0008081	8	0.4	0
BSU_25070	GO:0044550	8	0.4	0
BSU_03640	GO:0008081	8	0.4	0
BSU_21920	GO:0016020	8	0.4	0
BSU_23480	GO:0046872	8	0.4	0
BSU_15780	GO:0008081	8	0.4	0
BSU_02640	GO:0046872	8	0.4	0
BSU_07800	GO:0046872	8	0.4	0
BSU_11610	GO:0016491	8	0.4	0
BSU_12950	GO:0030288	8	0.4	0
BSU_27500	GO:0005886	8	0.4	0
BSU_06020	GO:0008081	8	0.4	0
BSU_06530	GO:0008081	8	0.4	0
BSU_05990	GO:0046872	8	0.4	0
BSU_06020	GO:0000287	8	0.4	0
BSU_06530	GO:0000287	8	0.4	0
BSU_09320	GO:0005737	8	0.4	0
BSU_34720	GO:0016740	8	0.4	0
BSU_39660	GO:0016740	8	0.4	0
BSU_18090	GO:0005737	8	0.4	0
BSU_17040	GO:0005737	8	0.4	0
BSU_27080	GO:0005737	8	0.4	0
BSU_10640	GO:0005737	8	0.4	0
BSU_30400	GO:0016740	8	0.4	0
BSU_33920	GO:0016740	8	0.4	0
BSU_02740	GO:0016740	8	0.4	0
BSU_34970	GO:0006537	8	0.4	0
BSU_26430	GO:0016740	8	0.4	0
BSU_33930	GO:0016740	8	0.4	0
BSU_03490	GO:0042802	8	0.4	0
BSU_06020	GO:0051539	8	0.4	0
BSU_22220	GO:0005737	8	0.4	0
BSU_15780	GO:0051539	8	0.4	0
BSU_09710	GO:0005515	8	0.4	0
BSU_33440	GO:0016740	8	0.4	0
BSU_01620	GO:0030435	8	0.4	0
BSU_28930	GO:0005737	8	0.4	0
BSU_22120	GO:0005737	8	0.4	0
BSU_18160	GO:0005737	8	0.4	0
BSU_38730	GO:0005515	8	0.4	0
BSU_22030	GO:0030435	8	0.4	0
BSU_33010	GO:0016740	8	0.4	0
BSU_17040	GO:0016740	8	0.4	0
BSU_28920	GO:0016740	8	0.4	0
BSU_28270	GO:0016740	8	0.4	0
BSU_29680	GO:0030435	8	0.4	0
BSU_34590	GO:0030435	8	0.4	0
BSU_31150	GO:0005515	8	0.4	0
BSU_21500	GO:0005737	8	0.4	0
BSU_28930	GO:0005515	8	0.4	0
BSU_18160	GO:0051539	8	0.4	0
BSU_26390	GO:0005737	8	0.4	0
BSU_31150	GO:0006537	8	0.4	0
BSU_29680	GO:0016740	8	0.4	0
BSU_11440	GO:0042802	8	0.4	0
BSU_09320	GO:0005515	8	0.4	0
BSU_14330	GO:0005737	8	0.4	0
BSU_38020	GO:0005737	8	0.4	0
BSU_22740	GO:0000287	8	0.4	0
BSU_03750	GO:0042802	8	0.4	0
BSU_17610	GO:0005737	8	0.4	0
BSU_26420	GO:0005737	8	0.4	0
BSU_17040	GO:0005886	8	0.4	0
BSU_18090	GO:0000287	8	0.4	0
BSU_18090	GO:0005886	8	0.4	0
BSU_13260	GO:0005737	8	0.4	0
BSU_02130	GO:0051539	8	0.4	0
BSU_22360	GO:0005886	8	0.4	0
BSU_02010	GO:0005737	8	0.4	0
BSU_14870	GO:0000287	8	0.4	0
BSU_11610	GO:0000287	8	0.4	0
BSU_19370	GO:0042802	8	0.4	0
BSU_02760	GO:0005515	8	0.4	0
BSU_09840	GO:0000287	8	0.4	0
BSU_21820	GO:0042802	8	0.4	0
BSU_25070	GO:0000287	8	0.4	0
BSU_25320	GO:0000287	8	0.4	0
BSU_05980	GO:0042802	8	0.4	0
BSU_14320	GO:0005737	8	0.4	0
BSU_29130	GO:0042802	8	0.4	0
BSU_38730	GO:0005737	8	0.4	0
BSU_28000	GO:0042802	8	0.4	0
BSU_29560	GO:0005737	8	0.4	0
BSU_22220	GO:0006537	8	0.4	0
BSU_18090	GO:0005737	8	0.4	0
BSU_19370	GO:0051539	8	0.4	0
BSU_09710	GO:0005737	8	0.4	0
BSU_24550	GO:0042802	8	0.4	0
BSU_29680	GO:0000287	8	0.4	0
BSU_06530	GO:0005737	8	0.4	0
BSU_01120	GO:0042802	8	0.4	0
BSU_28760	GO:0000287	8	0.4	0
BSU_02630	GO:0042802	8	0.4	0
BSU_30980	GO:0005524	8	0.4	0
BSU_14870	GO:0008081	8	0.4	0
BSU_03640	GO:0016491	8	0.4	0
BSU_13170	GO:0005829	8	0.4	0
BSU_28760	GO:0016020	8	0.4	0
BSU_15370	GO:0005829	8	0.4	0
BSU_28210	GO:0006750	8	0.4	0
BSU_22700	GO:0016491	8	0.4	0
BSU_13610	GO:0016491	8	0.4	0
BSU_07690	GO:0006750	8	0.4	0
BSU_02130	GO:0009090	8	0.4	0
BSU_23280	GO:0005829	8	0.4	0
BSU_02760	GO:0000160	8	0.4	0
BSU_29680	GO:0042802	8	0.4	0
BSU_22220	GO:0005829	8	0.4	0
BSU_17140	GO:0016491	8	0.4	0
BSU_18330	GO:0006537	8	0.4	0
BSU_18340	GO:0006537	8	0.4	0
BSU_28280	GO:0016020	8	0.4	0
BSU_06360	GO:0009090	8	0.4	0
BSU_21920	GO:0042802	8	0.4	0
BSU_32050	GO:0006750	8	0.4	0
BSU_10640	GO:0045892	8	0.4	0
BSU_25710	GO:0005829	8	0.4	0
BSU_32530	GO:0005829	8	0.4	0
BSU_22070	GO:0008033	8	0.4	0
BSU_17200	GO:0006750	8	0.4	0
BSU_06530	GO:0006537	8	0.4	0
BSU_11440	GO:0042802	8	0.4	0
BSU_12810	GO:0005829	8	0.4	0
BSU_37100	GO:0008033	8	0.4	0
BSU_12950	GO:0016020	8	0.4	0
BSU_09710	GO:0000160	8	0.4	0
BSU_14870	GO:0042802	8	0.4	0
BSU_37490	GO:0005829	8	0.4	0
BSU_17140	GO:0006750	8	0.4	0
BSU_12950	GO:0042802	8	0.4	0
BSU_13660	GO:0042802	8	0.4	0
BSU_38750	GO:0042802	8	0.4	0
BSU_38760	GO:0042802	8	0.4	0
BSU_25430	GO:0016020	8	0.4	0
BSU_34590	GO:0042802	8	0.4	0
BSU_16770	GO:0016491	8	0.4	0
BSU_13610	GO:0032259	8	0.4	0
BSU_01700	GO:0032259	8	0.4	0
BSU_38720	GO:0032259	8	0.4	0
BSU_00760	GO:0032259	8	0.4	0
BSU_16770	GO:0032259	8	0.4	0
BSU_37110	GO:0016020	8	0.4	0
BSU_17140	GO:0032259	8	0.4	0
BSU_39350	GO:0032259	8	0.4	0
BSU_22700	GO:0032259	8	0.4	0
BSU_00760	GO:0016491	8	0.4	0
BSU_40410	GO:0003676	8	0.4	0
BSU_33221	GO:0003676	8	0.4	0
BSU_22440	GO:0002131	8	0.4	0
BSU_28130	GO:0032259	8	0.4	0
BSU_28300	GO:0016020	8	0.4	0
BSU_00850	GO:0003676	8	0.4	0
BSU_06530	GO:0032259	8	0.4	0
BSU_33520	GO:0002131	8	0.4	0
BSU_29560	GO:0032259	8	0.4	0
BSU_03750	GO:0002131	8	0.4	0
BSU_03490	GO:0002131	8	0.4	0
BSU_11250	GO:0016020	8	0.4	0
BSU_01620	GO:0042802	8	0.4	0
BSU_31150	GO:0005829	8	0.4	0
BSU_21820	GO:0002131	8	0.4	0
BSU_00110	GO:0009090	8	0.4	0
BSU_38720	GO:0016491	8	0.4	0
BSU_27500	GO:0016020	8	0.4	0
BSU_06020	GO:0006750	8	0.4	0
BSU_33610	GO:0006750	8	0.4	0
BSU_01700	GO:0016491	8	0.4	0
BSU_01120	GO:0002131	8	0.4	0
BSU_22360	GO:0032259	8	0.4	0
BSU_02630	GO:0002131	8	0.4	0
BSU_05980	GO:0002131	8	0.4	0
BSU_25070	GO:0032259	8	0.4	0
BSU_08880	GO:0008033	8	0.4	0
BSU_02440	GO:0016020	8	0.4	0
BSU_34970	GO:0030288	8	0.4	0
BSU_11650	GO:0016979	8	0.4	0
BSU_30400	GO:0045892	8	0.4	0
BSU_06360	GO:0016979	8	0.4	0
BSU_15680	GO:0005886	8	0.4	0
BSU_02130	GO:0030288	8	0.4	0
BSU_03640	GO:0005524	8	0.4	0
BSU_33930	GO:0005886	8	0.4	0
BSU_04620	GO:0005524	8	0.4	0
BSU_11870	GO:0016979	8	0.4	0
BSU_25710	GO:0006537	8	0.4	0
BSU_33610	GO:0005524	8	0.4	0
BSU_28270	GO:0008081	8	0.4	0
BSU_32530	GO:0006537	8	0.4	0
BSU_36310	GO:0030288	8	0.4	0
BSU_22360	GO:0016979	8	0.4	0
BSU_25300	GO:0006537	8	0.4	0
BSU_28760	GO:0008081	8	0.4	0
BSU_12810	GO:0006537	8	0.4	0
BSU_22220	GO:0005886	8	0.4	0
BSU_03640	GO:0008033	8	0.4	0
BSU_15780	GO:0030288	8	0.4	0
BSU_02130	GO:0016491	8	0.4	0
BSU_31150	GO:0030288	8	0.4	0
BSU_37100	GO:0005524	8	0.4	0
BSU_22030	GO:0030288	8	0.4	0
BSU_21500	GO:0045892	8	0.4	0
BSU_22070	GO:0005524	8	0.4	0
BSU_11650	GO:0030288	8	0.4	0
BSU_02740	GO:0045892	8	0.4	0
BSU_02550	GO:0045892	8	0.4	0
BSU_02000	GO:0045892	8	0.4	0
BSU_34720	GO:0045892	8	0.4	0
BSU_38760	GO:0008081	8	0.4	0
BSU_08880	GO:0005524	8	0.4	0
BSU_37110	GO:0016979	8	0.4	0
BSU_31370	GO:0016979	8	0.4	0
BSU_38020	GO:0005886	8	0.4	0
BSU_10300	GO:0006750	8	0.4	0
BSU_09840	GO:0005524	8	0.4	0
BSU_27030	GO:0006750	8	0.4	0
BSU_09840	GO:0008033	8	0.4	0
BSU_25710	GO:0006750	8	0.4	0
BSU_17680	GO:0005524	8	0.4	0
BSU_12810	GO:0006750	8	0.4	0
BSU_02630	GO:0042802	8	0.4	0
BSU_05990	GO:0042802	8	0.4	0
BSU_18330	GO:0005524	8	0.4	0
BSU_18340	GO:0005524	8	0.4	0
BSU_02640	GO:0042802	8	0.4	0
BSU_25070	GO:0016979	8	0.4	0
BSU_05980	GO:0042802	8	0.4	0
BSU_10120	GO:0016491	8	0.4	0
BSU_28130	GO:0016491	8	0.4	0
BSU_23940	GO:0005829	8	0.4	0
BSU_33610	GO:0008033	8	0.4	0
BSU_06020	GO:0008033	8	0.4	0
BSU_04620	GO:0008033	8	0.4	0
BSU_16140	GO:0045892	8	0.4	0
BSU_36310	GO:0008033	8	0.4	0
BSU_11610	GO:0008033	8	0.4	0
BSU_16140	GO:0005524	8	0.4	0
BSU_25710	GO:0030288	8	0.4	0
BSU_29560	GO:0016979	8	0.4	0
BSU_28920	GO:0045892	8	0.4	0
BSU_13660	GO:0016020	8	0.4	0
BSU_11870	GO:0005524	8	0.4	0
BSU_27260	GO:0005524	8	0.4	0
BSU_18090	GO:0045892	8	0.4	0
BSU_01120	GO:0042802	8	0.4	0
BSU_27260	GO:0008033	8	0.4	0
BSU_15780	GO:0042802	8	0.4	0
BSU_11870	GO:0008033	8	0.4	0
BSU_22030	GO:0042802	8	0.4	0
BSU_36890	GO:0005524	8	0.4	0
BSU_15540	GO:0005524	8	0.4	0
BSU_23940	GO:0006537	8	0.4	0
BSU_28300	GO:1990169	8	0.4	0
BSU_16030	GO:0006289	8	0.4	0
BSU_02630	GO:0016887	8	0.4	0
BSU_27260	GO:0050660	8	0.4	0
BSU_33610	GO:0050660	8	0.4	0
BSU_38720	GO:0006782	8	0.4	0
BSU_09840	GO:0050660	8	0.4	0
BSU_11610	GO:0050660	8	0.4	0
BSU_06360	GO:0071555	8	0.4	0
BSU_11870	GO:0050660	8	0.4	0
BSU_00110	GO:0071555	8	0.4	0
BSU_11870	GO:0071555	8	0.4	0
BSU_04620	GO:0050660	8	0.4	0
BSU_00760	GO:0006782	8	0.4	0
BSU_22440	GO:0016887	8	0.4	0
BSU_03490	GO:0008233	8	0.4	0
BSU_36890	GO:0050660	8	0.4	0
BSU_15540	GO:0050660	8	0.4	0
BSU_16770	GO:0006782	8	0.4	0
BSU_01120	GO:0016887	8	0.4	0
BSU_06020	GO:0050660	8	0.4	0
BSU_03640	GO:0050660	8	0.4	0
BSU_16200	GO:1902210	8	0.4	0
BSU_33010	GO:0030488	8	0.4	0
BSU_33520	GO:0030488	8	0.4	0
BSU_15780	GO:0030488	8	0.4	0
BSU_11440	GO:0005737	8	0.4	0
BSU_36850	GO:0005737	8	0.4	0
BSU_36840	GO:0005737	8	0.4	0
BSU_36870	GO:0005737	8	0.4	0
BSU_06530	GO:0005886	8	0.4	0
BSU_29130	GO:0008233	8	0.4	0
BSU_08880	GO:0050660	8	0.4	0
BSU_17210	GO:0030488	8	0.4	0
BSU_06360	GO:0005886	8	0.4	0
BSU_06020	GO:0005886	8	0.4	0
BSU_37100	GO:0050660	8	0.4	0
BSU_22070	GO:0050660	8	0.4	0
BSU_01700	GO:0006782	8	0.4	0
BSU_28000	GO:0008233	8	0.4	0
BSU_17140	GO:0006782	8	0.4	0
BSU_22440	GO:0005515	8	0.4	0
BSU_03750	GO:0006417	8	0.4	0
BSU_23480	GO:0005524	8	0.4	0
BSU_28000	GO:0071555	8	0.4	0
BSU_04620	GO:1902210	8	0.4	0
BSU_34590	GO:0005524	8	0.4	0
BSU_15780	GO:1902210	8	0.4	0
BSU_03490	GO:0005524	8	0.4	0
BSU_06020	GO:1902210	8	0.4	0
BSU_33610	GO:1902210	8	0.4	0
BSU_09840	GO:1902210	8	0.4	0
BSU_11440	GO:0005524	8	0.4	0
BSU_36310	GO:1902210	8	0.4	0
BSU_07800	GO:0005524	8	0.4	0
BSU_19370	GO:0008233	8	0.4	0
BSU_39350	GO:0006782	8	0.4	0
BSU_01120	GO:0006417	8	0.4	0
BSU_02630	GO:0006417	8	0.4	0
BSU_05980	GO:0006417	8	0.4	0
BSU_21920	GO:0071555	8	0.4	0
BSU_03750	GO:1902210	8	0.4	0
BSU_36760	GO:1902210	8	0.4	0
BSU_22070	GO:1902210	8	0.4	0
BSU_25070	GO:0071555	8	0.4	0
BSU_37100	GO:1902210	8	0.4	0
BSU_27080	GO:0005886	8	0.4	0
BSU_16030	GO:1902210	8	0.4	0
BSU_29560	GO:0071555	8	0.4	0
BSU_09320	GO:0005886	8	0.4	0
BSU_11440	GO:0008233	8	0.4	0
BSU_18160	GO:0071555	8	0.4	0
BSU_21820	GO:1902210	8	0.4	0
BSU_03490	GO:0016887	8	0.4	0
BSU_08880	GO:1902210	8	0.4	0
BSU_10300	GO:0071555	8	0.4	0
BSU_07800	GO:0016887	8	0.4	0
BSU_02630	GO:1902210	8	0.4	0
BSU_05980	GO:1902210	8	0.4	0
BSU_03640	GO:1902210	8	0.4	0
BSU_07800	GO:0005515	8	0.4	0
BSU_03750	GO:0030488	8	0.4	0
BSU_21820	GO:0030488	8	0.4	0
BSU_02740	GO:0000917	8	0.4	0
BSU_28300	GO:0006546	8	0.4	0
BSU_18090	GO:0000917	8	0.4	0
BSU_30400	GO:0000917	8	0.4	0
BSU_29680	GO:0006546	8	0.4	0
BSU_22360	GO:0004324	8	0.4	0
BSU_02550	GO:0000917	8	0.4	0
BSU_02000	GO:0000917	8	0.4	0
BSU_33440	GO:0006546	8	0.4	0
BSU_03750	GO:0005515	8	0.4	0
BSU_39660	GO:0006546	8	0.4	0
BSU_21500	GO:0000917	8	0.4	0
BSU_27500	GO:0005886	8	0.4	0
BSU_22700	GO:0005829	8	0.4	0
BSU_25070	GO:0004324	8	0.4	0
BSU_06530	GO:0006782	8	0.4	0
BSU_11610	GO:0000105	8	0.4	0
BSU_10640	GO:0000917	8	0.4	0
BSU_16140	GO:0000917	8	0.4	0
BSU_03490	GO:0030488	8	0.4	0
BSU_33010	GO:0006546	8	0.4	0
BSU_09840	GO:0030170	8	0.4	0
BSU_06360	GO:0006546	8	0.4	0
BSU_06360	GO:0004324	8	0.4	0
BSU_36310	GO:0030170	8	0.4	0
BSU_11610	GO:0030170	8	0.4	0
BSU_33010	GO:0030170	8	0.4	0
BSU_00110	GO:0004324	8	0.4	0
BSU_11650	GO:0004324	8	0.4	0
BSU_27260	GO:0017000	8	0.4	0
BSU_33930	GO:0005886	8	0.4	0
BSU_11870	GO:0004324	8	0.4	0
BSU_17040	GO:0006546	8	0.4	0
BSU_28920	GO:0006546	8	0.4	0
BSU_33520	GO:0005515	8	0.4	0
BSU_28270	GO:0006546	8	0.4	0
BSU_36890	GO:0030170	8	0.4	0
BSU_22360	GO:0017000	8	0.4	0
BSU_29560	GO:0004324	8	0.4	0
BSU_17680	GO:0000105	8	0.4	0
BSU_38750	GO:0005737	8	0.4	0
BSU_18090	GO:0005886	8	0.4	0
BSU_25320	GO:0016740	8	0.4	0
BSU_06020	GO:0005886	8	0.4	0
BSU_17040	GO:0005886	8	0.4	0
BSU_29130	GO:0005737	8	0.4	0
BSU_06360	GO:0005886	8	0.4	0
BSU_31370	GO:0016740	8	0.4	0
BSU_25070	GO:0005886	8	0.4	0
BSU_19370	GO:0005737	8	0.4	0
BSU_36760	GO:0030488	8	0.4	0
BSU_29560	GO:0005886	8	0.4	0
BSU_07800	GO:0005737	8	0.4	0
BSU_35250	GO:0005737	8	0.4	0
BSU_01120	GO:0030488	8	0.4	0
BSU_02630	GO:0030488	8	0.4	0
BSU_05980	GO:0030488	8	0.4	0
BSU_25070	GO:0016740	8	0.4	0
BSU_11870	GO:0005886	8	0.4	0
BSU_11650	GO:0005886	8	0.4	0
BSU_18090	GO:0016740	8	0.4	0
BSU_22360	GO:0000105	8	0.4	0
BSU_22740	GO:0017000	8	0.4	0
BSU_25320	GO:0000105	8	0.4	0
BSU_00760	GO:0016740	8	0.4	0
BSU_04620	GO:0006782	8	0.4	0
BSU_28300	GO:0017000	8	0.4	0
BSU_02130	GO:0005886	8	0.4	0
BSU_37110	GO:0005886	8	0.4	0
BSU_31370	GO:0005886	8	0.4	0
BSU_09840	GO:0016740	8	0.4	0
BSU_29560	GO:0005886	8	0.4	0
BSU_11610	GO:0016740	8	0.4	0
BSU_06360	GO:0005886	8	0.4	0
BSU_03640	GO:0006782	8	0.4	0
BSU_00110	GO:0005886	8	0.4	0
BSU_21820	GO:0006417	8	0.4	0
BSU_02630	GO:0005524	8	0.4	0
BSU_04620	GO:0006546	8	0.4	0
BSU_19370	GO:0043754	8	0.4	0
BSU_34590	GO:0008233	8	0.4	0
BSU_22700	GO:0009027	8	0.4	0
BSU_32450	GO:0005886	8	0.4	0
BSU_03490	GO:0005515	8	0.4	0
BSU_00110	GO:0009027	8	0.4	0
BSU_22740	GO:0006650	8	0.4	0
BSU_31370	GO:0016301	8	0.4	0
BSU_24550	GO:0043754	8	0.4	0
BSU_39350	GO:0009027	8	0.4	0
BSU_06530	GO:0016616	8	0.4	0
BSU_04620	GO:0006650	8	0.4	0
BSU_14870	GO:0140359	8	0.4	0
BSU_28760	GO:0016301	8	0.4	0
BSU_36890	GO:0006650	8	0.4	0
BSU_15560	GO:0006650	8	0.4	0
BSU_09320	GO:0140359	8	0.4	0
BSU_13610	GO:0009027	8	0.4	0
BSU_18090	GO:0005886	8	0.4	0
BSU_25070	GO:0016301	8	0.4	0
BSU_01700	GO:0004553	8	0.4	0
BSU_00760	GO:0004553	8	0.4	0
BSU_38750	GO:0008233	8	0.4	0
BSU_38720	GO:0004553	8	0.4	0
BSU_04620	GO:0009027	8	0.4	0
BSU_28930	GO:0140359	8	0.4	0
BSU_11870	GO:0016616	8	0.4	0
BSU_28930	GO:0055085	8	0.4	0
BSU_01700	GO:0009027	8	0.4	0
BSU_11610	GO:0005886	8	0.4	0
BSU_38720	GO:0009027	8	0.4	0
BSU_31150	GO:0055085	8	0.4	0
BSU_00760	GO:0009027	8	0.4	0
BSU_16770	GO:0009027	8	0.4	0
BSU_28130	GO:0009027	8	0.4	0
BSU_17140	GO:0009027	8	0.4	0
BSU_11440	GO:0005515	8	0.4	0
BSU_25320	GO:0016301	8	0.4	0
BSU_34970	GO:0006650	8	0.4	0
BSU_05990	GO:0005524	8	0.4	0
BSU_03490	GO:0043754	8	0.4	0
BSU_36760	GO:0043754	8	0.4	0
BSU_03270	GO:0016616	8	0.4	0
BSU_24160	GO:0034023	8	0.4	0
BSU_37110	GO:0006650	8	0.4	0
BSU_14060	GO:0016616	8	0.4	0
BSU_03640	GO:0016301	8	0.4	0
BSU_27500	GO:0006650	8	0.4	0
BSU_33520	GO:0043754	8	0.4	0
BSU_27080	GO:0005886	8	0.4	0
BSU_11250	GO:0006650	8	0.4	0
BSU_25430	GO:0006650	8	0.4	0
BSU_28280	GO:0006650	8	0.4	0
BSU_15370	GO:0006650	8	0.4	0
BSU_00130	GO:0006650	8	0.4	0
BSU_15780	GO:0043754	8	0.4	0
BSU_15370	GO:0016616	8	0.4	0
BSU_04620	GO:0016301	8	0.4	0
BSU_06530	GO:0016301	8	0.4	0
BSU_01120	GO:0043754	8	0.4	0
BSU_03750	GO:0043754	8	0.4	0
BSU_02630	GO:0043754	8	0.4	0
BSU_22740	GO:0016301	8	0.4	0
BSU_30210	GO:0006650	8	0.4	0
BSU_28270	GO:0016301	8	0.4	0
BSU_05980	GO:0043754	8	0.4	0
BSU_21820	GO:0043754	8	0.4	0
BSU_18090	GO:0016301	8	0.4	0
BSU_37100	GO:0006650	8	0.4	0
BSU_26640	GO:0016616	8	0.4	0
BSU_33010	GO:0043754	8	0.4	0
BSU_11870	GO:0006650	8	0.4	0
BSU_11610	GO:0016616	8	0.4	0
BSU_09840	GO:0016301	8	0.4	0
BSU_18330	GO:0006650	8	0.4	0
BSU_18340	GO:0006650	8	0.4	0
BSU_22360	GO:0006650	8	0.4	0
BSU_36890	GO:0009027	8	0.4	0
BSU_15560	GO:0009027	8	0.4	0
BSU_16770	GO:0004553	8	0.4	0
BSU_36840	GO:0008233	8	0.4	0
BSU_21820	GO:0005524	8	0.4	0
BSU_21820	GO:0032993	8	0.4	0
BSU_03490	GO:0032993	8	0.4	0
BSU_05980	GO:0032993	8	0.4	0
BSU_02630	GO:0032993	8	0.4	0
BSU_21500	GO:0003700	8	0.4	0
BSU_35250	GO:0008233	8	0.4	0
BSU_18090	GO:0003700	8	0.4	0
BSU_36870	GO:0005524	8	0.4	0
BSU_01120	GO:0005524	8	0.4	0
BSU_01120	GO:0032993	8	0.4	0
BSU_06530	GO:0005886	8	0.4	0
BSU_16140	GO:0003700	8	0.4	0
BSU_00110	GO:0016787	8	0.4	0
BSU_10640	GO:0003700	8	0.4	0
BSU_01120	GO:0016787	8	0.4	0
BSU_36860	GO:0005524	8	0.4	0
BSU_38760	GO:0005524	8	0.4	0
BSU_28130	GO:0004553	8	0.4	0
BSU_38750	GO:0005524	8	0.4	0
BSU_02640	GO:0005524	8	0.4	0
BSU_05980	GO:0005524	8	0.4	0
BSU_19370	GO:0006417	8	0.4	0
BSU_24550	GO:0006417	8	0.4	0
BSU_13610	GO:0006782	8	0.4	0
BSU_33010	GO:0006417	8	0.4	0
BSU_35250	GO:0005524	8	0.4	0
BSU_36840	GO:0005524	8	0.4	0
BSU_02440	GO:0003700	8	0.4	0
BSU_27080	GO:0006417	8	0.4	0
BSU_22700	GO:0006782	8	0.4	0
BSU_36760	GO:0006417	8	0.4	0
BSU_03490	GO:0006417	8	0.4	0
BSU_33520	GO:0006417	8	0.4	0
BSU_06530	GO:0003700	8	0.4	0
BSU_15780	GO:0006417	8	0.4	0
BSU_07800	GO:0008233	8	0.4	0
BSU_02740	GO:0003700	8	0.4	0
BSU_02000	GO:0003700	8	0.4	0
BSU_22700	GO:0004553	8	0.4	0
BSU_02010	GO:0140359	8	0.4	0
BSU_09840	GO:0009027	8	0.4	0
BSU_02630	GO:0008233	8	0.4	0
BSU_01620	GO:0140359	8	0.4	0
BSU_37110	GO:0004553	8	0.4	0
BSU_18360	GO:0004553	8	0.4	0
BSU_09320	GO:0005886	8	0.4	0
BSU_30210	GO:0009027	8	0.4	0
BSU_22440	GO:0032993	8	0.4	0
BSU_13610	GO:0004553	8	0.4	0
BSU_06600	GO:0009027	8	0.4	0
BSU_39350	GO:0004553	8	0.4	0
BSU_34970	GO:0009027	8	0.4	0
BSU_17140	GO:0004553	8	0.4	0
BSU_31150	GO:0140359	8	0.4	0
BSU_28270	GO:0009027	8	0.4	0
BSU_11610	GO:0016829	8	0.4	0
BSU_13260	GO:0140359	8	0.4	0
BSU_17680	GO:0016829	8	0.4	0
BSU_22360	GO:0016829	8	0.4	0
BSU_07800	GO:0016787	8	0.4	0
BSU_02550	GO:0003700	8	0.4	0
BSU_30400	GO:0003700	8	0.4	0
BSU_19370	GO:0016787	8	0.4	0
BSU_28920	GO:0003700	8	0.4	0
BSU_18340	GO:0016616	8	0.4	0
BSU_38750	GO:0016787	8	0.4	0
BSU_38760	GO:0016787	8	0.4	0
BSU_18330	GO:0016616	8	0.4	0
BSU_28300	GO:0016787	8	0.4	0
BSU_26420	GO:0140359	8	0.4	0
BSU_29680	GO:0016787	8	0.4	0
BSU_09610	GO:0140359	8	0.4	0
BSU_25320	GO:0016829	8	0.4	0
BSU_09600	GO:0140359	8	0.4	0
BSU_33610	GO:0006546	8	0.4	0
BSU_04620	GO:0017000	8	0.4	0
BSU_37100	GO:0006289	8	0.4	0
BSU_03900	GO:0009231	8	0.4	0
BSU_11870	GO:0006083	8	0.4	0
BSU_17140	GO:0009231	8	0.4	0
BSU_11610	GO:0006083	8	0.4	0
BSU_28130	GO:0009231	8	0.4	0
BSU_30980	GO:0009231	8	0.4	0
BSU_23940	GO:0019344	8	0.4	0
BSU_28270	GO:0005524	8	0.4	0
BSU_38760	GO:0005524	8	0.4	0
BSU_24160	GO:0005524	8	0.4	0
BSU_09120	GO:0055085	8	0.4	0
BSU_09840	GO:0006083	8	0.4	0
BSU_16770	GO:0009231	8	0.4	0
BSU_26420	GO:0055085	8	0.4	0
BSU_09610	GO:0055085	8	0.4	0
BSU_09600	GO:0055085	8	0.4	0
BSU_11610	GO:0005886	8	0.4	0
BSU_30210	GO:0009231	8	0.4	0
BSU_15730	GO:0019344	8	0.4	0
BSU_03640	GO:0006083	8	0.4	0
BSU_02000	GO:0009231	8	0.4	0
BSU_02140	GO:0055085	8	0.4	0
BSU_28760	GO:0005524	8	0.4	0
BSU_17680	GO:0006083	8	0.4	0
BSU_28300	GO:0005524	8	0.4	0
BSU_32840	GO:0005524	8	0.4	0
BSU_16140	GO:0006083	8	0.4	0
BSU_02550	GO:0009231	8	0.4	0
BSU_38020	GO:0009231	8	0.4	0
BSU_31930	GO:0009231	8	0.4	0
BSU_10120	GO:0009231	8	0.4	0
BSU_28280	GO:0019344	8	0.4	0
BSU_15680	GO:0009231	8	0.4	0
BSU_15540	GO:0006083	8	0.4	0
BSU_36890	GO:0006083	8	0.4	0
BSU_15370	GO:0019344	8	0.4	0
BSU_00130	GO:0019344	8	0.4	0
BSU_04620	GO:0006083	8	0.4	0
BSU_08880	GO:0006083	8	0.4	0
BSU_11870	GO:0005524	8	0.4	0
BSU_13170	GO:0006096	8	0.4	0
BSU_33610	GO:0016765	8	0.4	0
BSU_06020	GO:0016765	8	0.4	0
BSU_03640	GO:0032993	8	0.4	0
BSU_04620	GO:0032993	8	0.4	0
BSU_15780	GO:0016765	8	0.4	0
BSU_04620	GO:0016765	8	0.4	0
BSU_03640	GO:0016765	8	0.4	0
BSU_05980	GO:0016765	8	0.4	0
BSU_37110	GO:0005524	8	0.4	0
BSU_23280	GO:0006096	8	0.4	0
BSU_33610	GO:0032993	8	0.4	0
BSU_00110	GO:0005524	8	0.4	0
BSU_08880	GO:0016765	8	0.4	0
BSU_31150	GO:0055085	8	0.4	0
BSU_25710	GO:0008360	8	0.4	0
BSU_22070	GO:0016765	8	0.4	0
BSU_28130	GO:0006096	8	0.4	0
BSU_02130	GO:0005524	8	0.4	0
BSU_08880	GO:0019344	8	0.4	0
BSU_11870	GO:0016765	8	0.4	0
BSU_03640	GO:0019344	8	0.4	0
BSU_13260	GO:0055085	8	0.4	0
BSU_02010	GO:0055085	8	0.4	0
BSU_37100	GO:0006083	8	0.4	0
BSU_25300	GO:0006096	8	0.4	0
BSU_37100	GO:0032993	8	0.4	0
BSU_33010	GO:0016765	8	0.4	0
BSU_11610	GO:0016765	8	0.4	0
BSU_38730	GO:0055085	8	0.4	0
BSU_36310	GO:0016765	8	0.4	0
BSU_32530	GO:0006096	8	0.4	0
BSU_31930	GO:0008360	8	0.4	0
BSU_22070	GO:0032993	8	0.4	0
BSU_18090	GO:0006096	8	0.4	0
BSU_09840	GO:0016765	8	0.4	0
BSU_08880	GO:0032993	8	0.4	0
BSU_25320	GO:0005886	8	0.4	0
BSU_25430	GO:0019344	8	0.4	0
BSU_24550	GO:0004657	8	0.4	0
BSU_18340	GO:0019344	8	0.4	0
BSU_23550	GO:0050661	8	0.4	0
BSU_23550	GO:0033014	8	0.4	0
BSU_08880	GO:0004657	8	0.4	0
BSU_06600	GO:0019344	8	0.4	0
BSU_32520	GO:0033014	8	0.4	0
BSU_22070	GO:0004657	8	0.4	0
BSU_18330	GO:0019344	8	0.4	0
BSU_14060	GO:0050661	8	0.4	0
BSU_27870	GO:0050661	8	0.4	0
BSU_15540	GO:0050661	8	0.4	0
BSU_17610	GO:0033014	8	0.4	0
BSU_22360	GO:0019344	8	0.4	0
BSU_16030	GO:0004657	8	0.4	0
BSU_22740	GO:0019344	8	0.4	0
BSU_37100	GO:0004657	8	0.4	0
BSU_36760	GO:0004657	8	0.4	0
BSU_15370	GO:0050661	8	0.4	0
BSU_01480	GO:0033014	8	0.4	0
BSU_27500	GO:0019344	8	0.4	0
BSU_31180	GO:0033014	8	0.4	0
BSU_09840	GO:0033014	8	0.4	0
BSU_11870	GO:0033014	8	0.4	0
BSU_18360	GO:0033014	8	0.4	0
BSU_11870	GO:0019344	8	0.4	0
BSU_31370	GO:0050661	8	0.4	0
BSU_04620	GO:0019344	8	0.4	0
BSU_06530	GO:0006096	8	0.4	0
BSU_23160	GO:0033014	8	0.4	0
BSU_32450	GO:0050661	8	0.4	0
BSU_18330	GO:0033014	8	0.4	0
BSU_18340	GO:0033014	8	0.4	0
BSU_33920	GO:0033014	8	0.4	0
BSU_31930	GO:0050661	8	0.4	0
BSU_25070	GO:0050661	8	0.4	0
BSU_32840	GO:0050661	8	0.4	0
BSU_24160	GO:0050661	8	0.4	0
BSU_36760	GO:0033014	8	0.4	0
BSU_37100	GO:0033014	8	0.4	0
BSU_40340	GO:0004657	8	0.4	0
BSU_23940	GO:0009231	8	0.4	0
BSU_32840	GO:0004657	8	0.4	0
BSU_15730	GO:0009231	8	0.4	0
BSU_24160	GO:0004657	8	0.4	0
BSU_08880	GO:0033014	8	0.4	0
BSU_28270	GO:0004657	8	0.4	0
BSU_37110	GO:0019344	8	0.4	0
BSU_15540	GO:0004657	8	0.4	0
BSU_11610	GO:0006096	8	0.4	0
BSU_04620	GO:0006096	8	0.4	0
BSU_03640	GO:0033014	8	0.4	0
BSU_14870	GO:0004657	8	0.4	0
BSU_32050	GO:0005886	8	0.4	0
BSU_03640	GO:0006096	8	0.4	0
BSU_09840	GO:0004657	8	0.4	0
BSU_28210	GO:0005886	8	0.4	0
BSU_17680	GO:0009231	8	0.4	0
BSU_00130	GO:0009231	8	0.4	0
BSU_15370	GO:0009231	8	0.4	0
BSU_25070	GO:0004657	8	0.4	0
BSU_22070	GO:0033014	8	0.4	0
BSU_16030	GO:0033014	8	0.4	0
BSU_09840	GO:0050661	8	0.4	0
BSU_22360	GO:0009231	8	0.4	0
BSU_02440	GO:0055085	8	0.4	0
BSU_23550	GO:0004657	8	0.4	0
BSU_32450	GO:0004657	8	0.4	0
BSU_23280	GO:0004657	8	0.4	0
BSU_09840	GO:0006096	8	0.4	0
BSU_21810	GO:0004657	8	0.4	0
BSU_33440	GO:0004657	8	0.4	0
BSU_36230	GO:0004657	8	0.4	0
BSU_35580	GO:0004657	8	0.4	0
BSU_31370	GO:0004657	8	0.4	0
BSU_28760	GO:0004657	8	0.4	0
BSU_06600	GO:0009231	8	0.4	0
BSU_13610	GO:0006096	8	0.4	0
BSU_09840	GO:0032993	8	0.4	0
BSU_03750	GO:0006546	8	0.4	0
BSU_35250	GO:0015293	8	0.4	0
BSU_02630	GO:0005515	8	0.4	0
BSU_02630	GO:0015293	8	0.4	0
BSU_11440	GO:0015293	8	0.4	0
BSU_22060	GO:0030001	8	0.4	0
BSU_07610	GO:0030001	8	0.4	0
BSU_32440	GO:0030001	8	0.4	0
BSU_32430	GO:0030001	8	0.4	0
BSU_38750	GO:0015293	8	0.4	0
BSU_14320	GO:0030001	8	0.4	0
BSU_38760	GO:0015293	8	0.4	0
BSU_23550	GO:0017000	8	0.4	0
BSU_36840	GO:0015293	8	0.4	0
BSU_36870	GO:0015293	8	0.4	0
BSU_36860	GO:0015293	8	0.4	0
BSU_33520	GO:0004359	8	0.4	0
BSU_03750	GO:0004359	8	0.4	0
BSU_14330	GO:0030001	8	0.4	0
BSU_07610	GO:0003700	8	0.4	0
BSU_21820	GO:0004359	8	0.4	0
BSU_11650	GO:0005576	8	0.4	0
BSU_10640	GO:0003700	8	0.4	0
BSU_18090	GO:0006281	8	0.4	0
BSU_35250	GO:0051287	8	0.4	0
BSU_09710	GO:0030001	8	0.4	0
BSU_02740	GO:0003700	8	0.4	0
BSU_02000	GO:0003700	8	0.4	0
BSU_22440	GO:0004359	8	0.4	0
BSU_02550	GO:0003700	8	0.4	0
BSU_07800	GO:0015293	8	0.4	0
BSU_30400	GO:0003700	8	0.4	0
BSU_09840	GO:0017000	8	0.4	0
BSU_11870	GO:0017000	8	0.4	0
BSU_06600	GO:0005737	8	0.4	0
BSU_38020	GO:0005737	8	0.4	0
BSU_09600	GO:0005737	8	0.4	0
BSU_09610	GO:0005737	8	0.4	0
BSU_39060	GO:0030001	8	0.4	0
BSU_31930	GO:0005576	8	0.4	0
BSU_12810	GO:0008360	8	0.4	0
BSU_31370	GO:0004324	8	0.4	0
BSU_24160	GO:0005576	8	0.4	0
BSU_03640	GO:0030170	8	0.4	0
BSU_40340	GO:0006546	8	0.4	0
BSU_04620	GO:0030170	8	0.4	0
BSU_16030	GO:0006546	8	0.4	0
BSU_15780	GO:0030170	8	0.4	0
BSU_37110	GO:0004324	8	0.4	0
BSU_06020	GO:0030170	8	0.4	0
BSU_37100	GO:0017000	8	0.4	0
BSU_33610	GO:0030170	8	0.4	0
BSU_22740	GO:0005576	8	0.4	0
BSU_33221	GO:0005515	8	0.4	0
BSU_02630	GO:0006546	8	0.4	0
BSU_05980	GO:0006546	8	0.4	0
BSU_03640	GO:0006546	8	0.4	0
BSU_21820	GO:0006546	8	0.4	0
BSU_26390	GO:0005576	8	0.4	0
BSU_08880	GO:0030170	8	0.4	0
BSU_34590	GO:0015293	8	0.4	0
BSU_26640	GO:0030001	8	0.4	0
BSU_03490	GO:0004359	8	0.4	0
BSU_33520	GO:0015293	8	0.4	0
BSU_27260	GO:0030170	8	0.4	0
BSU_05980	GO:0004359	8	0.4	0
BSU_36760	GO:0030170	8	0.4	0
BSU_02630	GO:0004359	8	0.4	0
BSU_12860	GO:0030001	8	0.4	0
BSU_37100	GO:0030170	8	0.4	0
BSU_28760	GO:0006546	8	0.4	0
BSU_24550	GO:0006546	8	0.4	0
BSU_16030	GO:0030170	8	0.4	0
BSU_32520	GO:0017000	8	0.4	0
BSU_01120	GO:0004359	8	0.4	0
BSU_17610	GO:0017000	8	0.4	0
BSU_22070	GO:0030170	8	0.4	0
BSU_36760	GO:0017000	8	0.4	0
BSU_16140	GO:0003700	8	0.4	0
BSU_04620	GO:0006281	8	0.4	0
BSU_18090	GO:0003700	8	0.4	0
BSU_02630	GO:0030435	8	0.4	0
BSU_16140	GO:0032993	8	0.4	0
BSU_07800	GO:0030435	8	0.4	0
BSU_36890	GO:0042802	8	0.4	0
BSU_15560	GO:0042802	8	0.4	0
BSU_28270	GO:0042802	8	0.4	0
BSU_14870	GO:0055085	8	0.4	0
BSU_09320	GO:0055085	8	0.4	0
BSU_34970	GO:0042802	8	0.4	0
BSU_04620	GO:0042802	8	0.4	0
BSU_06600	GO:0042802	8	0.4	0
BSU_18160	GO:0006281	8	0.4	0
BSU_30210	GO:0042802	8	0.4	0
BSU_06530	GO:0006281	8	0.4	0
BSU_35250	GO:0030435	8	0.4	0
BSU_06020	GO:0006281	8	0.4	0
BSU_38750	GO:0030435	8	0.4	0
BSU_15370	GO:0016042	8	0.4	0
BSU_15540	GO:0032993	8	0.4	0
BSU_02760	GO:0030001	8	0.4	0
BSU_11870	GO:0032993	8	0.4	0
BSU_16030	GO:0016765	8	0.4	0
BSU_37100	GO:0016765	8	0.4	0
BSU_36760	GO:0016765	8	0.4	0
BSU_28930	GO:0055085	8	0.4	0
BSU_25320	GO:0006096	8	0.4	0
BSU_11610	GO:0032993	8	0.4	0
BSU_02440	GO:0016020	8	0.4	0
BSU_06360	GO:0017000	8	0.4	0
BSU_36890	GO:0032993	8	0.4	0
BSU_27260	GO:0032993	8	0.4	0
BSU_14870	GO:0006281	8	0.4	0
BSU_11610	GO:0006281	8	0.4	0
BSU_25070	GO:0005524	8	0.4	0
BSU_00580	GO:0042802	8	0.4	0
BSU_06530	GO:0017000	8	0.4	0
BSU_09840	GO:0006281	8	0.4	0
BSU_15780	GO:0006281	8	0.4	0
BSU_03640	GO:0006281	8	0.4	0
BSU_36840	GO:0030435	8	0.4	0
BSU_11610	GO:0042802	8	0.4	0
BSU_03490	GO:0051287	8	0.4	0
BSU_07800	GO:0051287	8	0.4	0
BSU_08880	GO:0003700	8	0.4	0
BSU_09840	GO:0042802	8	0.4	0
BSU_28270	GO:0006281	8	0.4	0
BSU_31150	GO:0005576	8	0.4	0
BSU_15560	GO:0006281	8	0.4	0
BSU_33520	GO:0051287	8	0.4	0
BSU_17210	GO:0017000	8	0.4	0
BSU_14870	GO:0042802	8	0.4	0
BSU_36850	GO:0051287	8	0.4	0
BSU_36890	GO:0006281	8	0.4	0
BSU_00850	GO:0051287	8	0.4	0
BSU_21500	GO:0003700	8	0.4	0
BSU_11440	GO:0051287	8	0.4	0
BSU_30210	GO:0017000	8	0.4	0
BSU_03640	GO:0003700	8	0.4	0
BSU_01120	GO:0051287	8	0.4	0
BSU_06530	GO:0042802	8	0.4	0
BSU_06020	GO:0042802	8	0.4	0
BSU_34590	GO:0030435	8	0.4	0
BSU_02130	GO:0006281	8	0.4	0
BSU_12810	GO:0016042	8	0.4	0
BSU_38760	GO:0030435	8	0.4	0
BSU_36870	GO:0030435	8	0.4	0
BSU_38760	GO:0005515	8	0.4	0
BSU_38750	GO:0005515	8	0.4	0
BSU_36860	GO:0030435	8	0.4	0
BSU_03640	GO:0042802	8	0.4	0
BSU_16140	GO:0006281	8	0.4	0
BSU_36310	GO:0006281	8	0.4	0
BSU_35250	GO:0005515	8	0.4	0
BSU_34970	GO:0005576	8	0.4	0
BSU_29560	GO:0017000	8	0.4	0
BSU_29680	GO:0017000	8	0.4	0
BSU_15730	GO:0006650	8	0.4	0
BSU_27870	GO:0016616	8	0.4	0
BSU_06360	GO:0043041	8	0.4	0
BSU_15370	GO:0006434	8	0.4	0
BSU_06600	GO:0006434	8	0.4	0
BSU_27500	GO:0006434	8	0.4	0
BSU_08880	GO:0016787	8	0.4	0
BSU_11250	GO:0006434	8	0.4	0
BSU_25430	GO:0006434	8	0.4	0
BSU_28280	GO:0006434	8	0.4	0
BSU_05980	GO:0044780	8	0.4	0
BSU_36310	GO:0016020	8	0.4	0
BSU_22360	GO:0016787	8	0.4	0
BSU_02630	GO:0044780	8	0.4	0
BSU_15730	GO:0006434	8	0.4	0
BSU_38730	GO:0005737	8	0.4	0
BSU_36760	GO:0016020	8	0.4	0
BSU_37100	GO:0016020	8	0.4	0
BSU_08880	GO:0044780	8	0.4	0
BSU_16030	GO:0016020	8	0.4	0
BSU_13660	GO:0030420	8	0.4	0
BSU_03640	GO:0044780	8	0.4	0
BSU_29680	GO:0005737	8	0.4	0
BSU_15730	GO:0016787	8	0.4	0
BSU_21920	GO:0016020	8	0.4	0
BSU_11870	GO:0006434	8	0.4	0
BSU_22030	GO:0016020	8	0.4	0
BSU_18330	GO:0006434	8	0.4	0
BSU_18340	GO:0006434	8	0.4	0
BSU_22360	GO:0006434	8	0.4	0
BSU_01390	GO:0016787	8	0.4	0
BSU_22740	GO:0006434	8	0.4	0
BSU_21820	GO:0044780	8	0.4	0
BSU_00130	GO:0016787	8	0.4	0
BSU_33610	GO:0044780	8	0.4	0
BSU_06020	GO:0044780	8	0.4	0
BSU_15780	GO:0044780	8	0.4	0
BSU_37110	GO:0006434	8	0.4	0
BSU_04620	GO:0044780	8	0.4	0
BSU_03750	GO:0044780	8	0.4	0
BSU_23940	GO:0006434	8	0.4	0
BSU_28300	GO:0005737	8	0.4	0
BSU_10300	GO:0016746	8	0.4	0
BSU_13660	GO:0016746	8	0.4	0
BSU_09710	GO:0030420	8	0.4	0
BSU_01480	GO:0006400	8	0.4	0
BSU_12950	GO:0016746	8	0.4	0
BSU_25430	GO:0006400	8	0.4	0
BSU_02130	GO:0005737	8	0.4	0
BSU_13660	GO:0008360	8	0.4	0
BSU_31370	GO:0005737	8	0.4	0
BSU_14330	GO:0030435	8	0.4	0
BSU_09320	GO:0016887	8	0.4	0
BSU_14320	GO:0030435	8	0.4	0
BSU_06360	GO:0006400	8	0.4	0
BSU_38730	GO:0030435	8	0.4	0
BSU_06530	GO:0006400	8	0.4	0
BSU_27080	GO:0008360	8	0.4	0
BSU_09710	GO:0030435	8	0.4	0
BSU_22740	GO:0016746	8	0.4	0
BSU_22070	GO:0006400	8	0.4	0
BSU_28270	GO:0006400	8	0.4	0
BSU_32840	GO:0005737	8	0.4	0
BSU_08880	GO:0006434	8	0.4	0
BSU_24160	GO:0005737	8	0.4	0
BSU_22070	GO:0044780	8	0.4	0
BSU_22070	GO:0016020	8	0.4	0
BSU_06020	GO:0016887	8	0.4	0
BSU_16030	GO:0044780	8	0.4	0
BSU_37100	GO:0044780	8	0.4	0
BSU_36760	GO:0044780	8	0.4	0
BSU_06360	GO:0016887	8	0.4	0
BSU_28210	GO:0030435	8	0.4	0
BSU_21820	GO:0016020	8	0.4	0
BSU_06530	GO:0016887	8	0.4	0
BSU_03750	GO:0016020	8	0.4	0
BSU_29680	GO:0016746	8	0.4	0
BSU_29560	GO:0016746	8	0.4	0
BSU_12950	GO:0008360	8	0.4	0
BSU_03640	GO:0006434	8	0.4	0
BSU_03640	GO:0016787	8	0.4	0
BSU_02440	GO:0016887	8	0.4	0
BSU_09840	GO:0044780	8	0.4	0
BSU_18090	GO:0016787	8	0.4	0
BSU_29130	GO:0016887	8	0.4	0
BSU_27080	GO:0007165	8	0.4	0
BSU_09710	GO:0022857	8	0.4	0
BSU_02760	GO:0022857	8	0.4	0
BSU_22360	GO:0034023	8	0.4	0
BSU_39060	GO:0006811	8	0.4	0
BSU_36760	GO:0004315	8	0.4	0
BSU_16030	GO:0004315	8	0.4	0
BSU_35580	GO:0004315	8	0.4	0
BSU_21500	GO:0009314	8	0.4	0
BSU_22070	GO:0004315	8	0.4	0
BSU_25070	GO:0034023	8	0.4	0
BSU_29560	GO:0034023	8	0.4	0
BSU_32430	GO:0006811	8	0.4	0
BSU_32440	GO:0006811	8	0.4	0
BSU_07610	GO:0006811	8	0.4	0
BSU_36230	GO:0004315	8	0.4	0
BSU_14320	GO:0022857	8	0.4	0
BSU_04620	GO:0006434	8	0.4	0
BSU_38750	GO:0004315	8	0.4	0
BSU_31370	GO:0051287	8	0.4	0
BSU_37110	GO:0051287	8	0.4	0
BSU_19370	GO:0004315	8	0.4	0
BSU_24550	GO:0004315	8	0.4	0
BSU_14870	GO:0007165	8	0.4	0
BSU_07800	GO:0016887	8	0.4	0
BSU_14870	GO:0004315	8	0.4	0
BSU_03490	GO:0016887	8	0.4	0
BSU_14330	GO:0022857	8	0.4	0
BSU_38760	GO:0004315	8	0.4	0
BSU_01120	GO:0016887	8	0.4	0
BSU_28270	GO:0004315	8	0.4	0
BSU_06530	GO:0008360	8	0.4	0
BSU_00130	GO:0006414	8	0.4	0
BSU_15730	GO:0006414	8	0.4	0
BSU_28760	GO:0004315	8	0.4	0
BSU_22060	GO:0006811	8	0.4	0
BSU_11610	GO:0016787	8	0.4	0
BSU_38730	GO:0007165	8	0.4	0
BSU_36310	GO:0044780	8	0.4	0
BSU_33920	GO:0046872	8	0.4	0
BSU_09710	GO:0008360	8	0.4	0
BSU_06530	GO:0016787	8	0.4	0
BSU_06020	GO:0016787	8	0.4	0
BSU_01480	GO:0046872	8	0.4	0
BSU_27260	GO:0044780	8	0.4	0
BSU_11870	GO:0044780	8	0.4	0
BSU_22700	GO:0006414	8	0.4	0
BSU_01120	GO:0004315	8	0.4	0
BSU_12950	GO:0016020	8	0.4	0
BSU_10120	GO:0006414	8	0.4	0
BSU_13660	GO:0016020	8	0.4	0
BSU_15680	GO:0006414	8	0.4	0
BSU_04620	GO:0016787	8	0.4	0
BSU_37100	GO:0006434	8	0.4	0
BSU_38760	GO:0016020	8	0.4	0
BSU_02440	GO:0016020	8	0.4	0
BSU_23160	GO:0046872	8	0.4	0
BSU_18360	GO:0046872	8	0.4	0
BSU_09320	GO:0008360	8	0.4	0
BSU_14330	GO:0006811	8	0.4	0
BSU_14320	GO:0006811	8	0.4	0
BSU_09710	GO:0006811	8	0.4	0
BSU_02760	GO:0006811	8	0.4	0
BSU_01620	GO:0007165	8	0.4	0
BSU_26390	GO:0046872	8	0.4	0
BSU_08880	GO:0046872	8	0.4	0
BSU_28920	GO:0046872	8	0.4	0
BSU_09840	GO:0016787	8	0.4	0
BSU_33610	GO:0046872	8	0.4	0
BSU_27030	GO:0046872	8	0.4	0
BSU_39260	GO:0046872	8	0.4	0
BSU_34460	GO:0046872	8	0.4	0
BSU_29680	GO:0016020	8	0.4	0
BSU_37110	GO:0046872	8	0.4	0
BSU_24160	GO:0016746	8	0.4	0
BSU_17210	GO:0006400	8	0.4	0
BSU_06530	GO:0043041	8	0.4	0
BSU_09600	GO:0006826	8	0.4	0
BSU_05990	GO:0006814	8	0.4	0
BSU_11610	GO:0003723	8	0.4	0
BSU_02440	GO:0006814	8	0.4	0
BSU_28270	GO:0004170	8	0.4	0
BSU_15560	GO:0004170	8	0.4	0
BSU_26420	GO:0006826	8	0.4	0
BSU_09610	GO:0006826	8	0.4	0
BSU_36890	GO:0004170	8	0.4	0
BSU_05980	GO:0006814	8	0.4	0
BSU_13260	GO:0006826	8	0.4	0
BSU_02010	GO:0006826	8	0.4	0
BSU_04620	GO:0004170	8	0.4	0
BSU_06020	GO:0003677	8	0.4	0
BSU_33610	GO:0003677	8	0.4	0
BSU_02630	GO:0009401	8	0.4	0
BSU_05990	GO:0009401	8	0.4	0
BSU_02640	GO:0006814	8	0.4	0
BSU_27500	GO:0016887	8	0.4	0
BSU_14330	GO:0006826	8	0.4	0
BSU_30210	GO:0004170	8	0.4	0
BSU_29560	GO:0016887	8	0.4	0
BSU_40340	GO:0004170	8	0.4	0
BSU_37110	GO:0004170	8	0.4	0
BSU_29680	GO:0016887	8	0.4	0
BSU_08880	GO:0003677	8	0.4	0
BSU_22030	GO:0006814	8	0.4	0
BSU_00110	GO:0004170	8	0.4	0
BSU_21920	GO:0006814	8	0.4	0
BSU_09710	GO:0006814	8	0.4	0
BSU_06600	GO:0004170	8	0.4	0
BSU_13660	GO:0006814	8	0.4	0
BSU_34970	GO:0004170	8	0.4	0
BSU_03640	GO:0003677	8	0.4	0
BSU_12950	GO:0006814	8	0.4	0
BSU_14870	GO:0006814	8	0.4	0
BSU_04620	GO:0003677	8	0.4	0
BSU_02640	GO:0009401	8	0.4	0
BSU_05980	GO:0009401	8	0.4	0
BSU_11610	GO:0016887	8	0.4	0
BSU_36890	GO:0003677	8	0.4	0
BSU_09320	GO:0006826	8	0.4	0
BSU_27260	GO:0003677	8	0.4	0
BSU_02130	GO:0016491	8	0.4	0
BSU_38730	GO:0009401	8	0.4	0
BSU_02760	GO:0006826	8	0.4	0
BSU_01620	GO:0009401	8	0.4	0
BSU_39260	GO:0003677	8	0.4	0
BSU_15540	GO:0003677	8	0.4	0
BSU_29680	GO:0008360	8	0.4	0
BSU_31930	GO:0003677	8	0.4	0
BSU_06360	GO:0016491	8	0.4	0
BSU_01120	GO:0016491	8	0.4	0
BSU_02130	GO:0009089	8	0.4	0
BSU_00110	GO:0016491	8	0.4	0
BSU_17040	GO:0006289	8	0.4	0
BSU_36760	GO:0006289	8	0.4	0
BSU_09710	GO:0006826	8	0.4	0
BSU_34590	GO:0009401	8	0.4	0
BSU_14320	GO:0006826	8	0.4	0
BSU_09840	GO:0003677	8	0.4	0
BSU_00580	GO:0004170	8	0.4	0
BSU_09320	GO:0009401	8	0.4	0
BSU_38730	GO:0006826	8	0.4	0
BSU_14870	GO:0009401	8	0.4	0
BSU_29680	GO:0016491	8	0.4	0
BSU_38750	GO:0009401	8	0.4	0
BSU_28300	GO:0016491	8	0.4	0
BSU_31150	GO:0006826	8	0.4	0
BSU_14870	GO:0006826	8	0.4	0
BSU_02010	GO:0016887	8	0.4	0
BSU_28930	GO:0006826	8	0.4	0
BSU_13260	GO:0016887	8	0.4	0
BSU_29560	GO:0008360	8	0.4	0
BSU_11610	GO:0003677	8	0.4	0
BSU_27080	GO:0006826	8	0.4	0
BSU_11870	GO:0003677	8	0.4	0
BSU_25300	GO:0004170	8	0.4	0
BSU_28930	GO:0006814	8	0.4	0
BSU_29680	GO:0006814	8	0.4	0
BSU_09840	GO:0004170	8	0.4	0
BSU_09320	GO:0006400	8	0.4	0
BSU_09710	GO:0006400	8	0.4	0
BSU_04620	GO:0016746	8	0.4	0
BSU_15560	GO:0030435	8	0.4	0
BSU_33610	GO:0016746	8	0.4	0
BSU_02440	GO:0030435	8	0.4	0
BSU_00110	GO:0030435	8	0.4	0
BSU_12950	GO:0006400	8	0.4	0
BSU_11610	GO:0004170	8	0.4	0
BSU_06360	GO:0016746	8	0.4	0
BSU_28930	GO:0046872	8	0.4	0
BSU_13660	GO:0006400	8	0.4	0
BSU_24550	GO:0016746	8	0.4	0
BSU_27080	GO:0006400	8	0.4	0
BSU_06530	GO:0004170	8	0.4	0
BSU_06020	GO:0004170	8	0.4	0
BSU_13660	GO:0016887	8	0.4	0
BSU_29560	GO:0005737	8	0.4	0
BSU_11650	GO:0046872	8	0.4	0
BSU_00110	GO:0005737	8	0.4	0
BSU_26390	GO:0016746	8	0.4	0
BSU_18330	GO:0006400	8	0.4	0
BSU_18340	GO:0006400	8	0.4	0
BSU_29560	GO:0006400	8	0.4	0
BSU_29680	GO:0006400	8	0.4	0
BSU_06360	GO:0005737	8	0.4	0
BSU_17140	GO:0030435	8	0.4	0
BSU_11650	GO:0005737	8	0.4	0
BSU_06020	GO:0006400	8	0.4	0
BSU_17200	GO:0030435	8	0.4	0
BSU_16030	GO:0016746	8	0.4	0
BSU_05980	GO:0016746	8	0.4	0
BSU_03640	GO:0016746	8	0.4	0
BSU_21820	GO:0016746	8	0.4	0
BSU_02440	GO:0006400	8	0.4	0
BSU_25070	GO:0005737	8	0.4	0
BSU_02440	GO:0030420	8	0.4	0
BSU_17040	GO:0008360	8	0.4	0
BSU_17040	GO:0006400	8	0.4	0
BSU_34970	GO:0046872	8	0.4	0
BSU_10120	GO:0046872	8	0.4	0
BSU_18360	GO:0003723	8	0.4	0
BSU_02740	GO:0046872	8	0.4	0
BSU_02000	GO:0046872	8	0.4	0
BSU_21810	GO:0046872	8	0.4	0
BSU_02550	GO:0046872	8	0.4	0
BSU_30400	GO:0046872	8	0.4	0
BSU_33440	GO:0046872	8	0.4	0
BSU_02440	GO:0016020	8	0.4	0
BSU_22360	GO:0016887	8	0.4	0
BSU_37100	GO:0003677	8	0.4	0
BSU_17680	GO:0046872	8	0.4	0
BSU_28930	GO:0003723	8	0.4	0
BSU_16030	GO:0003677	8	0.4	0
BSU_28930	GO:0016887	8	0.4	0
BSU_22070	GO:0003677	8	0.4	0
BSU_15680	GO:0046872	8	0.4	0
BSU_33930	GO:0046872	8	0.4	0
BSU_31180	GO:0003723	8	0.4	0
BSU_31930	GO:0046872	8	0.4	0
BSU_13660	GO:0016020	8	0.4	0
BSU_01390	GO:0046872	8	0.4	0
BSU_17040	GO:0016887	8	0.4	0
BSU_00760	GO:0046872	8	0.4	0
BSU_27270	GO:0046872	8	0.4	0
BSU_16770	GO:0046872	8	0.4	0
BSU_02760	GO:0030420	8	0.4	0
BSU_03900	GO:0046872	8	0.4	0
BSU_18090	GO:0016887	8	0.4	0
BSU_15730	GO:0046872	8	0.4	0
BSU_30980	GO:0046872	8	0.4	0
BSU_17140	GO:0046872	8	0.4	0
BSU_03640	GO:0004170	8	0.4	0
BSU_18090	GO:0008360	8	0.4	0
BSU_39260	GO:0046872	8	0.4	0
BSU_19370	GO:0016887	8	0.4	0
BSU_02440	GO:0022857	8	0.4	0
BSU_38750	GO:0016887	8	0.4	0
BSU_14870	GO:0005737	8	0.4	0
BSU_38020	GO:0008270	8	0.4	0
BSU_11650	GO:0047810	8	0.4	0
BSU_10120	GO:0008270	8	0.4	0
BSU_33010	GO:0047810	8	0.4	0
BSU_15680	GO:0008270	8	0.4	0
BSU_33930	GO:0008270	8	0.4	0
BSU_23160	GO:0003677	8	0.4	0
BSU_31930	GO:0008270	8	0.4	0
BSU_02740	GO:0008270	8	0.4	0
BSU_39260	GO:0008270	8	0.4	0
BSU_17040	GO:0047810	8	0.4	0
BSU_28920	GO:0047810	8	0.4	0
BSU_28270	GO:0047810	8	0.4	0
BSU_30210	GO:0008270	8	0.4	0
BSU_01480	GO:0003677	8	0.4	0
BSU_17140	GO:0008270	8	0.4	0
BSU_01390	GO:0003677	8	0.4	0
BSU_02000	GO:0008270	8	0.4	0
BSU_25320	GO:0003677	8	0.4	0
BSU_33610	GO:0047810	8	0.4	0
BSU_22360	GO:0046872	8	0.4	0
BSU_05980	GO:0047810	8	0.4	0
BSU_03640	GO:0047810	8	0.4	0
BSU_21820	GO:0047810	8	0.4	0
BSU_34970	GO:0008270	8	0.4	0
BSU_04620	GO:0047810	8	0.4	0
BSU_25300	GO:0003677	8	0.4	0
BSU_06360	GO:0047810	8	0.4	0
BSU_21810	GO:0008270	8	0.4	0
BSU_30400	GO:0008270	8	0.4	0
BSU_29560	GO:0046872	8	0.4	0
BSU_33920	GO:0008270	8	0.4	0
BSU_02550	GO:0008270	8	0.4	0
BSU_34720	GO:0008270	8	0.4	0
BSU_24550	GO:0047810	8	0.4	0
BSU_17040	GO:0005737	8	0.4	0
BSU_28300	GO:0047810	8	0.4	0
BSU_29680	GO:0047810	8	0.4	0
BSU_38760	GO:0016887	8	0.4	0
BSU_02760	GO:0005515	8	0.4	0
BSU_22440	GO:0003824	8	0.4	0
BSU_27500	GO:0005886	8	0.4	0
BSU_06360	GO:0005737	8	0.4	0
BSU_12810	GO:0005515	8	0.4	0
BSU_02440	GO:0016020	8	0.4	0
BSU_38760	GO:0003824	8	0.4	0
BSU_38750	GO:0003824	8	0.4	0
BSU_19370	GO:0003824	8	0.4	0
BSU_25710	GO:0005515	8	0.4	0
BSU_22220	GO:0005886	8	0.4	0
BSU_07800	GO:0003824	8	0.4	0
BSU_28300	GO:0005737	8	0.4	0
BSU_01120	GO:0003824	8	0.4	0
BSU_02760	GO:0008324	8	0.4	0
BSU_22740	GO:0005737	8	0.4	0
BSU_12950	GO:0016020	8	0.4	0
BSU_29560	GO:0005737	8	0.4	0
BSU_26430	GO:0047810	8	0.4	0
BSU_33520	GO:0003824	8	0.4	0
BSU_24160	GO:0005515	8	0.4	0
BSU_03750	GO:0003824	8	0.4	0
BSU_31370	GO:0047810	8	0.4	0
BSU_02630	GO:0003824	8	0.4	0
BSU_33440	GO:0047810	8	0.4	0
BSU_34970	GO:0047810	8	0.4	0
BSU_39660	GO:0047810	8	0.4	0
BSU_22740	GO:0005515	8	0.4	0
BSU_29680	GO:0005737	8	0.4	0
BSU_09840	GO:0009314	8	0.4	0
BSU_31930	GO:0005515	8	0.4	0
BSU_30400	GO:0047810	8	0.4	0
BSU_33920	GO:0047810	8	0.4	0
BSU_11440	GO:0003824	8	0.4	0
BSU_34720	GO:0047810	8	0.4	0
BSU_21810	GO:0047810	8	0.4	0
BSU_02740	GO:0047810	8	0.4	0
BSU_33440	GO:0008270	8	0.4	0
BSU_31370	GO:0008270	8	0.4	0
BSU_11870	GO:0046872	8	0.4	0
BSU_32520	GO:0043041	8	0.4	0
BSU_30210	GO:0009697	8	0.4	0
BSU_11870	GO:0043041	8	0.4	0
BSU_31370	GO:0016616	8	0.4	0
BSU_17040	GO:0005886	8	0.4	0
BSU_38760	GO:0005524	8	0.4	0
BSU_28760	GO:0016616	8	0.4	0
BSU_23550	GO:0043041	8	0.4	0
BSU_17610	GO:0043041	8	0.4	0
BSU_06600	GO:0009697	8	0.4	0
BSU_36760	GO:0043041	8	0.4	0
BSU_14870	GO:0005524	8	0.4	0
BSU_37100	GO:0043041	8	0.4	0
BSU_25070	GO:0016616	8	0.4	0
BSU_04620	GO:0043041	8	0.4	0
BSU_31370	GO:0003677	8	0.4	0
BSU_09840	GO:0005524	8	0.4	0
BSU_09840	GO:0043041	8	0.4	0
BSU_34970	GO:0009697	8	0.4	0
BSU_16030	GO:0047810	8	0.4	0
BSU_21810	GO:0016616	8	0.4	0
BSU_32450	GO:0016616	8	0.4	0
BSU_23940	GO:0006650	8	0.4	0
BSU_23280	GO:0016616	8	0.4	0
BSU_31930	GO:0016616	8	0.4	0
BSU_28760	GO:0005524	8	0.4	0
BSU_17210	GO:0043041	8	0.4	0
BSU_25070	GO:0005524	8	0.4	0
BSU_29560	GO:0043041	8	0.4	0
BSU_33440	GO:0016616	8	0.4	0
BSU_22740	GO:0005524	8	0.4	0
BSU_29680	GO:0043041	8	0.4	0
BSU_04620	GO:0009697	8	0.4	0
BSU_28270	GO:0005524	8	0.4	0
BSU_36890	GO:0009697	8	0.4	0
BSU_15560	GO:0009697	8	0.4	0
BSU_30210	GO:0043041	8	0.4	0
BSU_27260	GO:0043041	8	0.4	0
BSU_22360	GO:0043041	8	0.4	0
BSU_22740	GO:0043041	8	0.4	0
BSU_17040	GO:0008270	8	0.4	0
BSU_18330	GO:0005524	8	0.4	0
BSU_17210	GO:0005524	8	0.4	0
BSU_32840	GO:0046872	8	0.4	0
BSU_11610	GO:0009697	8	0.4	0
BSU_11650	GO:0008270	8	0.4	0
BSU_24160	GO:0046872	8	0.4	0
BSU_22360	GO:0005886	8	0.4	0
BSU_22360	GO:0003677	8	0.4	0
BSU_18160	GO:0005524	8	0.4	0
BSU_17680	GO:0008270	8	0.4	0
BSU_37110	GO:0046872	8	0.4	0
BSU_28920	GO:0008270	8	0.4	0
BSU_28270	GO:0008270	8	0.4	0
BSU_06360	GO:0046872	8	0.4	0
BSU_29560	GO:0005886	8	0.4	0
BSU_11650	GO:0046872	8	0.4	0
BSU_09840	GO:0009697	8	0.4	0
BSU_18340	GO:0005524	8	0.4	0
BSU_11650	GO:0003677	8	0.4	0
BSU_06360	GO:0008270	8	0.4	0
BSU_28270	GO:0016616	8	0.4	0
BSU_03640	GO:0009697	8	0.4	0
BSU_15780	GO:0005524	8	0.4	0
BSU_04620	GO:0005524	8	0.4	0
BSU_28300	GO:0043041	8	0.4	0
BSU_18090	GO:0005886	8	0.4	0
BSU_03640	GO:0005524	8	0.4	0
BSU_15540	GO:0016616	8	0.4	0
BSU_03640	GO:0008270	8	0.4	0
BSU_14870	GO:0016616	8	0.4	0
BSU_06530	GO:0009697	8	0.4	0
BSU_02130	GO:0005524	8	0.4	0
BSU_04620	GO:0008270	8	0.4	0
BSU_33610	GO:0008270	8	0.4	0
BSU_09840	GO:0016616	8	0.4	0
BSU_09710	GO:0008324	8	0.4	0
BSU_33930	GO:0005886	8	0.4	0
BSU_13660	GO:0016020	8	0.4	0
BSU_22070	GO:0005524	8	0.4	0
BSU_38760	GO:0000287	8	0.4	0
BSU_02630	GO:0007165	8	0.4	0
BSU_05980	GO:0005524	8	0.4	0
BSU_11650	GO:0034023	8	0.4	0
BSU_36760	GO:0000287	8	0.4	0
BSU_02440	GO:0015658	8	0.4	0
BSU_08880	GO:0005524	8	0.4	0
BSU_05990	GO:0007165	8	0.4	0
BSU_16140	GO:0008360	8	0.4	0
BSU_02640	GO:0007165	8	0.4	0
BSU_16030	GO:0005524	8	0.4	0
BSU_37100	GO:0005524	8	0.4	0
BSU_29560	GO:0051287	8	0.4	0
BSU_36760	GO:0005524	8	0.4	0
BSU_11870	GO:0009252	8	0.4	0
BSU_33610	GO:0005524	8	0.4	0
BSU_38750	GO:0000287	8	0.4	0
BSU_03640	GO:0005524	8	0.4	0
BSU_38750	GO:0015658	8	0.4	0
BSU_34590	GO:0015658	8	0.4	0
BSU_36760	GO:0009314	8	0.4	0
BSU_09840	GO:0005524	8	0.4	0
BSU_19370	GO:0000287	8	0.4	0
BSU_28920	GO:0005886	8	0.4	0
BSU_18090	GO:0005886	8	0.4	0
BSU_02130	GO:0000287	8	0.4	0
BSU_22120	GO:0009314	8	0.4	0
BSU_02760	GO:0007165	8	0.4	0
BSU_21820	GO:0005524	8	0.4	0
BSU_33520	GO:0000287	8	0.4	0
BSU_15780	GO:0000287	8	0.4	0
BSU_15780	GO:0005524	8	0.4	0
BSU_01620	GO:0015658	8	0.4	0
BSU_18160	GO:0000287	8	0.4	0
BSU_09320	GO:0005886	8	0.4	0
BSU_04620	GO:0005524	8	0.4	0
BSU_25070	GO:0051287	8	0.4	0
BSU_40340	GO:0009252	8	0.4	0
BSU_03900	GO:0009252	8	0.4	0
BSU_06360	GO:0051287	8	0.4	0
BSU_28270	GO:0009252	8	0.4	0
BSU_11650	GO:0051287	8	0.4	0
BSU_33221	GO:0016887	8	0.4	0
BSU_00110	GO:0051287	8	0.4	0
BSU_28300	GO:0009252	8	0.4	0
BSU_03750	GO:0016887	8	0.4	0
BSU_02630	GO:0016887	8	0.4	0
BSU_29680	GO:0009252	8	0.4	0
BSU_00760	GO:0009252	8	0.4	0
BSU_06020	GO:0008360	8	0.4	0
BSU_31370	GO:0009252	8	0.4	0
BSU_33440	GO:0009252	8	0.4	0
BSU_34970	GO:0009252	8	0.4	0
BSU_09710	GO:0007165	8	0.4	0
BSU_39660	GO:0009252	8	0.4	0
BSU_06360	GO:0008360	8	0.4	0
BSU_28920	GO:0009252	8	0.4	0
BSU_11870	GO:0051287	8	0.4	0
BSU_17680	GO:0009252	8	0.4	0
BSU_17040	GO:0009252	8	0.4	0
BSU_16030	GO:0009252	8	0.4	0
BSU_02440	GO:0008360	8	0.4	0
BSU_34970	GO:0009314	8	0.4	0
BSU_03640	GO:0009252	8	0.4	0
BSU_22360	GO:0051287	8	0.4	0
BSU_17040	GO:0009314	8	0.4	0
BSU_10640	GO:0009314	8	0.4	0
BSU_04620	GO:0009252	8	0.4	0
BSU_33520	GO:0016887	8	0.4	0
BSU_11870	GO:0034023	8	0.4	0
BSU_33610	GO:0009252	8	0.4	0
BSU_05980	GO:0007165	8	0.4	0
BSU_06360	GO:0009252	8	0.4	0
BSU_11650	GO:0009252	8	0.4	0
BSU_33010	GO:0009252	8	0.4	0
BSU_37100	GO:0009314	8	0.4	0
BSU_10120	GO:0003700	8	0.4	0
BSU_33610	GO:0009314	8	0.4	0
BSU_25320	GO:0005886	8	0.4	0
BSU_03750	GO:0007165	8	0.4	0
BSU_33010	GO:0007165	8	0.4	0
BSU_28920	GO:0007165	8	0.4	0
BSU_39660	GO:0007165	8	0.4	0
BSU_02550	GO:0016746	8	0.4	0
BSU_30400	GO:0007165	8	0.4	0
BSU_34720	GO:0007165	8	0.4	0
BSU_02740	GO:0007165	8	0.4	0
BSU_31150	GO:0072488	8	0.4	0
BSU_25320	GO:0016746	8	0.4	0
BSU_04620	GO:0009314	8	0.4	0
BSU_03640	GO:0009314	8	0.4	0
BSU_22060	GO:0008324	8	0.4	0
BSU_22360	GO:0016746	8	0.4	0
BSU_07610	GO:0008324	8	0.4	0
BSU_17680	GO:0016746	8	0.4	0
BSU_28930	GO:0072488	8	0.4	0
BSU_14320	GO:0072488	8	0.4	0
BSU_27080	GO:0015658	8	0.4	0
BSU_24550	GO:0005737	8	0.4	0
BSU_37110	GO:0034023	8	0.4	0
BSU_21920	GO:0016020	8	0.4	0
BSU_22030	GO:0016020	8	0.4	0
BSU_29130	GO:0003824	8	0.4	0
BSU_31370	GO:0034023	8	0.4	0
BSU_14320	GO:0008324	8	0.4	0
BSU_14330	GO:0008324	8	0.4	0
BSU_06020	GO:0009314	8	0.4	0
BSU_14330	GO:0072488	8	0.4	0
BSU_06530	GO:0005737	8	0.4	0
BSU_15780	GO:0009314	8	0.4	0
BSU_29680	GO:0016020	8	0.4	0
BSU_26420	GO:0072488	8	0.4	0
BSU_09610	GO:0072488	8	0.4	0
BSU_09600	GO:0072488	8	0.4	0
BSU_13260	GO:0072488	8	0.4	0
BSU_32440	GO:0008324	8	0.4	0
BSU_32430	GO:0008324	8	0.4	0
BSU_26430	GO:0007165	8	0.4	0
BSU_33010	GO:0005524	8	0.4	0
BSU_02630	GO:0015658	8	0.4	0
BSU_05990	GO:0015658	8	0.4	0
BSU_02640	GO:0015658	8	0.4	0
BSU_05980	GO:0015658	8	0.4	0
BSU_12860	GO:0008324	8	0.4	0
BSU_36890	GO:0005524	8	0.4	0
BSU_26640	GO:0008324	8	0.4	0
BSU_27260	GO:0005524	8	0.4	0
BSU_34460	GO:0016020	8	0.4	0
BSU_09320	GO:0015658	8	0.4	0
BSU_16030	GO:0009314	8	0.4	0
BSU_11870	GO:0005524	8	0.4	0
BSU_36310	GO:0005524	8	0.4	0
BSU_09120	GO:0007165	8	0.4	0
BSU_14870	GO:0015658	8	0.4	0
BSU_38020	GO:0003700	8	0.4	0
BSU_15540	GO:0005524	8	0.4	0
BSU_28270	GO:0005886	8	0.4	0
BSU_16140	GO:0005524	8	0.4	0
BSU_22070	GO:0009314	8	0.4	0
BSU_26640	GO:0016020	8	0.4	0
BSU_11610	GO:0016746	8	0.4	0
BSU_08880	GO:0009314	8	0.4	0
BSU_02440	GO:0007165	8	0.4	0
BSU_09320	GO:0007165	8	0.4	0
BSU_28270	GO:0005524	8	0.4	0
BSU_32450	GO:0005886	8	0.4	0
BSU_28920	GO:0005524	8	0.4	0
BSU_18340	GO:0005524	8	0.4	0
BSU_18330	GO:0005524	8	0.4	0
BSU_17200	GO:0005524	8	0.4	0
BSU_28280	GO:0005886	8	0.4	0
BSU_17210	GO:0005524	8	0.4	0
BSU_38730	GO:0015658	8	0.4	0
BSU_39060	GO:0008324	8	0.4	0
BSU_05990	GO:0016887	8	0.4	0
BSU_28760	GO:0030152	8	0.4	0
BSU_10300	GO:0005975	8	0.4	0
BSU_32450	GO:0050660	8	0.4	0
BSU_01120	GO:0033592	8	0.4	0
BSU_18160	GO:0050440	8	0.4	0
BSU_14060	GO:0050660	8	0.4	0
BSU_23550	GO:0050660	8	0.4	0
BSU_15370	GO:0050660	8	0.4	0
BSU_27870	GO:0050660	8	0.4	0
BSU_31930	GO:0050660	8	0.4	0
BSU_38760	GO:0016887	8	0.4	0
BSU_36760	GO:0006354	8	0.4	0
BSU_37100	GO:0006354	8	0.4	0
BSU_29560	GO:0051156	8	0.4	0
BSU_14870	GO:0140824	8	0.4	0
BSU_26390	GO:0006354	8	0.4	0
BSU_03490	GO:0016887	8	0.4	0
BSU_02630	GO:0033592	8	0.4	0
BSU_05980	GO:0033592	8	0.4	0
BSU_34590	GO:0016887	8	0.4	0
BSU_21820	GO:0033592	8	0.4	0
BSU_03750	GO:0033592	8	0.4	0
BSU_19370	GO:0033592	8	0.4	0
BSU_24550	GO:0033592	8	0.4	0
BSU_28930	GO:0051156	8	0.4	0
BSU_15780	GO:0004497	8	0.4	0
BSU_28270	GO:0006310	8	0.4	0
BSU_19370	GO:0050440	8	0.4	0
BSU_10300	GO:0050440	8	0.4	0
BSU_24160	GO:0005829	8	0.4	0
BSU_02630	GO:1902475	8	0.4	0
BSU_36860	GO:0016887	8	0.4	0
BSU_36870	GO:0016887	8	0.4	0
BSU_36840	GO:0016887	8	0.4	0
BSU_16030	GO:0006354	8	0.4	0
BSU_22700	GO:0051537	8	0.4	0
BSU_29680	GO:0051156	8	0.4	0
BSU_06020	GO:0042276	8	0.4	0
BSU_28300	GO:0005737	8	0.4	0
BSU_02130	GO:0005524	8	0.4	0
BSU_32050	GO:0006064	8	0.4	0
BSU_28280	GO:0006064	8	0.4	0
BSU_32840	GO:0050660	8	0.4	0
BSU_31180	GO:0006064	8	0.4	0
BSU_25070	GO:0050660	8	0.4	0
BSU_11440	GO:0008320	8	0.4	0
BSU_01700	GO:0051537	8	0.4	0
BSU_34970	GO:0006064	8	0.4	0
BSU_38720	GO:0051537	8	0.4	0
BSU_01480	GO:0006064	8	0.4	0
BSU_37110	GO:0005524	8	0.4	0
BSU_00760	GO:0051537	8	0.4	0
BSU_16770	GO:0051537	8	0.4	0
BSU_13610	GO:0051537	8	0.4	0
BSU_03750	GO:0006354	8	0.4	0
BSU_28130	GO:0051537	8	0.4	0
BSU_21820	GO:0006354	8	0.4	0
BSU_03640	GO:0006354	8	0.4	0
BSU_05980	GO:0006354	8	0.4	0
BSU_17140	GO:0051537	8	0.4	0
BSU_31370	GO:0050660	8	0.4	0
BSU_09840	GO:0004497	8	0.4	0
BSU_09840	GO:0140824	8	0.4	0
BSU_06530	GO:0004497	8	0.4	0
BSU_02630	GO:0006354	8	0.4	0
BSU_39350	GO:0051537	8	0.4	0
BSU_07800	GO:0008320	8	0.4	0
BSU_06020	GO:0004497	8	0.4	0
BSU_03490	GO:0033592	8	0.4	0
BSU_33520	GO:0033592	8	0.4	0
BSU_12950	GO:0008320	8	0.4	0
BSU_11610	GO:0016787	8	0.4	0
BSU_17040	GO:0051156	8	0.4	0
BSU_14870	GO:0055085	8	0.4	0
BSU_03640	GO:0004497	8	0.4	0
BSU_13660	GO:0055085	8	0.4	0
BSU_28270	GO:0140824	8	0.4	0
BSU_11870	GO:0005524	8	0.4	0
BSU_18160	GO:0042276	8	0.4	0
BSU_38750	GO:0016887	8	0.4	0
BSU_11610	GO:0004519	8	0.4	0
BSU_26430	GO:0006310	8	0.4	0
BSU_26390	GO:0006310	8	0.4	0
BSU_34720	GO:0006310	8	0.4	0
BSU_36760	GO:0050440	8	0.4	0
BSU_09840	GO:0016787	8	0.4	0
BSU_12860	GO:0033214	8	0.4	0
BSU_14870	GO:1902475	8	0.4	0
BSU_24160	GO:0140824	8	0.4	0
BSU_32840	GO:0140824	8	0.4	0
BSU_18090	GO:0016787	8	0.4	0
BSU_05980	GO:0055085	8	0.4	0
BSU_39060	GO:0033214	8	0.4	0
BSU_02640	GO:0055085	8	0.4	0
BSU_05990	GO:0055085	8	0.4	0
BSU_22740	GO:0016787	8	0.4	0
BSU_02440	GO:0055085	8	0.4	0
BSU_25070	GO:0016787	8	0.4	0
BSU_25070	GO:0140824	8	0.4	0
BSU_25320	GO:0016787	8	0.4	0
BSU_02130	GO:0006310	8	0.4	0
BSU_28760	GO:0055085	8	0.4	0
BSU_28280	GO:0055085	8	0.4	0
BSU_18090	GO:0051156	8	0.4	0
BSU_09320	GO:0033214	8	0.4	0
BSU_39660	GO:0006310	8	0.4	0
BSU_15540	GO:0140824	8	0.4	0
BSU_35250	GO:0016887	8	0.4	0
BSU_32840	GO:0005829	8	0.4	0
BSU_13660	GO:0050440	8	0.4	0
BSU_28760	GO:0005829	8	0.4	0
BSU_12950	GO:0050440	8	0.4	0
BSU_11440	GO:0050440	8	0.4	0
BSU_05990	GO:1902475	8	0.4	0
BSU_02640	GO:1902475	8	0.4	0
BSU_05980	GO:1902475	8	0.4	0
BSU_05980	GO:0016887	8	0.4	0
BSU_02640	GO:0016887	8	0.4	0
BSU_05990	GO:0016887	8	0.4	0
BSU_02630	GO:0016887	8	0.4	0
BSU_00110	GO:0005524	8	0.4	0
BSU_22360	GO:0051156	8	0.4	0
BSU_11650	GO:0019752	8	0.4	0
BSU_03640	GO:0016787	8	0.4	0
BSU_04620	GO:0016787	8	0.4	0
BSU_11870	GO:0004519	8	0.4	0
BSU_07800	GO:0016887	8	0.4	0
BSU_28300	GO:0050440	8	0.4	0
BSU_09320	GO:1902475	8	0.4	0
BSU_03750	GO:0006310	8	0.4	0
BSU_06530	GO:0016787	8	0.4	0
BSU_33010	GO:0006310	8	0.4	0
BSU_27080	GO:0006310	8	0.4	0
BSU_11440	GO:0016887	8	0.4	0
BSU_17040	GO:0006310	8	0.4	0
BSU_28920	GO:0006310	8	0.4	0
BSU_27260	GO:0050440	8	0.4	0
BSU_14870	GO:0008320	8	0.4	0
BSU_24160	GO:0050660	8	0.4	0
BSU_28760	GO:0140824	8	0.4	0
BSU_15780	GO:0005576	8	0.4	0
BSU_24550	GO:0016020	8	0.4	0
BSU_19370	GO:0016020	8	0.4	0
BSU_09840	GO:0016020	8	0.4	0
BSU_33610	GO:0006364	8	0.4	0
BSU_38760	GO:0016020	8	0.4	0
BSU_11610	GO:0016020	8	0.4	0
BSU_09320	GO:0055085	8	0.4	0
BSU_32050	GO:0005886	8	0.4	0
BSU_11870	GO:0005829	8	0.4	0
BSU_03490	GO:0046872	8	0.4	0
BSU_38730	GO:1902475	8	0.4	0
BSU_22030	GO:0005576	8	0.4	0
BSU_14060	GO:0005737	8	0.4	0
BSU_40320	GO:0005576	8	0.4	0
BSU_26430	GO:0006354	8	0.4	0
BSU_34720	GO:0006354	8	0.4	0
BSU_01120	GO:0016763	8	0.4	0
BSU_33920	GO:0006354	8	0.4	0
BSU_25710	GO:0005886	8	0.4	0
BSU_12810	GO:0005886	8	0.4	0
BSU_33520	GO:0016020	8	0.4	0
BSU_04620	GO:0016020	8	0.4	0
BSU_00110	GO:0005829	8	0.4	0
BSU_17680	GO:0005886	8	0.4	0
BSU_04620	GO:0006364	8	0.4	0
BSU_22030	GO:0046872	8	0.4	0
BSU_18160	GO:0016020	8	0.4	0
BSU_28930	GO:0055085	8	0.4	0
BSU_00580	GO:0005886	8	0.4	0
BSU_03640	GO:0006364	8	0.4	0
BSU_39660	GO:0006354	8	0.4	0
BSU_18090	GO:0016020	8	0.4	0
BSU_31150	GO:0055085	8	0.4	0
BSU_36760	GO:0005576	8	0.4	0
BSU_33520	GO:0005576	8	0.4	0
BSU_33930	GO:0005886	8	0.4	0
BSU_36760	GO:0046872	8	0.4	0
BSU_25710	GO:0005737	8	0.4	0
BSU_12950	GO:0046872	8	0.4	0
BSU_33520	GO:0016763	8	0.4	0
BSU_06600	GO:0016020	8	0.4	0
BSU_15780	GO:0016763	8	0.4	0
BSU_18160	GO:0016763	8	0.4	0
BSU_12810	GO:0005737	8	0.4	0
BSU_38730	GO:0055085	8	0.4	0
BSU_33610	GO:0005576	8	0.4	0
BSU_06020	GO:0005576	8	0.4	0
BSU_31370	GO:0019752	8	0.4	0
BSU_31370	GO:0016020	8	0.4	0
BSU_11440	GO:0046872	8	0.4	0
BSU_28210	GO:0055085	8	0.4	0
BSU_03750	GO:0005576	8	0.4	0
BSU_38750	GO:0016763	8	0.4	0
BSU_21820	GO:0005576	8	0.4	0
BSU_12860	GO:0042907	8	0.4	0
BSU_38760	GO:0016763	8	0.4	0
BSU_05980	GO:0005576	8	0.4	0
BSU_02630	GO:0005576	8	0.4	0
BSU_02130	GO:0042276	8	0.4	0
BSU_01120	GO:0005576	8	0.4	0
BSU_25320	GO:0016020	8	0.4	0
BSU_25070	GO:0016020	8	0.4	0
BSU_22070	GO:0005576	8	0.4	0
BSU_22740	GO:0016020	8	0.4	0
BSU_16030	GO:0005576	8	0.4	0
BSU_10300	GO:0005886	8	0.4	0
BSU_39060	GO:0042907	8	0.4	0
BSU_15780	GO:0042276	8	0.4	0
BSU_32840	GO:0005524	8	0.4	0
BSU_15540	GO:0050660	8	0.4	0
BSU_03270	GO:0140824	8	0.4	0
BSU_22030	GO:0008320	8	0.4	0
BSU_24160	GO:0005524	8	0.4	0
BSU_24160	GO:0051537	8	0.4	0
BSU_09840	GO:0050660	8	0.4	0
BSU_33010	GO:0006354	8	0.4	0
BSU_28210	GO:0005886	8	0.4	0
BSU_38720	GO:0006064	8	0.4	0
BSU_28300	GO:0005524	8	0.4	0
BSU_37100	GO:0006364	8	0.4	0
BSU_28760	GO:0005524	8	0.4	0
BSU_16030	GO:0046872	8	0.4	0
BSU_17040	GO:0006354	8	0.4	0
BSU_36860	GO:0008320	8	0.4	0
BSU_02440	GO:0005737	8	0.4	0
BSU_01700	GO:0006064	8	0.4	0
BSU_24550	GO:0006354	8	0.4	0
BSU_36870	GO:0008320	8	0.4	0
BSU_36840	GO:0008320	8	0.4	0
BSU_28270	GO:0005524	8	0.4	0
BSU_22740	GO:0051537	8	0.4	0
BSU_21920	GO:0008320	8	0.4	0
BSU_38760	GO:0005524	8	0.4	0
BSU_06360	GO:0006354	8	0.4	0
BSU_14870	GO:0004497	8	0.4	0
BSU_38760	GO:0008320	8	0.4	0
BSU_33610	GO:0006354	8	0.4	0
BSU_38750	GO:0008320	8	0.4	0
BSU_11610	GO:0004497	8	0.4	0
BSU_35250	GO:0008320	8	0.4	0
BSU_29680	GO:0008320	8	0.4	0
BSU_28920	GO:0006354	8	0.4	0
BSU_28270	GO:0006354	8	0.4	0
BSU_23280	GO:0050660	8	0.4	0
BSU_07690	GO:0005886	8	0.4	0
BSU_09320	GO:0005886	8	0.4	0
BSU_02010	GO:0055085	8	0.4	0
BSU_08880	GO:0006364	8	0.4	0
BSU_23480	GO:0046872	8	0.4	0
BSU_13260	GO:0055085	8	0.4	0
BSU_09600	GO:0055085	8	0.4	0
BSU_29680	GO:0006354	8	0.4	0
BSU_09610	GO:0055085	8	0.4	0
BSU_21810	GO:0050660	8	0.4	0
BSU_26420	GO:0055085	8	0.4	0
BSU_09120	GO:0055085	8	0.4	0
BSU_22740	GO:0005886	8	0.4	0
BSU_24160	GO:0005886	8	0.4	0
BSU_28300	GO:0006354	8	0.4	0
BSU_00760	GO:0006064	8	0.4	0
BSU_01620	GO:0008320	8	0.4	0
BSU_22700	GO:0006064	8	0.4	0
BSU_13610	GO:0006064	8	0.4	0
BSU_39350	GO:0006064	8	0.4	0
BSU_22070	GO:0006364	8	0.4	0
BSU_02140	GO:0055085	8	0.4	0
BSU_28920	GO:0019752	8	0.4	0
BSU_34590	GO:0008320	8	0.4	0
BSU_37110	GO:0005829	8	0.4	0
BSU_17680	GO:0019752	8	0.4	0
BSU_02130	GO:0005829	8	0.4	0
BSU_17140	GO:0006064	8	0.4	0
BSU_28130	GO:0006064	8	0.4	0
BSU_16770	GO:0006064	8	0.4	0
BSU_25430	GO:0055085	8	0.4	0
BSU_11250	GO:0055085	8	0.4	0
BSU_29680	GO:0030420	8	0.4	0
BSU_31150	GO:0016757	8	0.4	0
BSU_22070	GO:0070929	8	0.4	0
BSU_05980	GO:0016301	8	0.4	0
BSU_02130	GO:0016757	8	0.4	0
BSU_06360	GO:0051156	8	0.4	0
BSU_06530	GO:0051156	8	0.4	0
BSU_01620	GO:1902475	8	0.4	0
BSU_00130	GO:0036440	8	0.4	0
BSU_04620	GO:0070929	8	0.4	0
BSU_22030	GO:0016757	8	0.4	0
BSU_16030	GO:0070929	8	0.4	0
BSU_37100	GO:0070929	8	0.4	0
BSU_14870	GO:0016301	8	0.4	0
BSU_02130	GO:0005737	8	0.4	0
BSU_36760	GO:0070929	8	0.4	0
BSU_02640	GO:0016301	8	0.4	0
BSU_05990	GO:0016301	8	0.4	0
BSU_15370	GO:0036440	8	0.4	0
BSU_02630	GO:0016301	8	0.4	0
BSU_25430	GO:0036440	8	0.4	0
BSU_06020	GO:0051156	8	0.4	0
BSU_11250	GO:0036440	8	0.4	0
BSU_01700	GO:0008840	8	0.4	0
BSU_38720	GO:0008840	8	0.4	0
BSU_08880	GO:0070929	8	0.4	0
BSU_00760	GO:0008840	8	0.4	0
BSU_28130	GO:0008840	8	0.4	0
BSU_05980	GO:0070929	8	0.4	0
BSU_15780	GO:0016757	8	0.4	0
BSU_17140	GO:0008840	8	0.4	0
BSU_11650	GO:0016757	8	0.4	0
BSU_03640	GO:0070929	8	0.4	0
BSU_38750	GO:0016301	8	0.4	0
BSU_37100	GO:0016757	8	0.4	0
BSU_15730	GO:0036440	8	0.4	0
BSU_34720	GO:0071555	8	0.4	0
BSU_39660	GO:0071555	8	0.4	0
BSU_02010	GO:0015969	8	0.4	0
BSU_13260	GO:0015969	8	0.4	0
BSU_23940	GO:0036440	8	0.4	0
BSU_26420	GO:0015969	8	0.4	0
BSU_01620	GO:0016301	8	0.4	0
BSU_15680	GO:0015969	8	0.4	0
BSU_33930	GO:0015969	8	0.4	0
BSU_38730	GO:0016301	8	0.4	0
BSU_17610	GO:0015969	8	0.4	0
BSU_09320	GO:0055085	8	0.4	0
BSU_30400	GO:0071555	8	0.4	0
BSU_33920	GO:0071555	8	0.4	0
BSU_02550	GO:0071555	8	0.4	0
BSU_21810	GO:0071555	8	0.4	0
BSU_36760	GO:0016757	8	0.4	0
BSU_02000	GO:0071555	8	0.4	0
BSU_34590	GO:0016301	8	0.4	0
BSU_06020	GO:0006979	8	0.4	0
BSU_02740	GO:0071555	8	0.4	0
BSU_05980	GO:0055085	8	0.4	0
BSU_02640	GO:0055085	8	0.4	0
BSU_05990	GO:0055085	8	0.4	0
BSU_02630	GO:0055085	8	0.4	0
BSU_26430	GO:0071555	8	0.4	0
BSU_15680	GO:0071555	8	0.4	0
BSU_06020	GO:0015969	8	0.4	0
BSU_33610	GO:0070929	8	0.4	0
BSU_06360	GO:0015969	8	0.4	0
BSU_06530	GO:0015969	8	0.4	0
BSU_15780	GO:0006979	8	0.4	0
BSU_15780	GO:0070929	8	0.4	0
BSU_34970	GO:0071555	8	0.4	0
BSU_22740	GO:0036440	8	0.4	0
BSU_33010	GO:0070929	8	0.4	0
BSU_27260	GO:0070929	8	0.4	0
BSU_37110	GO:0042371	8	0.4	0
BSU_25320	GO:0016301	8	0.4	0
BSU_02440	GO:0051156	8	0.4	0
BSU_11870	GO:0070929	8	0.4	0
BSU_32840	GO:0046872	8	0.4	0
BSU_06020	GO:0070929	8	0.4	0
BSU_02760	GO:0016757	8	0.4	0
BSU_31370	GO:0016301	8	0.4	0
BSU_25300	GO:0016757	8	0.4	0
BSU_06600	GO:0042371	8	0.4	0
BSU_28300	GO:0036440	8	0.4	0
BSU_03640	GO:0006979	8	0.4	0
BSU_02440	GO:0016757	8	0.4	0
BSU_22360	GO:0036440	8	0.4	0
BSU_02440	GO:1902475	8	0.4	0
BSU_28300	GO:0042371	8	0.4	0
BSU_18340	GO:0036440	8	0.4	0
BSU_18330	GO:0036440	8	0.4	0
BSU_22360	GO:0030435	8	0.4	0
BSU_22740	GO:0042371	8	0.4	0
BSU_02130	GO:0006979	8	0.4	0
BSU_33610	GO:0004519	8	0.4	0
BSU_22360	GO:0042371	8	0.4	0
BSU_18340	GO:0042371	8	0.4	0
BSU_35580	GO:0046872	8	0.4	0
BSU_27260	GO:0036440	8	0.4	0
BSU_18330	GO:0042371	8	0.4	0
BSU_06020	GO:0004519	8	0.4	0
BSU_11870	GO:0036440	8	0.4	0
BSU_37110	GO:0036440	8	0.4	0
BSU_27500	GO:0042371	8	0.4	0
BSU_11610	GO:0070929	8	0.4	0
BSU_15370	GO:0016757	8	0.4	0
BSU_13610	GO:0008840	8	0.4	0
BSU_04620	GO:0006979	8	0.4	0
BSU_02440	GO:0042371	8	0.4	0
BSU_34970	GO:0016757	8	0.4	0
BSU_22700	GO:0008840	8	0.4	0
BSU_27500	GO:0036440	8	0.4	0
BSU_39260	GO:0008840	8	0.4	0
BSU_22220	GO:0016757	8	0.4	0
BSU_40320	GO:0016757	8	0.4	0
BSU_01480	GO:0005737	8	0.4	0
BSU_13610	GO:0016301	8	0.4	0
BSU_06600	GO:0036440	8	0.4	0
BSU_09840	GO:0070929	8	0.4	0
BSU_13170	GO:0016757	8	0.4	0
BSU_02760	GO:0042371	8	0.4	0
BSU_32530	GO:0016757	8	0.4	0
BSU_22700	GO:0016301	8	0.4	0
BSU_23940	GO:0042371	8	0.4	0
BSU_27270	GO:0016757	8	0.4	0
BSU_37490	GO:0016757	8	0.4	0
BSU_15730	GO:0042371	8	0.4	0
BSU_25710	GO:0016757	8	0.4	0
BSU_00130	GO:0042371	8	0.4	0
BSU_12810	GO:0016757	8	0.4	0
BSU_15370	GO:0042371	8	0.4	0
BSU_28280	GO:0042371	8	0.4	0
BSU_25430	GO:0042371	8	0.4	0
BSU_24550	GO:0046872	8	0.4	0
BSU_11250	GO:0042371	8	0.4	0
BSU_36310	GO:0070929	8	0.4	0
BSU_19370	GO:0046872	8	0.4	0
BSU_14870	GO:0055085	8	0.4	0
BSU_32430	GO:0033214	8	0.4	0
BSU_00130	GO:0046872	8	0.4	0
BSU_24160	GO:0046872	8	0.4	0
BSU_18340	GO:0055085	8	0.4	0
BSU_02760	GO:0033214	8	0.4	0
BSU_25070	GO:0004497	8	0.4	0
BSU_23940	GO:0046872	8	0.4	0
BSU_15730	GO:0046872	8	0.4	0
BSU_11250	GO:0046872	8	0.4	0
BSU_36310	GO:0046872	8	0.4	0
BSU_21810	GO:0140824	8	0.4	0
BSU_27500	GO:0046872	8	0.4	0
BSU_27080	GO:0030152	8	0.4	0
BSU_29560	GO:0036440	8	0.4	0
BSU_09710	GO:0033214	8	0.4	0
BSU_12950	GO:0030152	8	0.4	0
BSU_31930	GO:0140824	8	0.4	0
BSU_32840	GO:0046872	8	0.4	0
BSU_18330	GO:0055085	8	0.4	0
BSU_16030	GO:0046872	8	0.4	0
BSU_27260	GO:0055085	8	0.4	0
BSU_11870	GO:0055085	8	0.4	0
BSU_18360	GO:0036440	8	0.4	0
BSU_03640	GO:0019752	8	0.4	0
BSU_23280	GO:0140824	8	0.4	0
BSU_22070	GO:0046872	8	0.4	0
BSU_01120	GO:0016491	8	0.4	0
BSU_08880	GO:0046872	8	0.4	0
BSU_38730	GO:0030152	8	0.4	0
BSU_33610	GO:0046872	8	0.4	0
BSU_04620	GO:0055085	8	0.4	0
BSU_37110	GO:0003824	8	0.4	0
BSU_31370	GO:0003824	8	0.4	0
BSU_33440	GO:0140824	8	0.4	0
BSU_37110	GO:0046872	8	0.4	0
BSU_12950	GO:0033214	8	0.4	0
BSU_25070	GO:0005524	8	0.4	0
BSU_32440	GO:0033214	8	0.4	0
BSU_07610	GO:0033214	8	0.4	0
BSU_22060	GO:0033214	8	0.4	0
BSU_31370	GO:0016787	8	0.4	0
BSU_29560	GO:0046872	8	0.4	0
BSU_36760	GO:0046872	8	0.4	0
BSU_37100	GO:0046872	8	0.4	0
BSU_27080	GO:1902475	8	0.4	0
BSU_14330	GO:0033214	8	0.4	0
BSU_14320	GO:0033214	8	0.4	0
BSU_27500	GO:0055085	8	0.4	0
BSU_31370	GO:0140824	8	0.4	0
BSU_02130	GO:0004497	8	0.4	0
BSU_37110	GO:0055085	8	0.4	0
BSU_11870	GO:0046872	8	0.4	0
BSU_04620	GO:0019752	8	0.4	0
BSU_27260	GO:0046872	8	0.4	0
BSU_28300	GO:0055085	8	0.4	0
BSU_36310	GO:0004519	8	0.4	0
BSU_09710	GO:0030152	8	0.4	0
BSU_35580	GO:0140824	8	0.4	0
BSU_18330	GO:0046872	8	0.4	0
BSU_18340	GO:0046872	8	0.4	0
BSU_22360	GO:0046872	8	0.4	0
BSU_13660	GO:0051156	8	0.4	0
BSU_16030	GO:0006779	8	0.4	0
BSU_36230	GO:0140824	8	0.4	0
BSU_38750	GO:1902475	8	0.4	0
BSU_22740	GO:0055085	8	0.4	0
BSU_28300	GO:0046872	8	0.4	0
BSU_02440	GO:0030152	8	0.4	0
BSU_03490	GO:0016491	8	0.4	0
BSU_34590	GO:1902475	8	0.4	0
BSU_07800	GO:0016491	8	0.4	0
BSU_18160	GO:0036440	8	0.4	0
BSU_02440	GO:0015969	8	0.4	0
BSU_25070	GO:0003824	8	0.4	0
BSU_22030	GO:0015969	8	0.4	0
BSU_23550	GO:0140824	8	0.4	0
BSU_28270	GO:0071555	8	0.4	0
BSU_15370	GO:0140824	8	0.4	0
BSU_37100	GO:0055085	8	0.4	0
BSU_28920	GO:0071555	8	0.4	0
BSU_17680	GO:0071555	8	0.4	0
BSU_17040	GO:0071555	8	0.4	0
BSU_22360	GO:0003824	8	0.4	0
BSU_36890	GO:0015969	8	0.4	0
BSU_15780	GO:0015969	8	0.4	0
BSU_22740	GO:0004497	8	0.4	0
BSU_28300	GO:0071555	8	0.4	0
BSU_38730	GO:0055085	8	0.4	0
BSU_29560	GO:0003824	8	0.4	0
BSU_04620	GO:0004497	8	0.4	0
BSU_29680	GO:0071555	8	0.4	0
BSU_09320	GO:0015969	8	0.4	0
BSU_11610	GO:0015969	8	0.4	0
BSU_09710	GO:0051156	8	0.4	0
BSU_09320	GO:0051156	8	0.4	0
BSU_31370	GO:0071555	8	0.4	0
BSU_13660	GO:0015969	8	0.4	0
BSU_14060	GO:0140824	8	0.4	0
BSU_27080	GO:0015969	8	0.4	0
BSU_33440	GO:0071555	8	0.4	0
BSU_28930	GO:0015969	8	0.4	0
BSU_27080	GO:0055085	8	0.4	0
BSU_02440	GO:0055085	8	0.4	0
BSU_33010	GO:0015969	8	0.4	0
BSU_27870	GO:0140824	8	0.4	0
BSU_09840	GO:0004519	8	0.4	0
BSU_16030	GO:0071555	8	0.4	0
BSU_06020	GO:0030152	8	0.4	0
BSU_06360	GO:0030152	8	0.4	0
BSU_17680	GO:0006779	8	0.4	0
BSU_36760	GO:0055085	8	0.4	0
BSU_06530	GO:0030152	8	0.4	0
BSU_39660	GO:0055085	8	0.4	0
BSU_11610	GO:0051156	8	0.4	0
BSU_09320	GO:0030152	8	0.4	0
BSU_03640	GO:0071555	8	0.4	0
BSU_06360	GO:0003824	8	0.4	0
BSU_32450	GO:0140824	8	0.4	0
BSU_27030	GO:0036440	8	0.4	0
BSU_29680	GO:0055085	8	0.4	0
BSU_00110	GO:0003824	8	0.4	0
BSU_33010	GO:0071555	8	0.4	0
BSU_04620	GO:0071555	8	0.4	0
BSU_33610	GO:0071555	8	0.4	0
BSU_22030	GO:0055085	8	0.4	0
BSU_11650	GO:0003824	8	0.4	0
BSU_06360	GO:0071555	8	0.4	0
BSU_13660	GO:0030152	8	0.4	0
BSU_39260	GO:0036440	8	0.4	0
BSU_21920	GO:0055085	8	0.4	0
BSU_17040	GO:0030152	8	0.4	0
BSU_34460	GO:0036440	8	0.4	0
BSU_38760	GO:0055085	8	0.4	0
BSU_18090	GO:0030152	8	0.4	0
BSU_13660	GO:0055085	8	0.4	0
BSU_11650	GO:0071555	8	0.4	0
BSU_01120	GO:0009055	8	0.4	0
BSU_02130	GO:0016763	8	0.4	0
BSU_15680	GO:0005886	8	0.4	0
BSU_00110	GO:0035999	8	0.4	0
BSU_09710	GO:0019825	8	0.4	0
BSU_09710	GO:0000155	8	0.4	0
BSU_32530	GO:0005829	8	0.4	0
BSU_11870	GO:0050660	8	0.4	0
BSU_22700	GO:0016835	8	0.4	0
BSU_31370	GO:0005524	8	0.4	0
BSU_37110	GO:0005524	8	0.4	0
BSU_24550	GO:0008137	8	0.4	0
BSU_21500	GO:0003700	8	0.4	0
BSU_09840	GO:0008237	8	0.4	0
BSU_23940	GO:0005829	8	0.4	0
BSU_02130	GO:0005524	8	0.4	0
BSU_13610	GO:0016835	8	0.4	0
BSU_39350	GO:0016835	8	0.4	0
BSU_11650	GO:0050660	8	0.4	0
BSU_06360	GO:0035999	8	0.4	0
BSU_09320	GO:0019825	8	0.4	0
BSU_12810	GO:0005829	8	0.4	0
BSU_11610	GO:0008237	8	0.4	0
BSU_25710	GO:0005829	8	0.4	0
BSU_16030	GO:0020037	8	0.4	0
BSU_03640	GO:0009423	8	0.4	0
BSU_06530	GO:0019825	8	0.4	0
BSU_00110	GO:0050660	8	0.4	0
BSU_22360	GO:0003677	8	0.4	0
BSU_00110	GO:0005524	8	0.4	0
BSU_06360	GO:0019825	8	0.4	0
BSU_02740	GO:0019752	8	0.4	0
BSU_02130	GO:0035999	8	0.4	0
BSU_37490	GO:0005829	8	0.4	0
BSU_06020	GO:0019825	8	0.4	0
BSU_25320	GO:0003677	8	0.4	0
BSU_28270	GO:0005524	8	0.4	0
BSU_01700	GO:0009423	8	0.4	0
BSU_28130	GO:0009423	8	0.4	0
BSU_22360	GO:0005829	8	0.4	0
BSU_27260	GO:0005829	8	0.4	0
BSU_12810	GO:0016835	8	0.4	0
BSU_25320	GO:0005829	8	0.4	0
BSU_30400	GO:0003700	8	0.4	0
BSU_22070	GO:0005829	8	0.4	0
BSU_02550	GO:0003700	8	0.4	0
BSU_25710	GO:0016835	8	0.4	0
BSU_04620	GO:0008237	8	0.4	0
BSU_00110	GO:0005829	8	0.4	0
BSU_17140	GO:0009423	8	0.4	0
BSU_38720	GO:0016835	8	0.4	0
BSU_29560	GO:0005829	8	0.4	0
BSU_25070	GO:0050660	8	0.4	0
BSU_15680	GO:0019752	8	0.4	0
BSU_02740	GO:0003700	8	0.4	0
BSU_16770	GO:0009423	8	0.4	0
BSU_17200	GO:0005829	8	0.4	0
BSU_00760	GO:0016835	8	0.4	0
BSU_00760	GO:0009423	8	0.4	0
BSU_02000	GO:0003700	8	0.4	0
BSU_16770	GO:0016835	8	0.4	0
BSU_28130	GO:0016835	8	0.4	0
BSU_17140	GO:0016835	8	0.4	0
BSU_06530	GO:0008237	8	0.4	0
BSU_22740	GO:0005829	8	0.4	0
BSU_22360	GO:0050660	8	0.4	0
BSU_38720	GO:0009423	8	0.4	0
BSU_10120	GO:0019752	8	0.4	0
BSU_38020	GO:0019752	8	0.4	0
BSU_06530	GO:0000155	8	0.4	0
BSU_06360	GO:0050660	8	0.4	0
BSU_18340	GO:0005829	8	0.4	0
BSU_21920	GO:0016020	8	0.4	0
BSU_22030	GO:0016020	8	0.4	0
BSU_23280	GO:0005829	8	0.4	0
BSU_25320	GO:0008237	8	0.4	0
BSU_06360	GO:0016491	8	0.4	0
BSU_15540	GO:0003677	8	0.4	0
BSU_06360	GO:0020037	8	0.4	0
BSU_38760	GO:0016020	8	0.4	0
BSU_18340	GO:0003677	8	0.4	0
BSU_13660	GO:0016020	8	0.4	0
BSU_12950	GO:0016020	8	0.4	0
BSU_39660	GO:0003700	8	0.4	0
BSU_25070	GO:0008237	8	0.4	0
BSU_33610	GO:0020037	8	0.4	0
BSU_28920	GO:0003700	8	0.4	0
BSU_36310	GO:0009380	8	0.4	0
BSU_36890	GO:0003677	8	0.4	0
BSU_40320	GO:0005829	8	0.4	0
BSU_27260	GO:0009380	8	0.4	0
BSU_19370	GO:0020037	8	0.4	0
BSU_33010	GO:0009380	8	0.4	0
BSU_29680	GO:0016020	8	0.4	0
BSU_30400	GO:0003700	8	0.4	0
BSU_22220	GO:0005829	8	0.4	0
BSU_24550	GO:0020037	8	0.4	0
BSU_03750	GO:0008137	8	0.4	0
BSU_09840	GO:0003756	8	0.4	0
BSU_00110	GO:0016491	8	0.4	0
BSU_21820	GO:0008137	8	0.4	0
BSU_15540	GO:0003756	8	0.4	0
BSU_31150	GO:0005829	8	0.4	0
BSU_36760	GO:0016020	8	0.4	0
BSU_37110	GO:0016491	8	0.4	0
BSU_13170	GO:0005829	8	0.4	0
BSU_33610	GO:0009380	8	0.4	0
BSU_03750	GO:0020037	8	0.4	0
BSU_17040	GO:0009380	8	0.4	0
BSU_11650	GO:0005524	8	0.4	0
BSU_11870	GO:0005524	8	0.4	0
BSU_36760	GO:0009380	8	0.4	0
BSU_37100	GO:0009380	8	0.4	0
BSU_16030	GO:0009380	8	0.4	0
BSU_18330	GO:0003677	8	0.4	0
BSU_06360	GO:0000155	8	0.4	0
BSU_02630	GO:0020037	8	0.4	0
BSU_22070	GO:0009380	8	0.4	0
BSU_05980	GO:0020037	8	0.4	0
BSU_21820	GO:0020037	8	0.4	0
BSU_04620	GO:0009423	8	0.4	0
BSU_25070	GO:0005524	8	0.4	0
BSU_18090	GO:0008237	8	0.4	0
BSU_06020	GO:0009380	8	0.4	0
BSU_31370	GO:0050660	8	0.4	0
BSU_37110	GO:0050660	8	0.4	0
BSU_02630	GO:0009380	8	0.4	0
BSU_05980	GO:0009380	8	0.4	0
BSU_17680	GO:0003677	8	0.4	0
BSU_15370	GO:0005829	8	0.4	0
BSU_21820	GO:0009380	8	0.4	0
BSU_03750	GO:0009380	8	0.4	0
BSU_22740	GO:0008237	8	0.4	0
BSU_33010	GO:0003700	8	0.4	0
BSU_02130	GO:0016491	8	0.4	0
BSU_15780	GO:0009380	8	0.4	0
BSU_06020	GO:0000155	8	0.4	0
BSU_02440	GO:0019825	8	0.4	0
BSU_11610	GO:0000155	8	0.4	0
BSU_18330	GO:0005829	8	0.4	0
BSU_22220	GO:0005886	8	0.4	0
BSU_27080	GO:0019825	8	0.4	0
BSU_28760	GO:0042128	8	0.4	0
BSU_15370	GO:0000287	8	0.4	0
BSU_18090	GO:0005737	8	0.4	0
BSU_00130	GO:0000287	8	0.4	0
BSU_17040	GO:0000155	8	0.4	0
BSU_31370	GO:0042128	8	0.4	0
BSU_16140	GO:0003700	8	0.4	0
BSU_27500	GO:0000287	8	0.4	0
BSU_36310	GO:0042276	8	0.4	0
BSU_33010	GO:0042276	8	0.4	0
BSU_35580	GO:0042128	8	0.4	0
BSU_36230	GO:0042128	8	0.4	0
BSU_33440	GO:0042128	8	0.4	0
BSU_27080	GO:0042276	8	0.4	0
BSU_26430	GO:0032357	8	0.4	0
BSU_26390	GO:0032357	8	0.4	0
BSU_22740	GO:0005737	8	0.4	0
BSU_34720	GO:0032357	8	0.4	0
BSU_28280	GO:0000287	8	0.4	0
BSU_25070	GO:0005737	8	0.4	0
BSU_25430	GO:0000287	8	0.4	0
BSU_18090	GO:0000155	8	0.4	0
BSU_25070	GO:0042128	8	0.4	0
BSU_11250	GO:0000287	8	0.4	0
BSU_32840	GO:0042128	8	0.4	0
BSU_31370	GO:0005737	8	0.4	0
BSU_24160	GO:0042128	8	0.4	0
BSU_39660	GO:0032357	8	0.4	0
BSU_28920	GO:0032357	8	0.4	0
BSU_27080	GO:0032357	8	0.4	0
BSU_33010	GO:0032357	8	0.4	0
BSU_15730	GO:0000287	8	0.4	0
BSU_21810	GO:0042128	8	0.4	0
BSU_23940	GO:0000287	8	0.4	0
BSU_33440	GO:0050661	8	0.4	0
BSU_22360	GO:0019825	8	0.4	0
BSU_23160	GO:0005737	8	0.4	0
BSU_18090	GO:0019825	8	0.4	0
BSU_03900	GO:0019752	8	0.4	0
BSU_16030	GO:0042128	8	0.4	0
BSU_06530	GO:0000287	8	0.4	0
BSU_37100	GO:0042128	8	0.4	0
BSU_16770	GO:0019752	8	0.4	0
BSU_26420	GO:0003677	8	0.4	0
BSU_13260	GO:0003677	8	0.4	0
BSU_27270	GO:0019752	8	0.4	0
BSU_36760	GO:0042128	8	0.4	0
BSU_26640	GO:0042128	8	0.4	0
BSU_30980	GO:0019752	8	0.4	0
BSU_28930	GO:0003677	8	0.4	0
BSU_31930	GO:0042128	8	0.4	0
BSU_28130	GO:0019752	8	0.4	0
BSU_39660	GO:0042276	8	0.4	0
BSU_14060	GO:0042128	8	0.4	0
BSU_23550	GO:0042128	8	0.4	0
BSU_03640	GO:0000287	8	0.4	0
BSU_06530	GO:0005737	8	0.4	0
BSU_15370	GO:0042128	8	0.4	0
BSU_17040	GO:0019825	8	0.4	0
BSU_17140	GO:0019752	8	0.4	0
BSU_27870	GO:0042128	8	0.4	0
BSU_32450	GO:0042128	8	0.4	0
BSU_02130	GO:0032357	8	0.4	0
BSU_23280	GO:0042128	8	0.4	0
BSU_34720	GO:0042276	8	0.4	0
BSU_13660	GO:0019825	8	0.4	0
BSU_36310	GO:0032357	8	0.4	0
BSU_29560	GO:0050660	8	0.4	0
BSU_06020	GO:0005829	8	0.4	0
BSU_39350	GO:0009423	8	0.4	0
BSU_39260	GO:0019752	8	0.4	0
BSU_10640	GO:0003700	8	0.4	0
BSU_11870	GO:0000287	8	0.4	0
BSU_11610	GO:0019825	8	0.4	0
BSU_13610	GO:0009423	8	0.4	0
BSU_03270	GO:0006979	8	0.4	0
BSU_37110	GO:0000287	8	0.4	0
BSU_14060	GO:0006979	8	0.4	0
BSU_06530	GO:0005829	8	0.4	0
BSU_09840	GO:0005829	8	0.4	0
BSU_27870	GO:0009423	8	0.4	0
BSU_11610	GO:0005829	8	0.4	0
BSU_14870	GO:0005829	8	0.4	0
BSU_08880	GO:0005829	8	0.4	0
BSU_18090	GO:0003700	8	0.4	0
BSU_22360	GO:0003677	8	0.4	0
BSU_37100	GO:0000287	8	0.4	0
BSU_09840	GO:0005829	8	0.4	0
BSU_22740	GO:0000287	8	0.4	0
BSU_17040	GO:0042276	8	0.4	0
BSU_11610	GO:0005829	8	0.4	0
BSU_22120	GO:0042276	8	0.4	0
BSU_11870	GO:0005829	8	0.4	0
BSU_31930	GO:0019752	8	0.4	0
BSU_33930	GO:0019752	8	0.4	0
BSU_37100	GO:0005829	8	0.4	0
BSU_36890	GO:0005829	8	0.4	0
BSU_15540	GO:0005829	8	0.4	0
BSU_25320	GO:0003677	8	0.4	0
BSU_16140	GO:0005829	8	0.4	0
BSU_31930	GO:0009423	8	0.4	0
BSU_23550	GO:0006979	8	0.4	0
BSU_17680	GO:0003677	8	0.4	0
BSU_09840	GO:0042128	8	0.4	0
BSU_11610	GO:0003677	8	0.4	0
BSU_33520	GO:0042276	8	0.4	0
BSU_03750	GO:0042276	8	0.4	0
BSU_03750	GO:0032357	8	0.4	0
BSU_30210	GO:0019752	8	0.4	0
BSU_31370	GO:0006979	8	0.4	0
BSU_03640	GO:0008237	8	0.4	0
BSU_22360	GO:0000155	8	0.4	0
BSU_28270	GO:0042128	8	0.4	0
BSU_15540	GO:0042128	8	0.4	0
BSU_22120	GO:0032357	8	0.4	0
BSU_12950	GO:0019825	8	0.4	0
BSU_14870	GO:0042128	8	0.4	0
BSU_22360	GO:0000287	8	0.4	0
BSU_17040	GO:0032357	8	0.4	0
BSU_15370	GO:0006979	8	0.4	0
BSU_21810	GO:0006979	8	0.4	0
BSU_29560	GO:0000155	8	0.4	0
BSU_29680	GO:0000155	8	0.4	0
BSU_25320	GO:0005829	8	0.4	0
BSU_31930	GO:0006979	8	0.4	0
BSU_25070	GO:0005829	8	0.4	0
BSU_23280	GO:0006979	8	0.4	0
BSU_18340	GO:0000287	8	0.4	0
BSU_18090	GO:0005829	8	0.4	0
BSU_18160	GO:0032357	8	0.4	0
BSU_18330	GO:0000287	8	0.4	0
BSU_32450	GO:0006979	8	0.4	0
BSU_27870	GO:0006979	8	0.4	0
BSU_26430	GO:0042276	8	0.4	0
BSU_05980	GO:0008137	8	0.4	0
BSU_24160	GO:0003756	8	0.4	0
BSU_25070	GO:0003756	8	0.4	0
BSU_23160	GO:0008880	8	0.4	0
BSU_01120	GO:0004783	8	0.4	0
BSU_21500	GO:0030435	8	0.4	0
BSU_26430	GO:0030435	8	0.4	0
BSU_36760	GO:0008763	8	0.4	0
BSU_13660	GO:0065002	8	0.4	0
BSU_38750	GO:0065002	8	0.4	0
BSU_38760	GO:0065002	8	0.4	0
BSU_09710	GO:0046872	8	0.4	0
BSU_16140	GO:0006364	8	0.4	0
BSU_21920	GO:0065002	8	0.4	0
BSU_37100	GO:0008763	8	0.4	0
BSU_22030	GO:0008763	8	0.4	0
BSU_18360	GO:0008880	8	0.4	0
BSU_22030	GO:0065002	8	0.4	0
BSU_12950	GO:0065002	8	0.4	0
BSU_14870	GO:0065002	8	0.4	0
BSU_03490	GO:0004783	8	0.4	0
BSU_11440	GO:0065002	8	0.4	0
BSU_03640	GO:0003677	8	0.4	0
BSU_02760	GO:0046872	8	0.4	0
BSU_07800	GO:0004783	8	0.4	0
BSU_02630	GO:0046872	8	0.4	0
BSU_09320	GO:0005886	8	0.4	0
BSU_05990	GO:0046872	8	0.4	0
BSU_02640	GO:0046872	8	0.4	0
BSU_15540	GO:0006364	8	0.4	0
BSU_19370	GO:0004783	8	0.4	0
BSU_09840	GO:0000162	8	0.4	0
BSU_05980	GO:0046872	8	0.4	0
BSU_09320	GO:0046872	8	0.4	0
BSU_05980	GO:0065002	8	0.4	0
BSU_21500	GO:0003700	8	0.4	0
BSU_02740	GO:0030435	8	0.4	0
BSU_04620	GO:0003677	8	0.4	0
BSU_01120	GO:0008137	8	0.4	0
BSU_06020	GO:0003677	8	0.4	0
BSU_06360	GO:0003677	8	0.4	0
BSU_35250	GO:0006605	8	0.4	0
BSU_30400	GO:0030435	8	0.4	0
BSU_11440	GO:0006605	8	0.4	0
BSU_10640	GO:0003700	8	0.4	0
BSU_03490	GO:0008137	8	0.4	0
BSU_02440	GO:0008763	8	0.4	0
BSU_36310	GO:0003700	8	0.4	0
BSU_09840	GO:0003677	8	0.4	0
BSU_13660	GO:0003677	8	0.4	0
BSU_05980	GO:0006605	8	0.4	0
BSU_02640	GO:0006605	8	0.4	0
BSU_05990	GO:0006605	8	0.4	0
BSU_02630	GO:0006605	8	0.4	0
BSU_29680	GO:0065002	8	0.4	0
BSU_16140	GO:0008763	8	0.4	0
BSU_02550	GO:0030435	8	0.4	0
BSU_34720	GO:0030435	8	0.4	0
BSU_27080	GO:0003700	8	0.4	0
BSU_16140	GO:0003700	8	0.4	0
BSU_07800	GO:0006605	8	0.4	0
BSU_02000	GO:0030435	8	0.4	0
BSU_17040	GO:0003700	8	0.4	0
BSU_29680	GO:0003677	8	0.4	0
BSU_04620	GO:0000162	8	0.4	0
BSU_01620	GO:0065002	8	0.4	0
BSU_34590	GO:0065002	8	0.4	0
BSU_18090	GO:0003700	8	0.4	0
BSU_17680	GO:0006364	8	0.4	0
BSU_36890	GO:0006364	8	0.4	0
BSU_38750	GO:0004783	8	0.4	0
BSU_08880	GO:0003700	8	0.4	0
BSU_01620	GO:0046872	8	0.4	0
BSU_33440	GO:0019752	8	0.4	0
BSU_01120	GO:0046872	8	0.4	0
BSU_22220	GO:0022857	8	0.4	0
BSU_38020	GO:0022857	8	0.4	0
BSU_13260	GO:0022857	8	0.4	0
BSU_02010	GO:0022857	8	0.4	0
BSU_38730	GO:0046872	8	0.4	0
BSU_38760	GO:0004783	8	0.4	0
BSU_25320	GO:0000162	8	0.4	0
BSU_11610	GO:0006364	8	0.4	0
BSU_18090	GO:0005886	8	0.4	0
BSU_25070	GO:0000162	8	0.4	0
BSU_11870	GO:0006364	8	0.4	0
BSU_02630	GO:0046872	8	0.4	0
BSU_26420	GO:0022857	8	0.4	0
BSU_22360	GO:0005886	8	0.4	0
BSU_15680	GO:0022857	8	0.4	0
BSU_24160	GO:0005737	8	0.4	0
BSU_30210	GO:0022857	8	0.4	0
BSU_00130	GO:0022857	8	0.4	0
BSU_09840	GO:0006364	8	0.4	0
BSU_02130	GO:0009055	8	0.4	0
BSU_29560	GO:0005886	8	0.4	0
BSU_07800	GO:0009055	8	0.4	0
BSU_27500	GO:0005886	8	0.4	0
BSU_29560	GO:0005829	8	0.4	0
BSU_09120	GO:0046872	8	0.4	0
BSU_03490	GO:0009055	8	0.4	0
BSU_38020	GO:0005886	8	0.4	0
BSU_02140	GO:0046872	8	0.4	0
BSU_25070	GO:0005829	8	0.4	0
BSU_14330	GO:0022857	8	0.4	0
BSU_14320	GO:0022857	8	0.4	0
BSU_05980	GO:0046872	8	0.4	0
BSU_06530	GO:0005886	8	0.4	0
BSU_02630	GO:0065002	8	0.4	0
BSU_11610	GO:0000162	8	0.4	0
BSU_09840	GO:0003700	8	0.4	0
BSU_33010	GO:0046872	8	0.4	0
BSU_10120	GO:0003723	8	0.4	0
BSU_36310	GO:0046872	8	0.4	0
BSU_22700	GO:0003723	8	0.4	0
BSU_08880	GO:0003677	8	0.4	0
BSU_27080	GO:0046872	8	0.4	0
BSU_34970	GO:0019752	8	0.4	0
BSU_14870	GO:0003700	8	0.4	0
BSU_35250	GO:0009055	8	0.4	0
BSU_21810	GO:0005886	8	0.4	0
BSU_36840	GO:0009055	8	0.4	0
BSU_36860	GO:0009055	8	0.4	0
BSU_28930	GO:0022857	8	0.4	0
BSU_36870	GO:0009055	8	0.4	0
BSU_17680	GO:0005886	8	0.4	0
BSU_18090	GO:0000162	8	0.4	0
BSU_24550	GO:0004783	8	0.4	0
BSU_15560	GO:0005886	8	0.4	0
BSU_11610	GO:0005886	8	0.4	0
BSU_22740	GO:0005737	8	0.4	0
BSU_03750	GO:0046872	8	0.4	0
BSU_21820	GO:0046872	8	0.4	0
BSU_11610	GO:0022857	8	0.4	0
BSU_22360	GO:0022857	8	0.4	0
BSU_19370	GO:0009055	8	0.4	0
BSU_27260	GO:0006364	8	0.4	0
BSU_22740	GO:0000162	8	0.4	0
BSU_38750	GO:0006605	8	0.4	0
BSU_39660	GO:0030435	8	0.4	0
BSU_38760	GO:0006605	8	0.4	0
BSU_13660	GO:0065002	8	0.4	0
BSU_28130	GO:0030435	8	0.4	0
BSU_17140	GO:0030435	8	0.4	0
BSU_16030	GO:0016020	8	0.4	0
BSU_38760	GO:0065002	8	0.4	0
BSU_38750	GO:0065002	8	0.4	0
BSU_02000	GO:0003700	8	0.4	0
BSU_12950	GO:0065002	8	0.4	0
BSU_07800	GO:0008137	8	0.4	0
BSU_14870	GO:0065002	8	0.4	0
BSU_28270	GO:0020037	8	0.4	0
BSU_28920	GO:0020037	8	0.4	0
BSU_36230	GO:0016020	8	0.4	0
BSU_35580	GO:0016020	8	0.4	0
BSU_17680	GO:0016740	8	0.4	0
BSU_18090	GO:0008763	8	0.4	0
BSU_21920	GO:0065002	8	0.4	0
BSU_01120	GO:0016020	8	0.4	0
BSU_16140	GO:0016740	8	0.4	0
BSU_22030	GO:0065002	8	0.4	0
BSU_02130	GO:0005737	8	0.4	0
BSU_15540	GO:0016740	8	0.4	0
BSU_16770	GO:0030435	8	0.4	0
BSU_04620	GO:0003700	8	0.4	0
BSU_02740	GO:0003700	8	0.4	0
BSU_29680	GO:0065002	8	0.4	0
BSU_29560	GO:0016491	8	0.4	0
BSU_00760	GO:0030435	8	0.4	0
BSU_17040	GO:0008763	8	0.4	0
BSU_36890	GO:0016740	8	0.4	0
BSU_28300	GO:0020037	8	0.4	0
BSU_02000	GO:0019752	8	0.4	0
BSU_11440	GO:0065002	8	0.4	0
BSU_28920	GO:0016740	8	0.4	0
BSU_03640	GO:0003700	8	0.4	0
BSU_23550	GO:0003756	8	0.4	0
BSU_02760	GO:0019825	8	0.4	0
BSU_31370	GO:0008237	8	0.4	0
BSU_00110	GO:0030435	8	0.4	0
BSU_31370	GO:0003756	8	0.4	0
BSU_11870	GO:0016491	8	0.4	0
BSU_33440	GO:0003756	8	0.4	0
BSU_21820	GO:0016020	8	0.4	0
BSU_11870	GO:0005829	8	0.4	0
BSU_21810	GO:0003756	8	0.4	0
BSU_31930	GO:0003756	8	0.4	0
BSU_23280	GO:0003756	8	0.4	0
BSU_32450	GO:0003756	8	0.4	0
BSU_27870	GO:0003756	8	0.4	0
BSU_15370	GO:0003756	8	0.4	0
BSU_02630	GO:0008137	8	0.4	0
BSU_17040	GO:0020037	8	0.4	0
BSU_05980	GO:0065002	8	0.4	0
BSU_02630	GO:0065002	8	0.4	0
BSU_10300	GO:0016020	8	0.4	0
BSU_23480	GO:0016020	8	0.4	0
BSU_15780	GO:0019825	8	0.4	0
BSU_02130	GO:0016020	8	0.4	0
BSU_13610	GO:0005829	8	0.4	0
BSU_33010	GO:0020037	8	0.4	0
BSU_13610	GO:0030435	8	0.4	0
BSU_02550	GO:0003700	8	0.4	0
BSU_18160	GO:0016020	8	0.4	0
BSU_34720	GO:0003700	8	0.4	0
BSU_39350	GO:0030435	8	0.4	0
BSU_25320	GO:0016740	8	0.4	0
BSU_29680	GO:0020037	8	0.4	0
BSU_38720	GO:0030435	8	0.4	0
BSU_34590	GO:0065002	8	0.4	0
BSU_23940	GO:0000162	8	0.4	0
BSU_14870	GO:0005737	8	0.4	0
BSU_38760	GO:0005737	8	0.4	0
BSU_26430	GO:0003700	8	0.4	0
BSU_18090	GO:0005737	8	0.4	0
BSU_06530	GO:0008763	8	0.4	0
BSU_22740	GO:0005737	8	0.4	0
BSU_38760	GO:0008137	8	0.4	0
BSU_25070	GO:0005737	8	0.4	0
BSU_38750	GO:0008137	8	0.4	0
BSU_33920	GO:0019752	8	0.4	0
BSU_30980	GO:0000162	8	0.4	0
BSU_03640	GO:0016740	8	0.4	0
BSU_19370	GO:0008137	8	0.4	0
BSU_29680	GO:0005737	8	0.4	0
BSU_12950	GO:0003677	8	0.4	0
BSU_17040	GO:0030435	8	0.4	0
BSU_18090	GO:0030435	8	0.4	0
BSU_17680	GO:0008880	8	0.4	0
BSU_34590	GO:0006605	8	0.4	0
BSU_30400	GO:0019752	8	0.4	0
BSU_11610	GO:0003677	8	0.4	0
BSU_06360	GO:0008763	8	0.4	0
BSU_06020	GO:0008763	8	0.4	0
BSU_08880	GO:0016740	8	0.4	0
BSU_10300	GO:0005737	8	0.4	0
BSU_22220	GO:0008880	8	0.4	0
BSU_36860	GO:0006605	8	0.4	0
BSU_36870	GO:0006605	8	0.4	0
BSU_28920	GO:0030435	8	0.4	0
BSU_36840	GO:0006605	8	0.4	0
BSU_11870	GO:0003677	8	0.4	0
BSU_16140	GO:0030435	8	0.4	0
BSU_27080	GO:0008763	8	0.4	0
BSU_22360	GO:0046872	8	0.4	0
BSU_39660	GO:0020037	8	0.4	0
BSU_01620	GO:0065002	8	0.4	0
BSU_06530	GO:0005737	8	0.4	0
BSU_01700	GO:0030435	8	0.4	0
BSU_13660	GO:0008763	8	0.4	0
BSU_33920	GO:0020037	8	0.4	0
BSU_12950	GO:0008763	8	0.4	0
BSU_26640	GO:0046872	8	0.4	0
BSU_34720	GO:0020037	8	0.4	0
BSU_18160	GO:0005737	8	0.4	0
BSU_26430	GO:0020037	8	0.4	0
BSU_29130	GO:0006605	8	0.4	0
BSU_21810	GO:0019752	8	0.4	0
BSU_17680	GO:0046872	8	0.4	0
BSU_11610	GO:0016740	8	0.4	0
BSU_15560	GO:0000162	8	0.4	0
BSU_10640	GO:0030435	8	0.4	0
BSU_36310	GO:0030435	8	0.4	0
BSU_02550	GO:0046872	8	0.4	0
BSU_33010	GO:0030435	8	0.4	0
BSU_02000	GO:0046872	8	0.4	0
BSU_10120	GO:0046872	8	0.4	0
BSU_09710	GO:0008763	8	0.4	0
BSU_09320	GO:0008763	8	0.4	0
BSU_27080	GO:0030435	8	0.4	0
BSU_15680	GO:0046872	8	0.4	0
BSU_09840	GO:0016740	8	0.4	0
BSU_40320	GO:0003677	8	0.4	0
BSU_02550	GO:0019752	8	0.4	0
BSU_36890	GO:0000162	8	0.4	0
BSU_06600	GO:0016301	8	0.4	0
BSU_23280	GO:0016757	8	0.4	0
BSU_06600	GO:0030435	8	0.4	0
BSU_15730	GO:0046872	8	0.4	0
BSU_02000	GO:0004527	8	0.4	0
BSU_02740	GO:0004527	8	0.4	0
BSU_28760	GO:0045333	8	0.4	0
BSU_06530	GO:0003677	8	0.4	0
BSU_33520	GO:0006950	8	0.4	0
BSU_26390	GO:0004527	8	0.4	0
BSU_21500	GO:0004527	8	0.4	0
BSU_33010	GO:0006950	8	0.4	0
BSU_11250	GO:0046872	8	0.4	0
BSU_16030	GO:0016757	8	0.4	0
BSU_18090	GO:0008168	8	0.4	0
BSU_00130	GO:0046872	8	0.4	0
BSU_28270	GO:0008168	8	0.4	0
BSU_07800	GO:0006285	8	0.4	0
BSU_23940	GO:0046872	8	0.4	0
BSU_34720	GO:0004527	8	0.4	0
BSU_35250	GO:0006285	8	0.4	0
BSU_25070	GO:0045333	8	0.4	0
BSU_11650	GO:0005524	8	0.4	0
BSU_29130	GO:0006285	8	0.4	0
BSU_16030	GO:0046872	8	0.4	0
BSU_06360	GO:0003677	8	0.4	0
BSU_15540	GO:0003824	8	0.4	0
BSU_39660	GO:0006950	8	0.4	0
BSU_06020	GO:0003677	8	0.4	0
BSU_28270	GO:0003824	8	0.4	0
BSU_24160	GO:0003824	8	0.4	0
BSU_32840	GO:0003824	8	0.4	0
BSU_17680	GO:0005524	8	0.4	0
BSU_25070	GO:0003824	8	0.4	0
BSU_31370	GO:0045333	8	0.4	0
BSU_02550	GO:0004527	8	0.4	0
BSU_32840	GO:0045333	8	0.4	0
BSU_18160	GO:0008168	8	0.4	0
BSU_17040	GO:0004527	8	0.4	0
BSU_11650	GO:0016757	8	0.4	0
BSU_18090	GO:0004527	8	0.4	0
BSU_03640	GO:0008168	8	0.4	0
BSU_28920	GO:0004527	8	0.4	0
BSU_37110	GO:0046872	8	0.4	0
BSU_04620	GO:0008168	8	0.4	0
BSU_15780	GO:0008168	8	0.4	0
BSU_24550	GO:0016757	8	0.4	0
BSU_06020	GO:0008168	8	0.4	0
BSU_06360	GO:0016757	8	0.4	0
BSU_11870	GO:0046872	8	0.4	0
BSU_06530	GO:0008168	8	0.4	0
BSU_33610	GO:0016757	8	0.4	0
BSU_21810	GO:0045333	8	0.4	0
BSU_03750	GO:0006950	8	0.4	0
BSU_12860	GO:0005524	8	0.4	0
BSU_04620	GO:0016757	8	0.4	0
BSU_33610	GO:0005524	8	0.4	0
BSU_33440	GO:0045333	8	0.4	0
BSU_36230	GO:0045333	8	0.4	0
BSU_09840	GO:0008168	8	0.4	0
BSU_35580	GO:0045333	8	0.4	0
BSU_21820	GO:0016757	8	0.4	0
BSU_30400	GO:0004527	8	0.4	0
BSU_27500	GO:0046872	8	0.4	0
BSU_11610	GO:0008168	8	0.4	0
BSU_03640	GO:0016757	8	0.4	0
BSU_05980	GO:0016757	8	0.4	0
BSU_14870	GO:0008168	8	0.4	0
BSU_22070	GO:0046872	8	0.4	0
BSU_28760	GO:0003824	8	0.4	0
BSU_03900	GO:0009432	8	0.4	0
BSU_28210	GO:0016020	8	0.4	0
BSU_14320	GO:0030163	8	0.4	0
BSU_14330	GO:0030163	8	0.4	0
BSU_24550	GO:0045333	8	0.4	0
BSU_07610	GO:0003333	8	0.4	0
BSU_13450	GO:0006285	8	0.4	0
BSU_39060	GO:0003333	8	0.4	0
BSU_39350	GO:0006779	8	0.4	0
BSU_36310	GO:0006950	8	0.4	0
BSU_27080	GO:0006950	8	0.4	0
BSU_09710	GO:0003333	8	0.4	0
BSU_00850	GO:0006285	8	0.4	0
BSU_25300	GO:0009432	8	0.4	0
BSU_12950	GO:0003333	8	0.4	0
BSU_01390	GO:0009432	8	0.4	0
BSU_01620	GO:0003333	8	0.4	0
BSU_03490	GO:0006285	8	0.4	0
BSU_14320	GO:0003333	8	0.4	0
BSU_14330	GO:0003333	8	0.4	0
BSU_28270	GO:0005524	8	0.4	0
BSU_24160	GO:0030436	8	0.4	0
BSU_22060	GO:0003333	8	0.4	0
BSU_32440	GO:0003333	8	0.4	0
BSU_05980	GO:0071555	8	0.4	0
BSU_32430	GO:0003333	8	0.4	0
BSU_02640	GO:0071555	8	0.4	0
BSU_00760	GO:0009432	8	0.4	0
BSU_27270	GO:0009432	8	0.4	0
BSU_32050	GO:0030163	8	0.4	0
BSU_16770	GO:0009432	8	0.4	0
BSU_37110	GO:0030436	8	0.4	0
BSU_01120	GO:0006285	8	0.4	0
BSU_33520	GO:0006285	8	0.4	0
BSU_24160	GO:0045333	8	0.4	0
BSU_27870	GO:0003824	8	0.4	0
BSU_31370	GO:0003824	8	0.4	0
BSU_35580	GO:0003824	8	0.4	0
BSU_26430	GO:0006950	8	0.4	0
BSU_28270	GO:0045333	8	0.4	0
BSU_33440	GO:0003824	8	0.4	0
BSU_23480	GO:0006285	8	0.4	0
BSU_28920	GO:0005524	8	0.4	0
BSU_11440	GO:0006285	8	0.4	0
BSU_21810	GO:0003824	8	0.4	0
BSU_31930	GO:0003824	8	0.4	0
BSU_23280	GO:0003824	8	0.4	0
BSU_22120	GO:0006950	8	0.4	0
BSU_32450	GO:0003824	8	0.4	0
BSU_15540	GO:0045333	8	0.4	0
BSU_15370	GO:0003824	8	0.4	0
BSU_38730	GO:0030163	8	0.4	0
BSU_14060	GO:0003824	8	0.4	0
BSU_02440	GO:0003677	8	0.4	0
BSU_03270	GO:0003824	8	0.4	0
BSU_26640	GO:0003824	8	0.4	0
BSU_38730	GO:0003333	8	0.4	0
BSU_33221	GO:0006285	8	0.4	0
BSU_22440	GO:0006285	8	0.4	0
BSU_08880	GO:0046872	8	0.4	0
BSU_09710	GO:0012501	8	0.4	0
BSU_09710	GO:0030163	8	0.4	0
BSU_14870	GO:0045333	8	0.4	0
BSU_02760	GO:0003333	8	0.4	0
BSU_13610	GO:0006779	8	0.4	0
BSU_09840	GO:0045333	8	0.4	0
BSU_28300	GO:0046872	8	0.4	0
BSU_02130	GO:0008168	8	0.4	0
BSU_16140	GO:0004527	8	0.4	0
BSU_33930	GO:0005886	8	0.4	0
BSU_21820	GO:0005515	8	0.4	0
BSU_09320	GO:0005886	8	0.4	0
BSU_05980	GO:0005515	8	0.4	0
BSU_02630	GO:0005515	8	0.4	0
BSU_39260	GO:0016757	8	0.4	0
BSU_33930	GO:0016757	8	0.4	0
BSU_27500	GO:0005886	8	0.4	0
BSU_26430	GO:0016757	8	0.4	0
BSU_38020	GO:0005886	8	0.4	0
BSU_22220	GO:0005886	8	0.4	0
BSU_24550	GO:0005515	8	0.4	0
BSU_22070	GO:0005515	8	0.4	0
BSU_19370	GO:0005515	8	0.4	0
BSU_15680	GO:0005886	8	0.4	0
BSU_02740	GO:0016757	8	0.4	0
BSU_03750	GO:0005515	8	0.4	0
BSU_16030	GO:0005515	8	0.4	0
BSU_37100	GO:0005515	8	0.4	0
BSU_36760	GO:0005515	8	0.4	0
BSU_28930	GO:0006065	8	0.4	0
BSU_15370	GO:0030435	8	0.4	0
BSU_02130	GO:0006065	8	0.4	0
BSU_34720	GO:0016757	8	0.4	0
BSU_16200	GO:0005515	8	0.4	0
BSU_33920	GO:0016757	8	0.4	0
BSU_28930	GO:0032218	8	0.4	0
BSU_19370	GO:0009061	8	0.4	0
BSU_24550	GO:0009061	8	0.4	0
BSU_37100	GO:0006065	8	0.4	0
BSU_30400	GO:0016757	8	0.4	0
BSU_31150	GO:0006065	8	0.4	0
BSU_38750	GO:0005515	8	0.4	0
BSU_33010	GO:0016757	8	0.4	0
BSU_36760	GO:0005886	8	0.4	0
BSU_28920	GO:0005886	8	0.4	0
BSU_08880	GO:0016616	8	0.4	0
BSU_03640	GO:0005524	8	0.4	0
BSU_22740	GO:0016151	8	0.4	0
BSU_25070	GO:0016151	8	0.4	0
BSU_02760	GO:0042907	8	0.4	0
BSU_23940	GO:0006065	8	0.4	0
BSU_11610	GO:0005886	8	0.4	0
BSU_33010	GO:0005886	8	0.4	0
BSU_27080	GO:0005886	8	0.4	0
BSU_25710	GO:0006065	8	0.4	0
BSU_21820	GO:0005886	8	0.4	0
BSU_05980	GO:0016616	8	0.4	0
BSU_15780	GO:0005886	8	0.4	0
BSU_17040	GO:0005886	8	0.4	0
BSU_33610	GO:0016616	8	0.4	0
BSU_09120	GO:0006065	8	0.4	0
BSU_38760	GO:0005515	8	0.4	0
BSU_03640	GO:0016616	8	0.4	0
BSU_18090	GO:0005886	8	0.4	0
BSU_21820	GO:0016616	8	0.4	0
BSU_22360	GO:0005886	8	0.4	0
BSU_04620	GO:0016616	8	0.4	0
BSU_33610	GO:0005515	8	0.4	0
BSU_06020	GO:0005515	8	0.4	0
BSU_15780	GO:0016616	8	0.4	0
BSU_29560	GO:0005886	8	0.4	0
BSU_06020	GO:0016616	8	0.4	0
BSU_15780	GO:0005515	8	0.4	0
BSU_27080	GO:0005886	8	0.4	0
BSU_10300	GO:0005515	8	0.4	0
BSU_38750	GO:0009061	8	0.4	0
BSU_18160	GO:0005515	8	0.4	0
BSU_23550	GO:0045333	8	0.4	0
BSU_29680	GO:0016757	8	0.4	0
BSU_07610	GO:0005524	8	0.4	0
BSU_11870	GO:0046872	8	0.4	0
BSU_32440	GO:0005524	8	0.4	0
BSU_32430	GO:0005524	8	0.4	0
BSU_32520	GO:0009058	8	0.4	0
BSU_17610	GO:0009058	8	0.4	0
BSU_27260	GO:0046872	8	0.4	0
BSU_27260	GO:0046872	8	0.4	0
BSU_25320	GO:0004527	8	0.4	0
BSU_23160	GO:0004527	8	0.4	0
BSU_28300	GO:0016757	8	0.4	0
BSU_08880	GO:0009058	8	0.4	0
BSU_39060	GO:0005524	8	0.4	0
BSU_18330	GO:0046872	8	0.4	0
BSU_38760	GO:0009061	8	0.4	0
BSU_03640	GO:0009058	8	0.4	0
BSU_04620	GO:0009058	8	0.4	0
BSU_32450	GO:0045333	8	0.4	0
BSU_18340	GO:0046872	8	0.4	0
BSU_22360	GO:0046872	8	0.4	0
BSU_11870	GO:0008168	8	0.4	0
BSU_13610	GO:0008168	8	0.4	0
BSU_27270	GO:0008168	8	0.4	0
BSU_23280	GO:0045333	8	0.4	0
BSU_28270	GO:0016757	8	0.4	0
BSU_28920	GO:0016757	8	0.4	0
BSU_09320	GO:0003677	8	0.4	0
BSU_17040	GO:0016757	8	0.4	0
BSU_29130	GO:0003677	8	0.4	0
BSU_22060	GO:0005524	8	0.4	0
BSU_02130	GO:0045333	8	0.4	0
BSU_11610	GO:0006065	8	0.4	0
BSU_23550	GO:0009058	8	0.4	0
BSU_09840	GO:0016616	8	0.4	0
BSU_04620	GO:0005524	8	0.4	0
BSU_02130	GO:0005515	8	0.4	0
BSU_36760	GO:0006065	8	0.4	0
BSU_33520	GO:0009061	8	0.4	0
BSU_35380	GO:0005515	8	0.4	0
BSU_36310	GO:0016616	8	0.4	0
BSU_11870	GO:0016616	8	0.4	0
BSU_27260	GO:0016616	8	0.4	0
BSU_33010	GO:0016616	8	0.4	0
BSU_18160	GO:0009061	8	0.4	0
BSU_36760	GO:0046872	8	0.4	0
BSU_39660	GO:0016757	8	0.4	0
BSU_37100	GO:0046872	8	0.4	0
BSU_34970	GO:0016757	8	0.4	0
BSU_23550	GO:0006065	8	0.4	0
BSU_33440	GO:0016757	8	0.4	0
BSU_11870	GO:0009058	8	0.4	0
BSU_40340	GO:0009058	8	0.4	0
BSU_28270	GO:0006065	8	0.4	0
BSU_03900	GO:0009058	8	0.4	0
BSU_00760	GO:0009058	8	0.4	0
BSU_07800	GO:0009061	8	0.4	0
BSU_06530	GO:0009058	8	0.4	0
BSU_09840	GO:0009058	8	0.4	0
BSU_31370	GO:0016757	8	0.4	0
BSU_03640	GO:0045333	8	0.4	0
BSU_18330	GO:0009058	8	0.4	0
BSU_18340	GO:0009058	8	0.4	0
BSU_05990	GO:0071555	8	0.4	0
BSU_31370	GO:0030436	8	0.4	0
BSU_26430	GO:0005886	8	0.4	0
BSU_05990	GO:0016887	8	0.4	0
BSU_25070	GO:0000166	8	0.4	0
BSU_16770	GO:0005524	8	0.4	0
BSU_34590	GO:0016887	8	0.4	0
BSU_24160	GO:0000166	8	0.4	0
BSU_03490	GO:0016887	8	0.4	0
BSU_01120	GO:0051726	8	0.4	0
BSU_23480	GO:0016887	8	0.4	0
BSU_28760	GO:0005524	8	0.4	0
BSU_07800	GO:0016887	8	0.4	0
BSU_28300	GO:0005524	8	0.4	0
BSU_15540	GO:0000166	8	0.4	0
BSU_32840	GO:0005524	8	0.4	0
BSU_00110	GO:0005737	8	0.4	0
BSU_02630	GO:0016887	8	0.4	0
BSU_02640	GO:0016887	8	0.4	0
BSU_03900	GO:0005524	8	0.4	0
BSU_06360	GO:0005737	8	0.4	0
BSU_05980	GO:0016887	8	0.4	0
BSU_09840	GO:0000166	8	0.4	0
BSU_11610	GO:0016887	8	0.4	0
BSU_27270	GO:0005524	8	0.4	0
BSU_28270	GO:0005524	8	0.4	0
BSU_03900	GO:0019344	8	0.4	0
BSU_06360	GO:0005737	8	0.4	0
BSU_38760	GO:0005524	8	0.4	0
BSU_28930	GO:0006450	8	0.4	0
BSU_15730	GO:0019344	8	0.4	0
BSU_35250	GO:0016887	8	0.4	0
BSU_38750	GO:0016887	8	0.4	0
BSU_30980	GO:0019344	8	0.4	0
BSU_11440	GO:0016887	8	0.4	0
BSU_31370	GO:0000166	8	0.4	0
BSU_36840	GO:0016887	8	0.4	0
BSU_06360	GO:0042802	8	0.4	0
BSU_28130	GO:0005524	8	0.4	0
BSU_02440	GO:0006355	8	0.4	0
BSU_11870	GO:0042802	8	0.4	0
BSU_11650	GO:0042802	8	0.4	0
BSU_14060	GO:0000166	8	0.4	0
BSU_11650	GO:0009432	8	0.4	0
BSU_02130	GO:0004850	8	0.4	0
BSU_23550	GO:0000166	8	0.4	0
BSU_15370	GO:0000166	8	0.4	0
BSU_29560	GO:0006450	8	0.4	0
BSU_32450	GO:0000166	8	0.4	0
BSU_04620	GO:0009432	8	0.4	0
BSU_30980	GO:0005524	8	0.4	0
BSU_33520	GO:0004850	8	0.4	0
BSU_15780	GO:0004850	8	0.4	0
BSU_06530	GO:0006779	8	0.4	0
BSU_21810	GO:0006779	8	0.4	0
BSU_07800	GO:0071555	8	0.4	0
BSU_23280	GO:0000166	8	0.4	0
BSU_18160	GO:0004850	8	0.4	0
BSU_11650	GO:0005737	8	0.4	0
BSU_31370	GO:0042802	8	0.4	0
BSU_02130	GO:0042802	8	0.4	0
BSU_21810	GO:0000166	8	0.4	0
BSU_38750	GO:0004850	8	0.4	0
BSU_38760	GO:0004850	8	0.4	0
BSU_00110	GO:0005737	8	0.4	0
BSU_15730	GO:0005524	8	0.4	0
BSU_33440	GO:0000166	8	0.4	0
BSU_01120	GO:0004850	8	0.4	0
BSU_28130	GO:0019344	8	0.4	0
BSU_38750	GO:0005524	8	0.4	0
BSU_07690	GO:0030163	8	0.4	0
BSU_34970	GO:0019344	8	0.4	0
BSU_30400	GO:0019344	8	0.4	0
BSU_36760	GO:0051726	8	0.4	0
BSU_17040	GO:0006450	8	0.4	0
BSU_27080	GO:0006450	8	0.4	0
BSU_32840	GO:0005737	8	0.4	0
BSU_28930	GO:0016887	8	0.4	0
BSU_22030	GO:0051726	8	0.4	0
BSU_28300	GO:0005737	8	0.4	0
BSU_29560	GO:0016887	8	0.4	0
BSU_29680	GO:0005737	8	0.4	0
BSU_21920	GO:0051726	8	0.4	0
BSU_35250	GO:0051726	8	0.4	0
BSU_13660	GO:0006450	8	0.4	0
BSU_06530	GO:0005737	8	0.4	0
BSU_12950	GO:0034220	8	0.4	0
BSU_33920	GO:0019344	8	0.4	0
BSU_12950	GO:0006450	8	0.4	0
BSU_38730	GO:0005737	8	0.4	0
BSU_02130	GO:0051726	8	0.4	0
BSU_34590	GO:0016887	8	0.4	0
BSU_31370	GO:0019344	8	0.4	0
BSU_11610	GO:0006450	8	0.4	0
BSU_01390	GO:0005524	8	0.4	0
BSU_01620	GO:0016887	8	0.4	0
BSU_22120	GO:0005737	8	0.4	0
BSU_28270	GO:0019344	8	0.4	0
BSU_28920	GO:0019344	8	0.4	0
BSU_17680	GO:0019344	8	0.4	0
BSU_18160	GO:0005737	8	0.4	0
BSU_02440	GO:0016887	8	0.4	0
BSU_38760	GO:0034220	8	0.4	0
BSU_02550	GO:0019344	8	0.4	0
BSU_34970	GO:0009432	8	0.4	0
BSU_19370	GO:0005737	8	0.4	0
BSU_17140	GO:0019344	8	0.4	0
BSU_00760	GO:0005524	8	0.4	0
BSU_30210	GO:0019344	8	0.4	0
BSU_10640	GO:0009432	8	0.4	0
BSU_39260	GO:0019344	8	0.4	0
BSU_31930	GO:0019344	8	0.4	0
BSU_38760	GO:0016887	8	0.4	0
BSU_02130	GO:0005737	8	0.4	0
BSU_22360	GO:0006450	8	0.4	0
BSU_36870	GO:0016887	8	0.4	0
BSU_36870	GO:0034220	8	0.4	0
BSU_02130	GO:0005737	8	0.4	0
BSU_33930	GO:0019344	8	0.4	0
BSU_14870	GO:0051726	8	0.4	0
BSU_36860	GO:0016887	8	0.4	0
BSU_34720	GO:0019344	8	0.4	0
BSU_21920	GO:0034220	8	0.4	0
BSU_19370	GO:0005975	8	0.4	0
BSU_15680	GO:0019344	8	0.4	0
BSU_10120	GO:0019344	8	0.4	0
BSU_18090	GO:0006450	8	0.4	0
BSU_38750	GO:0005737	8	0.4	0
BSU_38760	GO:0005737	8	0.4	0
BSU_38020	GO:0019344	8	0.4	0
BSU_02740	GO:0019344	8	0.4	0
BSU_18090	GO:0016887	8	0.4	0
BSU_02760	GO:0016887	8	0.4	0
BSU_02000	GO:0019344	8	0.4	0
BSU_21810	GO:0019344	8	0.4	0
BSU_22360	GO:0016887	8	0.4	0
BSU_28270	GO:0006355	8	0.4	0
BSU_17680	GO:0009432	8	0.4	0
BSU_29680	GO:0006450	8	0.4	0
BSU_15680	GO:0009432	8	0.4	0
BSU_17140	GO:0006779	8	0.4	0
BSU_39260	GO:0009432	8	0.4	0
BSU_29560	GO:0030436	8	0.4	0
BSU_36890	GO:0051301	8	0.4	0
BSU_09840	GO:0044205	8	0.4	0
BSU_30400	GO:0005524	8	0.4	0
BSU_02550	GO:0005524	8	0.4	0
BSU_31930	GO:0009432	8	0.4	0
BSU_33930	GO:0009432	8	0.4	0
BSU_36310	GO:0044205	8	0.4	0
BSU_11610	GO:0044205	8	0.4	0
BSU_11870	GO:0044205	8	0.4	0
BSU_16770	GO:0006779	8	0.4	0
BSU_27260	GO:0044205	8	0.4	0
BSU_27260	GO:0051301	8	0.4	0
BSU_16030	GO:0006950	8	0.4	0
BSU_10120	GO:0009432	8	0.4	0
BSU_34720	GO:0005524	8	0.4	0
BSU_38020	GO:0009432	8	0.4	0
BSU_11870	GO:0051301	8	0.4	0
BSU_11610	GO:0051301	8	0.4	0
BSU_36310	GO:0046872	8	0.4	0
BSU_36310	GO:0051301	8	0.4	0
BSU_21810	GO:0005524	8	0.4	0
BSU_00110	GO:0046940	8	0.4	0
BSU_02440	GO:0046940	8	0.4	0
BSU_02000	GO:0005524	8	0.4	0
BSU_14870	GO:0046940	8	0.4	0
BSU_21920	GO:0046940	8	0.4	0
BSU_29560	GO:0005737	8	0.4	0
BSU_30210	GO:0009432	8	0.4	0
BSU_25070	GO:0030436	8	0.4	0
BSU_09320	GO:0016887	8	0.4	0
BSU_30980	GO:0009432	8	0.4	0
BSU_33610	GO:0046872	8	0.4	0
BSU_28300	GO:0005524	8	0.4	0
BSU_10300	GO:0003677	8	0.4	0
BSU_33610	GO:0046872	8	0.4	0
BSU_02630	GO:0071555	8	0.4	0
BSU_09320	GO:0003333	8	0.4	0
BSU_37100	GO:0044205	8	0.4	0
BSU_16030	GO:0044205	8	0.4	0
BSU_02440	GO:0030163	8	0.4	0
BSU_15730	GO:0009432	8	0.4	0
BSU_22070	GO:0044205	8	0.4	0
BSU_11650	GO:0030436	8	0.4	0
BSU_11870	GO:0030436	8	0.4	0
BSU_06530	GO:0030163	8	0.4	0
BSU_28130	GO:0009432	8	0.4	0
BSU_39660	GO:0005524	8	0.4	0
BSU_08880	GO:0044205	8	0.4	0
BSU_13660	GO:0003677	8	0.4	0
BSU_31370	GO:0005524	8	0.4	0
BSU_17140	GO:0009432	8	0.4	0
BSU_22360	GO:0030436	8	0.4	0
BSU_03640	GO:0044205	8	0.4	0
BSU_04620	GO:0044205	8	0.4	0
BSU_33440	GO:0005524	8	0.4	0
BSU_34970	GO:0005524	8	0.4	0
BSU_06020	GO:0044205	8	0.4	0
BSU_33610	GO:0044205	8	0.4	0
BSU_36760	GO:0006950	8	0.4	0
BSU_12950	GO:0003677	8	0.4	0
BSU_09320	GO:0030163	8	0.4	0
BSU_15560	GO:0046940	8	0.4	0
BSU_08880	GO:0046872	8	0.4	0
BSU_01120	GO:0006950	8	0.4	0
BSU_06360	GO:0016887	8	0.4	0
BSU_15680	GO:0046940	8	0.4	0
BSU_15560	GO:0006355	8	0.4	0
BSU_29560	GO:0042802	8	0.4	0
BSU_10640	GO:0046872	8	0.4	0
BSU_21920	GO:0006355	8	0.4	0
BSU_14870	GO:0006355	8	0.4	0
BSU_30400	GO:0009432	8	0.4	0
BSU_33440	GO:0009432	8	0.4	0
BSU_00110	GO:0006355	8	0.4	0
BSU_17140	GO:0005524	8	0.4	0
BSU_03490	GO:0006950	8	0.4	0
BSU_21500	GO:0006355	8	0.4	0
BSU_18090	GO:0006355	8	0.4	0
BSU_17040	GO:0006355	8	0.4	0
BSU_25070	GO:0042802	8	0.4	0
BSU_25070	GO:0005737	8	0.4	0
BSU_31370	GO:0009432	8	0.4	0
BSU_16140	GO:0006355	8	0.4	0
BSU_27080	GO:0006355	8	0.4	0
BSU_36310	GO:0006355	8	0.4	0
BSU_10640	GO:0006355	8	0.4	0
BSU_21820	GO:0006950	8	0.4	0
BSU_09710	GO:0035873	8	0.4	0
BSU_06530	GO:0016887	8	0.4	0
BSU_32430	GO:0006355	8	0.4	0
BSU_32440	GO:0006355	8	0.4	0
BSU_32450	GO:0006355	8	0.4	0
BSU_15780	GO:0006950	8	0.4	0
BSU_28280	GO:0006355	8	0.4	0
BSU_28300	GO:0006355	8	0.4	0
BSU_02550	GO:0009432	8	0.4	0
BSU_26420	GO:0046940	8	0.4	0
BSU_38020	GO:0046940	8	0.4	0
BSU_02440	GO:0016887	8	0.4	0
BSU_26390	GO:0046940	8	0.4	0
BSU_02630	GO:0006950	8	0.4	0
BSU_09840	GO:0051301	8	0.4	0
BSU_15540	GO:0046940	8	0.4	0
BSU_02740	GO:0009432	8	0.4	0
BSU_02740	GO:0005524	8	0.4	0
BSU_33610	GO:0051301	8	0.4	0
BSU_06020	GO:0051301	8	0.4	0
BSU_09320	GO:0046940	8	0.4	0
BSU_04620	GO:0051301	8	0.4	0
BSU_11610	GO:0046940	8	0.4	0
BSU_03640	GO:0051301	8	0.4	0
BSU_10120	GO:0005524	8	0.4	0
BSU_13660	GO:0046940	8	0.4	0
BSU_08880	GO:0051301	8	0.4	0
BSU_27080	GO:0046940	8	0.4	0
BSU_26430	GO:0005524	8	0.4	0
BSU_28930	GO:0046940	8	0.4	0
BSU_05980	GO:0006950	8	0.4	0
BSU_02000	GO:0009432	8	0.4	0
BSU_22070	GO:0046872	8	0.4	0
BSU_22070	GO:0051301	8	0.4	0
BSU_31930	GO:0005524	8	0.4	0
BSU_39260	GO:0005524	8	0.4	0
BSU_16030	GO:0051301	8	0.4	0
BSU_02010	GO:0046940	8	0.4	0
BSU_13260	GO:0046940	8	0.4	0
BSU_37100	GO:0046872	8	0.4	0
BSU_21810	GO:0009432	8	0.4	0
BSU_03750	GO:0005886	8	0.4	0
BSU_21810	GO:0016757	8	0.4	0
BSU_31370	GO:0016705	8	0.4	0
BSU_28210	GO:0005886	8	0.4	0
BSU_37100	GO:0005886	8	0.4	0
BSU_25430	GO:0005886	8	0.4	0
BSU_04620	GO:0016705	8	0.4	0
BSU_06020	GO:0005886	8	0.4	0
BSU_23280	GO:0006635	8	0.4	0
BSU_07690	GO:0005886	8	0.4	0
BSU_36760	GO:0004519	8	0.4	0
BSU_28920	GO:0006637	8	0.4	0
BSU_32050	GO:0005886	8	0.4	0
BSU_10300	GO:0005886	8	0.4	0
BSU_10300	GO:0005737	8	0.4	0
BSU_31930	GO:0006635	8	0.4	0
BSU_12950	GO:0004108	8	0.4	0
BSU_37100	GO:0004519	8	0.4	0
BSU_09840	GO:0016705	8	0.4	0
BSU_11440	GO:0004108	8	0.4	0
BSU_16030	GO:0005886	8	0.4	0
BSU_32450	GO:0006635	8	0.4	0
BSU_27870	GO:0006635	8	0.4	0
BSU_22070	GO:0005886	8	0.4	0
BSU_15370	GO:0006635	8	0.4	0
BSU_31180	GO:0004519	8	0.4	0
BSU_28280	GO:0004519	8	0.4	0
BSU_11610	GO:0016705	8	0.4	0
BSU_08880	GO:0005886	8	0.4	0
BSU_17040	GO:0006637	8	0.4	0
BSU_29560	GO:0005886	8	0.4	0
BSU_17680	GO:0006637	8	0.4	0
BSU_18160	GO:0003677	8	0.4	0
BSU_18090	GO:0016705	8	0.4	0
BSU_22740	GO:0016705	8	0.4	0
BSU_13660	GO:0004108	8	0.4	0
BSU_21810	GO:0006635	8	0.4	0
BSU_11610	GO:0008270	8	0.4	0
BSU_18090	GO:0005886	8	0.4	0
BSU_15540	GO:0006635	8	0.4	0
BSU_36760	GO:0005886	8	0.4	0
BSU_29680	GO:0005737	8	0.4	0
BSU_15780	GO:0005886	8	0.4	0
BSU_21820	GO:0005886	8	0.4	0
BSU_09710	GO:0030420	8	0.4	0
BSU_17040	GO:0005886	8	0.4	0
BSU_33010	GO:0005886	8	0.4	0
BSU_33520	GO:0005886	8	0.4	0
BSU_23280	GO:0016791	8	0.4	0
BSU_16030	GO:0004519	8	0.4	0
BSU_22360	GO:0008270	8	0.4	0
BSU_25070	GO:0006635	8	0.4	0
BSU_03750	GO:0005886	8	0.4	0
BSU_26430	GO:0005886	8	0.4	0
BSU_28300	GO:0005886	8	0.4	0
BSU_18160	GO:0004108	8	0.4	0
BSU_17680	GO:0008270	8	0.4	0
BSU_01120	GO:0005886	8	0.4	0
BSU_16200	GO:0005886	8	0.4	0
BSU_28000	GO:0005886	8	0.4	0
BSU_39660	GO:0005886	8	0.4	0
BSU_40320	GO:0016791	8	0.4	0
BSU_31370	GO:0006635	8	0.4	0
BSU_11650	GO:0006637	8	0.4	0
BSU_19370	GO:0004108	8	0.4	0
BSU_33440	GO:0006635	8	0.4	0
BSU_10300	GO:0004108	8	0.4	0
BSU_22220	GO:0016791	8	0.4	0
BSU_22360	GO:0005886	8	0.4	0
BSU_25320	GO:0016705	8	0.4	0
BSU_03640	GO:0005886	8	0.4	0
BSU_34970	GO:0006637	8	0.4	0
BSU_40320	GO:0004519	8	0.4	0
BSU_04620	GO:0003824	8	0.4	0
BSU_28130	GO:0006779	8	0.4	0
BSU_11870	GO:0016779	8	0.4	0
BSU_22030	GO:0016791	8	0.4	0
BSU_32050	GO:0004519	8	0.4	0
BSU_28300	GO:0006637	8	0.4	0
BSU_03490	GO:0000049	8	0.4	0
BSU_04620	GO:0005886	8	0.4	0
BSU_33520	GO:0000049	8	0.4	0
BSU_25070	GO:0016779	8	0.4	0
BSU_18160	GO:0016682	8	0.4	0
BSU_11610	GO:0003824	8	0.4	0
BSU_29560	GO:0016779	8	0.4	0
BSU_15780	GO:0016682	8	0.4	0
BSU_00110	GO:0006779	8	0.4	0
BSU_22440	GO:0000049	8	0.4	0
BSU_00110	GO:0016779	8	0.4	0
BSU_06360	GO:0016779	8	0.4	0
BSU_29680	GO:0006637	8	0.4	0
BSU_03640	GO:0003824	8	0.4	0
BSU_29680	GO:0016682	8	0.4	0
BSU_37110	GO:0016779	8	0.4	0
BSU_02130	GO:0016779	8	0.4	0
BSU_31370	GO:0006637	8	0.4	0
BSU_33440	GO:0006637	8	0.4	0
BSU_24550	GO:0000049	8	0.4	0
BSU_19370	GO:0000049	8	0.4	0
BSU_03750	GO:0000049	8	0.4	0
BSU_21820	GO:0000049	8	0.4	0
BSU_05980	GO:0000049	8	0.4	0
BSU_02630	GO:0000049	8	0.4	0
BSU_36870	GO:0071555	8	0.4	0
BSU_33520	GO:0016682	8	0.4	0
BSU_31150	GO:0016791	8	0.4	0
BSU_15780	GO:0003677	8	0.4	0
BSU_14330	GO:0042907	8	0.4	0
BSU_36760	GO:0003677	8	0.4	0
BSU_37100	GO:0003677	8	0.4	0
BSU_33610	GO:0005886	8	0.4	0
BSU_16030	GO:0003677	8	0.4	0
BSU_22070	GO:0003677	8	0.4	0
BSU_36860	GO:0071555	8	0.4	0
BSU_09840	GO:0005886	8	0.4	0
BSU_02630	GO:0003677	8	0.4	0
BSU_14320	GO:0042907	8	0.4	0
BSU_14870	GO:0016682	8	0.4	0
BSU_05980	GO:0003677	8	0.4	0
BSU_31370	GO:0003824	8	0.4	0
BSU_21820	GO:0003677	8	0.4	0
BSU_06020	GO:0003677	8	0.4	0
BSU_27260	GO:0003677	8	0.4	0
BSU_28300	GO:0004108	8	0.4	0
BSU_33610	GO:0003677	8	0.4	0
BSU_28270	GO:0006637	8	0.4	0
BSU_25320	GO:0003824	8	0.4	0
BSU_25070	GO:0003824	8	0.4	0
BSU_27260	GO:0004108	8	0.4	0
BSU_00110	GO:0005737	8	0.4	0
BSU_02130	GO:0016682	8	0.4	0
BSU_22740	GO:0003824	8	0.4	0
BSU_23940	GO:0008961	8	0.4	0
BSU_18090	GO:0003824	8	0.4	0
BSU_34970	GO:0016791	8	0.4	0
BSU_02130	GO:0016151	8	0.4	0
BSU_36760	GO:0004108	8	0.4	0
BSU_23480	GO:0005886	8	0.4	0
BSU_02000	GO:0016020	8	0.4	0
BSU_02440	GO:0016020	8	0.4	0
BSU_32530	GO:0009972	8	0.4	0
BSU_24160	GO:0006979	8	0.4	0
BSU_10300	GO:0006979	8	0.4	0
BSU_04620	GO:0016791	8	0.4	0
BSU_18090	GO:0008233	8	0.4	0
BSU_33520	GO:0016788	8	0.4	0
BSU_28270	GO:0008233	8	0.4	0
BSU_26390	GO:0006979	8	0.4	0
BSU_13660	GO:0016020	8	0.4	0
BSU_15780	GO:0016788	8	0.4	0
BSU_22740	GO:0008233	8	0.4	0
BSU_06020	GO:0016791	8	0.4	0
BSU_27080	GO:0005886	8	0.4	0
BSU_28130	GO:0009972	8	0.4	0
BSU_13170	GO:0009972	8	0.4	0
BSU_22740	GO:0006979	8	0.4	0
BSU_03640	GO:0016791	8	0.4	0
BSU_00110	GO:0046872	8	0.4	0
BSU_13660	GO:0006979	8	0.4	0
BSU_06360	GO:0046872	8	0.4	0
BSU_05980	GO:0004519	8	0.4	0
BSU_11610	GO:0009972	8	0.4	0
BSU_12950	GO:0006979	8	0.4	0
BSU_18160	GO:0016788	8	0.4	0
BSU_17680	GO:0009972	8	0.4	0
BSU_07610	GO:0042907	8	0.4	0
BSU_22360	GO:0009972	8	0.4	0
BSU_02130	GO:0016788	8	0.4	0
BSU_23480	GO:0016788	8	0.4	0
BSU_11610	GO:0008233	8	0.4	0
BSU_06020	GO:0005886	8	0.4	0
BSU_06360	GO:0005886	8	0.4	0
BSU_06530	GO:0016791	8	0.4	0
BSU_34590	GO:0071555	8	0.4	0
BSU_25070	GO:0008233	8	0.4	0
BSU_36760	GO:0036440	8	0.4	0
BSU_27260	GO:0042371	8	0.4	0
BSU_11870	GO:0042371	8	0.4	0
BSU_36230	GO:0046872	8	0.4	0
BSU_00130	GO:0030435	8	0.4	0
BSU_15730	GO:0030435	8	0.4	0
BSU_04620	GO:0036440	8	0.4	0
BSU_00580	GO:0006779	8	0.4	0
BSU_28930	GO:0030420	8	0.4	0
BSU_25710	GO:0006979	8	0.4	0
BSU_23940	GO:0030435	8	0.4	0
BSU_31930	GO:0006979	8	0.4	0
BSU_37100	GO:0036440	8	0.4	0
BSU_04620	GO:0042371	8	0.4	0
BSU_28000	GO:0016491	8	0.4	0
BSU_02760	GO:0005737	8	0.4	0
BSU_25320	GO:0008233	8	0.4	0
BSU_38760	GO:0016788	8	0.4	0
BSU_37100	GO:0042371	8	0.4	0
BSU_15780	GO:0004519	8	0.4	0
BSU_38750	GO:0016788	8	0.4	0
BSU_09320	GO:0005886	8	0.4	0
BSU_02440	GO:0005737	8	0.4	0
BSU_14870	GO:0016788	8	0.4	0
BSU_28760	GO:0008233	8	0.4	0
BSU_04620	GO:0004519	8	0.4	0
BSU_25320	GO:0009972	8	0.4	0
BSU_13610	GO:0009972	8	0.4	0
BSU_03640	GO:0004519	8	0.4	0
BSU_23280	GO:0009972	8	0.4	0
BSU_28280	GO:0036440	8	0.4	0
BSU_22700	GO:0016740	8	0.4	0
BSU_38020	GO:0016740	8	0.4	0
BSU_02440	GO:0005829	8	0.4	0
BSU_10120	GO:0017000	8	0.4	0
BSU_22700	GO:0071793	8	0.4	0
BSU_21920	GO:0030420	8	0.4	0
BSU_37490	GO:0016791	8	0.4	0
BSU_27270	GO:0016791	8	0.4	0
BSU_06600	GO:0071793	8	0.4	0
BSU_11610	GO:0005886	8	0.4	0
BSU_18090	GO:0005829	8	0.4	0
BSU_14870	GO:0005737	8	0.4	0
BSU_38750	GO:0005737	8	0.4	0
BSU_22360	GO:0005829	8	0.4	0
BSU_38760	GO:0005737	8	0.4	0
BSU_22700	GO:0017000	8	0.4	0
BSU_04620	GO:0006637	8	0.4	0
BSU_29560	GO:0005829	8	0.4	0
BSU_15370	GO:0016791	8	0.4	0
BSU_25710	GO:0016791	8	0.4	0
BSU_13660	GO:0030420	8	0.4	0
BSU_15680	GO:0017000	8	0.4	0
BSU_27080	GO:0005886	8	0.4	0
BSU_33610	GO:0006637	8	0.4	0
BSU_02550	GO:0043200	8	0.4	0
BSU_13170	GO:0016791	8	0.4	0
BSU_02000	GO:0043200	8	0.4	0
BSU_12950	GO:0030420	8	0.4	0
BSU_03490	GO:0005886	8	0.4	0
BSU_06360	GO:0006637	8	0.4	0
BSU_14870	GO:0030420	8	0.4	0
BSU_09840	GO:0006635	8	0.4	0
BSU_26640	GO:0016705	8	0.4	0
BSU_25070	GO:0016705	8	0.4	0
BSU_38020	GO:0071793	8	0.4	0
BSU_12810	GO:0016791	8	0.4	0
BSU_11440	GO:0016491	8	0.4	0
BSU_02010	GO:0005829	8	0.4	0
BSU_08880	GO:0004519	8	0.4	0
BSU_09840	GO:0008233	8	0.4	0
BSU_09710	GO:0005737	8	0.4	0
BSU_09320	GO:0005829	8	0.4	0
BSU_18160	GO:0005737	8	0.4	0
BSU_11610	GO:0005829	8	0.4	0
BSU_16030	GO:0016788	8	0.4	0
BSU_28930	GO:0015648	8	0.4	0
BSU_16030	GO:0006637	8	0.4	0
BSU_28930	GO:0005829	8	0.4	0
BSU_06530	GO:0008233	8	0.4	0
BSU_16200	GO:0016491	8	0.4	0
BSU_28300	GO:0046872	8	0.4	0
BSU_22030	GO:0030420	8	0.4	0
BSU_04620	GO:0008233	8	0.4	0
BSU_32530	GO:0016791	8	0.4	0
BSU_06530	GO:0005886	8	0.4	0
BSU_38730	GO:0046872	8	0.4	0
BSU_13260	GO:0005829	8	0.4	0
BSU_09710	GO:0008643	8	0.4	0
BSU_26420	GO:0005829	8	0.4	0
BSU_23940	GO:0016791	8	0.4	0
BSU_17610	GO:0005829	8	0.4	0
BSU_03640	GO:0008233	8	0.4	0
BSU_25300	GO:0016791	8	0.4	0
BSU_22070	GO:0004519	8	0.4	0
BSU_03640	GO:0006637	8	0.4	0
BSU_24160	GO:0006635	8	0.4	0
BSU_06530	GO:0005829	8	0.4	0
BSU_09710	GO:0005829	8	0.4	0
BSU_01120	GO:0000049	8	0.4	0
BSU_15730	GO:0019752	8	0.4	0
BSU_03640	GO:0016151	8	0.4	0
BSU_16030	GO:0005975	8	0.4	0
BSU_11650	GO:0009102	8	0.4	0
BSU_02630	GO:0005515	8	0.4	0
BSU_15540	GO:0016740	8	0.4	0
BSU_39350	GO:0003723	8	0.4	0
BSU_22070	GO:0005975	8	0.4	0
BSU_02760	GO:0003723	8	0.4	0
BSU_11870	GO:0009102	8	0.4	0
BSU_28920	GO:0016020	8	0.4	0
BSU_09710	GO:0003723	8	0.4	0
BSU_02630	GO:0005975	8	0.4	0
BSU_05980	GO:0005975	8	0.4	0
BSU_14320	GO:0003723	8	0.4	0
BSU_14330	GO:0003723	8	0.4	0
BSU_09840	GO:0016151	8	0.4	0
BSU_01120	GO:0005515	8	0.4	0
BSU_03640	GO:0005975	8	0.4	0
BSU_14870	GO:0016151	8	0.4	0
BSU_31370	GO:0006065	8	0.4	0
BSU_28760	GO:0006065	8	0.4	0
BSU_21820	GO:0005975	8	0.4	0
BSU_03750	GO:0005975	8	0.4	0
BSU_22060	GO:0003723	8	0.4	0
BSU_07610	GO:0003723	8	0.4	0
BSU_15780	GO:0005975	8	0.4	0
BSU_32440	GO:0003723	8	0.4	0
BSU_36890	GO:0016740	8	0.4	0
BSU_37100	GO:0005975	8	0.4	0
BSU_15780	GO:0016151	8	0.4	0
BSU_05980	GO:0005515	8	0.4	0
BSU_37110	GO:0009102	8	0.4	0
BSU_31370	GO:0009102	8	0.4	0
BSU_26430	GO:0006637	8	0.4	0
BSU_28920	GO:0046872	8	0.4	0
BSU_15680	GO:0006637	8	0.4	0
BSU_18340	GO:0046872	8	0.4	0
BSU_09840	GO:0016740	8	0.4	0
BSU_18330	GO:0046872	8	0.4	0
BSU_06600	GO:0008961	8	0.4	0
BSU_06020	GO:0016151	8	0.4	0
BSU_36310	GO:0016740	8	0.4	0
BSU_11610	GO:0016740	8	0.4	0
BSU_06360	GO:0009102	8	0.4	0
BSU_06530	GO:0016151	8	0.4	0
BSU_15780	GO:0005515	8	0.4	0
BSU_33930	GO:0006637	8	0.4	0
BSU_33010	GO:0016740	8	0.4	0
BSU_18160	GO:0016151	8	0.4	0
BSU_17680	GO:0046872	8	0.4	0
BSU_00110	GO:0009102	8	0.4	0
BSU_31930	GO:0006637	8	0.4	0
BSU_33520	GO:0005515	8	0.4	0
BSU_03750	GO:0005515	8	0.4	0
BSU_21820	GO:0005515	8	0.4	0
BSU_36760	GO:0005975	8	0.4	0
BSU_33010	GO:0016020	8	0.4	0
BSU_25070	GO:0006065	8	0.4	0
BSU_32430	GO:0003723	8	0.4	0
BSU_21820	GO:0016020	8	0.4	0
BSU_28270	GO:0005886	8	0.4	0
BSU_22030	GO:0016020	8	0.4	0
BSU_28270	GO:0016616	8	0.4	0
BSU_09840	GO:0006065	8	0.4	0
BSU_21920	GO:0016020	8	0.4	0
BSU_39660	GO:0005886	8	0.4	0
BSU_18090	GO:0016151	8	0.4	0
BSU_38760	GO:0016020	8	0.4	0
BSU_28000	GO:0005886	8	0.4	0
BSU_13660	GO:0016020	8	0.4	0
BSU_12950	GO:0016020	8	0.4	0
BSU_16200	GO:0005886	8	0.4	0
BSU_36760	GO:0016616	8	0.4	0
BSU_37100	GO:0016616	8	0.4	0
BSU_16030	GO:0016616	8	0.4	0
BSU_06020	GO:0005886	8	0.4	0
BSU_06360	GO:0005886	8	0.4	0
BSU_02440	GO:0016020	8	0.4	0
BSU_06530	GO:0005886	8	0.4	0
BSU_21920	GO:0005737	8	0.4	0
BSU_03490	GO:0005515	8	0.4	0
BSU_09710	GO:0042907	8	0.4	0
BSU_28270	GO:0016151	8	0.4	0
BSU_22070	GO:0016616	8	0.4	0
BSU_09320	GO:0005886	8	0.4	0
BSU_28300	GO:0005886	8	0.4	0
BSU_36890	GO:0046872	8	0.4	0
BSU_29680	GO:0016020	8	0.4	0
BSU_16140	GO:0046872	8	0.4	0
BSU_33920	GO:0005524	8	0.4	0
BSU_15780	GO:0016020	8	0.4	0
BSU_22440	GO:0032300	8	0.4	0
BSU_06020	GO:0005975	8	0.4	0
BSU_22360	GO:0009102	8	0.4	0
BSU_33610	GO:0005975	8	0.4	0
BSU_32840	GO:0006065	8	0.4	0
BSU_24160	GO:0006065	8	0.4	0
BSU_36760	GO:0016020	8	0.4	0
BSU_25070	GO:0009102	8	0.4	0
BSU_39060	GO:0003723	8	0.4	0
BSU_36760	GO:0005515	8	0.4	0
BSU_33010	GO:0005975	8	0.4	0
BSU_01120	GO:0032300	8	0.4	0
BSU_36310	GO:0005975	8	0.4	0
BSU_29560	GO:0009102	8	0.4	0
BSU_27260	GO:0005975	8	0.4	0
BSU_16030	GO:0005524	8	0.4	0
BSU_28280	GO:0005886	8	0.4	0
BSU_15540	GO:0006065	8	0.4	0
BSU_15540	GO:0046872	8	0.4	0
BSU_14870	GO:0006065	8	0.4	0
BSU_12860	GO:0003723	8	0.4	0
BSU_28000	GO:0005737	8	0.4	0
BSU_33610	GO:0016740	8	0.4	0
BSU_22360	GO:0008961	8	0.4	0
BSU_04620	GO:0016151	8	0.4	0
BSU_02440	GO:0016887	8	0.4	0
BSU_02130	GO:0016791	8	0.4	0
BSU_08880	GO:0016740	8	0.4	0
BSU_15730	GO:0008961	8	0.4	0
BSU_02000	GO:0006637	8	0.4	0
BSU_02740	GO:0006637	8	0.4	0
BSU_11650	GO:0016791	8	0.4	0
BSU_38020	GO:0006637	8	0.4	0
BSU_02760	GO:0016887	8	0.4	0
BSU_36890	GO:0006281	8	0.4	0
BSU_10120	GO:0006637	8	0.4	0
BSU_00130	GO:0008961	8	0.4	0
BSU_12860	GO:0016887	8	0.4	0
BSU_11610	GO:0006281	8	0.4	0
BSU_15780	GO:0016791	8	0.4	0
BSU_11870	GO:0006281	8	0.4	0
BSU_03640	GO:0016740	8	0.4	0
BSU_31930	GO:0006571	8	0.4	0
BSU_09840	GO:0006281	8	0.4	0
BSU_21810	GO:0006637	8	0.4	0
BSU_17040	GO:0004519	8	0.4	0
BSU_02760	GO:0030420	8	0.4	0
BSU_40320	GO:0016740	8	0.4	0
BSU_16030	GO:0016740	8	0.4	0
BSU_38760	GO:0071555	8	0.4	0
BSU_17680	GO:0006281	8	0.4	0
BSU_03270	GO:0006571	8	0.4	0
BSU_33920	GO:0006637	8	0.4	0
BSU_14060	GO:0006571	8	0.4	0
BSU_34720	GO:0006637	8	0.4	0
BSU_15370	GO:0006571	8	0.4	0
BSU_30400	GO:0006637	8	0.4	0
BSU_22070	GO:0016740	8	0.4	0
BSU_08880	GO:0006281	8	0.4	0
BSU_27870	GO:0006571	8	0.4	0
BSU_04620	GO:0006281	8	0.4	0
BSU_02440	GO:0030420	8	0.4	0
BSU_02550	GO:0006637	8	0.4	0
BSU_15780	GO:0016740	8	0.4	0
BSU_38750	GO:0071555	8	0.4	0
BSU_39660	GO:0006637	8	0.4	0
BSU_22360	GO:0046872	8	0.4	0
BSU_06020	GO:0016740	8	0.4	0
BSU_22360	GO:0006281	8	0.4	0
BSU_15370	GO:0008961	8	0.4	0
BSU_16140	GO:0006281	8	0.4	0
BSU_02130	GO:0009102	8	0.4	0
BSU_15540	GO:0006281	8	0.4	0
BSU_11880	GO:0004849	7	0.35	0
BSU_12310	GO:0016887	7	0.35	0
BSU_00700	GO:0006782	7	0.35	0
BSU_11570	GO:0005886	7	0.35	0
BSU_05470	GO:0042907	7	0.35	0
BSU_10790	GO:0005886	7	0.35	0
BSU_37370	GO:0016616	7	0.35	0
BSU_38290	GO:0006779	7	0.35	0
BSU_06690	GO:0005886	7	0.35	0
BSU_16100	GO:0006779	7	0.35	0
BSU_00410	GO:0044781	7	0.35	0
BSU_07980	GO:0005576	7	0.35	0
BSU_00770	GO:0044781	7	0.35	0
BSU_17970	GO:0005576	7	0.35	0
BSU_15060	GO:0004849	7	0.35	0
BSU_03950	GO:0042907	7	0.35	0
BSU_00410	GO:0006782	7	0.35	0
BSU_32340	GO:0005576	7	0.35	0
BSU_09130	GO:0042907	7	0.35	0
BSU_13500	GO:0042907	7	0.35	0
BSU_33310	GO:0042907	7	0.35	0
BSU_34560	GO:0004849	7	0.35	0
BSU_03330	GO:0042907	7	0.35	0
BSU_31100	GO:0055085	7	0.35	0
BSU_03180	GO:0004849	7	0.35	0
BSU_14390	GO:0044781	7	0.35	0
BSU_22710	GO:0044781	7	0.35	0
BSU_19630	GO:0044781	7	0.35	0
BSU_25020	GO:0030288	7	0.35	0
BSU_00700	GO:0000155	7	0.35	0
BSU_11880	GO:0006779	7	0.35	0
BSU_06520	GO:0005576	7	0.35	0
BSU_25190	GO:0055085	7	0.35	0
BSU_03950	GO:0016887	7	0.35	0
BSU_05710	GO:0008360	7	0.35	0
BSU_00410	GO:0006779	7	0.35	0
BSU_00090	GO:0006782	7	0.35	0
BSU_00930	GO:0006164	7	0.35	0
BSU_05550	GO:0005576	7	0.35	0
BSU_37760	GO:0042907	7	0.35	0
BSU_01935	GO:0005886	7	0.35	0
BSU_22670	GO:0044781	7	0.35	0
BSU_30560	GO:0044781	7	0.35	0
BSU_06690	GO:0046872	7	0.35	0
BSU_13130	GO:0016616	7	0.35	0
BSU_15060	GO:0005886	7	0.35	0
BSU_38280	GO:0055085	7	0.35	0
BSU_11220	GO:0004849	7	0.35	0
BSU_03330	GO:0055085	7	0.35	0
BSU_00380	GO:0006779	7	0.35	0
BSU_07980	GO:0008360	7	0.35	0
BSU_06520	GO:0005524	7	0.35	0
BSU_11200	GO:0004849	7	0.35	0
BSU_17120	GO:0044781	7	0.35	0
BSU_05710	GO:0005576	7	0.35	0
BSU_11570	GO:0006782	7	0.35	0
BSU_29980	GO:0042276	7	0.35	0
BSU_24100	GO:0042276	7	0.35	0
BSU_03950	GO:0055085	7	0.35	0
BSU_06240	GO:0006782	7	0.35	0
BSU_29120	GO:0046872	7	0.35	0
BSU_39420	GO:0006782	7	0.35	0
BSU_38340	GO:0042907	7	0.35	0
BSU_00930	GO:0004849	7	0.35	0
BSU_27650	GO:0006289	7	0.35	0
BSU_06510	GO:0019344	7	0.35	0
BSU_11190	GO:0004849	7	0.35	0
BSU_06140	GO:0044781	7	0.35	0
BSU_31580	GO:0042907	7	0.35	0
BSU_00770	GO:0019344	7	0.35	0
BSU_04720	GO:0046872	7	0.35	0
BSU_39230	GO:0000155	7	0.35	0
BSU_09460	GO:0042907	7	0.35	0
BSU_06310	GO:0042907	7	0.35	0
BSU_06950	GO:0016887	7	0.35	0
BSU_00700	GO:0005886	7	0.35	0
BSU_40350	GO:0042276	7	0.35	0
BSU_05550	GO:0008360	7	0.35	0
BSU_03180	GO:0006164	7	0.35	0
BSU_16410	GO:0005886	7	0.35	0
BSU_11710	GO:0044781	7	0.35	0
BSU_06320	GO:0042907	7	0.35	0
BSU_31750	GO:0044781	7	0.35	0
BSU_11400	GO:0006289	7	0.35	0
BSU_17570	GO:0042907	7	0.35	0
BSU_11450	GO:0006289	7	0.35	0
BSU_13500	GO:0016887	7	0.35	0
BSU_00380	GO:0000155	7	0.35	0
BSU_23850	GO:0044781	7	0.35	0
BSU_22710	GO:0006782	7	0.35	0
BSU_27610	GO:0044781	7	0.35	0
BSU_06160	GO:0042907	7	0.35	0
BSU_29970	GO:0006164	7	0.35	0
BSU_00700	GO:0004849	7	0.35	0
BSU_33470	GO:0055085	7	0.35	0
BSU_11880	GO:0006782	7	0.35	0
BSU_28150	GO:0004407	7	0.35	0
BSU_33470	GO:0016616	7	0.35	0
BSU_06510	GO:0004407	7	0.35	0
BSU_15890	GO:0019344	7	0.35	0
BSU_37500	GO:0019344	7	0.35	0
BSU_36470	GO:0042907	7	0.35	0
BSU_15490	GO:0019344	7	0.35	0
BSU_38300	GO:0030288	7	0.35	0
BSU_34560	GO:0006164	7	0.35	0
BSU_37240	GO:0006289	7	0.35	0
BSU_25190	GO:0016887	7	0.35	0
BSU_00740	GO:0019344	7	0.35	0
BSU_06520	GO:0004407	7	0.35	0
BSU_05900	GO:0006782	7	0.35	0
BSU_29450	GO:0005886	7	0.35	0
BSU_28870	GO:0005524	7	0.35	0
BSU_32340	GO:0008360	7	0.35	0
BSU_39670	GO:0006782	7	0.35	0
BSU_30820	GO:0030288	7	0.35	0
BSU_27280	GO:0006779	7	0.35	0
BSU_00740	GO:0004407	7	0.35	0
BSU_27610	GO:0004849	7	0.35	0
BSU_00700	GO:0019344	7	0.35	0
BSU_00410	GO:0004849	7	0.35	0
BSU_28050	GO:0006779	7	0.35	0
BSU_07980	GO:0042601	7	0.35	0
BSU_11220	GO:0006164	7	0.35	0
BSU_30820	GO:0019344	7	0.35	0
BSU_00410	GO:0006164	7	0.35	0
BSU_32340	GO:0042601	7	0.35	0
BSU_36530	GO:0005576	7	0.35	0
BSU_11600	GO:0005886	7	0.35	0
BSU_28190	GO:0006289	7	0.35	0
BSU_05710	GO:0042601	7	0.35	0
BSU_12840	GO:0055085	7	0.35	0
BSU_25270	GO:0019344	7	0.35	0
BSU_27610	GO:0019344	7	0.35	0
BSU_05900	GO:0030288	7	0.35	0
BSU_27560	GO:0019344	7	0.35	0
BSU_13500	GO:0016020	7	0.35	0
BSU_28680	GO:0016020	7	0.35	0
BSU_12420	GO:0046872	7	0.35	0
BSU_34560	GO:0019344	7	0.35	0
BSU_00410	GO:0005886	7	0.35	0
BSU_28690	GO:0016020	7	0.35	0
BSU_24850	GO:0006164	7	0.35	0
BSU_06240	GO:0019344	7	0.35	0
BSU_11200	GO:0006164	7	0.35	0
BSU_24850	GO:0004849	7	0.35	0
BSU_37090	GO:0005576	7	0.35	0
BSU_28150	GO:0004849	7	0.35	0
BSU_09130	GO:0005829	7	0.35	0
BSU_08220	GO:0042907	7	0.35	0
BSU_38280	GO:0006779	7	0.35	0
BSU_00380	GO:0006164	7	0.35	0
BSU_10790	GO:0005576	7	0.35	0
BSU_08210	GO:0042907	7	0.35	0
BSU_11880	GO:0006164	7	0.35	0
BSU_11140	GO:0006782	7	0.35	0
BSU_35850	GO:0006782	7	0.35	0
BSU_10380	GO:0055085	7	0.35	0
BSU_31750	GO:0019344	7	0.35	0
BSU_38290	GO:0019344	7	0.35	0
BSU_06240	GO:0006164	7	0.35	0
BSU_06670	GO:0000155	7	0.35	0
BSU_05900	GO:0000155	7	0.35	0
BSU_10790	GO:0000155	7	0.35	0
BSU_24850	GO:0016616	7	0.35	0
BSU_04040	GO:0006782	7	0.35	0
BSU_39360	GO:0006779	7	0.35	0
BSU_16100	GO:0016616	7	0.35	0
BSU_09540	GO:0055085	7	0.35	0
BSU_10650	GO:0005886	7	0.35	0
BSU_15580	GO:0055085	7	0.35	0
BSU_39230	GO:0006779	7	0.35	0
BSU_27280	GO:0005524	7	0.35	0
BSU_05550	GO:0042601	7	0.35	0
BSU_11570	GO:0055085	7	0.35	0
BSU_17130	GO:0044781	7	0.35	0
BSU_03670	GO:0042907	7	0.35	0
BSU_03950	GO:0006782	7	0.35	0
BSU_00380	GO:0019344	7	0.35	0
BSU_00380	GO:0004849	7	0.35	0
BSU_34560	GO:0030288	7	0.35	0
BSU_24030	GO:0005524	7	0.35	0
BSU_27610	GO:0006779	7	0.35	0
BSU_00410	GO:0019344	7	0.35	0
BSU_36280	GO:0005829	7	0.35	0
BSU_01935	GO:0055085	7	0.35	0
BSU_30780	GO:0006782	7	0.35	0
BSU_17660	GO:0030288	7	0.35	0
BSU_17660	GO:0005576	7	0.35	0
BSU_10270	GO:0000155	7	0.35	0
BSU_15720	GO:0005576	7	0.35	0
BSU_28050	GO:0004849	7	0.35	0
BSU_29140	GO:0046872	7	0.35	0
BSU_15060	GO:0006779	7	0.35	0
BSU_11600	GO:0000155	7	0.35	0
BSU_15480	GO:0042907	7	0.35	0
BSU_28540	GO:0006782	7	0.35	0
BSU_03330	GO:0016887	7	0.35	0
BSU_35850	GO:0005576	7	0.35	0
BSU_34560	GO:0006782	7	0.35	0
BSU_13860	GO:0030288	7	0.35	0
BSU_04640	GO:0008360	7	0.35	0
BSU_06240	GO:0005886	7	0.35	0
BSU_06950	GO:0055085	7	0.35	0
BSU_13530	GO:0005886	7	0.35	0
BSU_10790	GO:0006779	7	0.35	0
BSU_24850	GO:0005886	7	0.35	0
BSU_10270	GO:0005886	7	0.35	0
BSU_11220	GO:0005886	7	0.35	0
BSU_11140	GO:0005576	7	0.35	0
BSU_40330	GO:0042907	7	0.35	0
BSU_04320	GO:0030288	7	0.35	0
BSU_03180	GO:0006779	7	0.35	0
BSU_33630	GO:0006289	7	0.35	0
BSU_37310	GO:0042276	7	0.35	0
BSU_28550	GO:0042276	7	0.35	0
BSU_00380	GO:0005886	7	0.35	0
BSU_04040	GO:0005576	7	0.35	0
BSU_37120	GO:0006779	7	0.35	0
BSU_22540	GO:0055085	7	0.35	0
BSU_15060	GO:0006164	7	0.35	0
BSU_23150	GO:0016887	7	0.35	0
BSU_15130	GO:0006164	7	0.35	0
BSU_14370	GO:0042907	7	0.35	0
BSU_28550	GO:0006289	7	0.35	0
BSU_16100	GO:0004407	7	0.35	0
BSU_06670	GO:0005886	7	0.35	0
BSU_11190	GO:0006164	7	0.35	0
BSU_00960	GO:0006779	7	0.35	0
BSU_15130	GO:0004849	7	0.35	0
BSU_37790	GO:0005524	7	0.35	0
BSU_00700	GO:0044781	7	0.35	0
BSU_00180	GO:0030288	7	0.35	0
BSU_29140	GO:0006779	7	0.35	0
BSU_27610	GO:0006164	7	0.35	0
BSU_06510	GO:0004849	7	0.35	0
BSU_04320	GO:0042907	7	0.35	0
BSU_39360	GO:0006782	7	0.35	0
BSU_35650	GO:0055085	7	0.35	0
BSU_09280	GO:0042907	7	0.35	0
BSU_03780	GO:0004849	7	0.35	0
BSU_00700	GO:0006164	7	0.35	0
BSU_11570	GO:0005829	7	0.35	0
BSU_00960	GO:0044781	7	0.35	0
BSU_29450	GO:0005886	7	0.35	0
BSU_06510	GO:0016616	7	0.35	0
BSU_30780	GO:0005829	7	0.35	0
BSU_12310	GO:0042907	7	0.35	0
BSU_23560	GO:0042907	7	0.35	0
BSU_28150	GO:0006164	7	0.35	0
BSU_06240	GO:0004849	7	0.35	0
BSU_13530	GO:0005576	7	0.35	0
BSU_37500	GO:0044781	7	0.35	0
BSU_28870	GO:0070681	7	0.35	0
BSU_24850	GO:0000155	7	0.35	0
BSU_08210	GO:0005515	7	0.35	0
BSU_10270	GO:0005886	7	0.35	0
BSU_11600	GO:0005886	7	0.35	0
BSU_19630	GO:0006637	7	0.35	0
BSU_06520	GO:0005737	7	0.35	0
BSU_37310	GO:0004659	7	0.35	0
BSU_08220	GO:0005515	7	0.35	0
BSU_06690	GO:0008966	7	0.35	0
BSU_22710	GO:0006637	7	0.35	0
BSU_37120	GO:0008966	7	0.35	0
BSU_35670	GO:0008966	7	0.35	0
BSU_23850	GO:0006637	7	0.35	0
BSU_10650	GO:0003677	7	0.35	0
BSU_35650	GO:0005515	7	0.35	0
BSU_34140	GO:0042802	7	0.35	0
BSU_38280	GO:0005515	7	0.35	0
BSU_16370	GO:0042802	7	0.35	0
BSU_28870	GO:0006637	7	0.35	0
BSU_16380	GO:0042802	7	0.35	0
BSU_31750	GO:0006637	7	0.35	0
BSU_33310	GO:0005515	7	0.35	0
BSU_33470	GO:0005515	7	0.35	0
BSU_33630	GO:0042802	7	0.35	0
BSU_04040	GO:0005737	7	0.35	0
BSU_11140	GO:0005737	7	0.35	0
BSU_35850	GO:0005737	7	0.35	0
BSU_17640	GO:0005737	7	0.35	0
BSU_00770	GO:0008270	7	0.35	0
BSU_11200	GO:0008966	7	0.35	0
BSU_00700	GO:0051539	7	0.35	0
BSU_00380	GO:0005886	7	0.35	0
BSU_08650	GO:0008966	7	0.35	0
BSU_27610	GO:0051539	7	0.35	0
BSU_00700	GO:0005886	7	0.35	0
BSU_00380	GO:0004519	7	0.35	0
BSU_10790	GO:0005886	7	0.35	0
BSU_39670	GO:0016836	7	0.35	0
BSU_00380	GO:0008966	7	0.35	0
BSU_11570	GO:0016836	7	0.35	0
BSU_06520	GO:0008966	7	0.35	0
BSU_06670	GO:0005886	7	0.35	0
BSU_05900	GO:0005886	7	0.35	0
BSU_28050	GO:0051539	7	0.35	0
BSU_19630	GO:0005737	7	0.35	0
BSU_00410	GO:0051539	7	0.35	0
BSU_39360	GO:0016836	7	0.35	0
BSU_00380	GO:0051539	7	0.35	0
BSU_27280	GO:0005737	7	0.35	0
BSU_22540	GO:0005515	7	0.35	0
BSU_30560	GO:0006637	7	0.35	0
BSU_03780	GO:0008966	7	0.35	0
BSU_27560	GO:0005886	7	0.35	0
BSU_03050	GO:0005524	7	0.35	0
BSU_40920	GO:0030420	7	0.35	0
BSU_13500	GO:0005515	7	0.35	0
BSU_37090	GO:0030420	7	0.35	0
BSU_27560	GO:0030420	7	0.35	0
BSU_36530	GO:0016020	7	0.35	0
BSU_14370	GO:0015793	7	0.35	0
BSU_25270	GO:0030420	7	0.35	0
BSU_25020	GO:0030420	7	0.35	0
BSU_40920	GO:0005886	7	0.35	0
BSU_23150	GO:0016020	7	0.35	0
BSU_13910	GO:0042802	7	0.35	0
BSU_39670	GO:0005524	7	0.35	0
BSU_35670	GO:0016020	7	0.35	0
BSU_24340	GO:0003677	7	0.35	0
BSU_03330	GO:0015793	7	0.35	0
BSU_15310	GO:0016020	7	0.35	0
BSU_03950	GO:0015793	7	0.35	0
BSU_12310	GO:0015793	7	0.35	0
BSU_06950	GO:0015793	7	0.35	0
BSU_30560	GO:0005886	7	0.35	0
BSU_04320	GO:0005515	7	0.35	0
BSU_25270	GO:0005886	7	0.35	0
BSU_10380	GO:0005515	7	0.35	0
BSU_14370	GO:0005515	7	0.35	0
BSU_37240	GO:0004659	7	0.35	0
BSU_13530	GO:0005886	7	0.35	0
BSU_06950	GO:0005515	7	0.35	0
BSU_12310	GO:0008966	7	0.35	0
BSU_29140	GO:0004659	7	0.35	0
BSU_12310	GO:0005515	7	0.35	0
BSU_03950	GO:0005515	7	0.35	0
BSU_24850	GO:0005886	7	0.35	0
BSU_15060	GO:0005886	7	0.35	0
BSU_03330	GO:0005515	7	0.35	0
BSU_00960	GO:0006637	7	0.35	0
BSU_29450	GO:0005886	7	0.35	0
BSU_22710	GO:0016836	7	0.35	0
BSU_11880	GO:0016836	7	0.35	0
BSU_12080	GO:0004659	7	0.35	0
BSU_20060	GO:0005886	7	0.35	0
BSU_18240	GO:0005886	7	0.35	0
BSU_24340	GO:0005886	7	0.35	0
BSU_35760	GO:0004659	7	0.35	0
BSU_35720	GO:0004659	7	0.35	0
BSU_03050	GO:0030420	7	0.35	0
BSU_07980	GO:0008270	7	0.35	0
BSU_27280	GO:0006637	7	0.35	0
BSU_32340	GO:0008270	7	0.35	0
BSU_11360	GO:1902475	7	0.35	0
BSU_03330	GO:0005576	7	0.35	0
BSU_24340	GO:0005737	7	0.35	0
BSU_28150	GO:0051539	7	0.35	0
BSU_13500	GO:0005576	7	0.35	0
BSU_03780	GO:0070681	7	0.35	0
BSU_37790	GO:0070681	7	0.35	0
BSU_34570	GO:0016836	7	0.35	0
BSU_38280	GO:0005737	7	0.35	0
BSU_13910	GO:0004659	7	0.35	0
BSU_18240	GO:0005737	7	0.35	0
BSU_20060	GO:0005737	7	0.35	0
BSU_33470	GO:0005737	7	0.35	0
BSU_28540	GO:0009245	7	0.35	0
BSU_30780	GO:0009245	7	0.35	0
BSU_06240	GO:0051539	7	0.35	0
BSU_13530	GO:0005737	7	0.35	0
BSU_00410	GO:0009245	7	0.35	0
BSU_27610	GO:0009245	7	0.35	0
BSU_16100	GO:0008966	7	0.35	0
BSU_00700	GO:0009245	7	0.35	0
BSU_00930	GO:0009245	7	0.35	0
BSU_06240	GO:0004519	7	0.35	0
BSU_04720	GO:0070681	7	0.35	0
BSU_11600	GO:0005737	7	0.35	0
BSU_16800	GO:1902475	7	0.35	0
BSU_33310	GO:1902475	7	0.35	0
BSU_06520	GO:0070681	7	0.35	0
BSU_19690	GO:0016836	7	0.35	0
BSU_14540	GO:0006221	7	0.35	0
BSU_35650	GO:1902475	7	0.35	0
BSU_15390	GO:0006221	7	0.35	0
BSU_29120	GO:0006221	7	0.35	0
BSU_23560	GO:1902475	7	0.35	0
BSU_24850	GO:0051539	7	0.35	0
BSU_11880	GO:0051539	7	0.35	0
BSU_24340	GO:0008966	7	0.35	0
BSU_29140	GO:0016874	7	0.35	0
BSU_11220	GO:0051539	7	0.35	0
BSU_29120	GO:0016874	7	0.35	0
BSU_11200	GO:0051539	7	0.35	0
BSU_11190	GO:0051539	7	0.35	0
BSU_37120	GO:0070681	7	0.35	0
BSU_29140	GO:0051539	7	0.35	0
BSU_35670	GO:0070681	7	0.35	0
BSU_31600	GO:1902475	7	0.35	0
BSU_28150	GO:0004519	7	0.35	0
BSU_29970	GO:0009245	7	0.35	0
BSU_11370	GO:0005737	7	0.35	0
BSU_19690	GO:0008270	7	0.35	0
BSU_06510	GO:0051539	7	0.35	0
BSU_10270	GO:0016836	7	0.35	0
BSU_06510	GO:0006637	7	0.35	0
BSU_35670	GO:0005737	7	0.35	0
BSU_06520	GO:0006637	7	0.35	0
BSU_25020	GO:0009245	7	0.35	0
BSU_25270	GO:0009245	7	0.35	0
BSU_04040	GO:0006637	7	0.35	0
BSU_27610	GO:0004519	7	0.35	0
BSU_00930	GO:0051539	7	0.35	0
BSU_06140	GO:0005737	7	0.35	0
BSU_27560	GO:0009245	7	0.35	0
BSU_37090	GO:0009245	7	0.35	0
BSU_11140	GO:0006637	7	0.35	0
BSU_40920	GO:0009245	7	0.35	0
BSU_38300	GO:0008270	7	0.35	0
BSU_35850	GO:0006637	7	0.35	0
BSU_39420	GO:0016836	7	0.35	0
BSU_28050	GO:0004519	7	0.35	0
BSU_04640	GO:0006637	7	0.35	0
BSU_04320	GO:0008270	7	0.35	0
BSU_17640	GO:0006637	7	0.35	0
BSU_00700	GO:0004519	7	0.35	0
BSU_00930	GO:0004519	7	0.35	0
BSU_34560	GO:0009245	7	0.35	0
BSU_32830	GO:0016836	7	0.35	0
BSU_03330	GO:0005737	7	0.35	0
BSU_13910	GO:0008966	7	0.35	0
BSU_03180	GO:0004519	7	0.35	0
BSU_24850	GO:0016836	7	0.35	0
BSU_03780	GO:0004519	7	0.35	0
BSU_10650	GO:0005737	7	0.35	0
BSU_10270	GO:0005737	7	0.35	0
BSU_03950	GO:0005737	7	0.35	0
BSU_06510	GO:0004519	7	0.35	0
BSU_06240	GO:0009245	7	0.35	0
BSU_06950	GO:0005737	7	0.35	0
BSU_12310	GO:0005737	7	0.35	0
BSU_06670	GO:0005737	7	0.35	0
BSU_10790	GO:0005737	7	0.35	0
BSU_06950	GO:0005737	7	0.35	0
BSU_06510	GO:0016836	7	0.35	0
BSU_03180	GO:0051539	7	0.35	0
BSU_03780	GO:0051539	7	0.35	0
BSU_13500	GO:0005737	7	0.35	0
BSU_15130	GO:0009245	7	0.35	0
BSU_00930	GO:0006637	7	0.35	0
BSU_15130	GO:0030420	7	0.35	0
BSU_06240	GO:0030420	7	0.35	0
BSU_00930	GO:0005524	7	0.35	0
BSU_28050	GO:0003677	7	0.35	0
BSU_29120	GO:0042802	7	0.35	0
BSU_10380	GO:0015711	7	0.35	0
BSU_11370	GO:0003677	7	0.35	0
BSU_11390	GO:0003677	7	0.35	0
BSU_06950	GO:0015711	7	0.35	0
BSU_11470	GO:0003677	7	0.35	0
BSU_03950	GO:0015711	7	0.35	0
BSU_03330	GO:0015711	7	0.35	0
BSU_10790	GO:0005515	7	0.35	0
BSU_11360	GO:0003677	7	0.35	0
BSU_06520	GO:0005975	7	0.35	0
BSU_14370	GO:0005515	7	0.35	0
BSU_03780	GO:0003677	7	0.35	0
BSU_10790	GO:0003677	7	0.35	0
BSU_37310	GO:0005515	7	0.35	0
BSU_31600	GO:0003677	7	0.35	0
BSU_00960	GO:0005524	7	0.35	0
BSU_06320	GO:0015711	7	0.35	0
BSU_05470	GO:0015711	7	0.35	0
BSU_17570	GO:0015711	7	0.35	0
BSU_03180	GO:0006525	7	0.35	0
BSU_37120	GO:0005975	7	0.35	0
BSU_39230	GO:0003677	7	0.35	0
BSU_06510	GO:0006525	7	0.35	0
BSU_17640	GO:0006525	7	0.35	0
BSU_03780	GO:0003677	7	0.35	0
BSU_17970	GO:0003677	7	0.35	0
BSU_22710	GO:0005524	7	0.35	0
BSU_37370	GO:0050661	7	0.35	0
BSU_23850	GO:0005524	7	0.35	0
BSU_29960	GO:0044781	7	0.35	0
BSU_06520	GO:0003677	7	0.35	0
BSU_37120	GO:0003677	7	0.35	0
BSU_15310	GO:0003677	7	0.35	0
BSU_12080	GO:0042802	7	0.35	0
BSU_04640	GO:0006525	7	0.35	0
BSU_28870	GO:0005524	7	0.35	0
BSU_06510	GO:0003677	7	0.35	0
BSU_38410	GO:0003677	7	0.35	0
BSU_37790	GO:0042802	7	0.35	0
BSU_00840	GO:0003677	7	0.35	0
BSU_31750	GO:0005524	7	0.35	0
BSU_00930	GO:0003677	7	0.35	0
BSU_13530	GO:0003677	7	0.35	0
BSU_24030	GO:0005515	7	0.35	0
BSU_28190	GO:0042802	7	0.35	0
BSU_34560	GO:0006525	7	0.35	0
BSU_17130	GO:0005524	7	0.35	0
BSU_03210	GO:0003677	7	0.35	0
BSU_16100	GO:0005975	7	0.35	0
BSU_11200	GO:0006525	7	0.35	0
BSU_13500	GO:0015711	7	0.35	0
BSU_11190	GO:0006525	7	0.35	0
BSU_24030	GO:0005975	7	0.35	0
BSU_28870	GO:0005515	7	0.35	0
BSU_35650	GO:0005975	7	0.35	0
BSU_12310	GO:0015711	7	0.35	0
BSU_31600	GO:0005975	7	0.35	0
BSU_14370	GO:0015711	7	0.35	0
BSU_10790	GO:0005975	7	0.35	0
BSU_03780	GO:0005975	7	0.35	0
BSU_16800	GO:0005975	7	0.35	0
BSU_00150	GO:0006508	7	0.35	0
BSU_11360	GO:0005975	7	0.35	0
BSU_11470	GO:0005975	7	0.35	0
BSU_11390	GO:0005975	7	0.35	0
BSU_11370	GO:0005975	7	0.35	0
BSU_17970	GO:0005975	7	0.35	0
BSU_11450	GO:0005975	7	0.35	0
BSU_37500	GO:0005524	7	0.35	0
BSU_15310	GO:0005975	7	0.35	0
BSU_29450	GO:0006525	7	0.35	0
BSU_00770	GO:0005524	7	0.35	0
BSU_29970	GO:0006525	7	0.35	0
BSU_33310	GO:0015711	7	0.35	0
BSU_37760	GO:0015711	7	0.35	0
BSU_09280	GO:0015711	7	0.35	0
BSU_00930	GO:0006525	7	0.35	0
BSU_03670	GO:0015711	7	0.35	0
BSU_17120	GO:0005524	7	0.35	0
BSU_00700	GO:0006525	7	0.35	0
BSU_27610	GO:0006525	7	0.35	0
BSU_06310	GO:0015711	7	0.35	0
BSU_06160	GO:0015711	7	0.35	0
BSU_24340	GO:0005975	7	0.35	0
BSU_40330	GO:0015711	7	0.35	0
BSU_15480	GO:0015711	7	0.35	0
BSU_28870	GO:0005975	7	0.35	0
BSU_00410	GO:0006525	7	0.35	0
BSU_00380	GO:0006525	7	0.35	0
BSU_23560	GO:0015711	7	0.35	0
BSU_08220	GO:0015711	7	0.35	0
BSU_08210	GO:0015711	7	0.35	0
BSU_11880	GO:0006525	7	0.35	0
BSU_35760	GO:0005975	7	0.35	0
BSU_35720	GO:0005975	7	0.35	0
BSU_03200	GO:0003677	7	0.35	0
BSU_03950	GO:0003677	7	0.35	0
BSU_18240	GO:0003677	7	0.35	0
BSU_11570	GO:0006750	7	0.35	0
BSU_25190	GO:0015793	7	0.35	0
BSU_00410	GO:0030420	7	0.35	0
BSU_11470	GO:0016020	7	0.35	0
BSU_31100	GO:0015793	7	0.35	0
BSU_11450	GO:0042802	7	0.35	0
BSU_11360	GO:0016020	7	0.35	0
BSU_00930	GO:0006750	7	0.35	0
BSU_31600	GO:0016020	7	0.35	0
BSU_32830	GO:0006750	7	0.35	0
BSU_11200	GO:0006750	7	0.35	0
BSU_17220	GO:0006750	7	0.35	0
BSU_11390	GO:0042802	7	0.35	0
BSU_11470	GO:0042802	7	0.35	0
BSU_11360	GO:0042802	7	0.35	0
BSU_06520	GO:0005515	7	0.35	0
BSU_33470	GO:0015793	7	0.35	0
BSU_16800	GO:0042802	7	0.35	0
BSU_11840	GO:0006750	7	0.35	0
BSU_17120	GO:0006750	7	0.35	0
BSU_10650	GO:0003677	7	0.35	0
BSU_09540	GO:0006750	7	0.35	0
BSU_11370	GO:0016020	7	0.35	0
BSU_28810	GO:0006750	7	0.35	0
BSU_15310	GO:0006750	7	0.35	0
BSU_22540	GO:0015793	7	0.35	0
BSU_34560	GO:0030420	7	0.35	0
BSU_04720	GO:0042802	7	0.35	0
BSU_06510	GO:0005524	7	0.35	0
BSU_29970	GO:0030420	7	0.35	0
BSU_06520	GO:0005524	7	0.35	0
BSU_38300	GO:0005886	7	0.35	0
BSU_10380	GO:0015793	7	0.35	0
BSU_14860	GO:0005886	7	0.35	0
BSU_36280	GO:0005886	7	0.35	0
BSU_00930	GO:0030420	7	0.35	0
BSU_16410	GO:0003677	7	0.35	0
BSU_00700	GO:0030420	7	0.35	0
BSU_04040	GO:0005524	7	0.35	0
BSU_11140	GO:0005524	7	0.35	0
BSU_35850	GO:0005524	7	0.35	0
BSU_27610	GO:0030420	7	0.35	0
BSU_11710	GO:0005886	7	0.35	0
BSU_39230	GO:0006750	7	0.35	0
BSU_06240	GO:0006750	7	0.35	0
BSU_25020	GO:0006750	7	0.35	0
BSU_39330	GO:0006750	7	0.35	0
BSU_10270	GO:0003677	7	0.35	0
BSU_00840	GO:0006750	7	0.35	0
BSU_27280	GO:0005515	7	0.35	0
BSU_25020	GO:0050661	7	0.35	0
BSU_29140	GO:0016020	7	0.35	0
BSU_28690	GO:0050661	7	0.35	0
BSU_28150	GO:0016020	7	0.35	0
BSU_06670	GO:0003677	7	0.35	0
BSU_33470	GO:0050661	7	0.35	0
BSU_06520	GO:0016020	7	0.35	0
BSU_06510	GO:0016020	7	0.35	0
BSU_03050	GO:0050661	7	0.35	0
BSU_21690	GO:0050661	7	0.35	0
BSU_11190	GO:0003677	7	0.35	0
BSU_10650	GO:0003677	7	0.35	0
BSU_32830	GO:0003677	7	0.35	0
BSU_10270	GO:0003677	7	0.35	0
BSU_29140	GO:0003677	7	0.35	0
BSU_08650	GO:0003677	7	0.35	0
BSU_28150	GO:0003677	7	0.35	0
BSU_14370	GO:0006525	7	0.35	0
BSU_27280	GO:0003677	7	0.35	0
BSU_00380	GO:0003677	7	0.35	0
BSU_12310	GO:0003677	7	0.35	0
BSU_19630	GO:0005524	7	0.35	0
BSU_28680	GO:0050661	7	0.35	0
BSU_10850	GO:0050661	7	0.35	0
BSU_13860	GO:0006750	7	0.35	0
BSU_06240	GO:0050661	7	0.35	0
BSU_15050	GO:0006750	7	0.35	0
BSU_32340	GO:0006750	7	0.35	0
BSU_33310	GO:0015793	7	0.35	0
BSU_11400	GO:0042802	7	0.35	0
BSU_38280	GO:0015793	7	0.35	0
BSU_29980	GO:0042802	7	0.35	0
BSU_04640	GO:0005524	7	0.35	0
BSU_17640	GO:0005524	7	0.35	0
BSU_11220	GO:0006750	7	0.35	0
BSU_27280	GO:0005524	7	0.35	0
BSU_28150	GO:0006525	7	0.35	0
BSU_06690	GO:0003677	7	0.35	0
BSU_35650	GO:0015793	7	0.35	0
BSU_00090	GO:0050661	7	0.35	0
BSU_08210	GO:0015793	7	0.35	0
BSU_08220	GO:0015793	7	0.35	0
BSU_38290	GO:0016020	7	0.35	0
BSU_35720	GO:0042802	7	0.35	0
BSU_06240	GO:0006525	7	0.35	0
BSU_35760	GO:0042802	7	0.35	0
BSU_15890	GO:0016020	7	0.35	0
BSU_29980	GO:0004659	7	0.35	0
BSU_00380	GO:0003677	7	0.35	0
BSU_32110	GO:0016616	7	0.35	0
BSU_25020	GO:0016740	7	0.35	0
BSU_24100	GO:0003700	7	0.35	0
BSU_11880	GO:0005829	7	0.35	0
BSU_13500	GO:0006525	7	0.35	0
BSU_06240	GO:0016787	7	0.35	0
BSU_28870	GO:0008973	7	0.35	0
BSU_29140	GO:0008973	7	0.35	0
BSU_25190	GO:0016798	7	0.35	0
BSU_12310	GO:0007165	7	0.35	0
BSU_23150	GO:0016798	7	0.35	0
BSU_13500	GO:0016798	7	0.35	0
BSU_22130	GO:0016787	7	0.35	0
BSU_13910	GO:0016874	7	0.35	0
BSU_39670	GO:0016787	7	0.35	0
BSU_06950	GO:0016798	7	0.35	0
BSU_00410	GO:0016787	7	0.35	0
BSU_03950	GO:0016798	7	0.35	0
BSU_27610	GO:0016787	7	0.35	0
BSU_29450	GO:0016740	7	0.35	0
BSU_03330	GO:0016798	7	0.35	0
BSU_00700	GO:0016787	7	0.35	0
BSU_10650	GO:0009314	7	0.35	0
BSU_15130	GO:0016740	7	0.35	0
BSU_15720	GO:0005829	7	0.35	0
BSU_06950	GO:0006525	7	0.35	0
BSU_17660	GO:0005829	7	0.35	0
BSU_12310	GO:0006525	7	0.35	0
BSU_05900	GO:0009423	7	0.35	0
BSU_09130	GO:0006525	7	0.35	0
BSU_39670	GO:0003700	7	0.35	0
BSU_06310	GO:0006525	7	0.35	0
BSU_14370	GO:0007165	7	0.35	0
BSU_09460	GO:0006525	7	0.35	0
BSU_16420	GO:0005829	7	0.35	0
BSU_25270	GO:0004407	7	0.35	0
BSU_27560	GO:0004407	7	0.35	0
BSU_12420	GO:0006289	7	0.35	0
BSU_14370	GO:0006525	7	0.35	0
BSU_38410	GO:0007165	7	0.35	0
BSU_24340	GO:0008973	7	0.35	0
BSU_00180	GO:0005829	7	0.35	0
BSU_38290	GO:0004407	7	0.35	0
BSU_36280	GO:0005829	7	0.35	0
BSU_36640	GO:0005829	7	0.35	0
BSU_36530	GO:0005829	7	0.35	0
BSU_03330	GO:0006525	7	0.35	0
BSU_03950	GO:0006525	7	0.35	0
BSU_37090	GO:0005829	7	0.35	0
BSU_10270	GO:0005737	7	0.35	0
BSU_15060	GO:0016740	7	0.35	0
BSU_31520	GO:0003700	7	0.35	0
BSU_23150	GO:0030420	7	0.35	0
BSU_12980	GO:0006508	7	0.35	0
BSU_00410	GO:0006508	7	0.35	0
BSU_00700	GO:0006508	7	0.35	0
BSU_06240	GO:0016740	7	0.35	0
BSU_00930	GO:0006508	7	0.35	0
BSU_30820	GO:0004407	7	0.35	0
BSU_29970	GO:0006508	7	0.35	0
BSU_34560	GO:0006508	7	0.35	0
BSU_34560	GO:0016740	7	0.35	0
BSU_00380	GO:0016887	7	0.35	0
BSU_15130	GO:0006508	7	0.35	0
BSU_00700	GO:0016887	7	0.35	0
BSU_22540	GO:0030420	7	0.35	0
BSU_25020	GO:0006508	7	0.35	0
BSU_00930	GO:0016740	7	0.35	0
BSU_25270	GO:0006508	7	0.35	0
BSU_00700	GO:0016740	7	0.35	0
BSU_27610	GO:0016740	7	0.35	0
BSU_35670	GO:0030420	7	0.35	0
BSU_15310	GO:0030420	7	0.35	0
BSU_27560	GO:0006508	7	0.35	0
BSU_33310	GO:0016887	7	0.35	0
BSU_23560	GO:0007165	7	0.35	0
BSU_22540	GO:0007165	7	0.35	0
BSU_27560	GO:0016787	7	0.35	0
BSU_00930	GO:0016787	7	0.35	0
BSU_24850	GO:0016740	7	0.35	0
BSU_35760	GO:0007165	7	0.35	0
BSU_35720	GO:0007165	7	0.35	0
BSU_31610	GO:0007165	7	0.35	0
BSU_29970	GO:0016787	7	0.35	0
BSU_34560	GO:0016787	7	0.35	0
BSU_31640	GO:0007165	7	0.35	0
BSU_11880	GO:0016740	7	0.35	0
BSU_15130	GO:0016787	7	0.35	0
BSU_38280	GO:0005737	7	0.35	0
BSU_11220	GO:0016740	7	0.35	0
BSU_11200	GO:0016740	7	0.35	0
BSU_25190	GO:0030420	7	0.35	0
BSU_33310	GO:0007165	7	0.35	0
BSU_38280	GO:0007165	7	0.35	0
BSU_11190	GO:0016740	7	0.35	0
BSU_25020	GO:0016787	7	0.35	0
BSU_25270	GO:0016787	7	0.35	0
BSU_35650	GO:0007165	7	0.35	0
BSU_00740	GO:0005737	7	0.35	0
BSU_16100	GO:0008973	7	0.35	0
BSU_00380	GO:0009314	7	0.35	0
BSU_00410	GO:0009314	7	0.35	0
BSU_03780	GO:0008973	7	0.35	0
BSU_03210	GO:0016616	7	0.35	0
BSU_37310	GO:0005524	7	0.35	0
BSU_40920	GO:0005886	7	0.35	0
BSU_32850	GO:0016616	7	0.35	0
BSU_24340	GO:0000155	7	0.35	0
BSU_16800	GO:0042276	7	0.35	0
BSU_33230	GO:0042276	7	0.35	0
BSU_00880	GO:0042276	7	0.35	0
BSU_25270	GO:0000155	7	0.35	0
BSU_27560	GO:0000155	7	0.35	0
BSU_03200	GO:0016616	7	0.35	0
BSU_40920	GO:0000155	7	0.35	0
BSU_00090	GO:0016616	7	0.35	0
BSU_11220	GO:0009314	7	0.35	0
BSU_11200	GO:0009314	7	0.35	0
BSU_00090	GO:0009423	7	0.35	0
BSU_11190	GO:0009314	7	0.35	0
BSU_10850	GO:0009423	7	0.35	0
BSU_35670	GO:0008973	7	0.35	0
BSU_37120	GO:0008973	7	0.35	0
BSU_06690	GO:0008973	7	0.35	0
BSU_18240	GO:0000155	7	0.35	0
BSU_12310	GO:0008973	7	0.35	0
BSU_37080	GO:0042276	7	0.35	0
BSU_06240	GO:0016616	7	0.35	0
BSU_28690	GO:0016616	7	0.35	0
BSU_28680	GO:0016616	7	0.35	0
BSU_25020	GO:0016616	7	0.35	0
BSU_20060	GO:0005886	7	0.35	0
BSU_04640	GO:0044781	7	0.35	0
BSU_15060	GO:0000155	7	0.35	0
BSU_23150	GO:0016616	7	0.35	0
BSU_22540	GO:0016616	7	0.35	0
BSU_35850	GO:0044781	7	0.35	0
BSU_20060	GO:0016616	7	0.35	0
BSU_11140	GO:0044781	7	0.35	0
BSU_15530	GO:0016616	7	0.35	0
BSU_15890	GO:0004407	7	0.35	0
BSU_11190	GO:0016616	7	0.35	0
BSU_04040	GO:0044781	7	0.35	0
BSU_29450	GO:0000155	7	0.35	0
BSU_15490	GO:0004407	7	0.35	0
BSU_18240	GO:0005886	7	0.35	0
BSU_00930	GO:0044781	7	0.35	0
BSU_24340	GO:0005886	7	0.35	0
BSU_20060	GO:0000155	7	0.35	0
BSU_39360	GO:0009423	7	0.35	0
BSU_06520	GO:0008973	7	0.35	0
BSU_35850	GO:0009423	7	0.35	0
BSU_08650	GO:0008973	7	0.35	0
BSU_00410	GO:0009423	7	0.35	0
BSU_38410	GO:0005524	7	0.35	0
BSU_00700	GO:0009423	7	0.35	0
BSU_13910	GO:0005524	7	0.35	0
BSU_13910	GO:0008973	7	0.35	0
BSU_03180	GO:0009314	7	0.35	0
BSU_34560	GO:0009314	7	0.35	0
BSU_06510	GO:0009314	7	0.35	0
BSU_34560	GO:0009423	7	0.35	0
BSU_16420	GO:0007165	7	0.35	0
BSU_11570	GO:0005829	7	0.35	0
BSU_29120	GO:0006289	7	0.35	0
BSU_03950	GO:0009423	7	0.35	0
BSU_04040	GO:0009423	7	0.35	0
BSU_29970	GO:0009314	7	0.35	0
BSU_07980	GO:0005829	7	0.35	0
BSU_00930	GO:0009314	7	0.35	0
BSU_00700	GO:0009314	7	0.35	0
BSU_11140	GO:0009423	7	0.35	0
BSU_27610	GO:0009314	7	0.35	0
BSU_32610	GO:0005829	7	0.35	0
BSU_11200	GO:0008973	7	0.35	0
BSU_39420	GO:0009423	7	0.35	0
BSU_14540	GO:0042276	7	0.35	0
BSU_29970	GO:0046872	7	0.35	0
BSU_30560	GO:0005886	7	0.35	0
BSU_14860	GO:0005886	7	0.35	0
BSU_40350	GO:0005886	7	0.35	0
BSU_17050	GO:0042276	7	0.35	0
BSU_06670	GO:0005829	7	0.35	0
BSU_15580	GO:0005829	7	0.35	0
BSU_09130	GO:0005829	7	0.35	0
BSU_28150	GO:0009314	7	0.35	0
BSU_06240	GO:0009314	7	0.35	0
BSU_00380	GO:0008973	7	0.35	0
BSU_27610	GO:0005829	7	0.35	0
BSU_28540	GO:0009423	7	0.35	0
BSU_30780	GO:0009423	7	0.35	0
BSU_34860	GO:0005829	7	0.35	0
BSU_15390	GO:0006289	7	0.35	0
BSU_36280	GO:0046872	7	0.35	0
BSU_11570	GO:0046872	7	0.35	0
BSU_11570	GO:0009423	7	0.35	0
BSU_29960	GO:0046872	7	0.35	0
BSU_34860	GO:0046872	7	0.35	0
BSU_39670	GO:0009423	7	0.35	0
BSU_00410	GO:0016740	7	0.35	0
BSU_10790	GO:0016887	7	0.35	0
BSU_37090	GO:0006508	7	0.35	0
BSU_39420	GO:0051537	7	0.35	0
BSU_11570	GO:0051537	7	0.35	0
BSU_22540	GO:0005524	7	0.35	0
BSU_25190	GO:0005524	7	0.35	0
BSU_30780	GO:0051537	7	0.35	0
BSU_11400	GO:0016874	7	0.35	0
BSU_28540	GO:0051537	7	0.35	0
BSU_39360	GO:0051537	7	0.35	0
BSU_31100	GO:0005524	7	0.35	0
BSU_22710	GO:0051537	7	0.35	0
BSU_24340	GO:0070681	7	0.35	0
BSU_38410	GO:1902475	7	0.35	0
BSU_31610	GO:0005524	7	0.35	0
BSU_31640	GO:0005524	7	0.35	0
BSU_10270	GO:0003677	7	0.35	0
BSU_30560	GO:0003677	7	0.35	0
BSU_11880	GO:0004519	7	0.35	0
BSU_33470	GO:0005524	7	0.35	0
BSU_33310	GO:0005524	7	0.35	0
BSU_31750	GO:0003677	7	0.35	0
BSU_28550	GO:0016874	7	0.35	0
BSU_38280	GO:0005524	7	0.35	0
BSU_39670	GO:0051537	7	0.35	0
BSU_31600	GO:0016874	7	0.35	0
BSU_28870	GO:0003677	7	0.35	0
BSU_11360	GO:0003677	7	0.35	0
BSU_29970	GO:0016853	7	0.35	0
BSU_03050	GO:0016853	7	0.35	0
BSU_11450	GO:0016874	7	0.35	0
BSU_16100	GO:0070681	7	0.35	0
BSU_00150	GO:0016853	7	0.35	0
BSU_21690	GO:0016853	7	0.35	0
BSU_11190	GO:0005524	7	0.35	0
BSU_11390	GO:0016874	7	0.35	0
BSU_29140	GO:0070681	7	0.35	0
BSU_14370	GO:0005524	7	0.35	0
BSU_14370	GO:1902475	7	0.35	0
BSU_03330	GO:0005524	7	0.35	0
BSU_03950	GO:0005524	7	0.35	0
BSU_12310	GO:0005524	7	0.35	0
BSU_11470	GO:0016874	7	0.35	0
BSU_10380	GO:0005524	7	0.35	0
BSU_11360	GO:0016874	7	0.35	0
BSU_11370	GO:0003677	7	0.35	0
BSU_13530	GO:0051537	7	0.35	0
BSU_16800	GO:0016874	7	0.35	0
BSU_11470	GO:0003677	7	0.35	0
BSU_34140	GO:0016874	7	0.35	0
BSU_23850	GO:0003677	7	0.35	0
BSU_11710	GO:0016853	7	0.35	0
BSU_12080	GO:0006221	7	0.35	0
BSU_11190	GO:0004519	7	0.35	0
BSU_28190	GO:0006221	7	0.35	0
BSU_28550	GO:0006221	7	0.35	0
BSU_37790	GO:0016874	7	0.35	0
BSU_13910	GO:0070681	7	0.35	0
BSU_22540	GO:1902475	7	0.35	0
BSU_08650	GO:0070681	7	0.35	0
BSU_13910	GO:0006221	7	0.35	0
BSU_35760	GO:1902475	7	0.35	0
BSU_04720	GO:0016874	7	0.35	0
BSU_06670	GO:0003677	7	0.35	0
BSU_35720	GO:1902475	7	0.35	0
BSU_12420	GO:0006221	7	0.35	0
BSU_24030	GO:0006221	7	0.35	0
BSU_31610	GO:1902475	7	0.35	0
BSU_31640	GO:1902475	7	0.35	0
BSU_28190	GO:0004659	7	0.35	0
BSU_29140	GO:0004519	7	0.35	0
BSU_34140	GO:1902475	7	0.35	0
BSU_12420	GO:0016874	7	0.35	0
BSU_10790	GO:0003677	7	0.35	0
BSU_37790	GO:0006221	7	0.35	0
BSU_28870	GO:0008966	7	0.35	0
BSU_11390	GO:1902475	7	0.35	0
BSU_27280	GO:0003677	7	0.35	0
BSU_22710	GO:0003677	7	0.35	0
BSU_19630	GO:0003677	7	0.35	0
BSU_22130	GO:0004407	7	0.35	0
BSU_13910	GO:1902475	7	0.35	0
BSU_06690	GO:0003677	7	0.35	0
BSU_39670	GO:0004407	7	0.35	0
BSU_17640	GO:0003677	7	0.35	0
BSU_04640	GO:0003677	7	0.35	0
BSU_00090	GO:0004407	7	0.35	0
BSU_35850	GO:0003677	7	0.35	0
BSU_11140	GO:0003677	7	0.35	0
BSU_04040	GO:0003677	7	0.35	0
BSU_11220	GO:0004519	7	0.35	0
BSU_00410	GO:0004407	7	0.35	0
BSU_06520	GO:0003677	7	0.35	0
BSU_06510	GO:0003677	7	0.35	0
BSU_00930	GO:0003677	7	0.35	0
BSU_13540	GO:0003677	7	0.35	0
BSU_11200	GO:0004519	7	0.35	0
BSU_29140	GO:0008966	7	0.35	0
BSU_00960	GO:0003677	7	0.35	0
BSU_00380	GO:0006364	7	0.35	0
BSU_27610	GO:0006364	7	0.35	0
BSU_19690	GO:0005737	7	0.35	0
BSU_23850	GO:0006556	7	0.35	0
BSU_15890	GO:0006364	7	0.35	0
BSU_11190	GO:0003700	7	0.35	0
BSU_19630	GO:0006556	7	0.35	0
BSU_15130	GO:0006364	7	0.35	0
BSU_06950	GO:0030420	7	0.35	0
BSU_10270	GO:0016887	7	0.35	0
BSU_15530	GO:0003700	7	0.35	0
BSU_13530	GO:0005737	7	0.35	0
BSU_11600	GO:0016887	7	0.35	0
BSU_15060	GO:0006364	7	0.35	0
BSU_24850	GO:0006364	7	0.35	0
BSU_39670	GO:0005737	7	0.35	0
BSU_11880	GO:0006364	7	0.35	0
BSU_11570	GO:0005737	7	0.35	0
BSU_12310	GO:0030420	7	0.35	0
BSU_03950	GO:0030420	7	0.35	0
BSU_30780	GO:0005737	7	0.35	0
BSU_11220	GO:0006364	7	0.35	0
BSU_13530	GO:0016887	7	0.35	0
BSU_28540	GO:0005737	7	0.35	0
BSU_11200	GO:0006364	7	0.35	0
BSU_22710	GO:0006556	7	0.35	0
BSU_10850	GO:0003700	7	0.35	0
BSU_03330	GO:0030420	7	0.35	0
BSU_08650	GO:0003700	7	0.35	0
BSU_00380	GO:0016740	7	0.35	0
BSU_03050	GO:0006508	7	0.35	0
BSU_29450	GO:0006556	7	0.35	0
BSU_36280	GO:0003700	7	0.35	0
BSU_34570	GO:0005737	7	0.35	0
BSU_06140	GO:0003700	7	0.35	0
BSU_28870	GO:0006556	7	0.35	0
BSU_06670	GO:0016887	7	0.35	0
BSU_35650	GO:0004407	7	0.35	0
BSU_13500	GO:0030420	7	0.35	0
BSU_00090	GO:0003700	7	0.35	0
BSU_03200	GO:0003700	7	0.35	0
BSU_32850	GO:0003700	7	0.35	0
BSU_29450	GO:0006364	7	0.35	0
BSU_27560	GO:0006556	7	0.35	0
BSU_03210	GO:0003700	7	0.35	0
BSU_25020	GO:0006556	7	0.35	0
BSU_06240	GO:0003700	7	0.35	0
BSU_06690	GO:0016887	7	0.35	0
BSU_06950	GO:0016887	7	0.35	0
BSU_24340	GO:0006556	7	0.35	0
BSU_10850	GO:0004407	7	0.35	0
BSU_11190	GO:0006364	7	0.35	0
BSU_38300	GO:0016853	7	0.35	0
BSU_08650	GO:0006556	7	0.35	0
BSU_06240	GO:0004407	7	0.35	0
BSU_00090	GO:0006556	7	0.35	0
BSU_00380	GO:0006556	7	0.35	0
BSU_11710	GO:0003677	7	0.35	0
BSU_06520	GO:0006556	7	0.35	0
BSU_30560	GO:0016887	7	0.35	0
BSU_06240	GO:0006556	7	0.35	0
BSU_37120	GO:0006556	7	0.35	0
BSU_35670	GO:0006556	7	0.35	0
BSU_13530	GO:0003677	7	0.35	0
BSU_14860	GO:0016887	7	0.35	0
BSU_34560	GO:0006364	7	0.35	0
BSU_06510	GO:0006364	7	0.35	0
BSU_31750	GO:0006556	7	0.35	0
BSU_32110	GO:0006556	7	0.35	0
BSU_40920	GO:0006556	7	0.35	0
BSU_29970	GO:0006364	7	0.35	0
BSU_00930	GO:0006364	7	0.35	0
BSU_37120	GO:0004407	7	0.35	0
BSU_00700	GO:0006364	7	0.35	0
BSU_05900	GO:0016853	7	0.35	0
BSU_16410	GO:0003677	7	0.35	0
BSU_18240	GO:0003677	7	0.35	0
BSU_24850	GO:0016887	7	0.35	0
BSU_11190	GO:0006556	7	0.35	0
BSU_15060	GO:0016887	7	0.35	0
BSU_05710	GO:0005737	7	0.35	0
BSU_32340	GO:0005737	7	0.35	0
BSU_29450	GO:0016887	7	0.35	0
BSU_22710	GO:0005737	7	0.35	0
BSU_00840	GO:0004407	7	0.35	0
BSU_16100	GO:0006556	7	0.35	0
BSU_07980	GO:0005737	7	0.35	0
BSU_20060	GO:0016887	7	0.35	0
BSU_05550	GO:0005737	7	0.35	0
BSU_18240	GO:0016887	7	0.35	0
BSU_24340	GO:0016887	7	0.35	0
BSU_11840	GO:0005737	7	0.35	0
BSU_13860	GO:0006556	7	0.35	0
BSU_24340	GO:0003677	7	0.35	0
BSU_14370	GO:0030420	7	0.35	0
BSU_28150	GO:0006364	7	0.35	0
BSU_11200	GO:0006556	7	0.35	0
BSU_06240	GO:0006364	7	0.35	0
BSU_09540	GO:0005737	7	0.35	0
BSU_28540	GO:0005737	7	0.35	0
BSU_34570	GO:0016616	7	0.35	0
BSU_04320	GO:0006811	7	0.35	0
BSU_03780	GO:0046872	7	0.35	0
BSU_00090	GO:0030436	7	0.35	0
BSU_06510	GO:0016757	7	0.35	0
BSU_37240	GO:0006285	7	0.35	0
BSU_28190	GO:0006285	7	0.35	0
BSU_27650	GO:0006285	7	0.35	0
BSU_33630	GO:0006285	7	0.35	0
BSU_11450	GO:0006285	7	0.35	0
BSU_11400	GO:0006285	7	0.35	0
BSU_28550	GO:0006285	7	0.35	0
BSU_15390	GO:0006285	7	0.35	0
BSU_29120	GO:0006285	7	0.35	0
BSU_12420	GO:0006285	7	0.35	0
BSU_25190	GO:0030436	7	0.35	0
BSU_23150	GO:0030436	7	0.35	0
BSU_06950	GO:0030436	7	0.35	0
BSU_40920	GO:0030436	7	0.35	0
BSU_32110	GO:0030436	7	0.35	0
BSU_31750	GO:0030436	7	0.35	0
BSU_06520	GO:0016757	7	0.35	0
BSU_11140	GO:0016757	7	0.35	0
BSU_35850	GO:0016757	7	0.35	0
BSU_28050	GO:0005886	7	0.35	0
BSU_36640	GO:0005886	7	0.35	0
BSU_15890	GO:0005886	7	0.35	0
BSU_00380	GO:0005886	7	0.35	0
BSU_17640	GO:0005886	7	0.35	0
BSU_08650	GO:0005886	7	0.35	0
BSU_16410	GO:0005886	7	0.35	0
BSU_35340	GO:0005886	7	0.35	0
BSU_29980	GO:0005886	7	0.35	0
BSU_17640	GO:0016757	7	0.35	0
BSU_10650	GO:0005886	7	0.35	0
BSU_13910	GO:0005886	7	0.35	0
BSU_10380	GO:0005886	7	0.35	0
BSU_30560	GO:0016757	7	0.35	0
BSU_28870	GO:0016757	7	0.35	0
BSU_16410	GO:0016757	7	0.35	0
BSU_27280	GO:0016757	7	0.35	0
BSU_06240	GO:0030436	7	0.35	0
BSU_11190	GO:0030436	7	0.35	0
BSU_29450	GO:0009102	7	0.35	0
BSU_13860	GO:0030436	7	0.35	0
BSU_00930	GO:0051301	7	0.35	0
BSU_00700	GO:0051301	7	0.35	0
BSU_27610	GO:0051301	7	0.35	0
BSU_00410	GO:0051301	7	0.35	0
BSU_00380	GO:0051301	7	0.35	0
BSU_31100	GO:0006355	7	0.35	0
BSU_25190	GO:0006355	7	0.35	0
BSU_23150	GO:0006355	7	0.35	0
BSU_15310	GO:0006355	7	0.35	0
BSU_06240	GO:0006355	7	0.35	0
BSU_06140	GO:0006355	7	0.35	0
BSU_36280	GO:0006355	7	0.35	0
BSU_03670	GO:0006355	7	0.35	0
BSU_06310	GO:0006355	7	0.35	0
BSU_14860	GO:0006355	7	0.35	0
BSU_03330	GO:0006355	7	0.35	0
BSU_36640	GO:0006355	7	0.35	0
BSU_29970	GO:0051301	7	0.35	0
BSU_06510	GO:0051301	7	0.35	0
BSU_34560	GO:0051301	7	0.35	0
BSU_15130	GO:0051301	7	0.35	0
BSU_19630	GO:0030436	7	0.35	0
BSU_22710	GO:0030436	7	0.35	0
BSU_23850	GO:0030436	7	0.35	0
BSU_25020	GO:0030436	7	0.35	0
BSU_27560	GO:0030436	7	0.35	0
BSU_29450	GO:0030436	7	0.35	0
BSU_15890	GO:0051301	7	0.35	0
BSU_15060	GO:0051301	7	0.35	0
BSU_03180	GO:0051301	7	0.35	0
BSU_24850	GO:0051301	7	0.35	0
BSU_11880	GO:0051301	7	0.35	0
BSU_11220	GO:0051301	7	0.35	0
BSU_11200	GO:0051301	7	0.35	0
BSU_11190	GO:0051301	7	0.35	0
BSU_28150	GO:0051301	7	0.35	0
BSU_06240	GO:0051301	7	0.35	0
BSU_14860	GO:0005886	7	0.35	0
BSU_29140	GO:0009102	7	0.35	0
BSU_37370	GO:0000166	7	0.35	0
BSU_29450	GO:0006281	7	0.35	0
BSU_06520	GO:0004108	7	0.35	0
BSU_37120	GO:0004108	7	0.35	0
BSU_13910	GO:0000049	7	0.35	0
BSU_14540	GO:0000049	7	0.35	0
BSU_00880	GO:0000049	7	0.35	0
BSU_29120	GO:0000049	7	0.35	0
BSU_06690	GO:0000049	7	0.35	0
BSU_35720	GO:0000049	7	0.35	0
BSU_35760	GO:0000049	7	0.35	0
BSU_12080	GO:0000049	7	0.35	0
BSU_29140	GO:0000049	7	0.35	0
BSU_37240	GO:0000049	7	0.35	0
BSU_29980	GO:0000049	7	0.35	0
BSU_37310	GO:0000049	7	0.35	0
BSU_16410	GO:0000049	7	0.35	0
BSU_12420	GO:0000049	7	0.35	0
BSU_24030	GO:0000049	7	0.35	0
BSU_35760	GO:0004108	7	0.35	0
BSU_35720	GO:0004108	7	0.35	0
BSU_35650	GO:0004108	7	0.35	0
BSU_15310	GO:0004108	7	0.35	0
BSU_31520	GO:0016020	7	0.35	0
BSU_13530	GO:0016020	7	0.35	0
BSU_24340	GO:0004108	7	0.35	0
BSU_28870	GO:0004108	7	0.35	0
BSU_16100	GO:0004108	7	0.35	0
BSU_24030	GO:0004108	7	0.35	0
BSU_17970	GO:0004108	7	0.35	0
BSU_11450	GO:0004108	7	0.35	0
BSU_31600	GO:0004108	7	0.35	0
BSU_11370	GO:0004108	7	0.35	0
BSU_11390	GO:0004108	7	0.35	0
BSU_11470	GO:0004108	7	0.35	0
BSU_11360	GO:0004108	7	0.35	0
BSU_16800	GO:0004108	7	0.35	0
BSU_03780	GO:0004108	7	0.35	0
BSU_10790	GO:0004108	7	0.35	0
BSU_28190	GO:0000049	7	0.35	0
BSU_15130	GO:0006281	7	0.35	0
BSU_28870	GO:0009102	7	0.35	0
BSU_15060	GO:0006281	7	0.35	0
BSU_00090	GO:0006571	7	0.35	0
BSU_03780	GO:0009102	7	0.35	0
BSU_40920	GO:0009102	7	0.35	0
BSU_32110	GO:0009102	7	0.35	0
BSU_35670	GO:0009102	7	0.35	0
BSU_37120	GO:0009102	7	0.35	0
BSU_06690	GO:0009102	7	0.35	0
BSU_06240	GO:0009102	7	0.35	0
BSU_06520	GO:0009102	7	0.35	0
BSU_00380	GO:0009102	7	0.35	0
BSU_00090	GO:0009102	7	0.35	0
BSU_08650	GO:0009102	7	0.35	0
BSU_11190	GO:0009102	7	0.35	0
BSU_11200	GO:0009102	7	0.35	0
BSU_16100	GO:0009102	7	0.35	0
BSU_19630	GO:0009102	7	0.35	0
BSU_24340	GO:0009102	7	0.35	0
BSU_23850	GO:0006571	7	0.35	0
BSU_25020	GO:0006571	7	0.35	0
BSU_28680	GO:0006571	7	0.35	0
BSU_00700	GO:0006281	7	0.35	0
BSU_24850	GO:0006281	7	0.35	0
BSU_11220	GO:0006281	7	0.35	0
BSU_11190	GO:0006281	7	0.35	0
BSU_06240	GO:0006281	7	0.35	0
BSU_34560	GO:0006281	7	0.35	0
BSU_29970	GO:0006281	7	0.35	0
BSU_00930	GO:0006281	7	0.35	0
BSU_27610	GO:0006281	7	0.35	0
BSU_28690	GO:0006571	7	0.35	0
BSU_00410	GO:0006281	7	0.35	0
BSU_00960	GO:0006281	7	0.35	0
BSU_13130	GO:0006571	7	0.35	0
BSU_37370	GO:0006571	7	0.35	0
BSU_21690	GO:0006571	7	0.35	0
BSU_03050	GO:0006571	7	0.35	0
BSU_33470	GO:0006571	7	0.35	0
BSU_13130	GO:0000166	7	0.35	0
BSU_21690	GO:0000166	7	0.35	0
BSU_22670	GO:0006222	7	0.35	0
BSU_00700	GO:0016597	7	0.35	0
BSU_28150	GO:0008311	7	0.35	0
BSU_06240	GO:0008311	7	0.35	0
BSU_03180	GO:0008311	7	0.35	0
BSU_34560	GO:0008311	7	0.35	0
BSU_06510	GO:0008311	7	0.35	0
BSU_29970	GO:0008311	7	0.35	0
BSU_00930	GO:0008311	7	0.35	0
BSU_00700	GO:0008311	7	0.35	0
BSU_27610	GO:0008311	7	0.35	0
BSU_00380	GO:0008311	7	0.35	0
BSU_20060	GO:0008311	7	0.35	0
BSU_10650	GO:0008311	7	0.35	0
BSU_39230	GO:0008311	7	0.35	0
BSU_00410	GO:0008311	7	0.35	0
BSU_03180	GO:0016597	7	0.35	0
BSU_34560	GO:0016597	7	0.35	0
BSU_03780	GO:0016597	7	0.35	0
BSU_11190	GO:0008311	7	0.35	0
BSU_11200	GO:0008311	7	0.35	0
BSU_11220	GO:0008311	7	0.35	0
BSU_17640	GO:0008881	7	0.35	0
BSU_23850	GO:0008881	7	0.35	0
BSU_25020	GO:0008881	7	0.35	0
BSU_27560	GO:0008881	7	0.35	0
BSU_29450	GO:0008881	7	0.35	0
BSU_22130	GO:0008881	7	0.35	0
BSU_37730	GO:0008881	7	0.35	0
BSU_19690	GO:0008881	7	0.35	0
BSU_04640	GO:0008881	7	0.35	0
BSU_11880	GO:0008311	7	0.35	0
BSU_12980	GO:0008881	7	0.35	0
BSU_11570	GO:0008881	7	0.35	0
BSU_07980	GO:0008881	7	0.35	0
BSU_32340	GO:0008881	7	0.35	0
BSU_35650	GO:0008881	7	0.35	0
BSU_36530	GO:0008881	7	0.35	0
BSU_30860	GO:0008881	7	0.35	0
BSU_00930	GO:0016597	7	0.35	0
BSU_27610	GO:0016597	7	0.35	0
BSU_19630	GO:0008881	7	0.35	0
BSU_28050	GO:0016597	7	0.35	0
BSU_06950	GO:0015727	7	0.35	0
BSU_03950	GO:0015727	7	0.35	0
BSU_03330	GO:0015727	7	0.35	0
BSU_31750	GO:0003933	7	0.35	0
BSU_13860	GO:0003933	7	0.35	0
BSU_22710	GO:0003933	7	0.35	0
BSU_23850	GO:0003933	7	0.35	0
BSU_25020	GO:0003933	7	0.35	0
BSU_27560	GO:0003933	7	0.35	0
BSU_00840	GO:0006222	7	0.35	0
BSU_14370	GO:0006222	7	0.35	0
BSU_39230	GO:0006222	7	0.35	0
BSU_15720	GO:0006222	7	0.35	0
BSU_19630	GO:0006222	7	0.35	0
BSU_34570	GO:0006222	7	0.35	0
BSU_27610	GO:0006222	7	0.35	0
BSU_15530	GO:0006222	7	0.35	0
BSU_13500	GO:0015727	7	0.35	0
BSU_25190	GO:0015727	7	0.35	0
BSU_28680	GO:0015727	7	0.35	0
BSU_15890	GO:0016597	7	0.35	0
BSU_00410	GO:0016597	7	0.35	0
BSU_00380	GO:0016597	7	0.35	0
BSU_35650	GO:0016597	7	0.35	0
BSU_30820	GO:0016597	7	0.35	0
BSU_38290	GO:0016597	7	0.35	0
BSU_27560	GO:0016597	7	0.35	0
BSU_25270	GO:0016597	7	0.35	0
BSU_28150	GO:0016597	7	0.35	0
BSU_28690	GO:0015727	7	0.35	0
BSU_06520	GO:0016597	7	0.35	0
BSU_06510	GO:0016597	7	0.35	0
BSU_00740	GO:0016597	7	0.35	0
BSU_29450	GO:0016597	7	0.35	0
BSU_11220	GO:0016597	7	0.35	0
BSU_11200	GO:0016597	7	0.35	0
BSU_11190	GO:0016597	7	0.35	0
BSU_22710	GO:0008881	7	0.35	0
BSU_31660	GO:0016020	7	0.35	0
BSU_03050	GO:0000166	7	0.35	0
BSU_10380	GO:0005215	7	0.35	0
BSU_31750	GO:0019344	7	0.35	0
BSU_23850	GO:0019344	7	0.35	0
BSU_22710	GO:0019344	7	0.35	0
BSU_19630	GO:0019344	7	0.35	0
BSU_27280	GO:0019344	7	0.35	0
BSU_17640	GO:0019344	7	0.35	0
BSU_04640	GO:0019344	7	0.35	0
BSU_35850	GO:0019344	7	0.35	0
BSU_11140	GO:0019344	7	0.35	0
BSU_04040	GO:0019344	7	0.35	0
BSU_06520	GO:0019344	7	0.35	0
BSU_06510	GO:0019344	7	0.35	0
BSU_08220	GO:0005215	7	0.35	0
BSU_08210	GO:0005215	7	0.35	0
BSU_38280	GO:0005215	7	0.35	0
BSU_33470	GO:0005215	7	0.35	0
BSU_31100	GO:0005215	7	0.35	0
BSU_30560	GO:0019344	7	0.35	0
BSU_00960	GO:0019344	7	0.35	0
BSU_11710	GO:0019344	7	0.35	0
BSU_23150	GO:0000166	7	0.35	0
BSU_33470	GO:0000166	7	0.35	0
BSU_30860	GO:0000166	7	0.35	0
BSU_32110	GO:0000166	7	0.35	0
BSU_28690	GO:0000166	7	0.35	0
BSU_28680	GO:0000166	7	0.35	0
BSU_25020	GO:0000166	7	0.35	0
BSU_23850	GO:0000166	7	0.35	0
BSU_20060	GO:0000166	7	0.35	0
BSU_17130	GO:0019344	7	0.35	0
BSU_15530	GO:0000166	7	0.35	0
BSU_11190	GO:0000166	7	0.35	0
BSU_06240	GO:0000166	7	0.35	0
BSU_03210	GO:0000166	7	0.35	0
BSU_14390	GO:0019344	7	0.35	0
BSU_06140	GO:0019344	7	0.35	0
BSU_17120	GO:0019344	7	0.35	0
BSU_25190	GO:0005215	7	0.35	0
BSU_06950	GO:0005215	7	0.35	0
BSU_31600	GO:0016020	7	0.35	0
BSU_03950	GO:0005215	7	0.35	0
BSU_28050	GO:0016020	7	0.35	0
BSU_10650	GO:0016020	7	0.35	0
BSU_29980	GO:0016020	7	0.35	0
BSU_17970	GO:0016020	7	0.35	0
BSU_37120	GO:0016020	7	0.35	0
BSU_13530	GO:0016020	7	0.35	0
BSU_03780	GO:0016020	7	0.35	0
BSU_10790	GO:0016020	7	0.35	0
BSU_39230	GO:0016020	7	0.35	0
BSU_24100	GO:0016020	7	0.35	0
BSU_36530	GO:0016020	7	0.35	0
BSU_35670	GO:0016020	7	0.35	0
BSU_15310	GO:0016020	7	0.35	0
BSU_11370	GO:0016020	7	0.35	0
BSU_11470	GO:0016020	7	0.35	0
BSU_11360	GO:0016020	7	0.35	0
BSU_16800	GO:0016020	7	0.35	0
BSU_03330	GO:0098660	7	0.35	0
BSU_03950	GO:0098660	7	0.35	0
BSU_06950	GO:0098660	7	0.35	0
BSU_05900	GO:0006508	7	0.35	0
BSU_03330	GO:0005215	7	0.35	0
BSU_00180	GO:0006508	7	0.35	0
BSU_04320	GO:0006508	7	0.35	0
BSU_38300	GO:0006508	7	0.35	0
BSU_30820	GO:0006508	7	0.35	0
BSU_25020	GO:0006508	7	0.35	0
BSU_17660	GO:0006508	7	0.35	0
BSU_34560	GO:0006508	7	0.35	0
BSU_25190	GO:0098660	7	0.35	0
BSU_15480	GO:0098660	7	0.35	0
BSU_04320	GO:0098660	7	0.35	0
BSU_08220	GO:0098660	7	0.35	0
BSU_08210	GO:0098660	7	0.35	0
BSU_38280	GO:0098660	7	0.35	0
BSU_33470	GO:0098660	7	0.35	0
BSU_31100	GO:0098660	7	0.35	0
BSU_13500	GO:0016020	7	0.35	0
BSU_15310	GO:0016020	7	0.35	0
BSU_35670	GO:0016020	7	0.35	0
BSU_34140	GO:0006605	7	0.35	0
BSU_10270	GO:0016491	7	0.35	0
BSU_12310	GO:0016491	7	0.35	0
BSU_03780	GO:0016491	7	0.35	0
BSU_35670	GO:0016491	7	0.35	0
BSU_37120	GO:0016491	7	0.35	0
BSU_06690	GO:0016491	7	0.35	0
BSU_06520	GO:0016491	7	0.35	0
BSU_00380	GO:0016491	7	0.35	0
BSU_11200	GO:0016491	7	0.35	0
BSU_16100	GO:0016491	7	0.35	0
BSU_19630	GO:0016491	7	0.35	0
BSU_24340	GO:0016491	7	0.35	0
BSU_28870	GO:0016491	7	0.35	0
BSU_29140	GO:0016491	7	0.35	0
BSU_29450	GO:0016491	7	0.35	0
BSU_29140	GO:0006605	7	0.35	0
BSU_29120	GO:0006605	7	0.35	0
BSU_32830	GO:0016491	7	0.35	0
BSU_28870	GO:0005524	7	0.35	0
BSU_25020	GO:0005524	7	0.35	0
BSU_35670	GO:0005524	7	0.35	0
BSU_25190	GO:0005524	7	0.35	0
BSU_23150	GO:0005524	7	0.35	0
BSU_22540	GO:0005524	7	0.35	0
BSU_32830	GO:0005524	7	0.35	0
BSU_12310	GO:0005524	7	0.35	0
BSU_03780	GO:0005524	7	0.35	0
BSU_32110	GO:0005524	7	0.35	0
BSU_37120	GO:0005524	7	0.35	0
BSU_19630	GO:0005524	7	0.35	0
BSU_06240	GO:0005524	7	0.35	0
BSU_06520	GO:0005524	7	0.35	0
BSU_00090	GO:0005524	7	0.35	0
BSU_08650	GO:0005524	7	0.35	0
BSU_11190	GO:0005524	7	0.35	0
BSU_11200	GO:0005524	7	0.35	0
BSU_16100	GO:0005524	7	0.35	0
BSU_04720	GO:0006605	7	0.35	0
BSU_35720	GO:0006605	7	0.35	0
BSU_15890	GO:0005829	7	0.35	0
BSU_35760	GO:0006605	7	0.35	0
BSU_22540	GO:0065002	7	0.35	0
BSU_35670	GO:0065002	7	0.35	0
BSU_15310	GO:0065002	7	0.35	0
BSU_11450	GO:0065002	7	0.35	0
BSU_11370	GO:0065002	7	0.35	0
BSU_11390	GO:0065002	7	0.35	0
BSU_11470	GO:0065002	7	0.35	0
BSU_11360	GO:0065002	7	0.35	0
BSU_16800	GO:0065002	7	0.35	0
BSU_38410	GO:0065002	7	0.35	0
BSU_14370	GO:0065002	7	0.35	0
BSU_31600	GO:0065002	7	0.35	0
BSU_06140	GO:0000160	7	0.35	0
BSU_36280	GO:0000160	7	0.35	0
BSU_18420	GO:0000160	7	0.35	0
BSU_15130	GO:0000160	7	0.35	0
BSU_00150	GO:0003723	7	0.35	0
BSU_35760	GO:0065002	7	0.35	0
BSU_35720	GO:0065002	7	0.35	0
BSU_31610	GO:0065002	7	0.35	0
BSU_16800	GO:0006605	7	0.35	0
BSU_36800	GO:0006605	7	0.35	0
BSU_16380	GO:0006605	7	0.35	0
BSU_12080	GO:0006605	7	0.35	0
BSU_11450	GO:0006605	7	0.35	0
BSU_11390	GO:0006605	7	0.35	0
BSU_11470	GO:0006605	7	0.35	0
BSU_11360	GO:0006605	7	0.35	0
BSU_38410	GO:0006605	7	0.35	0
BSU_31660	GO:0065002	7	0.35	0
BSU_37240	GO:0006605	7	0.35	0
BSU_31600	GO:0006605	7	0.35	0
BSU_11400	GO:0006605	7	0.35	0
BSU_33630	GO:0006605	7	0.35	0
BSU_33310	GO:0065002	7	0.35	0
BSU_34140	GO:0065002	7	0.35	0
BSU_31640	GO:0065002	7	0.35	0
BSU_08650	GO:0005829	7	0.35	0
BSU_17220	GO:0005829	7	0.35	0
BSU_23150	GO:0016020	7	0.35	0
BSU_13130	GO:0042128	7	0.35	0
BSU_38290	GO:0008237	7	0.35	0
BSU_25020	GO:0008237	7	0.35	0
BSU_25190	GO:0008237	7	0.35	0
BSU_17660	GO:0008237	7	0.35	0
BSU_15720	GO:0008237	7	0.35	0
BSU_15530	GO:0008237	7	0.35	0
BSU_11600	GO:0008237	7	0.35	0
BSU_10380	GO:0008237	7	0.35	0
BSU_06240	GO:0008237	7	0.35	0
BSU_05900	GO:0008237	7	0.35	0
BSU_35850	GO:0008237	7	0.35	0
BSU_11140	GO:0008237	7	0.35	0
BSU_04040	GO:0008237	7	0.35	0
BSU_03950	GO:0008237	7	0.35	0
BSU_34560	GO:0008237	7	0.35	0
BSU_00700	GO:0008237	7	0.35	0
BSU_00410	GO:0008237	7	0.35	0
BSU_28690	GO:0008237	7	0.35	0
BSU_37090	GO:0008237	7	0.35	0
BSU_40920	GO:0008237	7	0.35	0
BSU_14370	GO:0046872	7	0.35	0
BSU_33310	GO:0046872	7	0.35	0
BSU_31640	GO:0046872	7	0.35	0
BSU_31610	GO:0046872	7	0.35	0
BSU_35720	GO:0046872	7	0.35	0
BSU_35760	GO:0046872	7	0.35	0
BSU_12310	GO:0046872	7	0.35	0
BSU_38410	GO:0046872	7	0.35	0
BSU_06140	GO:0030435	7	0.35	0
BSU_11880	GO:0030435	7	0.35	0
BSU_24100	GO:0030435	7	0.35	0
BSU_15130	GO:0030435	7	0.35	0
BSU_33230	GO:0030435	7	0.35	0
BSU_39420	GO:0030435	7	0.35	0
BSU_39670	GO:0030435	7	0.35	0
BSU_28540	GO:0030435	7	0.35	0
BSU_39360	GO:0030435	7	0.35	0
BSU_00090	GO:0008237	7	0.35	0
BSU_37370	GO:0042128	7	0.35	0
BSU_18240	GO:0005829	7	0.35	0
BSU_21690	GO:0042128	7	0.35	0
BSU_25020	GO:0005829	7	0.35	0
BSU_25190	GO:0005829	7	0.35	0
BSU_22540	GO:0005829	7	0.35	0
BSU_17660	GO:0005829	7	0.35	0
BSU_15720	GO:0005829	7	0.35	0
BSU_15530	GO:0005829	7	0.35	0
BSU_13860	GO:0005829	7	0.35	0
BSU_11600	GO:0005829	7	0.35	0
BSU_10380	GO:0005829	7	0.35	0
BSU_06240	GO:0005829	7	0.35	0
BSU_05900	GO:0005829	7	0.35	0
BSU_03950	GO:0005829	7	0.35	0
BSU_34560	GO:0005829	7	0.35	0
BSU_00700	GO:0005829	7	0.35	0
BSU_00410	GO:0005829	7	0.35	0
BSU_00090	GO:0005829	7	0.35	0
BSU_24340	GO:0005829	7	0.35	0
BSU_00090	GO:0042128	7	0.35	0
BSU_03200	GO:0042128	7	0.35	0
BSU_32850	GO:0042128	7	0.35	0
BSU_23850	GO:0042128	7	0.35	0
BSU_03050	GO:0042128	7	0.35	0
BSU_33470	GO:0042128	7	0.35	0
BSU_30860	GO:0042128	7	0.35	0
BSU_32110	GO:0042128	7	0.35	0
BSU_28690	GO:0042128	7	0.35	0
BSU_28680	GO:0042128	7	0.35	0
BSU_25020	GO:0042128	7	0.35	0
BSU_23150	GO:0042128	7	0.35	0
BSU_03210	GO:0042128	7	0.35	0
BSU_22540	GO:0042128	7	0.35	0
BSU_20060	GO:0042128	7	0.35	0
BSU_15530	GO:0042128	7	0.35	0
BSU_11190	GO:0042128	7	0.35	0
BSU_10850	GO:0042128	7	0.35	0
BSU_08650	GO:0042128	7	0.35	0
BSU_06240	GO:0042128	7	0.35	0
BSU_03050	GO:0003723	7	0.35	0
BSU_29970	GO:0003723	7	0.35	0
BSU_13540	GO:0003723	7	0.35	0
BSU_32340	GO:0016757	7	0.35	0
BSU_30820	GO:0016301	7	0.35	0
BSU_40920	GO:0016301	7	0.35	0
BSU_37090	GO:0016301	7	0.35	0
BSU_28690	GO:0016301	7	0.35	0
BSU_25020	GO:0016301	7	0.35	0
BSU_25190	GO:0016301	7	0.35	0
BSU_17660	GO:0016301	7	0.35	0
BSU_15720	GO:0016301	7	0.35	0
BSU_13860	GO:0016301	7	0.35	0
BSU_06240	GO:0016301	7	0.35	0
BSU_35850	GO:0016301	7	0.35	0
BSU_11140	GO:0016301	7	0.35	0
BSU_04040	GO:0016301	7	0.35	0
BSU_03950	GO:0016301	7	0.35	0
BSU_34560	GO:0016301	7	0.35	0
BSU_00410	GO:0016301	7	0.35	0
BSU_00090	GO:0016301	7	0.35	0
BSU_39420	GO:0008840	7	0.35	0
BSU_22710	GO:0008840	7	0.35	0
BSU_39360	GO:0008840	7	0.35	0
BSU_03950	GO:0008840	7	0.35	0
BSU_22540	GO:0055085	7	0.35	0
BSU_13910	GO:0055085	7	0.35	0
BSU_10380	GO:0055085	7	0.35	0
BSU_38410	GO:0055085	7	0.35	0
BSU_35850	GO:0008840	7	0.35	0
BSU_11140	GO:0008840	7	0.35	0
BSU_04040	GO:0008840	7	0.35	0
BSU_34560	GO:0008840	7	0.35	0
BSU_28540	GO:0008840	7	0.35	0
BSU_00700	GO:0008840	7	0.35	0
BSU_00410	GO:0008840	7	0.35	0
BSU_00090	GO:0008840	7	0.35	0
BSU_00740	GO:0008840	7	0.35	0
BSU_39670	GO:0008840	7	0.35	0
BSU_11570	GO:0008840	7	0.35	0
BSU_30780	GO:0008840	7	0.35	0
BSU_09540	GO:0016301	7	0.35	0
BSU_13860	GO:0016757	7	0.35	0
BSU_03200	GO:0009055	7	0.35	0
BSU_04640	GO:0016757	7	0.35	0
BSU_13500	GO:0008643	7	0.35	0
BSU_06950	GO:0008643	7	0.35	0
BSU_03950	GO:0008643	7	0.35	0
BSU_03330	GO:0008643	7	0.35	0
BSU_00180	GO:0071793	7	0.35	0
BSU_04320	GO:0071793	7	0.35	0
BSU_38300	GO:0071793	7	0.35	0
BSU_30820	GO:0071793	7	0.35	0
BSU_25020	GO:0071793	7	0.35	0
BSU_17660	GO:0071793	7	0.35	0
BSU_13860	GO:0071793	7	0.35	0
BSU_05900	GO:0071793	7	0.35	0
BSU_34560	GO:0071793	7	0.35	0
BSU_07980	GO:0071793	7	0.35	0
BSU_36530	GO:0016020	7	0.35	0
BSU_28690	GO:0016020	7	0.35	0
BSU_28680	GO:0016020	7	0.35	0
BSU_23150	GO:0008643	7	0.35	0
BSU_25190	GO:0008643	7	0.35	0
BSU_03330	GO:0015648	7	0.35	0
BSU_35340	GO:0016788	7	0.35	0
BSU_15050	GO:0016757	7	0.35	0
BSU_15480	GO:0016757	7	0.35	0
BSU_00150	GO:0005975	7	0.35	0
BSU_18240	GO:0016788	7	0.35	0
BSU_37120	GO:0016788	7	0.35	0
BSU_13910	GO:0016788	7	0.35	0
BSU_29980	GO:0016788	7	0.35	0
BSU_03780	GO:0016788	7	0.35	0
BSU_13500	GO:0015648	7	0.35	0
BSU_10650	GO:0016788	7	0.35	0
BSU_16100	GO:0016788	7	0.35	0
BSU_03200	GO:0016788	7	0.35	0
BSU_35720	GO:0016788	7	0.35	0
BSU_35760	GO:0016788	7	0.35	0
BSU_28690	GO:0015648	7	0.35	0
BSU_28680	GO:0015648	7	0.35	0
BSU_35760	GO:0055085	7	0.35	0
BSU_35720	GO:0055085	7	0.35	0
BSU_31610	GO:0055085	7	0.35	0
BSU_31640	GO:0055085	7	0.35	0
BSU_28050	GO:0005576	7	0.35	0
BSU_03180	GO:0005576	7	0.35	0
BSU_28870	GO:0006354	7	0.35	0
BSU_16410	GO:0006354	7	0.35	0
BSU_24030	GO:0006354	7	0.35	0
BSU_27280	GO:0006354	7	0.35	0
BSU_17640	GO:0006354	7	0.35	0
BSU_06520	GO:0006354	7	0.35	0
BSU_06510	GO:0006354	7	0.35	0
BSU_33230	GO:0006354	7	0.35	0
BSU_24340	GO:0050440	7	0.35	0
BSU_28870	GO:0050440	7	0.35	0
BSU_16100	GO:0050440	7	0.35	0
BSU_24030	GO:0050440	7	0.35	0
BSU_17970	GO:0050440	7	0.35	0
BSU_15310	GO:0050440	7	0.35	0
BSU_11450	GO:0050440	7	0.35	0
BSU_06520	GO:0005576	7	0.35	0
BSU_37080	GO:0005576	7	0.35	0
BSU_36640	GO:0005576	7	0.35	0
BSU_06690	GO:0009055	7	0.35	0
BSU_36800	GO:0009055	7	0.35	0
BSU_28550	GO:0009055	7	0.35	0
BSU_34140	GO:0009055	7	0.35	0
BSU_37790	GO:0009055	7	0.35	0
BSU_03780	GO:0009055	7	0.35	0
BSU_04720	GO:0009055	7	0.35	0
BSU_37120	GO:0009055	7	0.35	0
BSU_12420	GO:0009055	7	0.35	0
BSU_00880	GO:0005576	7	0.35	0
BSU_13910	GO:0009055	7	0.35	0
BSU_16100	GO:0009055	7	0.35	0
BSU_29140	GO:0009055	7	0.35	0
BSU_29120	GO:0009055	7	0.35	0
BSU_29140	GO:0005576	7	0.35	0
BSU_24030	GO:0005576	7	0.35	0
BSU_14540	GO:0005576	7	0.35	0
BSU_11370	GO:0050440	7	0.35	0
BSU_11390	GO:0050440	7	0.35	0
BSU_11470	GO:0050440	7	0.35	0
BSU_36530	GO:0055085	7	0.35	0
BSU_35760	GO:0055085	7	0.35	0
BSU_15890	GO:0055085	7	0.35	0
BSU_29140	GO:0055085	7	0.35	0
BSU_28150	GO:0055085	7	0.35	0
BSU_06520	GO:0055085	7	0.35	0
BSU_06510	GO:0055085	7	0.35	0
BSU_31660	GO:0055085	7	0.35	0
BSU_35670	GO:0055085	7	0.35	0
BSU_38290	GO:0055085	7	0.35	0
BSU_15310	GO:0055085	7	0.35	0
BSU_11370	GO:0055085	7	0.35	0
BSU_11470	GO:0055085	7	0.35	0
BSU_11360	GO:0055085	7	0.35	0
BSU_16800	GO:0055085	7	0.35	0
BSU_31600	GO:0055085	7	0.35	0
BSU_35650	GO:0055085	7	0.35	0
BSU_35720	GO:0055085	7	0.35	0
BSU_35650	GO:0055085	7	0.35	0
BSU_11360	GO:0050440	7	0.35	0
BSU_06520	GO:0050440	7	0.35	0
BSU_16800	GO:0050440	7	0.35	0
BSU_03780	GO:0050440	7	0.35	0
BSU_10790	GO:0050440	7	0.35	0
BSU_31600	GO:0050440	7	0.35	0
BSU_35650	GO:0050440	7	0.35	0
BSU_35720	GO:0050440	7	0.35	0
BSU_35760	GO:0050440	7	0.35	0
BSU_37120	GO:0050440	7	0.35	0
BSU_31600	GO:0055085	7	0.35	0
BSU_29140	GO:0050440	7	0.35	0
BSU_11370	GO:0055085	7	0.35	0
BSU_11470	GO:0055085	7	0.35	0
BSU_11360	GO:0055085	7	0.35	0
BSU_06950	GO:0055085	7	0.35	0
BSU_03950	GO:0055085	7	0.35	0
BSU_38410	GO:0055085	7	0.35	0
BSU_15490	GO:0006222	7	0.35	0
BSU_30780	GO:0006222	7	0.35	0
BSU_35650	GO:0046872	7	0.35	0
BSU_40330	GO:0008324	7	0.35	0
BSU_11710	GO:0003700	7	0.35	0
BSU_31750	GO:0003700	7	0.35	0
BSU_23850	GO:0003700	7	0.35	0
BSU_22710	GO:0003700	7	0.35	0
BSU_04640	GO:0003700	7	0.35	0
BSU_36280	GO:0003700	7	0.35	0
BSU_38340	GO:0008324	7	0.35	0
BSU_09460	GO:0008324	7	0.35	0
BSU_17570	GO:0008324	7	0.35	0
BSU_37760	GO:0008324	7	0.35	0
BSU_09280	GO:0008324	7	0.35	0
BSU_03670	GO:0008324	7	0.35	0
BSU_36470	GO:0008324	7	0.35	0
BSU_31580	GO:0008324	7	0.35	0
BSU_06310	GO:0008324	7	0.35	0
BSU_06160	GO:0008324	7	0.35	0
BSU_37940	GO:0008324	7	0.35	0
BSU_17130	GO:0003700	7	0.35	0
BSU_17120	GO:0003700	7	0.35	0
BSU_14390	GO:0003700	7	0.35	0
BSU_12420	GO:0000287	7	0.35	0
BSU_06510	GO:0009252	7	0.35	0
BSU_00930	GO:0009252	7	0.35	0
BSU_11880	GO:0009252	7	0.35	0
BSU_11220	GO:0009252	7	0.35	0
BSU_12080	GO:0000287	7	0.35	0
BSU_29140	GO:0000287	7	0.35	0
BSU_37240	GO:0000287	7	0.35	0
BSU_37080	GO:0000287	7	0.35	0
BSU_00770	GO:0003700	7	0.35	0
BSU_28050	GO:0000287	7	0.35	0
BSU_37310	GO:0000287	7	0.35	0
BSU_37120	GO:0000287	7	0.35	0
BSU_13910	GO:0000287	7	0.35	0
BSU_29980	GO:0000287	7	0.35	0
BSU_28190	GO:0000287	7	0.35	0
BSU_37500	GO:0003700	7	0.35	0
BSU_09130	GO:0008324	7	0.35	0
BSU_15480	GO:0008324	7	0.35	0
BSU_04040	GO:0009252	7	0.35	0
BSU_23560	GO:0008324	7	0.35	0
BSU_00960	GO:0008270	7	0.35	0
BSU_30560	GO:0008270	7	0.35	0
BSU_31750	GO:0008270	7	0.35	0
BSU_28870	GO:0008270	7	0.35	0
BSU_23850	GO:0008270	7	0.35	0
BSU_22710	GO:0008270	7	0.35	0
BSU_19630	GO:0008270	7	0.35	0
BSU_27280	GO:0008270	7	0.35	0
BSU_17640	GO:0008270	7	0.35	0
BSU_04640	GO:0008270	7	0.35	0
BSU_35850	GO:0008270	7	0.35	0
BSU_11140	GO:0008270	7	0.35	0
BSU_04040	GO:0008270	7	0.35	0
BSU_06520	GO:0008270	7	0.35	0
BSU_06510	GO:0008270	7	0.35	0
BSU_00930	GO:0008270	7	0.35	0
BSU_38290	GO:0043041	7	0.35	0
BSU_11710	GO:0008270	7	0.35	0
BSU_17130	GO:0008270	7	0.35	0
BSU_17120	GO:0008270	7	0.35	0
BSU_12310	GO:0005515	7	0.35	0
BSU_04320	GO:0008324	7	0.35	0
BSU_08220	GO:0008324	7	0.35	0
BSU_08210	GO:0008324	7	0.35	0
BSU_33310	GO:0008324	7	0.35	0
BSU_12310	GO:0008324	7	0.35	0
BSU_31100	GO:0008324	7	0.35	0
BSU_06950	GO:0005515	7	0.35	0
BSU_03950	GO:0005515	7	0.35	0
BSU_10790	GO:0005515	7	0.35	0
BSU_03330	GO:0005515	7	0.35	0
BSU_05550	GO:0005515	7	0.35	0
BSU_07980	GO:0005515	7	0.35	0
BSU_32340	GO:0005515	7	0.35	0
BSU_05710	GO:0005515	7	0.35	0
BSU_17970	GO:0005515	7	0.35	0
BSU_13530	GO:0005515	7	0.35	0
BSU_06520	GO:0009252	7	0.35	0
BSU_11140	GO:0009252	7	0.35	0
BSU_25270	GO:0043041	7	0.35	0
BSU_15310	GO:0016746	7	0.35	0
BSU_24100	GO:0016020	7	0.35	0
BSU_36530	GO:0016020	7	0.35	0
BSU_28690	GO:0016020	7	0.35	0
BSU_28680	GO:0016020	7	0.35	0
BSU_23150	GO:0016020	7	0.35	0
BSU_35670	GO:0016020	7	0.35	0
BSU_15310	GO:0016020	7	0.35	0
BSU_13500	GO:0016020	7	0.35	0
BSU_38340	GO:0016020	7	0.35	0
BSU_27280	GO:0016746	7	0.35	0
BSU_17640	GO:0016746	7	0.35	0
BSU_35850	GO:0016746	7	0.35	0
BSU_11140	GO:0016746	7	0.35	0
BSU_06520	GO:0016746	7	0.35	0
BSU_06510	GO:0016746	7	0.35	0
BSU_15890	GO:0016746	7	0.35	0
BSU_17970	GO:0016746	7	0.35	0
BSU_00380	GO:0003677	7	0.35	0
BSU_00410	GO:0003677	7	0.35	0
BSU_27610	GO:0003677	7	0.35	0
BSU_11200	GO:0003677	7	0.35	0
BSU_17050	GO:0006289	7	0.35	0
BSU_29450	GO:0003677	7	0.35	0
BSU_15890	GO:0003677	7	0.35	0
BSU_15060	GO:0003677	7	0.35	0
BSU_24850	GO:0003677	7	0.35	0
BSU_11880	GO:0003677	7	0.35	0
BSU_11220	GO:0003677	7	0.35	0
BSU_11190	GO:0003677	7	0.35	0
BSU_00700	GO:0003677	7	0.35	0
BSU_28150	GO:0003677	7	0.35	0
BSU_06240	GO:0003677	7	0.35	0
BSU_03180	GO:0003677	7	0.35	0
BSU_34560	GO:0003677	7	0.35	0
BSU_06510	GO:0003677	7	0.35	0
BSU_29970	GO:0003677	7	0.35	0
BSU_00930	GO:0003677	7	0.35	0
BSU_37120	GO:0016746	7	0.35	0
BSU_13530	GO:0016746	7	0.35	0
BSU_35850	GO:0009252	7	0.35	0
BSU_11370	GO:0016746	7	0.35	0
BSU_37120	GO:0016020	7	0.35	0
BSU_14540	GO:0004315	7	0.35	0
BSU_00880	GO:0004315	7	0.35	0
BSU_28050	GO:0004315	7	0.35	0
BSU_24030	GO:0004315	7	0.35	0
BSU_16100	GO:0004315	7	0.35	0
BSU_22540	GO:0004315	7	0.35	0
BSU_37790	GO:0004315	7	0.35	0
BSU_08650	GO:0004315	7	0.35	0
BSU_32850	GO:0004315	7	0.35	0
BSU_03200	GO:0004315	7	0.35	0
BSU_31750	GO:0009252	7	0.35	0
BSU_28870	GO:0009252	7	0.35	0
BSU_23850	GO:0009252	7	0.35	0
BSU_22710	GO:0009252	7	0.35	0
BSU_19630	GO:0009252	7	0.35	0
BSU_27280	GO:0009252	7	0.35	0
BSU_35670	GO:0016020	7	0.35	0
BSU_31600	GO:0016020	7	0.35	0
BSU_16800	GO:0016020	7	0.35	0
BSU_14540	GO:0016020	7	0.35	0
BSU_11470	GO:0016746	7	0.35	0
BSU_11360	GO:0016746	7	0.35	0
BSU_03780	GO:0016746	7	0.35	0
BSU_10790	GO:0016746	7	0.35	0
BSU_31600	GO:0016746	7	0.35	0
BSU_03180	GO:0016020	7	0.35	0
BSU_03780	GO:0016020	7	0.35	0
BSU_28050	GO:0016020	7	0.35	0
BSU_11360	GO:0016020	7	0.35	0
BSU_00880	GO:0016020	7	0.35	0
BSU_10650	GO:0016020	7	0.35	0
BSU_24100	GO:0016020	7	0.35	0
BSU_31660	GO:0016020	7	0.35	0
BSU_15310	GO:0016020	7	0.35	0
BSU_11370	GO:0016020	7	0.35	0
BSU_11470	GO:0016020	7	0.35	0
BSU_27560	GO:0043041	7	0.35	0
BSU_15490	GO:0043041	7	0.35	0
BSU_38300	GO:0006222	7	0.35	0
BSU_40920	GO:0016740	7	0.35	0
BSU_06510	GO:0050660	7	0.35	0
BSU_29970	GO:0050660	7	0.35	0
BSU_00930	GO:0050660	7	0.35	0
BSU_00700	GO:0050660	7	0.35	0
BSU_27610	GO:0050660	7	0.35	0
BSU_00410	GO:0050660	7	0.35	0
BSU_00380	GO:0050660	7	0.35	0
BSU_13910	GO:0030488	7	0.35	0
BSU_12420	GO:0030488	7	0.35	0
BSU_29140	GO:0030488	7	0.35	0
BSU_24030	GO:0030488	7	0.35	0
BSU_03780	GO:0030488	7	0.35	0
BSU_14540	GO:0030488	7	0.35	0
BSU_00880	GO:0030488	7	0.35	0
BSU_28050	GO:0030488	7	0.35	0
BSU_29120	GO:0030488	7	0.35	0
BSU_37310	GO:0030488	7	0.35	0
BSU_34560	GO:0050660	7	0.35	0
BSU_03180	GO:0050660	7	0.35	0
BSU_06240	GO:0050660	7	0.35	0
BSU_29450	GO:0050660	7	0.35	0
BSU_06510	GO:1902210	7	0.35	0
BSU_00880	GO:1902210	7	0.35	0
BSU_28050	GO:1902210	7	0.35	0
BSU_00380	GO:1902210	7	0.35	0
BSU_16410	GO:1902210	7	0.35	0
BSU_35340	GO:1902210	7	0.35	0
BSU_00840	GO:1902210	7	0.35	0
BSU_15890	GO:0050660	7	0.35	0
BSU_28150	GO:0050660	7	0.35	0
BSU_15130	GO:0050660	7	0.35	0
BSU_15060	GO:0050660	7	0.35	0
BSU_24850	GO:0050660	7	0.35	0
BSU_11880	GO:0050660	7	0.35	0
BSU_11220	GO:0050660	7	0.35	0
BSU_11200	GO:0050660	7	0.35	0
BSU_11190	GO:0050660	7	0.35	0
BSU_30560	GO:0016740	7	0.35	0
BSU_37090	GO:0016740	7	0.35	0
BSU_03180	GO:1902210	7	0.35	0
BSU_28690	GO:0016740	7	0.35	0
BSU_25270	GO:0000105	7	0.35	0
BSU_25020	GO:0000105	7	0.35	0
BSU_15130	GO:0000105	7	0.35	0
BSU_34560	GO:0000105	7	0.35	0
BSU_29970	GO:0000105	7	0.35	0
BSU_00930	GO:0000105	7	0.35	0
BSU_00700	GO:0000105	7	0.35	0
BSU_00410	GO:0000105	7	0.35	0
BSU_36280	GO:0000917	7	0.35	0
BSU_15130	GO:0000917	7	0.35	0
BSU_15890	GO:0030170	7	0.35	0
BSU_15130	GO:0030170	7	0.35	0
BSU_15060	GO:0030170	7	0.35	0
BSU_24850	GO:0030170	7	0.35	0
BSU_11200	GO:0030170	7	0.35	0
BSU_11190	GO:0030170	7	0.35	0
BSU_28150	GO:0030170	7	0.35	0
BSU_27560	GO:0000105	7	0.35	0
BSU_37090	GO:0000105	7	0.35	0
BSU_03050	GO:0000105	7	0.35	0
BSU_06240	GO:0016740	7	0.35	0
BSU_25020	GO:0016740	7	0.35	0
BSU_25190	GO:0016740	7	0.35	0
BSU_17660	GO:0016740	7	0.35	0
BSU_15720	GO:0016740	7	0.35	0
BSU_15530	GO:0016740	7	0.35	0
BSU_13860	GO:0016740	7	0.35	0
BSU_11600	GO:0016740	7	0.35	0
BSU_05900	GO:0016740	7	0.35	0
BSU_00090	GO:0016740	7	0.35	0
BSU_35850	GO:0016740	7	0.35	0
BSU_11140	GO:0016740	7	0.35	0
BSU_04040	GO:0016740	7	0.35	0
BSU_03950	GO:0016740	7	0.35	0
BSU_34560	GO:0016740	7	0.35	0
BSU_00700	GO:0016740	7	0.35	0
BSU_00410	GO:0016740	7	0.35	0
BSU_03780	GO:1902210	7	0.35	0
BSU_28150	GO:1902210	7	0.35	0
BSU_15890	GO:0043041	7	0.35	0
BSU_06240	GO:0004553	7	0.35	0
BSU_10790	GO:0043041	7	0.35	0
BSU_03780	GO:0043754	7	0.35	0
BSU_14540	GO:0043754	7	0.35	0
BSU_00880	GO:0043754	7	0.35	0
BSU_28050	GO:0043754	7	0.35	0
BSU_37120	GO:0043754	7	0.35	0
BSU_37310	GO:0043754	7	0.35	0
BSU_16410	GO:0043754	7	0.35	0
BSU_12420	GO:0043754	7	0.35	0
BSU_28190	GO:0043754	7	0.35	0
BSU_16100	GO:0043754	7	0.35	0
BSU_29140	GO:0043754	7	0.35	0
BSU_29120	GO:0043754	7	0.35	0
BSU_17050	GO:0043754	7	0.35	0
BSU_00410	GO:0005886	7	0.35	0
BSU_34570	GO:0005886	7	0.35	0
BSU_01935	GO:0005886	7	0.35	0
BSU_06670	GO:0043041	7	0.35	0
BSU_10270	GO:0043041	7	0.35	0
BSU_15060	GO:0043041	7	0.35	0
BSU_28540	GO:0043041	7	0.35	0
BSU_28150	GO:0043041	7	0.35	0
BSU_06520	GO:0043041	7	0.35	0
BSU_00740	GO:0043041	7	0.35	0
BSU_29970	GO:0043041	7	0.35	0
BSU_39420	GO:0043041	7	0.35	0
BSU_37370	GO:0043041	7	0.35	0
BSU_30780	GO:0043041	7	0.35	0
BSU_34570	GO:0043041	7	0.35	0
BSU_29450	GO:0043041	7	0.35	0
BSU_24850	GO:0043041	7	0.35	0
BSU_06510	GO:0043041	7	0.35	0
BSU_14860	GO:0043041	7	0.35	0
BSU_31750	GO:0043041	7	0.35	0
BSU_24340	GO:0043041	7	0.35	0
BSU_18240	GO:0043041	7	0.35	0
BSU_16100	GO:0043041	7	0.35	0
BSU_11570	GO:0005886	7	0.35	0
BSU_39420	GO:0004553	7	0.35	0
BSU_29140	GO:1902210	7	0.35	0
BSU_39670	GO:0004553	7	0.35	0
BSU_24340	GO:0016787	7	0.35	0
BSU_28870	GO:0016787	7	0.35	0
BSU_29140	GO:0016787	7	0.35	0
BSU_03780	GO:0006417	7	0.35	0
BSU_14540	GO:0006417	7	0.35	0
BSU_00880	GO:0006417	7	0.35	0
BSU_28050	GO:0006417	7	0.35	0
BSU_29120	GO:0006417	7	0.35	0
BSU_37310	GO:0006417	7	0.35	0
BSU_16410	GO:0006417	7	0.35	0
BSU_12420	GO:0006417	7	0.35	0
BSU_24030	GO:0006417	7	0.35	0
BSU_28190	GO:0006417	7	0.35	0
BSU_37080	GO:0006417	7	0.35	0
BSU_11220	GO:1902210	7	0.35	0
BSU_11200	GO:1902210	7	0.35	0
BSU_11190	GO:1902210	7	0.35	0
BSU_16100	GO:0016787	7	0.35	0
BSU_13910	GO:0016787	7	0.35	0
BSU_08650	GO:0016787	7	0.35	0
BSU_05710	GO:0004553	7	0.35	0
BSU_11570	GO:0004553	7	0.35	0
BSU_30780	GO:0004553	7	0.35	0
BSU_28540	GO:0004553	7	0.35	0
BSU_39360	GO:0004553	7	0.35	0
BSU_22710	GO:0004553	7	0.35	0
BSU_14390	GO:0004553	7	0.35	0
BSU_07980	GO:0004553	7	0.35	0
BSU_34560	GO:0004553	7	0.35	0
BSU_06690	GO:0016787	7	0.35	0
BSU_34140	GO:0016787	7	0.35	0
BSU_22540	GO:0016787	7	0.35	0
BSU_37790	GO:0016787	7	0.35	0
BSU_03780	GO:0016787	7	0.35	0
BSU_04720	GO:0016787	7	0.35	0
BSU_35670	GO:0016787	7	0.35	0
BSU_37120	GO:0016787	7	0.35	0
BSU_28050	GO:0006289	7	0.35	0
BSU_00880	GO:0006289	7	0.35	0
BSU_14540	GO:0006289	7	0.35	0
BSU_13910	GO:0019346	7	0.35	0
BSU_06240	GO:0005506	7	0.35	0
BSU_03950	GO:0005506	7	0.35	0
BSU_00700	GO:0005506	7	0.35	0
BSU_00410	GO:0005506	7	0.35	0
BSU_00090	GO:0005506	7	0.35	0
BSU_32610	GO:0005506	7	0.35	0
BSU_16420	GO:0005506	7	0.35	0
BSU_36640	GO:0005506	7	0.35	0
BSU_36530	GO:0005506	7	0.35	0
BSU_37090	GO:0005506	7	0.35	0
BSU_15720	GO:0005506	7	0.35	0
BSU_35850	GO:0005506	7	0.35	0
BSU_11140	GO:0005506	7	0.35	0
BSU_04040	GO:0005506	7	0.35	0
BSU_06520	GO:0005506	7	0.35	0
BSU_28050	GO:0005506	7	0.35	0
BSU_37310	GO:0019346	7	0.35	0
BSU_14370	GO:0030435	7	0.35	0
BSU_27650	GO:0030435	7	0.35	0
BSU_38410	GO:0030435	7	0.35	0
BSU_24100	GO:0030435	7	0.35	0
BSU_11450	GO:0042802	7	0.35	0
BSU_11390	GO:0042802	7	0.35	0
BSU_11470	GO:0042802	7	0.35	0
BSU_11360	GO:0042802	7	0.35	0
BSU_16800	GO:0042802	7	0.35	0
BSU_31600	GO:0042802	7	0.35	0
BSU_11400	GO:0042802	7	0.35	0
BSU_34140	GO:0030435	7	0.35	0
BSU_16380	GO:0030435	7	0.35	0
BSU_31640	GO:0030435	7	0.35	0
BSU_31660	GO:0030435	7	0.35	0
BSU_31610	GO:0030435	7	0.35	0
BSU_35720	GO:0030435	7	0.35	0
BSU_35760	GO:0030435	7	0.35	0
BSU_22540	GO:0030435	7	0.35	0
BSU_35670	GO:0030435	7	0.35	0
BSU_28550	GO:0019346	7	0.35	0
BSU_12420	GO:0019346	7	0.35	0
BSU_28190	GO:0042802	7	0.35	0
BSU_29140	GO:0019346	7	0.35	0
BSU_16800	GO:0005778	7	0.35	0
BSU_17050	GO:0005778	7	0.35	0
BSU_24030	GO:0005778	7	0.35	0
BSU_28190	GO:0005778	7	0.35	0
BSU_28550	GO:0005778	7	0.35	0
BSU_34140	GO:0005778	7	0.35	0
BSU_37790	GO:0005778	7	0.35	0
BSU_04720	GO:0005778	7	0.35	0
BSU_13910	GO:0005778	7	0.35	0
BSU_29120	GO:0005778	7	0.35	0
BSU_13860	GO:0005829	7	0.35	0
BSU_25020	GO:0005829	7	0.35	0
BSU_27560	GO:0005829	7	0.35	0
BSU_39420	GO:0005829	7	0.35	0
BSU_39670	GO:0005829	7	0.35	0
BSU_11570	GO:0005829	7	0.35	0
BSU_30780	GO:0005829	7	0.35	0
BSU_37080	GO:0005778	7	0.35	0
BSU_17050	GO:0004747	7	0.35	0
BSU_04720	GO:0004747	7	0.35	0
BSU_11370	GO:0004747	7	0.35	0
BSU_24030	GO:0019346	7	0.35	0
BSU_14540	GO:0019346	7	0.35	0
BSU_00880	GO:0019346	7	0.35	0
BSU_29120	GO:0019346	7	0.35	0
BSU_24340	GO:0004747	7	0.35	0
BSU_18240	GO:0004747	7	0.35	0
BSU_16410	GO:0004747	7	0.35	0
BSU_11470	GO:0004747	7	0.35	0
BSU_00880	GO:0004747	7	0.35	0
BSU_11360	GO:0004747	7	0.35	0
BSU_10650	GO:0004747	7	0.35	0
BSU_06690	GO:0004747	7	0.35	0
BSU_37080	GO:0004747	7	0.35	0
BSU_16800	GO:0004747	7	0.35	0
BSU_06670	GO:0004747	7	0.35	0
BSU_10790	GO:0004747	7	0.35	0
BSU_29120	GO:0042802	7	0.35	0
BSU_37790	GO:0042802	7	0.35	0
BSU_03780	GO:0006289	7	0.35	0
BSU_11360	GO:0042802	7	0.35	0
BSU_14540	GO:0002131	7	0.35	0
BSU_00880	GO:0002131	7	0.35	0
BSU_29120	GO:0002131	7	0.35	0
BSU_37080	GO:0002131	7	0.35	0
BSU_33310	GO:0042802	7	0.35	0
BSU_34140	GO:0042802	7	0.35	0
BSU_31640	GO:0042802	7	0.35	0
BSU_31660	GO:0042802	7	0.35	0
BSU_31610	GO:0042802	7	0.35	0
BSU_35720	GO:0042802	7	0.35	0
BSU_35760	GO:0042802	7	0.35	0
BSU_22540	GO:0042802	7	0.35	0
BSU_35670	GO:0042802	7	0.35	0
BSU_15310	GO:0042802	7	0.35	0
BSU_11450	GO:0042802	7	0.35	0
BSU_11370	GO:0042802	7	0.35	0
BSU_11390	GO:0042802	7	0.35	0
BSU_24030	GO:0002131	7	0.35	0
BSU_29140	GO:0002131	7	0.35	0
BSU_12420	GO:0002131	7	0.35	0
BSU_00740	GO:0006222	7	0.35	0
BSU_30820	GO:0006222	7	0.35	0
BSU_38290	GO:0006222	7	0.35	0
BSU_17660	GO:0006222	7	0.35	0
BSU_05900	GO:0006222	7	0.35	0
BSU_35850	GO:0006222	7	0.35	0
BSU_11140	GO:0006222	7	0.35	0
BSU_04040	GO:0006222	7	0.35	0
BSU_31100	GO:0006222	7	0.35	0
BSU_13910	GO:0002131	7	0.35	0
BSU_25190	GO:0006222	7	0.35	0
BSU_23150	GO:0006222	7	0.35	0
BSU_15310	GO:0006222	7	0.35	0
BSU_06240	GO:0006222	7	0.35	0
BSU_28190	GO:0002131	7	0.35	0
BSU_37310	GO:0002131	7	0.35	0
BSU_28550	GO:0002131	7	0.35	0
BSU_11470	GO:0042802	7	0.35	0
BSU_16800	GO:0042802	7	0.35	0
BSU_12080	GO:0042802	7	0.35	0
BSU_38410	GO:0042802	7	0.35	0
BSU_22710	GO:0030366	7	0.35	0
BSU_04640	GO:0030366	7	0.35	0
BSU_37500	GO:0030366	7	0.35	0
BSU_00770	GO:0030366	7	0.35	0
BSU_30820	GO:0030366	7	0.35	0
BSU_31750	GO:0030366	7	0.35	0
BSU_27560	GO:0030366	7	0.35	0
BSU_25270	GO:0030366	7	0.35	0
BSU_00740	GO:0030366	7	0.35	0
BSU_29970	GO:0030366	7	0.35	0
BSU_37310	GO:0042802	7	0.35	0
BSU_12420	GO:0042802	7	0.35	0
BSU_24030	GO:0042802	7	0.35	0
BSU_29140	GO:0042802	7	0.35	0
BSU_35720	GO:0042802	7	0.35	0
BSU_35760	GO:0042802	7	0.35	0
BSU_16410	GO:0042802	7	0.35	0
BSU_23850	GO:0030366	7	0.35	0
BSU_11710	GO:0030366	7	0.35	0
BSU_17130	GO:0030366	7	0.35	0
BSU_37120	GO:0008081	7	0.35	0
BSU_31600	GO:0042802	7	0.35	0
BSU_27650	GO:0042802	7	0.35	0
BSU_16410	GO:0042802	7	0.35	0
BSU_38290	GO:0008081	7	0.35	0
BSU_22540	GO:0008081	7	0.35	0
BSU_24340	GO:0008081	7	0.35	0
BSU_18240	GO:0008081	7	0.35	0
BSU_10380	GO:0008081	7	0.35	0
BSU_17120	GO:0030366	7	0.35	0
BSU_29980	GO:0008081	7	0.35	0
BSU_13910	GO:0008081	7	0.35	0
BSU_28050	GO:0008081	7	0.35	0
BSU_29960	GO:0030366	7	0.35	0
BSU_22670	GO:0030366	7	0.35	0
BSU_14390	GO:0030366	7	0.35	0
BSU_06140	GO:0030366	7	0.35	0
BSU_28540	GO:0005829	7	0.35	0
BSU_08220	GO:0003677	7	0.35	0
BSU_08210	GO:0003677	7	0.35	0
BSU_03050	GO:0005886	7	0.35	0
BSU_14370	GO:0042906	7	0.35	0
BSU_28690	GO:0015878	7	0.35	0
BSU_28680	GO:0015878	7	0.35	0
BSU_25190	GO:0015878	7	0.35	0
BSU_23150	GO:0015878	7	0.35	0
BSU_22540	GO:0015878	7	0.35	0
BSU_35670	GO:0015878	7	0.35	0
BSU_15310	GO:0015878	7	0.35	0
BSU_13500	GO:0015878	7	0.35	0
BSU_06950	GO:0015878	7	0.35	0
BSU_12310	GO:0015878	7	0.35	0
BSU_03950	GO:0015878	7	0.35	0
BSU_03330	GO:0015878	7	0.35	0
BSU_14370	GO:0015878	7	0.35	0
BSU_11570	GO:0005886	7	0.35	0
BSU_13130	GO:0005886	7	0.35	0
BSU_37370	GO:0005886	7	0.35	0
BSU_03330	GO:0042906	7	0.35	0
BSU_03950	GO:0042906	7	0.35	0
BSU_12310	GO:0042906	7	0.35	0
BSU_00090	GO:0005737	7	0.35	0
BSU_23150	GO:0005737	7	0.35	0
BSU_22540	GO:0005737	7	0.35	0
BSU_20060	GO:0005737	7	0.35	0
BSU_10850	GO:0005737	7	0.35	0
BSU_08650	GO:0005737	7	0.35	0
BSU_03210	GO:0005737	7	0.35	0
BSU_32850	GO:0005737	7	0.35	0
BSU_15490	GO:0005737	7	0.35	0
BSU_06950	GO:0042906	7	0.35	0
BSU_15530	GO:0005737	7	0.35	0
BSU_25190	GO:0042906	7	0.35	0
BSU_23150	GO:0042906	7	0.35	0
BSU_22540	GO:0042906	7	0.35	0
BSU_35670	GO:0042906	7	0.35	0
BSU_15310	GO:0042906	7	0.35	0
BSU_13500	GO:0042906	7	0.35	0
BSU_21690	GO:0005886	7	0.35	0
BSU_30860	GO:0005886	7	0.35	0
BSU_38300	GO:0003677	7	0.35	0
BSU_32110	GO:0005886	7	0.35	0
BSU_39230	GO:0005524	7	0.35	0
BSU_10380	GO:0005524	7	0.35	0
BSU_38290	GO:0003924	7	0.35	0
BSU_22540	GO:0003924	7	0.35	0
BSU_24340	GO:0003924	7	0.35	0
BSU_18240	GO:0003924	7	0.35	0
BSU_37120	GO:0003924	7	0.35	0
BSU_13910	GO:0003924	7	0.35	0
BSU_10380	GO:0003924	7	0.35	0
BSU_29980	GO:0003924	7	0.35	0
BSU_13910	GO:0006289	7	0.35	0
BSU_11880	GO:0006289	7	0.35	0
BSU_11200	GO:0006289	7	0.35	0
BSU_29140	GO:0006289	7	0.35	0
BSU_24030	GO:0006289	7	0.35	0
BSU_28150	GO:0006289	7	0.35	0
BSU_03180	GO:0006289	7	0.35	0
BSU_33230	GO:0005524	7	0.35	0
BSU_28050	GO:0005524	7	0.35	0
BSU_13910	GO:0005524	7	0.35	0
BSU_03210	GO:0005886	7	0.35	0
BSU_25020	GO:0005886	7	0.35	0
BSU_23850	GO:0005886	7	0.35	0
BSU_20060	GO:0005886	7	0.35	0
BSU_15530	GO:0005886	7	0.35	0
BSU_11190	GO:0005886	7	0.35	0
BSU_10850	GO:0005886	7	0.35	0
BSU_06240	GO:0005886	7	0.35	0
BSU_00090	GO:0005886	7	0.35	0
BSU_24030	GO:0005524	7	0.35	0
BSU_05550	GO:0005886	7	0.35	0
BSU_29140	GO:0005524	7	0.35	0
BSU_28150	GO:0005524	7	0.35	0
BSU_03180	GO:0005524	7	0.35	0
BSU_03780	GO:0005524	7	0.35	0
BSU_06510	GO:0005524	7	0.35	0
BSU_29980	GO:0005524	7	0.35	0
BSU_23850	GO:0005737	7	0.35	0
BSU_28680	GO:0005737	7	0.35	0
BSU_28690	GO:0005737	7	0.35	0
BSU_32110	GO:0005737	7	0.35	0
BSU_34560	GO:0009435	7	0.35	0
BSU_06510	GO:0009435	7	0.35	0
BSU_29970	GO:0009435	7	0.35	0
BSU_00930	GO:0009435	7	0.35	0
BSU_00700	GO:0009435	7	0.35	0
BSU_27610	GO:0009435	7	0.35	0
BSU_00410	GO:0009435	7	0.35	0
BSU_00380	GO:0009435	7	0.35	0
BSU_06510	GO:0000976	7	0.35	0
BSU_29970	GO:0000976	7	0.35	0
BSU_00930	GO:0000976	7	0.35	0
BSU_00700	GO:0000976	7	0.35	0
BSU_27610	GO:0000976	7	0.35	0
BSU_00410	GO:0000976	7	0.35	0
BSU_00380	GO:0000976	7	0.35	0
BSU_06140	GO:0000976	7	0.35	0
BSU_24100	GO:0000976	7	0.35	0
BSU_06240	GO:0009435	7	0.35	0
BSU_28150	GO:0009435	7	0.35	0
BSU_11190	GO:0009435	7	0.35	0
BSU_31520	GO:0003677	7	0.35	0
BSU_40920	GO:0003677	7	0.35	0
BSU_27560	GO:0003677	7	0.35	0
BSU_25270	GO:0003677	7	0.35	0
BSU_11600	GO:0003677	7	0.35	0
BSU_06950	GO:0003677	7	0.35	0
BSU_05900	GO:0003677	7	0.35	0
BSU_00700	GO:0003677	7	0.35	0
BSU_32610	GO:0003677	7	0.35	0
BSU_11200	GO:0009435	7	0.35	0
BSU_29450	GO:0009435	7	0.35	0
BSU_15890	GO:0009435	7	0.35	0
BSU_15130	GO:0009435	7	0.35	0
BSU_15060	GO:0009435	7	0.35	0
BSU_24850	GO:0009435	7	0.35	0
BSU_11880	GO:0009435	7	0.35	0
BSU_11220	GO:0009435	7	0.35	0
BSU_36280	GO:0000976	7	0.35	0
BSU_22540	GO:0003924	7	0.35	0
BSU_37790	GO:0003924	7	0.35	0
BSU_13530	GO:0071555	7	0.35	0
BSU_35850	GO:0071555	7	0.35	0
BSU_11140	GO:0071555	7	0.35	0
BSU_04040	GO:0071555	7	0.35	0
BSU_06520	GO:0071555	7	0.35	0
BSU_05550	GO:0071555	7	0.35	0
BSU_05710	GO:0071555	7	0.35	0
BSU_17970	GO:0071555	7	0.35	0
BSU_10790	GO:0071555	7	0.35	0
BSU_17660	GO:0071555	7	0.35	0
BSU_35850	GO:0005737	7	0.35	0
BSU_11140	GO:0005737	7	0.35	0
BSU_04040	GO:0005737	7	0.35	0
BSU_03950	GO:0005737	7	0.35	0
BSU_25190	GO:0005737	7	0.35	0
BSU_33470	GO:0005737	7	0.35	0
BSU_30860	GO:0005737	7	0.35	0
BSU_15720	GO:0071555	7	0.35	0
BSU_37090	GO:0071555	7	0.35	0
BSU_03780	GO:0003924	7	0.35	0
BSU_28870	GO:0003924	7	0.35	0
BSU_35670	GO:0003924	7	0.35	0
BSU_37120	GO:0003924	7	0.35	0
BSU_06690	GO:0003924	7	0.35	0
BSU_08650	GO:0003924	7	0.35	0
BSU_13910	GO:0003924	7	0.35	0
BSU_16100	GO:0003924	7	0.35	0
BSU_24340	GO:0003924	7	0.35	0
BSU_29140	GO:0003924	7	0.35	0
BSU_03330	GO:0006779	7	0.35	0
BSU_04720	GO:0003924	7	0.35	0
BSU_28690	GO:0006779	7	0.35	0
BSU_28680	GO:0006779	7	0.35	0
BSU_25190	GO:0006779	7	0.35	0
BSU_13500	GO:0006779	7	0.35	0
BSU_06950	GO:0006779	7	0.35	0
BSU_03950	GO:0006779	7	0.35	0
BSU_38280	GO:0046872	7	0.35	0
BSU_23560	GO:0046872	7	0.35	0
BSU_03180	GO:0030170	7	0.35	0
BSU_16410	GO:0005886	7	0.35	0
BSU_11140	GO:0005737	7	0.35	0
BSU_04040	GO:0005737	7	0.35	0
BSU_03950	GO:0005737	7	0.35	0
BSU_00090	GO:0005737	7	0.35	0
BSU_39670	GO:0005737	7	0.35	0
BSU_22130	GO:0005737	7	0.35	0
BSU_00180	GO:0005737	7	0.35	0
BSU_40350	GO:0005886	7	0.35	0
BSU_14860	GO:0005886	7	0.35	0
BSU_24340	GO:0005886	7	0.35	0
BSU_18240	GO:0005886	7	0.35	0
BSU_10650	GO:0005886	7	0.35	0
BSU_06690	GO:0005886	7	0.35	0
BSU_37080	GO:0005886	7	0.35	0
BSU_06670	GO:0005886	7	0.35	0
BSU_10790	GO:0005886	7	0.35	0
BSU_00880	GO:0005886	7	0.35	0
BSU_35850	GO:0005737	7	0.35	0
BSU_05900	GO:0005737	7	0.35	0
BSU_11600	GO:0005737	7	0.35	0
BSU_29140	GO:0140663	7	0.35	0
BSU_28550	GO:0140663	7	0.35	0
BSU_34140	GO:0140663	7	0.35	0
BSU_37790	GO:0140663	7	0.35	0
BSU_04720	GO:0140663	7	0.35	0
BSU_06690	GO:0140663	7	0.35	0
BSU_12420	GO:0140663	7	0.35	0
BSU_13910	GO:0140663	7	0.35	0
BSU_29120	GO:0140663	7	0.35	0
BSU_13860	GO:0005737	7	0.35	0
BSU_04320	GO:0005737	7	0.35	0
BSU_38300	GO:0005737	7	0.35	0
BSU_30820	GO:0005737	7	0.35	0
BSU_28690	GO:0005737	7	0.35	0
BSU_25190	GO:0005737	7	0.35	0
BSU_17660	GO:0005737	7	0.35	0
BSU_15720	GO:0005737	7	0.35	0
BSU_17050	GO:0005886	7	0.35	0
BSU_35340	GO:0005886	7	0.35	0
BSU_11360	GO:0140663	7	0.35	0
BSU_37790	GO:0005886	7	0.35	0
BSU_35720	GO:0005737	7	0.35	0
BSU_35760	GO:0005737	7	0.35	0
BSU_16410	GO:0005737	7	0.35	0
BSU_37790	GO:0005737	7	0.35	0
BSU_33230	GO:0005737	7	0.35	0
BSU_35340	GO:0005737	7	0.35	0
BSU_39230	GO:0005737	7	0.35	0
BSU_17970	GO:0005737	7	0.35	0
BSU_37120	GO:0005737	7	0.35	0
BSU_15310	GO:0005737	7	0.35	0
BSU_11370	GO:0005737	7	0.35	0
BSU_11390	GO:0005737	7	0.35	0
BSU_11470	GO:0005737	7	0.35	0
BSU_11360	GO:0005737	7	0.35	0
BSU_16800	GO:0005737	7	0.35	0
BSU_10790	GO:0005737	7	0.35	0
BSU_31600	GO:0005737	7	0.35	0
BSU_29980	GO:0005737	7	0.35	0
BSU_19690	GO:0005886	7	0.35	0
BSU_37370	GO:0005886	7	0.35	0
BSU_32110	GO:0005886	7	0.35	0
BSU_03780	GO:0005886	7	0.35	0
BSU_33230	GO:0005886	7	0.35	0
BSU_04720	GO:0005886	7	0.35	0
BSU_13130	GO:0005886	7	0.35	0
BSU_21690	GO:0005886	7	0.35	0
BSU_03050	GO:0005886	7	0.35	0
BSU_30860	GO:0005886	7	0.35	0
BSU_25020	GO:0005886	7	0.35	0
BSU_00090	GO:0005886	7	0.35	0
BSU_23850	GO:0005886	7	0.35	0
BSU_20060	GO:0005886	7	0.35	0
BSU_15530	GO:0005886	7	0.35	0
BSU_11190	GO:0005886	7	0.35	0
BSU_10850	GO:0005886	7	0.35	0
BSU_06240	GO:0005886	7	0.35	0
BSU_03210	GO:0005886	7	0.35	0
BSU_11400	GO:0140663	7	0.35	0
BSU_11470	GO:0140663	7	0.35	0
BSU_31750	GO:0005978	7	0.35	0
BSU_10380	GO:0008889	7	0.35	0
BSU_16410	GO:0005737	7	0.35	0
BSU_27280	GO:0005737	7	0.35	0
BSU_06520	GO:0005737	7	0.35	0
BSU_37790	GO:0005737	7	0.35	0
BSU_37310	GO:0003962	7	0.35	0
BSU_28550	GO:0003962	7	0.35	0
BSU_13910	GO:0003962	7	0.35	0
BSU_12420	GO:0003962	7	0.35	0
BSU_29140	GO:0003962	7	0.35	0
BSU_24030	GO:0003962	7	0.35	0
BSU_14540	GO:0003962	7	0.35	0
BSU_00880	GO:0003962	7	0.35	0
BSU_29120	GO:0003962	7	0.35	0
BSU_38290	GO:0008889	7	0.35	0
BSU_22540	GO:0008889	7	0.35	0
BSU_24340	GO:0008889	7	0.35	0
BSU_18240	GO:0008889	7	0.35	0
BSU_17050	GO:0005737	7	0.35	0
BSU_04720	GO:0005737	7	0.35	0
BSU_10790	GO:0005737	7	0.35	0
BSU_18240	GO:0005737	7	0.35	0
BSU_06240	GO:0031222	7	0.35	0
BSU_38560	GO:0031222	7	0.35	0
BSU_30300	GO:0031222	7	0.35	0
BSU_34570	GO:0031222	7	0.35	0
BSU_40350	GO:0005737	7	0.35	0
BSU_24100	GO:0005737	7	0.35	0
BSU_24340	GO:0005737	7	0.35	0
BSU_11370	GO:0005737	7	0.35	0
BSU_06670	GO:0005737	7	0.35	0
BSU_11470	GO:0005737	7	0.35	0
BSU_11360	GO:0005737	7	0.35	0
BSU_10650	GO:0005737	7	0.35	0
BSU_10270	GO:0005737	7	0.35	0
BSU_06690	GO:0005737	7	0.35	0
BSU_37080	GO:0005737	7	0.35	0
BSU_16800	GO:0005737	7	0.35	0
BSU_37120	GO:0008889	7	0.35	0
BSU_29980	GO:0008889	7	0.35	0
BSU_11390	GO:0140663	7	0.35	0
BSU_13910	GO:0008889	7	0.35	0
BSU_14540	GO:0005886	7	0.35	0
BSU_33230	GO:0005886	7	0.35	0
BSU_37080	GO:0005886	7	0.35	0
BSU_17220	GO:0005886	7	0.35	0
BSU_37790	GO:0005886	7	0.35	0
BSU_28050	GO:0005886	7	0.35	0
BSU_29980	GO:0005886	7	0.35	0
BSU_00880	GO:0005886	7	0.35	0
BSU_17970	GO:0005886	7	0.35	0
BSU_37120	GO:0005886	7	0.35	0
BSU_03780	GO:0005886	7	0.35	0
BSU_10790	GO:0005886	7	0.35	0
BSU_04720	GO:0005886	7	0.35	0
BSU_39230	GO:0005886	7	0.35	0
BSU_28190	GO:0140663	7	0.35	0
BSU_37310	GO:0140663	7	0.35	0
BSU_11450	GO:0140663	7	0.35	0
BSU_17050	GO:0005886	7	0.35	0
BSU_24030	GO:0005886	7	0.35	0
BSU_35340	GO:0005886	7	0.35	0
BSU_11200	GO:0016740	7	0.35	0
BSU_28050	GO:0008889	7	0.35	0
BSU_29450	GO:0016740	7	0.35	0
BSU_15130	GO:0016740	7	0.35	0
BSU_15060	GO:0016740	7	0.35	0
BSU_24850	GO:0016740	7	0.35	0
BSU_11880	GO:0016740	7	0.35	0
BSU_11220	GO:0016740	7	0.35	0
BSU_11190	GO:0016740	7	0.35	0
BSU_16410	GO:0005886	7	0.35	0
BSU_06240	GO:0016740	7	0.35	0
BSU_34560	GO:0016740	7	0.35	0
BSU_00930	GO:0016740	7	0.35	0
BSU_00700	GO:0016740	7	0.35	0
BSU_27610	GO:0016740	7	0.35	0
BSU_00410	GO:0016740	7	0.35	0
BSU_00380	GO:0016740	7	0.35	0
BSU_30560	GO:0005978	7	0.35	0
BSU_23850	GO:0005978	7	0.35	0
BSU_33230	GO:0005886	7	0.35	0
BSU_15890	GO:0004312	7	0.35	0
BSU_06690	GO:0006526	7	0.35	0
BSU_12420	GO:0006526	7	0.35	0
BSU_13910	GO:0006526	7	0.35	0
BSU_29140	GO:0006526	7	0.35	0
BSU_29120	GO:0006526	7	0.35	0
BSU_11220	GO:0004312	7	0.35	0
BSU_11190	GO:0004312	7	0.35	0
BSU_29140	GO:0004312	7	0.35	0
BSU_28150	GO:0004312	7	0.35	0
BSU_06240	GO:0004312	7	0.35	0
BSU_03180	GO:0004312	7	0.35	0
BSU_03780	GO:0004312	7	0.35	0
BSU_06510	GO:0004312	7	0.35	0
BSU_27610	GO:0004312	7	0.35	0
BSU_28050	GO:0004312	7	0.35	0
BSU_00380	GO:0004312	7	0.35	0
BSU_24340	GO:0004312	7	0.35	0
BSU_04720	GO:0006526	7	0.35	0
BSU_03780	GO:0006526	7	0.35	0
BSU_37790	GO:0006526	7	0.35	0
BSU_37310	GO:0051775	7	0.35	0
BSU_12310	GO:0006813	7	0.35	0
BSU_03950	GO:0006813	7	0.35	0
BSU_03330	GO:0006813	7	0.35	0
BSU_14370	GO:0006813	7	0.35	0
BSU_28050	GO:0051775	7	0.35	0
BSU_00380	GO:0051775	7	0.35	0
BSU_00880	GO:0051775	7	0.35	0
BSU_40350	GO:0051775	7	0.35	0
BSU_34140	GO:0006526	7	0.35	0
BSU_24100	GO:0051775	7	0.35	0
BSU_33230	GO:0051775	7	0.35	0
BSU_10270	GO:0051775	7	0.35	0
BSU_14540	GO:0006526	7	0.35	0
BSU_00880	GO:0006526	7	0.35	0
BSU_28050	GO:0006526	7	0.35	0
BSU_28550	GO:0006526	7	0.35	0
BSU_18240	GO:0004312	7	0.35	0
BSU_08650	GO:0004312	7	0.35	0
BSU_10380	GO:0006813	7	0.35	0
BSU_11200	GO:0004312	7	0.35	0
BSU_28690	GO:0016829	7	0.35	0
BSU_25020	GO:0016829	7	0.35	0
BSU_25190	GO:0016829	7	0.35	0
BSU_17660	GO:0016829	7	0.35	0
BSU_15720	GO:0016829	7	0.35	0
BSU_13860	GO:0016829	7	0.35	0
BSU_11600	GO:0016829	7	0.35	0
BSU_06240	GO:0016829	7	0.35	0
BSU_05900	GO:0016829	7	0.35	0
BSU_35850	GO:0016829	7	0.35	0
BSU_11140	GO:0016829	7	0.35	0
BSU_04040	GO:0016829	7	0.35	0
BSU_03950	GO:0016829	7	0.35	0
BSU_34560	GO:0016829	7	0.35	0
BSU_00700	GO:0016829	7	0.35	0
BSU_00410	GO:0016829	7	0.35	0
BSU_00090	GO:0016829	7	0.35	0
BSU_37090	GO:0016829	7	0.35	0
BSU_40920	GO:0016829	7	0.35	0
BSU_30820	GO:0016829	7	0.35	0
BSU_37500	GO:0004425	7	0.35	0
BSU_32830	GO:0004312	7	0.35	0
BSU_04040	GO:0004425	7	0.35	0
BSU_34560	GO:0004425	7	0.35	0
BSU_00700	GO:0004425	7	0.35	0
BSU_00410	GO:0004425	7	0.35	0
BSU_00090	GO:0004425	7	0.35	0
BSU_39420	GO:0004425	7	0.35	0
BSU_37370	GO:0004425	7	0.35	0
BSU_38300	GO:0016829	7	0.35	0
BSU_19690	GO:0004425	7	0.35	0
BSU_30780	GO:0004425	7	0.35	0
BSU_28540	GO:0004425	7	0.35	0
BSU_22670	GO:0004425	7	0.35	0
BSU_00740	GO:0004425	7	0.35	0
BSU_00150	GO:0071555	7	0.35	0
BSU_00150	GO:0060187	7	0.35	0
BSU_06950	GO:0006813	7	0.35	0
BSU_22540	GO:0006813	7	0.35	0
BSU_22710	GO:0005978	7	0.35	0
BSU_28150	GO:0003677	7	0.35	0
BSU_37240	GO:0044780	7	0.35	0
BSU_27650	GO:0044780	7	0.35	0
BSU_12080	GO:0044780	7	0.35	0
BSU_11450	GO:0044780	7	0.35	0
BSU_33630	GO:0044780	7	0.35	0
BSU_11400	GO:0044780	7	0.35	0
BSU_36800	GO:0044780	7	0.35	0
BSU_34860	GO:0016887	7	0.35	0
BSU_14390	GO:0016887	7	0.35	0
BSU_11710	GO:0016887	7	0.35	0
BSU_00150	GO:0016887	7	0.35	0
BSU_38300	GO:0016887	7	0.35	0
BSU_17220	GO:0003677	7	0.35	0
BSU_13910	GO:0003677	7	0.35	0
BSU_11880	GO:0003677	7	0.35	0
BSU_11200	GO:0003677	7	0.35	0
BSU_29140	GO:0003677	7	0.35	0
BSU_29120	GO:0044780	7	0.35	0
BSU_15390	GO:0044780	7	0.35	0
BSU_28190	GO:0044780	7	0.35	0
BSU_38560	GO:0005978	7	0.35	0
BSU_17640	GO:0005978	7	0.35	0
BSU_04640	GO:0005978	7	0.35	0
BSU_35850	GO:0005978	7	0.35	0
BSU_11140	GO:0005978	7	0.35	0
BSU_04040	GO:0005978	7	0.35	0
BSU_06510	GO:0005978	7	0.35	0
BSU_00930	GO:0005978	7	0.35	0
BSU_28810	GO:0005978	7	0.35	0
BSU_12420	GO:0044780	7	0.35	0
BSU_30300	GO:0005978	7	0.35	0
BSU_39330	GO:0005978	7	0.35	0
BSU_22670	GO:0005978	7	0.35	0
BSU_19630	GO:0005978	7	0.35	0
BSU_34570	GO:0005978	7	0.35	0
BSU_27610	GO:0005978	7	0.35	0
BSU_00700	GO:0005978	7	0.35	0
BSU_24030	GO:0003677	7	0.35	0
BSU_03180	GO:0003677	7	0.35	0
BSU_25190	GO:0006813	7	0.35	0
BSU_03780	GO:0003677	7	0.35	0
BSU_13530	GO:0006826	7	0.35	0
BSU_11600	GO:0006826	7	0.35	0
BSU_11370	GO:0006826	7	0.35	0
BSU_10650	GO:0006826	7	0.35	0
BSU_10270	GO:0006826	7	0.35	0
BSU_06950	GO:0006826	7	0.35	0
BSU_06690	GO:0006826	7	0.35	0
BSU_06670	GO:0006826	7	0.35	0
BSU_10790	GO:0006826	7	0.35	0
BSU_00700	GO:0006826	7	0.35	0
BSU_00380	GO:0006826	7	0.35	0
BSU_08220	GO:0006813	7	0.35	0
BSU_08210	GO:0006813	7	0.35	0
BSU_35650	GO:0006813	7	0.35	0
BSU_38280	GO:0006813	7	0.35	0
BSU_33310	GO:0006813	7	0.35	0
BSU_33470	GO:0006813	7	0.35	0
BSU_24850	GO:0006826	7	0.35	0
BSU_15060	GO:0006826	7	0.35	0
BSU_29450	GO:0006826	7	0.35	0
BSU_17050	GO:0003677	7	0.35	0
BSU_28050	GO:0003677	7	0.35	0
BSU_17050	GO:0003677	7	0.35	0
BSU_37240	GO:0003677	7	0.35	0
BSU_12080	GO:0003677	7	0.35	0
BSU_28190	GO:0003677	7	0.35	0
BSU_36800	GO:0003677	7	0.35	0
BSU_37080	GO:0003677	7	0.35	0
BSU_15390	GO:0003677	7	0.35	0
BSU_16410	GO:0006826	7	0.35	0
BSU_12420	GO:0003677	7	0.35	0
BSU_29120	GO:0003677	7	0.35	0
BSU_04720	GO:0003677	7	0.35	0
BSU_40920	GO:0006826	7	0.35	0
BSU_24340	GO:0006826	7	0.35	0
BSU_18240	GO:0006826	7	0.35	0
BSU_20060	GO:0006826	7	0.35	0
BSU_25020	GO:0031222	7	0.35	0
BSU_11570	GO:0031222	7	0.35	0
BSU_00090	GO:0031222	7	0.35	0
BSU_15720	GO:0009229	7	0.35	0
BSU_16100	GO:0033554	7	0.35	0
BSU_29140	GO:0033554	7	0.35	0
BSU_06140	GO:0006259	7	0.35	0
BSU_18420	GO:0006259	7	0.35	0
BSU_24100	GO:0006259	7	0.35	0
BSU_36280	GO:0006259	7	0.35	0
BSU_15130	GO:0006259	7	0.35	0
BSU_20060	GO:0006259	7	0.35	0
BSU_39230	GO:0006259	7	0.35	0
BSU_00410	GO:0006259	7	0.35	0
BSU_30560	GO:0009229	7	0.35	0
BSU_30820	GO:0009229	7	0.35	0
BSU_40920	GO:0009229	7	0.35	0
BSU_37090	GO:0009229	7	0.35	0
BSU_28690	GO:0009229	7	0.35	0
BSU_25020	GO:0009229	7	0.35	0
BSU_25190	GO:0009229	7	0.35	0
BSU_13910	GO:0033554	7	0.35	0
BSU_12420	GO:0033554	7	0.35	0
BSU_06690	GO:0033554	7	0.35	0
BSU_28050	GO:0003723	7	0.35	0
BSU_29140	GO:0003723	7	0.35	0
BSU_28150	GO:0003723	7	0.35	0
BSU_06240	GO:0003723	7	0.35	0
BSU_03180	GO:0003723	7	0.35	0
BSU_03780	GO:0003723	7	0.35	0
BSU_06510	GO:0003723	7	0.35	0
BSU_27610	GO:0003723	7	0.35	0
BSU_00380	GO:0003723	7	0.35	0
BSU_37120	GO:0033554	7	0.35	0
BSU_20060	GO:0003723	7	0.35	0
BSU_10650	GO:0003723	7	0.35	0
BSU_39230	GO:0003723	7	0.35	0
BSU_34140	GO:0033554	7	0.35	0
BSU_37790	GO:0033554	7	0.35	0
BSU_03780	GO:0033554	7	0.35	0
BSU_04720	GO:0033554	7	0.35	0
BSU_17660	GO:0009229	7	0.35	0
BSU_15530	GO:0009229	7	0.35	0
BSU_11200	GO:0003723	7	0.35	0
BSU_13860	GO:0009229	7	0.35	0
BSU_11220	GO:0005829	7	0.35	0
BSU_11200	GO:0005829	7	0.35	0
BSU_11190	GO:0005829	7	0.35	0
BSU_28150	GO:0005829	7	0.35	0
BSU_06240	GO:0005829	7	0.35	0
BSU_03180	GO:0005829	7	0.35	0
BSU_34560	GO:0005829	7	0.35	0
BSU_29970	GO:0005829	7	0.35	0
BSU_00700	GO:0005829	7	0.35	0
BSU_27610	GO:0005829	7	0.35	0
BSU_00410	GO:0005829	7	0.35	0
BSU_00380	GO:0005829	7	0.35	0
BSU_13130	GO:0005829	7	0.35	0
BSU_35670	GO:0046872	7	0.35	0
BSU_06140	GO:0046872	7	0.35	0
BSU_00960	GO:0046872	7	0.35	0
BSU_28870	GO:0046872	7	0.35	0
BSU_11880	GO:0005829	7	0.35	0
BSU_28050	GO:0005829	7	0.35	0
BSU_00880	GO:0005829	7	0.35	0
BSU_00700	GO:0009229	7	0.35	0
BSU_11600	GO:0009229	7	0.35	0
BSU_06240	GO:0009229	7	0.35	0
BSU_35850	GO:0009229	7	0.35	0
BSU_11140	GO:0009229	7	0.35	0
BSU_04040	GO:0009229	7	0.35	0
BSU_03950	GO:0009229	7	0.35	0
BSU_34560	GO:0009229	7	0.35	0
BSU_00410	GO:0009229	7	0.35	0
BSU_14540	GO:0005829	7	0.35	0
BSU_00090	GO:0009229	7	0.35	0
BSU_36640	GO:0005829	7	0.35	0
BSU_17220	GO:0005829	7	0.35	0
BSU_13910	GO:0005829	7	0.35	0
BSU_29140	GO:0005829	7	0.35	0
BSU_03180	GO:0005829	7	0.35	0
BSU_03780	GO:0005829	7	0.35	0
BSU_11190	GO:0003723	7	0.35	0
BSU_11220	GO:0003723	7	0.35	0
BSU_00410	GO:0031222	7	0.35	0
BSU_16410	GO:0005737	7	0.35	0
BSU_35720	GO:0045121	7	0.35	0
BSU_35760	GO:0045121	7	0.35	0
BSU_36800	GO:0045121	7	0.35	0
BSU_16380	GO:0045121	7	0.35	0
BSU_12080	GO:0045121	7	0.35	0
BSU_11370	GO:0045121	7	0.35	0
BSU_11390	GO:0045121	7	0.35	0
BSU_11360	GO:0045121	7	0.35	0
BSU_38410	GO:0045121	7	0.35	0
BSU_37240	GO:0045121	7	0.35	0
BSU_31600	GO:0045121	7	0.35	0
BSU_11400	GO:0045121	7	0.35	0
BSU_11450	GO:0045121	7	0.35	0
BSU_11470	GO:0045121	7	0.35	0
BSU_27650	GO:0045121	7	0.35	0
BSU_16800	GO:0045121	7	0.35	0
BSU_24340	GO:0005737	7	0.35	0
BSU_31610	GO:0045121	7	0.35	0
BSU_31660	GO:0045121	7	0.35	0
BSU_31640	GO:0045121	7	0.35	0
BSU_36280	GO:0006950	7	0.35	0
BSU_25190	GO:0015113	7	0.35	0
BSU_23150	GO:0015113	7	0.35	0
BSU_13500	GO:0015113	7	0.35	0
BSU_06950	GO:0015113	7	0.35	0
BSU_12310	GO:0015113	7	0.35	0
BSU_03950	GO:0015113	7	0.35	0
BSU_06140	GO:0006950	7	0.35	0
BSU_18420	GO:0006950	7	0.35	0
BSU_34140	GO:0045121	7	0.35	0
BSU_15130	GO:0006950	7	0.35	0
BSU_28810	GO:0071555	7	0.35	0
BSU_39330	GO:0071555	7	0.35	0
BSU_25020	GO:0071555	7	0.35	0
BSU_06240	GO:0071555	7	0.35	0
BSU_15050	GO:0071555	7	0.35	0
BSU_13860	GO:0071555	7	0.35	0
BSU_18240	GO:0005737	7	0.35	0
BSU_13530	GO:0005737	7	0.35	0
BSU_11880	GO:0003723	7	0.35	0
BSU_11370	GO:0005737	7	0.35	0
BSU_27650	GO:0006364	7	0.35	0
BSU_34860	GO:0009307	7	0.35	0
BSU_14390	GO:0009307	7	0.35	0
BSU_06140	GO:0009307	7	0.35	0
BSU_11710	GO:0009307	7	0.35	0
BSU_00150	GO:0009307	7	0.35	0
BSU_15050	GO:0009307	7	0.35	0
BSU_31520	GO:0009307	7	0.35	0
BSU_08220	GO:0009307	7	0.35	0
BSU_08210	GO:0009307	7	0.35	0
BSU_36280	GO:0009307	7	0.35	0
BSU_38300	GO:0009307	7	0.35	0
BSU_27560	GO:0009307	7	0.35	0
BSU_25270	GO:0009307	7	0.35	0
BSU_05900	GO:0009307	7	0.35	0
BSU_15060	GO:0003723	7	0.35	0
BSU_24850	GO:0003723	7	0.35	0
BSU_04720	GO:0006364	7	0.35	0
BSU_28050	GO:0006364	7	0.35	0
BSU_00880	GO:0006364	7	0.35	0
BSU_16800	GO:0005737	7	0.35	0
BSU_11470	GO:0005737	7	0.35	0
BSU_11360	GO:0005737	7	0.35	0
BSU_10650	GO:0005737	7	0.35	0
BSU_10270	GO:0005737	7	0.35	0
BSU_06690	GO:0005737	7	0.35	0
BSU_06670	GO:0005737	7	0.35	0
BSU_10790	GO:0005737	7	0.35	0
BSU_40350	GO:0005737	7	0.35	0
BSU_14540	GO:0006364	7	0.35	0
BSU_24100	GO:0005737	7	0.35	0
BSU_33230	GO:0005737	7	0.35	0
BSU_13910	GO:0006364	7	0.35	0
BSU_29140	GO:0006364	7	0.35	0
BSU_24030	GO:0006364	7	0.35	0
BSU_03180	GO:0006364	7	0.35	0
BSU_03780	GO:0006364	7	0.35	0
BSU_19630	GO:0046872	7	0.35	0
BSU_27280	GO:0046872	7	0.35	0
BSU_17640	GO:0046872	7	0.35	0
BSU_22540	GO:0050660	7	0.35	0
BSU_00930	GO:0016853	7	0.35	0
BSU_39670	GO:0016853	7	0.35	0
BSU_37120	GO:0016853	7	0.35	0
BSU_24850	GO:0016853	7	0.35	0
BSU_13860	GO:0050660	7	0.35	0
BSU_11600	GO:0050660	7	0.35	0
BSU_06240	GO:0050660	7	0.35	0
BSU_05900	GO:0050660	7	0.35	0
BSU_35850	GO:0050660	7	0.35	0
BSU_11140	GO:0050660	7	0.35	0
BSU_04040	GO:0050660	7	0.35	0
BSU_03950	GO:0050660	7	0.35	0
BSU_34560	GO:0050660	7	0.35	0
BSU_00700	GO:0050660	7	0.35	0
BSU_00410	GO:0050660	7	0.35	0
BSU_00090	GO:0050660	7	0.35	0
BSU_35060	GO:0050660	7	0.35	0
BSU_06510	GO:0016853	7	0.35	0
BSU_06520	GO:0016853	7	0.35	0
BSU_04040	GO:0016853	7	0.35	0
BSU_00930	GO:0016798	7	0.35	0
BSU_03050	GO:0016798	7	0.35	0
BSU_37090	GO:0016798	7	0.35	0
BSU_27560	GO:0016798	7	0.35	0
BSU_25270	GO:0016798	7	0.35	0
BSU_25020	GO:0016798	7	0.35	0
BSU_15130	GO:0016798	7	0.35	0
BSU_29970	GO:0016798	7	0.35	0
BSU_00700	GO:0016798	7	0.35	0
BSU_11140	GO:0016853	7	0.35	0
BSU_00410	GO:0016798	7	0.35	0
BSU_00960	GO:0016853	7	0.35	0
BSU_30560	GO:0016853	7	0.35	0
BSU_28870	GO:0016853	7	0.35	0
BSU_19630	GO:0016853	7	0.35	0
BSU_27280	GO:0016853	7	0.35	0
BSU_35850	GO:0016853	7	0.35	0
BSU_25190	GO:0050660	7	0.35	0
BSU_10380	GO:0050660	7	0.35	0
BSU_06520	GO:0046872	7	0.35	0
BSU_13130	GO:0050660	7	0.35	0
BSU_39330	GO:0008237	7	0.35	0
BSU_25020	GO:0008237	7	0.35	0
BSU_03050	GO:0005524	7	0.35	0
BSU_37090	GO:0005524	7	0.35	0
BSU_25020	GO:0005524	7	0.35	0
BSU_15130	GO:0005524	7	0.35	0
BSU_34560	GO:0005524	7	0.35	0
BSU_29970	GO:0005524	7	0.35	0
BSU_00930	GO:0005524	7	0.35	0
BSU_00410	GO:0005524	7	0.35	0
BSU_05900	GO:0031222	7	0.35	0
BSU_35850	GO:0031222	7	0.35	0
BSU_11140	GO:0031222	7	0.35	0
BSU_04040	GO:0031222	7	0.35	0
BSU_03950	GO:0031222	7	0.35	0
BSU_34560	GO:0031222	7	0.35	0
BSU_00700	GO:0031222	7	0.35	0
BSU_28810	GO:0008237	7	0.35	0
BSU_11570	GO:0008237	7	0.35	0
BSU_01935	GO:0008237	7	0.35	0
BSU_32340	GO:0034219	7	0.35	0
BSU_23850	GO:0050660	7	0.35	0
BSU_08650	GO:0050660	7	0.35	0
BSU_03330	GO:0050660	7	0.35	0
BSU_37370	GO:0050660	7	0.35	0
BSU_28690	GO:0050660	7	0.35	0
BSU_05550	GO:0034219	7	0.35	0
BSU_07980	GO:0034219	7	0.35	0
BSU_05710	GO:0034219	7	0.35	0
BSU_00090	GO:0008237	7	0.35	0
BSU_17660	GO:0008237	7	0.35	0
BSU_11600	GO:0008237	7	0.35	0
BSU_05900	GO:0008237	7	0.35	0
BSU_04040	GO:0008237	7	0.35	0
BSU_34560	GO:0008237	7	0.35	0
BSU_00700	GO:0008237	7	0.35	0
BSU_00410	GO:0008237	7	0.35	0
BSU_28150	GO:0016874	7	0.35	0
BSU_38290	GO:0016874	7	0.35	0
BSU_00090	GO:0016874	7	0.35	0
BSU_00410	GO:0016874	7	0.35	0
BSU_38300	GO:0008616	7	0.35	0
BSU_30820	GO:0008616	7	0.35	0
BSU_37090	GO:0008616	7	0.35	0
BSU_28690	GO:0008616	7	0.35	0
BSU_25020	GO:0008616	7	0.35	0
BSU_17660	GO:0008616	7	0.35	0
BSU_13860	GO:0008616	7	0.35	0
BSU_11600	GO:0008616	7	0.35	0
BSU_05900	GO:0008616	7	0.35	0
BSU_04040	GO:0008616	7	0.35	0
BSU_34560	GO:0008616	7	0.35	0
BSU_00700	GO:0008616	7	0.35	0
BSU_00410	GO:0008616	7	0.35	0
BSU_00090	GO:0008616	7	0.35	0
BSU_16410	GO:0009097	7	0.35	0
BSU_12420	GO:0009097	7	0.35	0
BSU_24030	GO:0009097	7	0.35	0
BSU_29450	GO:0004784	7	0.35	0
BSU_27560	GO:0004784	7	0.35	0
BSU_23850	GO:0004784	7	0.35	0
BSU_32110	GO:0004784	7	0.35	0
BSU_06510	GO:0046872	7	0.35	0
BSU_00930	GO:0046872	7	0.35	0
BSU_32830	GO:0004784	7	0.35	0
BSU_10270	GO:0004784	7	0.35	0
BSU_06950	GO:0004784	7	0.35	0
BSU_12310	GO:0004784	7	0.35	0
BSU_40920	GO:0004784	7	0.35	0
BSU_31750	GO:0004784	7	0.35	0
BSU_22710	GO:0004784	7	0.35	0
BSU_06240	GO:0004784	7	0.35	0
BSU_00380	GO:0004784	7	0.35	0
BSU_00090	GO:0004784	7	0.35	0
BSU_11190	GO:0004784	7	0.35	0
BSU_11200	GO:0004784	7	0.35	0
BSU_13860	GO:0004784	7	0.35	0
BSU_19630	GO:0004784	7	0.35	0
BSU_35720	GO:0009097	7	0.35	0
BSU_35760	GO:0009097	7	0.35	0
BSU_12080	GO:0009097	7	0.35	0
BSU_10380	GO:0016874	7	0.35	0
BSU_22540	GO:0016874	7	0.35	0
BSU_17660	GO:0016874	7	0.35	0
BSU_37120	GO:0016874	7	0.35	0
BSU_15720	GO:0016874	7	0.35	0
BSU_15530	GO:0016874	7	0.35	0
BSU_13860	GO:0016874	7	0.35	0
BSU_11600	GO:0016874	7	0.35	0
BSU_06240	GO:0016874	7	0.35	0
BSU_25020	GO:0016874	7	0.35	0
BSU_05900	GO:0016874	7	0.35	0
BSU_35850	GO:0016874	7	0.35	0
BSU_11140	GO:0016874	7	0.35	0
BSU_04040	GO:0016874	7	0.35	0
BSU_03950	GO:0016874	7	0.35	0
BSU_34560	GO:0016874	7	0.35	0
BSU_00700	GO:0016874	7	0.35	0
BSU_25190	GO:0016874	7	0.35	0
BSU_05900	GO:0005737	7	0.35	0
BSU_29140	GO:0009097	7	0.35	0
BSU_08210	GO:0005737	7	0.35	0
BSU_37240	GO:0009097	7	0.35	0
BSU_37310	GO:0009097	7	0.35	0
BSU_13910	GO:0009097	7	0.35	0
BSU_29980	GO:0009097	7	0.35	0
BSU_28190	GO:0009097	7	0.35	0
BSU_15050	GO:0005737	7	0.35	0
BSU_08220	GO:0005737	7	0.35	0
BSU_36280	GO:0005737	7	0.35	0
BSU_06950	GO:0005737	7	0.35	0
BSU_20060	GO:0005737	7	0.35	0
BSU_14390	GO:0005737	7	0.35	0
BSU_11710	GO:0005737	7	0.35	0
BSU_31520	GO:0005737	7	0.35	0
BSU_38300	GO:0005737	7	0.35	0
BSU_13530	GO:0005737	7	0.35	0
BSU_11600	GO:0005737	7	0.35	0
BSU_00740	GO:0016829	7	0.35	0
BSU_06670	GO:0005886	7	0.35	0
BSU_28150	GO:0046872	7	0.35	0
BSU_00150	GO:0015937	7	0.35	0
BSU_16360	GO:0004527	7	0.35	0
BSU_16380	GO:0004527	7	0.35	0
BSU_11400	GO:0004527	7	0.35	0
BSU_33630	GO:0004527	7	0.35	0
BSU_12080	GO:0004527	7	0.35	0
BSU_28190	GO:0004527	7	0.35	0
BSU_15390	GO:0004527	7	0.35	0
BSU_14910	GO:0004527	7	0.35	0
BSU_12420	GO:0004527	7	0.35	0
BSU_29120	GO:0004527	7	0.35	0
BSU_29980	GO:0005504	7	0.35	0
BSU_37310	GO:0005504	7	0.35	0
BSU_16410	GO:0005504	7	0.35	0
BSU_12420	GO:0005504	7	0.35	0
BSU_24030	GO:0005504	7	0.35	0
BSU_28190	GO:0005504	7	0.35	0
BSU_37790	GO:0005504	7	0.35	0
BSU_16370	GO:0004527	7	0.35	0
BSU_36800	GO:0004527	7	0.35	0
BSU_10790	GO:0005515	7	0.35	0
BSU_00840	GO:0005515	7	0.35	0
BSU_01935	GO:0005886	7	0.35	0
BSU_11570	GO:0005886	7	0.35	0
BSU_06950	GO:0005515	7	0.35	0
BSU_12310	GO:0005515	7	0.35	0
BSU_03950	GO:0005515	7	0.35	0
BSU_38410	GO:0005515	7	0.35	0
BSU_14370	GO:0005515	7	0.35	0
BSU_37120	GO:0005515	7	0.35	0
BSU_17640	GO:0005515	7	0.35	0
BSU_13530	GO:0005515	7	0.35	0
BSU_11370	GO:0005515	7	0.35	0
BSU_11470	GO:0005515	7	0.35	0
BSU_11360	GO:0005515	7	0.35	0
BSU_31600	GO:0005515	7	0.35	0
BSU_17970	GO:0005515	7	0.35	0
BSU_18240	GO:0005515	7	0.35	0
BSU_29120	GO:0005504	7	0.35	0
BSU_03050	GO:0015937	7	0.35	0
BSU_00410	GO:0005886	7	0.35	0
BSU_27560	GO:0015937	7	0.35	0
BSU_15130	GO:0004529	7	0.35	0
BSU_13540	GO:0004529	7	0.35	0
BSU_20060	GO:0004529	7	0.35	0
BSU_39230	GO:0004529	7	0.35	0
BSU_00410	GO:0004529	7	0.35	0
BSU_13910	GO:0006072	7	0.35	0
BSU_11880	GO:0006072	7	0.35	0
BSU_11200	GO:0006072	7	0.35	0
BSU_29140	GO:0006072	7	0.35	0
BSU_24030	GO:0006072	7	0.35	0
BSU_28150	GO:0006072	7	0.35	0
BSU_03180	GO:0006072	7	0.35	0
BSU_03780	GO:0006072	7	0.35	0
BSU_06510	GO:0006072	7	0.35	0
BSU_00880	GO:0006072	7	0.35	0
BSU_28050	GO:0006072	7	0.35	0
BSU_00380	GO:0006072	7	0.35	0
BSU_36280	GO:0004529	7	0.35	0
BSU_24100	GO:0004529	7	0.35	0
BSU_18420	GO:0004529	7	0.35	0
BSU_35670	GO:0016301	7	0.35	0
BSU_25270	GO:0015937	7	0.35	0
BSU_25020	GO:0015937	7	0.35	0
BSU_34560	GO:0015937	7	0.35	0
BSU_29970	GO:0015937	7	0.35	0
BSU_25190	GO:0016301	7	0.35	0
BSU_23150	GO:0016301	7	0.35	0
BSU_22540	GO:0016301	7	0.35	0
BSU_15310	GO:0016301	7	0.35	0
BSU_06140	GO:0004529	7	0.35	0
BSU_13500	GO:0016301	7	0.35	0
BSU_12310	GO:0016301	7	0.35	0
BSU_03950	GO:0016301	7	0.35	0
BSU_03330	GO:0016301	7	0.35	0
BSU_14370	GO:0016301	7	0.35	0
BSU_34570	GO:0016301	7	0.35	0
BSU_00380	GO:0016301	7	0.35	0
BSU_34570	GO:0005886	7	0.35	0
BSU_10790	GO:0032259	7	0.35	0
BSU_15890	GO:0051082	7	0.35	0
BSU_31520	GO:0030153	7	0.35	0
BSU_18240	GO:0015625	7	0.35	0
BSU_20060	GO:0015625	7	0.35	0
BSU_16410	GO:0015625	7	0.35	0
BSU_29450	GO:0015625	7	0.35	0
BSU_15060	GO:0015625	7	0.35	0
BSU_24850	GO:0015625	7	0.35	0
BSU_13530	GO:0015625	7	0.35	0
BSU_11600	GO:0015625	7	0.35	0
BSU_11370	GO:0015625	7	0.35	0
BSU_10650	GO:0015625	7	0.35	0
BSU_10270	GO:0015625	7	0.35	0
BSU_06950	GO:0015625	7	0.35	0
BSU_06690	GO:0015625	7	0.35	0
BSU_06670	GO:0015625	7	0.35	0
BSU_10790	GO:0015625	7	0.35	0
BSU_00700	GO:0015625	7	0.35	0
BSU_00380	GO:0015625	7	0.35	0
BSU_24340	GO:0015625	7	0.35	0
BSU_13500	GO:0015293	7	0.35	0
BSU_08210	GO:0015293	7	0.35	0
BSU_05470	GO:0015293	7	0.35	0
BSU_28050	GO:0006355	7	0.35	0
BSU_03180	GO:0006355	7	0.35	0
BSU_10380	GO:0015293	7	0.35	0
BSU_06950	GO:0015293	7	0.35	0
BSU_03950	GO:0015293	7	0.35	0
BSU_03330	GO:0015293	7	0.35	0
BSU_06320	GO:0015293	7	0.35	0
BSU_09460	GO:0015293	7	0.35	0
BSU_08220	GO:0015293	7	0.35	0
BSU_37760	GO:0015293	7	0.35	0
BSU_09280	GO:0015293	7	0.35	0
BSU_03670	GO:0015293	7	0.35	0
BSU_06310	GO:0015293	7	0.35	0
BSU_37940	GO:0015293	7	0.35	0
BSU_40330	GO:0015293	7	0.35	0
BSU_15480	GO:0015293	7	0.35	0
BSU_33310	GO:0015625	7	0.35	0
BSU_08220	GO:0030153	7	0.35	0
BSU_15060	GO:0032259	7	0.35	0
BSU_08210	GO:0030153	7	0.35	0
BSU_15310	GO:0006814	7	0.35	0
BSU_13500	GO:0006814	7	0.35	0
BSU_06950	GO:0006814	7	0.35	0
BSU_03950	GO:0006814	7	0.35	0
BSU_03330	GO:0006814	7	0.35	0
BSU_14370	GO:0006814	7	0.35	0
BSU_11220	GO:0032259	7	0.35	0
BSU_11200	GO:0032259	7	0.35	0
BSU_11190	GO:0032259	7	0.35	0
BSU_29140	GO:0032259	7	0.35	0
BSU_28150	GO:0032259	7	0.35	0
BSU_03180	GO:0032259	7	0.35	0
BSU_03780	GO:0032259	7	0.35	0
BSU_06510	GO:0032259	7	0.35	0
BSU_00880	GO:0032259	7	0.35	0
BSU_28050	GO:0032259	7	0.35	0
BSU_00380	GO:0032259	7	0.35	0
BSU_35670	GO:0006814	7	0.35	0
BSU_22540	GO:0006814	7	0.35	0
BSU_23150	GO:0006814	7	0.35	0
BSU_29450	GO:0030153	7	0.35	0
BSU_36280	GO:0030153	7	0.35	0
BSU_38300	GO:0030153	7	0.35	0
BSU_30560	GO:0030153	7	0.35	0
BSU_40920	GO:0030153	7	0.35	0
BSU_27560	GO:0030153	7	0.35	0
BSU_25270	GO:0030153	7	0.35	0
BSU_20060	GO:0030153	7	0.35	0
BSU_15060	GO:0030153	7	0.35	0
BSU_25190	GO:0006814	7	0.35	0
BSU_24850	GO:0030153	7	0.35	0
BSU_13530	GO:0030153	7	0.35	0
BSU_11600	GO:0030153	7	0.35	0
BSU_06950	GO:0030153	7	0.35	0
BSU_05900	GO:0030153	7	0.35	0
BSU_00700	GO:0030153	7	0.35	0
BSU_00380	GO:0030153	7	0.35	0
BSU_29450	GO:0051082	7	0.35	0
BSU_15130	GO:0051082	7	0.35	0
BSU_36640	GO:0005886	7	0.35	0
BSU_37370	GO:0140824	7	0.35	0
BSU_34140	GO:0046872	7	0.35	0
BSU_32830	GO:0046872	7	0.35	0
BSU_10270	GO:0046872	7	0.35	0
BSU_03780	GO:0046872	7	0.35	0
BSU_04720	GO:0046872	7	0.35	0
BSU_35670	GO:0046872	7	0.35	0
BSU_06690	GO:0046872	7	0.35	0
BSU_06520	GO:0046872	7	0.35	0
BSU_11200	GO:0046872	7	0.35	0
BSU_28870	GO:0046872	7	0.35	0
BSU_37790	GO:0046872	7	0.35	0
BSU_08650	GO:0046872	7	0.35	0
BSU_32850	GO:0046872	7	0.35	0
BSU_03200	GO:0046872	7	0.35	0
BSU_16100	GO:0046872	7	0.35	0
BSU_29140	GO:0046872	7	0.35	0
BSU_24030	GO:0046872	7	0.35	0
BSU_23560	GO:0046872	7	0.35	0
BSU_29970	GO:0017000	7	0.35	0
BSU_34560	GO:0017000	7	0.35	0
BSU_32110	GO:0016705	7	0.35	0
BSU_03950	GO:0016705	7	0.35	0
BSU_34560	GO:0016705	7	0.35	0
BSU_00700	GO:0016705	7	0.35	0
BSU_00410	GO:0016705	7	0.35	0
BSU_00090	GO:0016705	7	0.35	0
BSU_37730	GO:0016705	7	0.35	0
BSU_25190	GO:0016705	7	0.35	0
BSU_06140	GO:0043200	7	0.35	0
BSU_25020	GO:0017000	7	0.35	0
BSU_18420	GO:0043200	7	0.35	0
BSU_36280	GO:0043200	7	0.35	0
BSU_15130	GO:0043200	7	0.35	0
BSU_00150	GO:0017000	7	0.35	0
BSU_03050	GO:0017000	7	0.35	0
BSU_27560	GO:0017000	7	0.35	0
BSU_25270	GO:0017000	7	0.35	0
BSU_13130	GO:0140824	7	0.35	0
BSU_21690	GO:0140824	7	0.35	0
BSU_11140	GO:0016705	7	0.35	0
BSU_03050	GO:0140824	7	0.35	0
BSU_09540	GO:0055085	7	0.35	0
BSU_12840	GO:0055085	7	0.35	0
BSU_35650	GO:0055085	7	0.35	0
BSU_38280	GO:0055085	7	0.35	0
BSU_33470	GO:0055085	7	0.35	0
BSU_31100	GO:0055085	7	0.35	0
BSU_25190	GO:0055085	7	0.35	0
BSU_22540	GO:0055085	7	0.35	0
BSU_10380	GO:0055085	7	0.35	0
BSU_06950	GO:0055085	7	0.35	0
BSU_03950	GO:0055085	7	0.35	0
BSU_03330	GO:0055085	7	0.35	0
BSU_36530	GO:0055085	7	0.35	0
BSU_06140	GO:0055085	7	0.35	0
BSU_24100	GO:0055085	7	0.35	0
BSU_40920	GO:0055085	7	0.35	0
BSU_03200	GO:0046872	7	0.35	0
BSU_15580	GO:0055085	7	0.35	0
BSU_11570	GO:0055085	7	0.35	0
BSU_23150	GO:0140824	7	0.35	0
BSU_20060	GO:0140824	7	0.35	0
BSU_33470	GO:0140824	7	0.35	0
BSU_30860	GO:0140824	7	0.35	0
BSU_28690	GO:0140824	7	0.35	0
BSU_28680	GO:0140824	7	0.35	0
BSU_25020	GO:0140824	7	0.35	0
BSU_23850	GO:0140824	7	0.35	0
BSU_22540	GO:0140824	7	0.35	0
BSU_15530	GO:0140824	7	0.35	0
BSU_32110	GO:0140824	7	0.35	0
BSU_11190	GO:0140824	7	0.35	0
BSU_10850	GO:0140824	7	0.35	0
BSU_08650	GO:0140824	7	0.35	0
BSU_06240	GO:0140824	7	0.35	0
BSU_03210	GO:0140824	7	0.35	0
BSU_32850	GO:0140824	7	0.35	0
BSU_00090	GO:0140824	7	0.35	0
BSU_04040	GO:0016705	7	0.35	0
BSU_35850	GO:0016705	7	0.35	0
BSU_15060	GO:0051082	7	0.35	0
BSU_05470	GO:0005524	7	0.35	0
BSU_15530	GO:0005737	7	0.35	0
BSU_10380	GO:0005737	7	0.35	0
BSU_35850	GO:0005737	7	0.35	0
BSU_11140	GO:0005737	7	0.35	0
BSU_03950	GO:0005737	7	0.35	0
BSU_03780	GO:0006950	7	0.35	0
BSU_28050	GO:0006950	7	0.35	0
BSU_16800	GO:0006950	7	0.35	0
BSU_14540	GO:0006950	7	0.35	0
BSU_00880	GO:0006950	7	0.35	0
BSU_04720	GO:0006950	7	0.35	0
BSU_37310	GO:0006950	7	0.35	0
BSU_28550	GO:0006950	7	0.35	0
BSU_40350	GO:0006950	7	0.35	0
BSU_33230	GO:0006950	7	0.35	0
BSU_12420	GO:0006950	7	0.35	0
BSU_38340	GO:0005524	7	0.35	0
BSU_15720	GO:0005737	7	0.35	0
BSU_37120	GO:0005737	7	0.35	0
BSU_18240	GO:0005737	7	0.35	0
BSU_00930	GO:0051082	7	0.35	0
BSU_24850	GO:0051082	7	0.35	0
BSU_11220	GO:0051082	7	0.35	0
BSU_11190	GO:0051082	7	0.35	0
BSU_06240	GO:0051082	7	0.35	0
BSU_34560	GO:0051082	7	0.35	0
BSU_06510	GO:0051082	7	0.35	0
BSU_29970	GO:0051082	7	0.35	0
BSU_00700	GO:0051082	7	0.35	0
BSU_24340	GO:0005737	7	0.35	0
BSU_27610	GO:0051082	7	0.35	0
BSU_00410	GO:0051082	7	0.35	0
BSU_00380	GO:0051082	7	0.35	0
BSU_33470	GO:0051082	7	0.35	0
BSU_06520	GO:0005737	7	0.35	0
BSU_25190	GO:0005737	7	0.35	0
BSU_22540	GO:0005737	7	0.35	0
BSU_06320	GO:0005524	7	0.35	0
BSU_09460	GO:0005524	7	0.35	0
BSU_05900	GO:0016705	7	0.35	0
BSU_37760	GO:0005524	7	0.35	0
BSU_15530	GO:0016151	7	0.35	0
BSU_10380	GO:0016151	7	0.35	0
BSU_06240	GO:0016151	7	0.35	0
BSU_35850	GO:0016151	7	0.35	0
BSU_11140	GO:0016151	7	0.35	0
BSU_03950	GO:0016151	7	0.35	0
BSU_03330	GO:0006826	7	0.35	0
BSU_40920	GO:0016705	7	0.35	0
BSU_37090	GO:0016705	7	0.35	0
BSU_28690	GO:0016705	7	0.35	0
BSU_25020	GO:0016705	7	0.35	0
BSU_17660	GO:0016705	7	0.35	0
BSU_15720	GO:0016705	7	0.35	0
BSU_15530	GO:0016705	7	0.35	0
BSU_13860	GO:0016705	7	0.35	0
BSU_11600	GO:0016705	7	0.35	0
BSU_06240	GO:0016705	7	0.35	0
BSU_15720	GO:0016151	7	0.35	0
BSU_37120	GO:0016151	7	0.35	0
BSU_18240	GO:0016151	7	0.35	0
BSU_15480	GO:0005524	7	0.35	0
BSU_09280	GO:0005524	7	0.35	0
BSU_03670	GO:0005524	7	0.35	0
BSU_36470	GO:0005524	7	0.35	0
BSU_06310	GO:0005524	7	0.35	0
BSU_37940	GO:0005524	7	0.35	0
BSU_09130	GO:0005524	7	0.35	0
BSU_40330	GO:0005524	7	0.35	0
BSU_04320	GO:0005524	7	0.35	0
BSU_24340	GO:0016151	7	0.35	0
BSU_13500	GO:0005524	7	0.35	0
BSU_17570	GO:0005524	7	0.35	0
BSU_31580	GO:0005524	7	0.35	0
BSU_06160	GO:0005524	7	0.35	0
BSU_38290	GO:0016151	7	0.35	0
BSU_25190	GO:0016151	7	0.35	0
BSU_22540	GO:0016151	7	0.35	0
BSU_00880	GO:0006355	7	0.35	0
BSU_14540	GO:0006355	7	0.35	0
BSU_03780	GO:0006355	7	0.35	0
BSU_28050	GO:0005886	7	0.35	0
BSU_37310	GO:0009099	7	0.35	0
BSU_13910	GO:0009099	7	0.35	0
BSU_29980	GO:0009099	7	0.35	0
BSU_28190	GO:0009099	7	0.35	0
BSU_11600	GO:0005886	7	0.35	0
BSU_10380	GO:0005886	7	0.35	0
BSU_06240	GO:0005886	7	0.35	0
BSU_35850	GO:0005886	7	0.35	0
BSU_11140	GO:0005886	7	0.35	0
BSU_04040	GO:0005886	7	0.35	0
BSU_34560	GO:0005886	7	0.35	0
BSU_00700	GO:0005886	7	0.35	0
BSU_00410	GO:0005886	7	0.35	0
BSU_00090	GO:0005886	7	0.35	0
BSU_11220	GO:0005886	7	0.35	0
BSU_17220	GO:0005886	7	0.35	0
BSU_15890	GO:0005886	7	0.35	0
BSU_37240	GO:0009099	7	0.35	0
BSU_29140	GO:0009099	7	0.35	0
BSU_12080	GO:0009099	7	0.35	0
BSU_06690	GO:0003700	7	0.35	0
BSU_10850	GO:0051537	7	0.35	0
BSU_08650	GO:0051537	7	0.35	0
BSU_06240	GO:0051537	7	0.35	0
BSU_03210	GO:0051537	7	0.35	0
BSU_32850	GO:0051537	7	0.35	0
BSU_03200	GO:0051537	7	0.35	0
BSU_00090	GO:0051537	7	0.35	0
BSU_06670	GO:0003700	7	0.35	0
BSU_35760	GO:0009099	7	0.35	0
BSU_10790	GO:0003700	7	0.35	0
BSU_00380	GO:0003700	7	0.35	0
BSU_10650	GO:0003700	7	0.35	0
BSU_00880	GO:0003700	7	0.35	0
BSU_40350	GO:0003700	7	0.35	0
BSU_24100	GO:0003700	7	0.35	0
BSU_35720	GO:0009099	7	0.35	0
BSU_39230	GO:0005886	7	0.35	0
BSU_37120	GO:0033609	7	0.35	0
BSU_20060	GO:0051537	7	0.35	0
BSU_15720	GO:0033609	7	0.35	0
BSU_00410	GO:0003723	7	0.35	0
BSU_22670	GO:0003723	7	0.35	0
BSU_34570	GO:0003723	7	0.35	0
BSU_27610	GO:0003723	7	0.35	0
BSU_12980	GO:0003723	7	0.35	0
BSU_22130	GO:0003723	7	0.35	0
BSU_37730	GO:0003723	7	0.35	0
BSU_19690	GO:0003723	7	0.35	0
BSU_04640	GO:0003723	7	0.35	0
BSU_15480	GO:0003723	7	0.35	0
BSU_15490	GO:0003723	7	0.35	0
BSU_16800	GO:0006526	7	0.35	0
BSU_13910	GO:0006526	7	0.35	0
BSU_12420	GO:0006526	7	0.35	0
BSU_24030	GO:0006526	7	0.35	0
BSU_14540	GO:0006526	7	0.35	0
BSU_00880	GO:0006526	7	0.35	0
BSU_38560	GO:0003723	7	0.35	0
BSU_39360	GO:0003723	7	0.35	0
BSU_09280	GO:0003723	7	0.35	0
BSU_03950	GO:0033609	7	0.35	0
BSU_15530	GO:0033609	7	0.35	0
BSU_11600	GO:0033609	7	0.35	0
BSU_10380	GO:0033609	7	0.35	0
BSU_06240	GO:0033609	7	0.35	0
BSU_35850	GO:0033609	7	0.35	0
BSU_11140	GO:0033609	7	0.35	0
BSU_04040	GO:0033609	7	0.35	0
BSU_34560	GO:0033609	7	0.35	0
BSU_36280	GO:0003723	7	0.35	0
BSU_00700	GO:0033609	7	0.35	0
BSU_00410	GO:0033609	7	0.35	0
BSU_00090	GO:0033609	7	0.35	0
BSU_30560	GO:0033609	7	0.35	0
BSU_17970	GO:0033609	7	0.35	0
BSU_00700	GO:0003723	7	0.35	0
BSU_30820	GO:0003723	7	0.35	0
BSU_11190	GO:0051537	7	0.35	0
BSU_22540	GO:0051537	7	0.35	0
BSU_28150	GO:0006355	7	0.35	0
BSU_16800	GO:0016020	7	0.35	0
BSU_13500	GO:0016020	7	0.35	0
BSU_06690	GO:0016020	7	0.35	0
BSU_06670	GO:0016020	7	0.35	0
BSU_10790	GO:0016020	7	0.35	0
BSU_00880	GO:0016020	7	0.35	0
BSU_04720	GO:0016020	7	0.35	0
BSU_40350	GO:0016020	7	0.35	0
BSU_16410	GO:0016020	7	0.35	0
BSU_10650	GO:0016020	7	0.35	0
BSU_37080	GO:0016020	7	0.35	0
BSU_17050	GO:0016020	7	0.35	0
BSU_24100	GO:0016020	7	0.35	0
BSU_31660	GO:0016020	7	0.35	0
BSU_35670	GO:0016020	7	0.35	0
BSU_15310	GO:0016020	7	0.35	0
BSU_11370	GO:0016020	7	0.35	0
BSU_11470	GO:0016020	7	0.35	0
BSU_23150	GO:0016020	7	0.35	0
BSU_28680	GO:0016020	7	0.35	0
BSU_28690	GO:0016020	7	0.35	0
BSU_13910	GO:0005886	7	0.35	0
BSU_08650	GO:0005886	7	0.35	0
BSU_16410	GO:0005886	7	0.35	0
BSU_35340	GO:0005886	7	0.35	0
BSU_28050	GO:0005886	7	0.35	0
BSU_29980	GO:0005886	7	0.35	0
BSU_10650	GO:0005886	7	0.35	0
BSU_04720	GO:0005886	7	0.35	0
BSU_21690	GO:0003677	7	0.35	0
BSU_36530	GO:0016020	7	0.35	0
BSU_00150	GO:0003677	7	0.35	0
BSU_03050	GO:0003677	7	0.35	0
BSU_27560	GO:0003677	7	0.35	0
BSU_25270	GO:0003677	7	0.35	0
BSU_25020	GO:0003677	7	0.35	0
BSU_34560	GO:0003677	7	0.35	0
BSU_29970	GO:0003677	7	0.35	0
BSU_11360	GO:0016020	7	0.35	0
BSU_27650	GO:0016020	7	0.35	0
BSU_23150	GO:0051537	7	0.35	0
BSU_31600	GO:0016020	7	0.35	0
BSU_00930	GO:0016798	7	0.35	0
BSU_00700	GO:0016798	7	0.35	0
BSU_27610	GO:0016798	7	0.35	0
BSU_00410	GO:0016798	7	0.35	0
BSU_00380	GO:0016798	7	0.35	0
BSU_03330	GO:0051537	7	0.35	0
BSU_13130	GO:0051537	7	0.35	0
BSU_37370	GO:0051537	7	0.35	0
BSU_21690	GO:0051537	7	0.35	0
BSU_03050	GO:0051537	7	0.35	0
BSU_33470	GO:0051537	7	0.35	0
BSU_30860	GO:0051537	7	0.35	0
BSU_32110	GO:0051537	7	0.35	0
BSU_28690	GO:0051537	7	0.35	0
BSU_28680	GO:0051537	7	0.35	0
BSU_25020	GO:0051537	7	0.35	0
BSU_23850	GO:0051537	7	0.35	0
BSU_29970	GO:0016798	7	0.35	0
BSU_06510	GO:0016798	7	0.35	0
BSU_03180	GO:0016798	7	0.35	0
BSU_15890	GO:0016798	7	0.35	0
BSU_25190	GO:0006465	7	0.35	0
BSU_23150	GO:0006465	7	0.35	0
BSU_13500	GO:0006465	7	0.35	0
BSU_06950	GO:0006465	7	0.35	0
BSU_03950	GO:0006465	7	0.35	0
BSU_03330	GO:0006465	7	0.35	0
BSU_29450	GO:0016798	7	0.35	0
BSU_15130	GO:0016798	7	0.35	0
BSU_06240	GO:0016798	7	0.35	0
BSU_15060	GO:0016798	7	0.35	0
BSU_24850	GO:0016798	7	0.35	0
BSU_11880	GO:0016798	7	0.35	0
BSU_11220	GO:0016798	7	0.35	0
BSU_11200	GO:0016798	7	0.35	0
BSU_11190	GO:0016798	7	0.35	0
BSU_28150	GO:0016798	7	0.35	0
BSU_29120	GO:0006526	7	0.35	0
BSU_28550	GO:0006526	7	0.35	0
BSU_37790	GO:0006526	7	0.35	0
BSU_05900	GO:0008740	7	0.35	0
BSU_17050	GO:0046872	7	0.35	0
BSU_28550	GO:0046872	7	0.35	0
BSU_24030	GO:0046872	7	0.35	0
BSU_14540	GO:0046872	7	0.35	0
BSU_00880	GO:0046872	7	0.35	0
BSU_29120	GO:0046872	7	0.35	0
BSU_12420	GO:0046872	7	0.35	0
BSU_37080	GO:0046872	7	0.35	0
BSU_25190	GO:0008740	7	0.35	0
BSU_22540	GO:0008740	7	0.35	0
BSU_24340	GO:0008740	7	0.35	0
BSU_17660	GO:0008740	7	0.35	0
BSU_15720	GO:0008740	7	0.35	0
BSU_15530	GO:0008740	7	0.35	0
BSU_13860	GO:0008740	7	0.35	0
BSU_11600	GO:0008740	7	0.35	0
BSU_10380	GO:0008740	7	0.35	0
BSU_04720	GO:0046872	7	0.35	0
BSU_16800	GO:0046872	7	0.35	0
BSU_11360	GO:0046872	7	0.35	0
BSU_24030	GO:0003678	7	0.35	0
BSU_17050	GO:0003678	7	0.35	0
BSU_28550	GO:0003678	7	0.35	0
BSU_13910	GO:0003678	7	0.35	0
BSU_15390	GO:0003678	7	0.35	0
BSU_29120	GO:0003678	7	0.35	0
BSU_37080	GO:0003678	7	0.35	0
BSU_12420	GO:0003678	7	0.35	0
BSU_28190	GO:0003678	7	0.35	0
BSU_11470	GO:0046872	7	0.35	0
BSU_14540	GO:0003678	7	0.35	0
BSU_11390	GO:0046872	7	0.35	0
BSU_27650	GO:0046872	7	0.35	0
BSU_33630	GO:0046872	7	0.35	0
BSU_37240	GO:0046872	7	0.35	0
BSU_11400	GO:0046872	7	0.35	0
BSU_36800	GO:0046872	7	0.35	0
BSU_06240	GO:0008740	7	0.35	0
BSU_35850	GO:0008740	7	0.35	0
BSU_32110	GO:0071555	7	0.35	0
BSU_11140	GO:0008740	7	0.35	0
BSU_04720	GO:0005515	7	0.35	0
BSU_17050	GO:0005515	7	0.35	0
BSU_37310	GO:0005515	7	0.35	0
BSU_28550	GO:0005515	7	0.35	0
BSU_13910	GO:0005515	7	0.35	0
BSU_12420	GO:0005515	7	0.35	0
BSU_29140	GO:0005515	7	0.35	0
BSU_24030	GO:0005515	7	0.35	0
BSU_14540	GO:0005515	7	0.35	0
BSU_00880	GO:0005515	7	0.35	0
BSU_28050	GO:0005515	7	0.35	0
BSU_29980	GO:0005515	7	0.35	0
BSU_13910	GO:0006355	7	0.35	0
BSU_11880	GO:0006355	7	0.35	0
BSU_11200	GO:0006355	7	0.35	0
BSU_29140	GO:0006355	7	0.35	0
BSU_24030	GO:0006355	7	0.35	0
BSU_16800	GO:0005515	7	0.35	0
BSU_37080	GO:0005515	7	0.35	0
BSU_14370	GO:0006826	7	0.35	0
BSU_25190	GO:0006826	7	0.35	0
BSU_04040	GO:0008740	7	0.35	0
BSU_03950	GO:0008740	7	0.35	0
BSU_34560	GO:0008740	7	0.35	0
BSU_00700	GO:0008740	7	0.35	0
BSU_00410	GO:0008740	7	0.35	0
BSU_00090	GO:0008740	7	0.35	0
BSU_30820	GO:0008740	7	0.35	0
BSU_23150	GO:0006826	7	0.35	0
BSU_03330	GO:0006826	7	0.35	0
BSU_22540	GO:0006826	7	0.35	0
BSU_35670	GO:0006826	7	0.35	0
BSU_15310	GO:0006826	7	0.35	0
BSU_13500	GO:0006826	7	0.35	0
BSU_06950	GO:0006826	7	0.35	0
BSU_12310	GO:0006826	7	0.35	0
BSU_03950	GO:0006826	7	0.35	0
BSU_16800	GO:0003678	7	0.35	0
BSU_04720	GO:0003678	7	0.35	0
BSU_36800	GO:0003678	7	0.35	0
BSU_16410	GO:0005737	7	0.35	0
BSU_09540	GO:0005262	7	0.35	0
BSU_06160	GO:0005262	7	0.35	0
BSU_12840	GO:0005262	7	0.35	0
BSU_37940	GO:0005262	7	0.35	0
BSU_09130	GO:0005262	7	0.35	0
BSU_15480	GO:0005262	7	0.35	0
BSU_04320	GO:0005262	7	0.35	0
BSU_08220	GO:0005262	7	0.35	0
BSU_08210	GO:0005262	7	0.35	0
BSU_29450	GO:0005829	7	0.35	0
BSU_15890	GO:0005829	7	0.35	0
BSU_24850	GO:0005829	7	0.35	0
BSU_11880	GO:0005829	7	0.35	0
BSU_11220	GO:0005829	7	0.35	0
BSU_11200	GO:0005829	7	0.35	0
BSU_11190	GO:0005829	7	0.35	0
BSU_29140	GO:0005829	7	0.35	0
BSU_03330	GO:0046872	7	0.35	0
BSU_04640	GO:0071555	7	0.35	0
BSU_17640	GO:0071555	7	0.35	0
BSU_13860	GO:0071555	7	0.35	0
BSU_31750	GO:0071555	7	0.35	0
BSU_06240	GO:0071555	7	0.35	0
BSU_06520	GO:0071555	7	0.35	0
BSU_00380	GO:0071555	7	0.35	0
BSU_00090	GO:0071555	7	0.35	0
BSU_11190	GO:0071555	7	0.35	0
BSU_11200	GO:0071555	7	0.35	0
BSU_19630	GO:0071555	7	0.35	0
BSU_19690	GO:0071555	7	0.35	0
BSU_22710	GO:0071555	7	0.35	0
BSU_23850	GO:0071555	7	0.35	0
BSU_25020	GO:0071555	7	0.35	0
BSU_27560	GO:0071555	7	0.35	0
BSU_29450	GO:0071555	7	0.35	0
BSU_22130	GO:0071555	7	0.35	0
BSU_37730	GO:0071555	7	0.35	0
BSU_28150	GO:0005829	7	0.35	0
BSU_03180	GO:0005829	7	0.35	0
BSU_03780	GO:0005829	7	0.35	0
BSU_23150	GO:0005737	7	0.35	0
BSU_00380	GO:0003934	7	0.35	0
BSU_38410	GO:0005737	7	0.35	0
BSU_14370	GO:0005737	7	0.35	0
BSU_31600	GO:0005737	7	0.35	0
BSU_29980	GO:0005737	7	0.35	0
BSU_00840	GO:0005737	7	0.35	0
BSU_19630	GO:0005737	7	0.35	0
BSU_35340	GO:0005737	7	0.35	0
BSU_28050	GO:0003934	7	0.35	0
BSU_15310	GO:0005737	7	0.35	0
BSU_33230	GO:0005737	7	0.35	0
BSU_36530	GO:0005737	7	0.35	0
BSU_17640	GO:0005737	7	0.35	0
BSU_35720	GO:0005737	7	0.35	0
BSU_35760	GO:0005737	7	0.35	0
BSU_35650	GO:0005737	7	0.35	0
BSU_00410	GO:0003934	7	0.35	0
BSU_27610	GO:0003934	7	0.35	0
BSU_00880	GO:0005829	7	0.35	0
BSU_11200	GO:0003934	7	0.35	0
BSU_28050	GO:0005829	7	0.35	0
BSU_00380	GO:0005829	7	0.35	0
BSU_15060	GO:0005829	7	0.35	0
BSU_10790	GO:0005829	7	0.35	0
BSU_24850	GO:0003934	7	0.35	0
BSU_11880	GO:0003934	7	0.35	0
BSU_11220	GO:0003934	7	0.35	0
BSU_11190	GO:0003934	7	0.35	0
BSU_00700	GO:0003934	7	0.35	0
BSU_29140	GO:0003934	7	0.35	0
BSU_28150	GO:0003934	7	0.35	0
BSU_06240	GO:0003934	7	0.35	0
BSU_03180	GO:0003934	7	0.35	0
BSU_03780	GO:0003934	7	0.35	0
BSU_06510	GO:0003934	7	0.35	0
BSU_00930	GO:0003934	7	0.35	0
BSU_06240	GO:0030170	7	0.35	0
BSU_34560	GO:0030170	7	0.35	0
BSU_37790	GO:0046872	7	0.35	0
BSU_29450	GO:0019516	7	0.35	0
BSU_32830	GO:0019516	7	0.35	0
BSU_10270	GO:0019516	7	0.35	0
BSU_06950	GO:0019516	7	0.35	0
BSU_12310	GO:0019516	7	0.35	0
BSU_40920	GO:0019516	7	0.35	0
BSU_32110	GO:0019516	7	0.35	0
BSU_31750	GO:0019516	7	0.35	0
BSU_06240	GO:0019516	7	0.35	0
BSU_00380	GO:0019516	7	0.35	0
BSU_00090	GO:0019516	7	0.35	0
BSU_11190	GO:0019516	7	0.35	0
BSU_11200	GO:0019516	7	0.35	0
BSU_13860	GO:0019516	7	0.35	0
BSU_19630	GO:0019516	7	0.35	0
BSU_22710	GO:0019516	7	0.35	0
BSU_23850	GO:0019516	7	0.35	0
BSU_25020	GO:0019516	7	0.35	0
BSU_28190	GO:0009229	7	0.35	0
BSU_24030	GO:0009229	7	0.35	0
BSU_12420	GO:0009229	7	0.35	0
BSU_00880	GO:0009229	7	0.35	0
BSU_16100	GO:0046872	7	0.35	0
BSU_19630	GO:0046872	7	0.35	0
BSU_28870	GO:0046872	7	0.35	0
BSU_29140	GO:0046872	7	0.35	0
BSU_29450	GO:0046872	7	0.35	0
BSU_03780	GO:0009229	7	0.35	0
BSU_14540	GO:0009229	7	0.35	0
BSU_28050	GO:0009229	7	0.35	0
BSU_16410	GO:0009229	7	0.35	0
BSU_29120	GO:0009229	7	0.35	0
BSU_35720	GO:0009229	7	0.35	0
BSU_35760	GO:0009229	7	0.35	0
BSU_12080	GO:0009229	7	0.35	0
BSU_29140	GO:0009229	7	0.35	0
BSU_37240	GO:0009229	7	0.35	0
BSU_37310	GO:0009229	7	0.35	0
BSU_27560	GO:0019516	7	0.35	0
BSU_00410	GO:0005886	7	0.35	0
BSU_11190	GO:0046872	7	0.35	0
BSU_34570	GO:0005886	7	0.35	0
BSU_01935	GO:0005886	7	0.35	0
BSU_11570	GO:0005886	7	0.35	0
BSU_10380	GO:0005886	7	0.35	0
BSU_25190	GO:0016301	7	0.35	0
BSU_23150	GO:0016301	7	0.35	0
BSU_22540	GO:0016301	7	0.35	0
BSU_35670	GO:0016301	7	0.35	0
BSU_15310	GO:0016301	7	0.35	0
BSU_13500	GO:0016301	7	0.35	0
BSU_12310	GO:0016301	7	0.35	0
BSU_03950	GO:0016301	7	0.35	0
BSU_03330	GO:0016301	7	0.35	0
BSU_14370	GO:0016301	7	0.35	0
BSU_25190	GO:0003824	7	0.35	0
BSU_23150	GO:0003824	7	0.35	0
BSU_06950	GO:0003824	7	0.35	0
BSU_40920	GO:0003824	7	0.35	0
BSU_29450	GO:0005886	7	0.35	0
BSU_27560	GO:0005886	7	0.35	0
BSU_25020	GO:0005886	7	0.35	0
BSU_06240	GO:0005886	7	0.35	0
BSU_01935	GO:0005886	7	0.35	0
BSU_11570	GO:0005886	7	0.35	0
BSU_00150	GO:0042802	7	0.35	0
BSU_22670	GO:0042802	7	0.35	0
BSU_40920	GO:0005886	7	0.35	0
BSU_32110	GO:0005886	7	0.35	0
BSU_31750	GO:0005886	7	0.35	0
BSU_06520	GO:0005886	7	0.35	0
BSU_23850	GO:0005886	7	0.35	0
BSU_00380	GO:0005886	7	0.35	0
BSU_00090	GO:0005886	7	0.35	0
BSU_11190	GO:0005886	7	0.35	0
BSU_11200	GO:0005886	7	0.35	0
BSU_13860	GO:0005886	7	0.35	0
BSU_19630	GO:0005886	7	0.35	0
BSU_22710	GO:0005886	7	0.35	0
BSU_11200	GO:0046872	7	0.35	0
BSU_08650	GO:0046872	7	0.35	0
BSU_31750	GO:0003824	7	0.35	0
BSU_17660	GO:0016051	7	0.35	0
BSU_30300	GO:0005886	7	0.35	0
BSU_39330	GO:0005886	7	0.35	0
BSU_05710	GO:0005886	7	0.35	0
BSU_34560	GO:0005886	7	0.35	0
BSU_32850	GO:0016051	7	0.35	0
BSU_00090	GO:0016051	7	0.35	0
BSU_14860	GO:0016051	7	0.35	0
BSU_30560	GO:0016051	7	0.35	0
BSU_34860	GO:0016051	7	0.35	0
BSU_29960	GO:0016051	7	0.35	0
BSU_11570	GO:0016051	7	0.35	0
BSU_07980	GO:0016051	7	0.35	0
BSU_32610	GO:0016051	7	0.35	0
BSU_16420	GO:0016051	7	0.35	0
BSU_00180	GO:0016051	7	0.35	0
BSU_36280	GO:0016051	7	0.35	0
BSU_36640	GO:0016051	7	0.35	0
BSU_28810	GO:0005886	7	0.35	0
BSU_38560	GO:0005886	7	0.35	0
BSU_34570	GO:0005886	7	0.35	0
BSU_35850	GO:0005737	7	0.35	0
BSU_25190	GO:0005737	7	0.35	0
BSU_17660	GO:0005737	7	0.35	0
BSU_15720	GO:0005737	7	0.35	0
BSU_15530	GO:0005737	7	0.35	0
BSU_13860	GO:0005737	7	0.35	0
BSU_11600	GO:0005737	7	0.35	0
BSU_10380	GO:0005737	7	0.35	0
BSU_11140	GO:0005737	7	0.35	0
BSU_07980	GO:0005886	7	0.35	0
BSU_04040	GO:0005737	7	0.35	0
BSU_03950	GO:0005737	7	0.35	0
BSU_00090	GO:0005737	7	0.35	0
BSU_05900	GO:0005737	7	0.35	0
BSU_36530	GO:0005737	7	0.35	0
BSU_00410	GO:0005886	7	0.35	0
BSU_14390	GO:0005886	7	0.35	0
BSU_36530	GO:0016051	7	0.35	0
BSU_15720	GO:0016051	7	0.35	0
BSU_00380	GO:0046872	7	0.35	0
BSU_35850	GO:0016051	7	0.35	0
BSU_06240	GO:0044183	7	0.35	0
BSU_03180	GO:0044183	7	0.35	0
BSU_03780	GO:0044183	7	0.35	0
BSU_06510	GO:0044183	7	0.35	0
BSU_27610	GO:0044183	7	0.35	0
BSU_28050	GO:0044183	7	0.35	0
BSU_00380	GO:0044183	7	0.35	0
BSU_23560	GO:0046872	7	0.35	0
BSU_23150	GO:0046872	7	0.35	0
BSU_32830	GO:0046872	7	0.35	0
BSU_10270	GO:0046872	7	0.35	0
BSU_12310	GO:0046872	7	0.35	0
BSU_03780	GO:0046872	7	0.35	0
BSU_32110	GO:0046872	7	0.35	0
BSU_35670	GO:0046872	7	0.35	0
BSU_06690	GO:0046872	7	0.35	0
BSU_06520	GO:0046872	7	0.35	0
BSU_28150	GO:0044183	7	0.35	0
BSU_29140	GO:0044183	7	0.35	0
BSU_11190	GO:0044183	7	0.35	0
BSU_25020	GO:0051537	7	0.35	0
BSU_11140	GO:0016051	7	0.35	0
BSU_04040	GO:0016051	7	0.35	0
BSU_06520	GO:0016051	7	0.35	0
BSU_37090	GO:0016051	7	0.35	0
BSU_03050	GO:0051537	7	0.35	0
BSU_27560	GO:0051537	7	0.35	0
BSU_25270	GO:0051537	7	0.35	0
BSU_34560	GO:0051537	7	0.35	0
BSU_11200	GO:0044183	7	0.35	0
BSU_29970	GO:0051537	7	0.35	0
BSU_19690	GO:0051537	7	0.35	0
BSU_15890	GO:0044183	7	0.35	0
BSU_15060	GO:0044183	7	0.35	0
BSU_24850	GO:0044183	7	0.35	0
BSU_11880	GO:0044183	7	0.35	0
BSU_11220	GO:0044183	7	0.35	0
BSU_32110	GO:0003824	7	0.35	0
BSU_06240	GO:0003824	7	0.35	0
BSU_00700	GO:0017018	7	0.35	0
BSU_37120	GO:0005829	7	0.35	0
BSU_29120	GO:0003824	7	0.35	0
BSU_35720	GO:0005737	7	0.35	0
BSU_35760	GO:0005737	7	0.35	0
BSU_16800	GO:0005737	7	0.35	0
BSU_04720	GO:0005737	7	0.35	0
BSU_14370	GO:0005737	7	0.35	0
BSU_39230	GO:0005737	7	0.35	0
BSU_31600	GO:0005737	7	0.35	0
BSU_16410	GO:0005737	7	0.35	0
BSU_29980	GO:0005737	7	0.35	0
BSU_32830	GO:0005829	7	0.35	0
BSU_10270	GO:0005829	7	0.35	0
BSU_06950	GO:0005829	7	0.35	0
BSU_12310	GO:0005829	7	0.35	0
BSU_03780	GO:0005829	7	0.35	0
BSU_40920	GO:0005829	7	0.35	0
BSU_32110	GO:0005829	7	0.35	0
BSU_29140	GO:0003824	7	0.35	0
BSU_13910	GO:0003824	7	0.35	0
BSU_12420	GO:0003824	7	0.35	0
BSU_11470	GO:0003824	7	0.35	0
BSU_27610	GO:0005829	7	0.35	0
BSU_00410	GO:0005829	7	0.35	0
BSU_00380	GO:0005829	7	0.35	0
BSU_11570	GO:0046872	7	0.35	0
BSU_22710	GO:0046872	7	0.35	0
BSU_11450	GO:0003824	7	0.35	0
BSU_11390	GO:0003824	7	0.35	0
BSU_11360	GO:0003824	7	0.35	0
BSU_06690	GO:0003824	7	0.35	0
BSU_16800	GO:0003824	7	0.35	0
BSU_31600	GO:0003824	7	0.35	0
BSU_11400	GO:0003824	7	0.35	0
BSU_28550	GO:0003824	7	0.35	0
BSU_34140	GO:0003824	7	0.35	0
BSU_37790	GO:0003824	7	0.35	0
BSU_04720	GO:0003824	7	0.35	0
BSU_35670	GO:0005829	7	0.35	0
BSU_06240	GO:0005829	7	0.35	0
BSU_29970	GO:0005829	7	0.35	0
BSU_00380	GO:0005829	7	0.35	0
BSU_00930	GO:0006777	7	0.35	0
BSU_25020	GO:0017018	7	0.35	0
BSU_25190	GO:0017018	7	0.35	0
BSU_22540	GO:0017018	7	0.35	0
BSU_24340	GO:0017018	7	0.35	0
BSU_18240	GO:0017018	7	0.35	0
BSU_17660	GO:0017018	7	0.35	0
BSU_15720	GO:0017018	7	0.35	0
BSU_15530	GO:0017018	7	0.35	0
BSU_13860	GO:0017018	7	0.35	0
BSU_11600	GO:0017018	7	0.35	0
BSU_10380	GO:0017018	7	0.35	0
BSU_06240	GO:0017018	7	0.35	0
BSU_35850	GO:0017018	7	0.35	0
BSU_11140	GO:0017018	7	0.35	0
BSU_04040	GO:0017018	7	0.35	0
BSU_03950	GO:0017018	7	0.35	0
BSU_06510	GO:0006777	7	0.35	0
BSU_06520	GO:0006777	7	0.35	0
BSU_04040	GO:0006777	7	0.35	0
BSU_27560	GO:0005829	7	0.35	0
BSU_00090	GO:0005829	7	0.35	0
BSU_08650	GO:0005829	7	0.35	0
BSU_11190	GO:0005829	7	0.35	0
BSU_11200	GO:0005829	7	0.35	0
BSU_16100	GO:0005829	7	0.35	0
BSU_24340	GO:0005829	7	0.35	0
BSU_25020	GO:0005829	7	0.35	0
BSU_29450	GO:0005829	7	0.35	0
BSU_11140	GO:0006777	7	0.35	0
BSU_00960	GO:0006777	7	0.35	0
BSU_30560	GO:0006777	7	0.35	0
BSU_28870	GO:0006777	7	0.35	0
BSU_19630	GO:0006777	7	0.35	0
BSU_27280	GO:0006777	7	0.35	0
BSU_17640	GO:0006777	7	0.35	0
BSU_35850	GO:0006777	7	0.35	0
BSU_00700	GO:0005829	7	0.35	0
BSU_34560	GO:0005829	7	0.35	0
BSU_00090	GO:0003824	7	0.35	0
BSU_36530	GO:0005737	7	0.35	0
BSU_24850	GO:0009401	7	0.35	0
BSU_13530	GO:0009401	7	0.35	0
BSU_11600	GO:0009401	7	0.35	0
BSU_06950	GO:0009401	7	0.35	0
BSU_05900	GO:0009401	7	0.35	0
BSU_00700	GO:0009401	7	0.35	0
BSU_06670	GO:0009401	7	0.35	0
BSU_25190	GO:0005737	7	0.35	0
BSU_22540	GO:0005737	7	0.35	0
BSU_24340	GO:0005737	7	0.35	0
BSU_18240	GO:0005737	7	0.35	0
BSU_37120	GO:0005737	7	0.35	0
BSU_15530	GO:0005737	7	0.35	0
BSU_11600	GO:0005737	7	0.35	0
BSU_10380	GO:0005737	7	0.35	0
BSU_03950	GO:0005737	7	0.35	0
BSU_00090	GO:0005737	7	0.35	0
BSU_38300	GO:0009401	7	0.35	0
BSU_31520	GO:0009401	7	0.35	0
BSU_00150	GO:0009401	7	0.35	0
BSU_29450	GO:0003824	7	0.35	0
BSU_11190	GO:0003824	7	0.35	0
BSU_13860	GO:0003824	7	0.35	0
BSU_19630	GO:0003824	7	0.35	0
BSU_22710	GO:0003824	7	0.35	0
BSU_23850	GO:0003824	7	0.35	0
BSU_25020	GO:0003824	7	0.35	0
BSU_27560	GO:0003824	7	0.35	0
BSU_36530	GO:0016020	7	0.35	0
BSU_11710	GO:0009401	7	0.35	0
BSU_28690	GO:0016020	7	0.35	0
BSU_28680	GO:0016020	7	0.35	0
BSU_23150	GO:0016020	7	0.35	0
BSU_13500	GO:0016020	7	0.35	0
BSU_24100	GO:0009401	7	0.35	0
BSU_15130	GO:0009401	7	0.35	0
BSU_14390	GO:0009401	7	0.35	0
BSU_32610	GO:0005737	7	0.35	0
BSU_15720	GO:0005737	7	0.35	0
BSU_06240	GO:0005829	7	0.35	0
BSU_35850	GO:0005737	7	0.35	0
BSU_11470	GO:0016020	7	0.35	0
BSU_11360	GO:0016020	7	0.35	0
BSU_16800	GO:0016020	7	0.35	0
BSU_31660	GO:0016020	7	0.35	0
BSU_31600	GO:0016020	7	0.35	0
BSU_25270	GO:0005829	7	0.35	0
BSU_25020	GO:0005829	7	0.35	0
BSU_29450	GO:0005829	7	0.35	0
BSU_15890	GO:0005829	7	0.35	0
BSU_15130	GO:0005829	7	0.35	0
BSU_15060	GO:0005829	7	0.35	0
BSU_24850	GO:0005829	7	0.35	0
BSU_11880	GO:0005829	7	0.35	0
BSU_11220	GO:0005829	7	0.35	0
BSU_11200	GO:0005829	7	0.35	0
BSU_11190	GO:0005829	7	0.35	0
BSU_28150	GO:0005829	7	0.35	0
BSU_11370	GO:0016020	7	0.35	0
BSU_15310	GO:0016020	7	0.35	0
BSU_35670	GO:0016020	7	0.35	0
BSU_29980	GO:0016020	7	0.35	0
BSU_11140	GO:0005737	7	0.35	0
BSU_04040	GO:0005737	7	0.35	0
BSU_06520	GO:0005737	7	0.35	0
BSU_37760	GO:0005737	7	0.35	0
BSU_40330	GO:0005737	7	0.35	0
BSU_40350	GO:0005737	7	0.35	0
BSU_28050	GO:0016020	7	0.35	0
BSU_10650	GO:0016020	7	0.35	0
BSU_36530	GO:0016020	7	0.35	0
BSU_17970	GO:0016020	7	0.35	0
BSU_37120	GO:0016020	7	0.35	0
BSU_13530	GO:0016020	7	0.35	0
BSU_03780	GO:0016020	7	0.35	0
BSU_10790	GO:0016020	7	0.35	0
BSU_39230	GO:0016020	7	0.35	0
BSU_24100	GO:0016020	7	0.35	0
BSU_28690	GO:0005737	7	0.35	0
BSU_30820	GO:0005737	7	0.35	0
BSU_38300	GO:0005737	7	0.35	0
BSU_11450	GO:0046872	7	0.35	0
BSU_24030	GO:0008137	7	0.35	0
BSU_28190	GO:0008137	7	0.35	0
BSU_28550	GO:0008137	7	0.35	0
BSU_34140	GO:0008137	7	0.35	0
BSU_37790	GO:0008137	7	0.35	0
BSU_03780	GO:0008137	7	0.35	0
BSU_04720	GO:0008137	7	0.35	0
BSU_06690	GO:0008137	7	0.35	0
BSU_12420	GO:0008137	7	0.35	0
BSU_13910	GO:0008137	7	0.35	0
BSU_29140	GO:0008137	7	0.35	0
BSU_29120	GO:0008137	7	0.35	0
BSU_12420	GO:0046872	7	0.35	0
BSU_29140	GO:0046872	7	0.35	0
BSU_24030	GO:0046872	7	0.35	0
BSU_14540	GO:0046872	7	0.35	0
BSU_00880	GO:0046872	7	0.35	0
BSU_32610	GO:0016835	7	0.35	0
BSU_11880	GO:0016835	7	0.35	0
BSU_22710	GO:0016835	7	0.35	0
BSU_15890	GO:0000287	7	0.35	0
BSU_27560	GO:0000287	7	0.35	0
BSU_25270	GO:0000287	7	0.35	0
BSU_15490	GO:0000287	7	0.35	0
BSU_28150	GO:0000287	7	0.35	0
BSU_06510	GO:0000287	7	0.35	0
BSU_29970	GO:0000287	7	0.35	0
BSU_09540	GO:0000287	7	0.35	0
BSU_04040	GO:0016835	7	0.35	0
BSU_39360	GO:0016835	7	0.35	0
BSU_38280	GO:0016835	7	0.35	0
BSU_00740	GO:0016835	7	0.35	0
BSU_39420	GO:0016835	7	0.35	0
BSU_39670	GO:0016835	7	0.35	0
BSU_11570	GO:0016835	7	0.35	0
BSU_30780	GO:0016835	7	0.35	0
BSU_28540	GO:0016835	7	0.35	0
BSU_28050	GO:0046872	7	0.35	0
BSU_11370	GO:0046872	7	0.35	0
BSU_00770	GO:0000287	7	0.35	0
BSU_11390	GO:0046872	7	0.35	0
BSU_37120	GO:0005524	7	0.35	0
BSU_06520	GO:0005524	7	0.35	0
BSU_08650	GO:0005524	7	0.35	0
BSU_11190	GO:0005524	7	0.35	0
BSU_11200	GO:0005524	7	0.35	0
BSU_16100	GO:0005524	7	0.35	0
BSU_19630	GO:0005524	7	0.35	0
BSU_28870	GO:0005524	7	0.35	0
BSU_29140	GO:0005524	7	0.35	0
BSU_14390	GO:0003700	7	0.35	0
BSU_28870	GO:0036440	7	0.35	0
BSU_29450	GO:0036440	7	0.35	0
BSU_16100	GO:0036440	7	0.35	0
BSU_38560	GO:0036440	7	0.35	0
BSU_28810	GO:0036440	7	0.35	0
BSU_30300	GO:0036440	7	0.35	0
BSU_39330	GO:0036440	7	0.35	0
BSU_35670	GO:0005524	7	0.35	0
BSU_32110	GO:0005524	7	0.35	0
BSU_03780	GO:0005524	7	0.35	0
BSU_10650	GO:0046872	7	0.35	0
BSU_11470	GO:0046872	7	0.35	0
BSU_11360	GO:0046872	7	0.35	0
BSU_16800	GO:0046872	7	0.35	0
BSU_31600	GO:0046872	7	0.35	0
BSU_11400	GO:0046872	7	0.35	0
BSU_35340	GO:0046872	7	0.35	0
BSU_03780	GO:0046872	7	0.35	0
BSU_16100	GO:0046872	7	0.35	0
BSU_12310	GO:0005524	7	0.35	0
BSU_03200	GO:0046872	7	0.35	0
BSU_35720	GO:0046872	7	0.35	0
BSU_35760	GO:0046872	7	0.35	0
BSU_23560	GO:0005524	7	0.35	0
BSU_23150	GO:0005524	7	0.35	0
BSU_22540	GO:0005524	7	0.35	0
BSU_32830	GO:0005524	7	0.35	0
BSU_31750	GO:0000287	7	0.35	0
BSU_37500	GO:0000287	7	0.35	0
BSU_28050	GO:0019556	7	0.35	0
BSU_00410	GO:0005829	7	0.35	0
BSU_40920	GO:0005829	7	0.35	0
BSU_37090	GO:0005829	7	0.35	0
BSU_38290	GO:0005829	7	0.35	0
BSU_27560	GO:0005829	7	0.35	0
BSU_25270	GO:0005829	7	0.35	0
BSU_25020	GO:0005829	7	0.35	0
BSU_29450	GO:0005829	7	0.35	0
BSU_15890	GO:0005829	7	0.35	0
BSU_15130	GO:0005829	7	0.35	0
BSU_15060	GO:0005829	7	0.35	0
BSU_24850	GO:0005829	7	0.35	0
BSU_11220	GO:0005829	7	0.35	0
BSU_11190	GO:0005829	7	0.35	0
BSU_06240	GO:0005829	7	0.35	0
BSU_34560	GO:0005829	7	0.35	0
BSU_29970	GO:0005829	7	0.35	0
BSU_00700	GO:0005829	7	0.35	0
BSU_29140	GO:0035999	7	0.35	0
BSU_28870	GO:0035999	7	0.35	0
BSU_24340	GO:0035999	7	0.35	0
BSU_03780	GO:0035999	7	0.35	0
BSU_03180	GO:0009380	7	0.35	0
BSU_03780	GO:0009380	7	0.35	0
BSU_14540	GO:0009380	7	0.35	0
BSU_00880	GO:0009380	7	0.35	0
BSU_28050	GO:0009380	7	0.35	0
BSU_17050	GO:0009380	7	0.35	0
BSU_12310	GO:0035999	7	0.35	0
BSU_35670	GO:0035999	7	0.35	0
BSU_16100	GO:0035999	7	0.35	0
BSU_37120	GO:0035999	7	0.35	0
BSU_06690	GO:0035999	7	0.35	0
BSU_06520	GO:0035999	7	0.35	0
BSU_00380	GO:0035999	7	0.35	0
BSU_08650	GO:0035999	7	0.35	0
BSU_11200	GO:0035999	7	0.35	0
BSU_13910	GO:0035999	7	0.35	0
BSU_27610	GO:0005829	7	0.35	0
BSU_00380	GO:0005829	7	0.35	0
BSU_00090	GO:0000287	7	0.35	0
BSU_13130	GO:0006979	7	0.35	0
BSU_35850	GO:0005737	7	0.35	0
BSU_11140	GO:0005737	7	0.35	0
BSU_04040	GO:0005737	7	0.35	0
BSU_03950	GO:0005737	7	0.35	0
BSU_00090	GO:0005737	7	0.35	0
BSU_00740	GO:0005737	7	0.35	0
BSU_22710	GO:0005737	7	0.35	0
BSU_12980	GO:0005737	7	0.35	0
BSU_22130	GO:0005737	7	0.35	0
BSU_19690	GO:0005737	7	0.35	0
BSU_17640	GO:0005737	7	0.35	0
BSU_04640	GO:0005737	7	0.35	0
BSU_06240	GO:0000287	7	0.35	0
BSU_03950	GO:0000287	7	0.35	0
BSU_34560	GO:0000287	7	0.35	0
BSU_00700	GO:0000287	7	0.35	0
BSU_00410	GO:0000287	7	0.35	0
BSU_05900	GO:0005737	7	0.35	0
BSU_10380	GO:0005737	7	0.35	0
BSU_11600	GO:0005737	7	0.35	0
BSU_23850	GO:0006979	7	0.35	0
BSU_37370	GO:0006979	7	0.35	0
BSU_21690	GO:0006979	7	0.35	0
BSU_03050	GO:0006979	7	0.35	0
BSU_33470	GO:0006979	7	0.35	0
BSU_28690	GO:0006979	7	0.35	0
BSU_28680	GO:0006979	7	0.35	0
BSU_25020	GO:0006979	7	0.35	0
BSU_10850	GO:0006979	7	0.35	0
BSU_13860	GO:0005737	7	0.35	0
BSU_06240	GO:0006979	7	0.35	0
BSU_00090	GO:0006979	7	0.35	0
BSU_28690	GO:0005737	7	0.35	0
BSU_25190	GO:0005737	7	0.35	0
BSU_17660	GO:0005737	7	0.35	0
BSU_15720	GO:0005737	7	0.35	0
BSU_15530	GO:0005737	7	0.35	0
BSU_34570	GO:0036440	7	0.35	0
BSU_34560	GO:0036440	7	0.35	0
BSU_35650	GO:0036440	7	0.35	0
BSU_37790	GO:0009401	7	0.35	0
BSU_00930	GO:0006633	7	0.35	0
BSU_00700	GO:0006633	7	0.35	0
BSU_27610	GO:0006633	7	0.35	0
BSU_00410	GO:0006633	7	0.35	0
BSU_00380	GO:0006633	7	0.35	0
BSU_23560	GO:0009401	7	0.35	0
BSU_35650	GO:0009401	7	0.35	0
BSU_33310	GO:0009401	7	0.35	0
BSU_34140	GO:0009401	7	0.35	0
BSU_31640	GO:0009401	7	0.35	0
BSU_31610	GO:0009401	7	0.35	0
BSU_35720	GO:0009401	7	0.35	0
BSU_35760	GO:0009401	7	0.35	0
BSU_22540	GO:0009401	7	0.35	0
BSU_11390	GO:0009401	7	0.35	0
BSU_10380	GO:0009401	7	0.35	0
BSU_12310	GO:0009401	7	0.35	0
BSU_29970	GO:0006633	7	0.35	0
BSU_06510	GO:0006633	7	0.35	0
BSU_34560	GO:0006633	7	0.35	0
BSU_27560	GO:0006633	7	0.35	0
BSU_38410	GO:0034220	7	0.35	0
BSU_11400	GO:0034220	7	0.35	0
BSU_31600	GO:0034220	7	0.35	0
BSU_31640	GO:0034220	7	0.35	0
BSU_31660	GO:0034220	7	0.35	0
BSU_31610	GO:0034220	7	0.35	0
BSU_38290	GO:0006633	7	0.35	0
BSU_25270	GO:0006633	7	0.35	0
BSU_06240	GO:0006633	7	0.35	0
BSU_25020	GO:0006633	7	0.35	0
BSU_29450	GO:0006633	7	0.35	0
BSU_15130	GO:0006633	7	0.35	0
BSU_15060	GO:0006633	7	0.35	0
BSU_24850	GO:0006633	7	0.35	0
BSU_11220	GO:0006633	7	0.35	0
BSU_11190	GO:0006633	7	0.35	0
BSU_14370	GO:0009401	7	0.35	0
BSU_24030	GO:0009401	7	0.35	0
BSU_30820	GO:0036440	7	0.35	0
BSU_40350	GO:0009401	7	0.35	0
BSU_06510	GO:0031160	7	0.35	0
BSU_00740	GO:0031160	7	0.35	0
BSU_17970	GO:0031160	7	0.35	0
BSU_37120	GO:0031160	7	0.35	0
BSU_15310	GO:0031160	7	0.35	0
BSU_13530	GO:0031160	7	0.35	0
BSU_11370	GO:0031160	7	0.35	0
BSU_03780	GO:0031160	7	0.35	0
BSU_10790	GO:0031160	7	0.35	0
BSU_35650	GO:0031160	7	0.35	0
BSU_36530	GO:0031160	7	0.35	0
BSU_30860	GO:0031160	7	0.35	0
BSU_10380	GO:0019556	7	0.35	0
BSU_29980	GO:0019556	7	0.35	0
BSU_36640	GO:0019556	7	0.35	0
BSU_36530	GO:0019556	7	0.35	0
BSU_06520	GO:0019556	7	0.35	0
BSU_06520	GO:0031160	7	0.35	0
BSU_28150	GO:0031160	7	0.35	0
BSU_15890	GO:0031160	7	0.35	0
BSU_31600	GO:0005829	7	0.35	0
BSU_24100	GO:0009401	7	0.35	0
BSU_00410	GO:0005886	7	0.35	0
BSU_01935	GO:0005886	7	0.35	0
BSU_11570	GO:0005886	7	0.35	0
BSU_38410	GO:0005829	7	0.35	0
BSU_27650	GO:0005829	7	0.35	0
BSU_33630	GO:0005829	7	0.35	0
BSU_11400	GO:0005829	7	0.35	0
BSU_29980	GO:0005829	7	0.35	0
BSU_16800	GO:0005829	7	0.35	0
BSU_35720	GO:0005829	7	0.35	0
BSU_35760	GO:0005829	7	0.35	0
BSU_12080	GO:0005829	7	0.35	0
BSU_29140	GO:0005829	7	0.35	0
BSU_37240	GO:0005829	7	0.35	0
BSU_13910	GO:0005829	7	0.35	0
BSU_11390	GO:0034220	7	0.35	0
BSU_11450	GO:0034220	7	0.35	0
BSU_12080	GO:0034220	7	0.35	0
BSU_13910	GO:0034220	7	0.35	0
BSU_36530	GO:0016791	7	0.35	0
BSU_37090	GO:0016791	7	0.35	0
BSU_17660	GO:0016791	7	0.35	0
BSU_15720	GO:0016791	7	0.35	0
BSU_06520	GO:0016791	7	0.35	0
BSU_05900	GO:0016791	7	0.35	0
BSU_24030	GO:0005515	7	0.35	0
BSU_14540	GO:0005515	7	0.35	0
BSU_00880	GO:0005515	7	0.35	0
BSU_28050	GO:0005515	7	0.35	0
BSU_16100	GO:0005515	7	0.35	0
BSU_03200	GO:0005515	7	0.35	0
BSU_35850	GO:0045333	7	0.35	0
BSU_11140	GO:0045333	7	0.35	0
BSU_03950	GO:0045333	7	0.35	0
BSU_30860	GO:0045333	7	0.35	0
BSU_32110	GO:0045333	7	0.35	0
BSU_36640	GO:0016791	7	0.35	0
BSU_36280	GO:0016791	7	0.35	0
BSU_16420	GO:0016791	7	0.35	0
BSU_06510	GO:0036440	7	0.35	0
BSU_38290	GO:0036440	7	0.35	0
BSU_27560	GO:0036440	7	0.35	0
BSU_25270	GO:0036440	7	0.35	0
BSU_15490	GO:0036440	7	0.35	0
BSU_15890	GO:0036440	7	0.35	0
BSU_28150	GO:0036440	7	0.35	0
BSU_06520	GO:0036440	7	0.35	0
BSU_00740	GO:0036440	7	0.35	0
BSU_32610	GO:0016791	7	0.35	0
BSU_37120	GO:0036440	7	0.35	0
BSU_06240	GO:0016791	7	0.35	0
BSU_03950	GO:0016791	7	0.35	0
BSU_34560	GO:0016791	7	0.35	0
BSU_00700	GO:0016791	7	0.35	0
BSU_00410	GO:0016791	7	0.35	0
BSU_00090	GO:0016791	7	0.35	0
BSU_23150	GO:0045333	7	0.35	0
BSU_22540	GO:0045333	7	0.35	0
BSU_20060	GO:0045333	7	0.35	0
BSU_11370	GO:0034220	7	0.35	0
BSU_04640	GO:0009432	7	0.35	0
BSU_35850	GO:0009432	7	0.35	0
BSU_11140	GO:0009432	7	0.35	0
BSU_04040	GO:0009432	7	0.35	0
BSU_00930	GO:0009432	7	0.35	0
BSU_13540	GO:0009432	7	0.35	0
BSU_36800	GO:0034220	7	0.35	0
BSU_11470	GO:0034220	7	0.35	0
BSU_22710	GO:0009432	7	0.35	0
BSU_11360	GO:0034220	7	0.35	0
BSU_16800	GO:0034220	7	0.35	0
BSU_27650	GO:0034220	7	0.35	0
BSU_34140	GO:0034220	7	0.35	0
BSU_35720	GO:0034220	7	0.35	0
BSU_35760	GO:0034220	7	0.35	0
BSU_16380	GO:0034220	7	0.35	0
BSU_19630	GO:0009432	7	0.35	0
BSU_23850	GO:0009432	7	0.35	0
BSU_15530	GO:0045333	7	0.35	0
BSU_37500	GO:0009432	7	0.35	0
BSU_11190	GO:0045333	7	0.35	0
BSU_10850	GO:0045333	7	0.35	0
BSU_08650	GO:0045333	7	0.35	0
BSU_06240	GO:0045333	7	0.35	0
BSU_03210	GO:0045333	7	0.35	0
BSU_32850	GO:0045333	7	0.35	0
BSU_03200	GO:0045333	7	0.35	0
BSU_00770	GO:0009432	7	0.35	0
BSU_31750	GO:0009432	7	0.35	0
BSU_14390	GO:0009432	7	0.35	0
BSU_06140	GO:0009432	7	0.35	0
BSU_17120	GO:0009432	7	0.35	0
BSU_17130	GO:0009432	7	0.35	0
BSU_11710	GO:0009432	7	0.35	0
BSU_00960	GO:0009432	7	0.35	0
BSU_30560	GO:0009432	7	0.35	0
BSU_34560	GO:0017018	7	0.35	0
BSU_00410	GO:0017018	7	0.35	0
BSU_24030	GO:0009380	7	0.35	0
BSU_11140	GO:0009055	7	0.35	0
BSU_24340	GO:0005737	7	0.35	0
BSU_18240	GO:0005737	7	0.35	0
BSU_37120	GO:0005737	7	0.35	0
BSU_10380	GO:0005737	7	0.35	0
BSU_29980	GO:0005737	7	0.35	0
BSU_40920	GO:0009055	7	0.35	0
BSU_37090	GO:0009055	7	0.35	0
BSU_28690	GO:0009055	7	0.35	0
BSU_38290	GO:0009055	7	0.35	0
BSU_25020	GO:0009055	7	0.35	0
BSU_17660	GO:0009055	7	0.35	0
BSU_15720	GO:0009055	7	0.35	0
BSU_13860	GO:0009055	7	0.35	0
BSU_11600	GO:0009055	7	0.35	0
BSU_10380	GO:0009055	7	0.35	0
BSU_06240	GO:0009055	7	0.35	0
BSU_05900	GO:0009055	7	0.35	0
BSU_22540	GO:0005737	7	0.35	0
BSU_06520	GO:0005737	7	0.35	0
BSU_36530	GO:0005737	7	0.35	0
BSU_03180	GO:0000310	7	0.35	0
BSU_11880	GO:0000310	7	0.35	0
BSU_11220	GO:0000310	7	0.35	0
BSU_11200	GO:0000310	7	0.35	0
BSU_11190	GO:0000310	7	0.35	0
BSU_29140	GO:0000310	7	0.35	0
BSU_28150	GO:0000310	7	0.35	0
BSU_06240	GO:0000310	7	0.35	0
BSU_03780	GO:0000310	7	0.35	0
BSU_14370	GO:0005737	7	0.35	0
BSU_06510	GO:0000310	7	0.35	0
BSU_00930	GO:0000310	7	0.35	0
BSU_00700	GO:0000310	7	0.35	0
BSU_28050	GO:0000310	7	0.35	0
BSU_00410	GO:0000310	7	0.35	0
BSU_00380	GO:0000310	7	0.35	0
BSU_27610	GO:0000310	7	0.35	0
BSU_35850	GO:0009055	7	0.35	0
BSU_04040	GO:0009055	7	0.35	0
BSU_14370	GO:0046942	7	0.35	0
BSU_03950	GO:0009055	7	0.35	0
BSU_36280	GO:0003735	7	0.35	0
BSU_05900	GO:0003735	7	0.35	0
BSU_15480	GO:0003735	7	0.35	0
BSU_22670	GO:0003735	7	0.35	0
BSU_24850	GO:0004644	7	0.35	0
BSU_11880	GO:0004644	7	0.35	0
BSU_11220	GO:0004644	7	0.35	0
BSU_11200	GO:0004644	7	0.35	0
BSU_11190	GO:0004644	7	0.35	0
BSU_28150	GO:0004644	7	0.35	0
BSU_06240	GO:0004644	7	0.35	0
BSU_03180	GO:0004644	7	0.35	0
BSU_34560	GO:0004644	7	0.35	0
BSU_29970	GO:0004644	7	0.35	0
BSU_00930	GO:0004644	7	0.35	0
BSU_00700	GO:0004644	7	0.35	0
BSU_27610	GO:0004644	7	0.35	0
BSU_16380	GO:1902600	7	0.35	0
BSU_16360	GO:1902600	7	0.35	0
BSU_16370	GO:1902600	7	0.35	0
BSU_12080	GO:1902600	7	0.35	0
BSU_34560	GO:0009055	7	0.35	0
BSU_00700	GO:0009055	7	0.35	0
BSU_00410	GO:0009055	7	0.35	0
BSU_00090	GO:0009055	7	0.35	0
BSU_14540	GO:1902600	7	0.35	0
BSU_15390	GO:1902600	7	0.35	0
BSU_29120	GO:1902600	7	0.35	0
BSU_11450	GO:1902600	7	0.35	0
BSU_17050	GO:1902600	7	0.35	0
BSU_27650	GO:1902600	7	0.35	0
BSU_33630	GO:1902600	7	0.35	0
BSU_37240	GO:1902600	7	0.35	0
BSU_11400	GO:1902600	7	0.35	0
BSU_12420	GO:1902600	7	0.35	0
BSU_37080	GO:1902600	7	0.35	0
BSU_04720	GO:1902600	7	0.35	0
BSU_00150	GO:0016757	7	0.35	0
BSU_12310	GO:0046942	7	0.35	0
BSU_00380	GO:0004644	7	0.35	0
BSU_15480	GO:0015293	7	0.35	0
BSU_15130	GO:0046872	7	0.35	0
BSU_15060	GO:0046872	7	0.35	0
BSU_24850	GO:0046872	7	0.35	0
BSU_11880	GO:0046872	7	0.35	0
BSU_11220	GO:0046872	7	0.35	0
BSU_11200	GO:0046872	7	0.35	0
BSU_11190	GO:0046872	7	0.35	0
BSU_28150	GO:0046872	7	0.35	0
BSU_03180	GO:0046872	7	0.35	0
BSU_06510	GO:0046872	7	0.35	0
BSU_29970	GO:0046872	7	0.35	0
BSU_00930	GO:0046872	7	0.35	0
BSU_27610	GO:0046872	7	0.35	0
BSU_00380	GO:0046872	7	0.35	0
BSU_31750	GO:0046872	7	0.35	0
BSU_06310	GO:0015293	7	0.35	0
BSU_09540	GO:0015293	7	0.35	0
BSU_15890	GO:0046872	7	0.35	0
BSU_29450	GO:0046872	7	0.35	0
BSU_17220	GO:0046872	7	0.35	0
BSU_16420	GO:0046677	7	0.35	0
BSU_23150	GO:0016020	7	0.35	0
BSU_35670	GO:0016020	7	0.35	0
BSU_15310	GO:0016020	7	0.35	0
BSU_13500	GO:0016020	7	0.35	0
BSU_03330	GO:0046677	7	0.35	0
BSU_14370	GO:0046677	7	0.35	0
BSU_32610	GO:0046677	7	0.35	0
BSU_36280	GO:0046677	7	0.35	0
BSU_06520	GO:0046677	7	0.35	0
BSU_36640	GO:0046677	7	0.35	0
BSU_37090	GO:0046677	7	0.35	0
BSU_17660	GO:0046677	7	0.35	0
BSU_15720	GO:0046677	7	0.35	0
BSU_35850	GO:0046677	7	0.35	0
BSU_11140	GO:0046677	7	0.35	0
BSU_04040	GO:0046677	7	0.35	0
BSU_37940	GO:0015293	7	0.35	0
BSU_08220	GO:0015293	7	0.35	0
BSU_11390	GO:0046942	7	0.35	0
BSU_08210	GO:0015293	7	0.35	0
BSU_28190	GO:0003678	7	0.35	0
BSU_31520	GO:0016020	7	0.35	0
BSU_22540	GO:0046942	7	0.35	0
BSU_35670	GO:0046942	7	0.35	0
BSU_15310	GO:0046942	7	0.35	0
BSU_11370	GO:0046942	7	0.35	0
BSU_11470	GO:0046942	7	0.35	0
BSU_11360	GO:0046942	7	0.35	0
BSU_16800	GO:0046942	7	0.35	0
BSU_38410	GO:0046942	7	0.35	0
BSU_31640	GO:0046942	7	0.35	0
BSU_31660	GO:0046942	7	0.35	0
BSU_31610	GO:0046942	7	0.35	0
BSU_31600	GO:0046942	7	0.35	0
BSU_23560	GO:0046942	7	0.35	0
BSU_33310	GO:0046942	7	0.35	0
BSU_34140	GO:0046942	7	0.35	0
BSU_12420	GO:0003678	7	0.35	0
BSU_29120	GO:0003678	7	0.35	0
BSU_15390	GO:0003678	7	0.35	0
BSU_10650	GO:0008253	7	0.35	0
BSU_03330	GO:0015293	7	0.35	0
BSU_18240	GO:0008253	7	0.35	0
BSU_37120	GO:0008253	7	0.35	0
BSU_13910	GO:0008253	7	0.35	0
BSU_29980	GO:0008253	7	0.35	0
BSU_35340	GO:0008253	7	0.35	0
BSU_03780	GO:0008253	7	0.35	0
BSU_16100	GO:0008253	7	0.35	0
BSU_28550	GO:0003678	7	0.35	0
BSU_03200	GO:0008253	7	0.35	0
BSU_35720	GO:0008253	7	0.35	0
BSU_35760	GO:0008253	7	0.35	0
BSU_16370	GO:0003678	7	0.35	0
BSU_16360	GO:0003678	7	0.35	0
BSU_16380	GO:0003678	7	0.35	0
BSU_36800	GO:0003678	7	0.35	0
BSU_00410	GO:0004644	7	0.35	0
BSU_06520	GO:0004644	7	0.35	0
BSU_00090	GO:0017018	7	0.35	0
BSU_35340	GO:0090529	7	0.35	0
BSU_37790	GO:0016829	7	0.35	0
BSU_03780	GO:0016829	7	0.35	0
BSU_04720	GO:0016829	7	0.35	0
BSU_35670	GO:0016829	7	0.35	0
BSU_06690	GO:0016829	7	0.35	0
BSU_08650	GO:0016829	7	0.35	0
BSU_13910	GO:0016829	7	0.35	0
BSU_16100	GO:0016829	7	0.35	0
BSU_24340	GO:0016829	7	0.35	0
BSU_28870	GO:0016829	7	0.35	0
BSU_29140	GO:0016829	7	0.35	0
BSU_06690	GO:0090529	7	0.35	0
BSU_12420	GO:0090529	7	0.35	0
BSU_16100	GO:0090529	7	0.35	0
BSU_29140	GO:0090529	7	0.35	0
BSU_35720	GO:0090529	7	0.35	0
BSU_35760	GO:0090529	7	0.35	0
BSU_22540	GO:0016829	7	0.35	0
BSU_34140	GO:0016829	7	0.35	0
BSU_23150	GO:0051920	7	0.35	0
BSU_03180	GO:0051920	7	0.35	0
BSU_11880	GO:0051920	7	0.35	0
BSU_11220	GO:0051920	7	0.35	0
BSU_11200	GO:0051920	7	0.35	0
BSU_11190	GO:0051920	7	0.35	0
BSU_29140	GO:0051920	7	0.35	0
BSU_28150	GO:0051920	7	0.35	0
BSU_06240	GO:0051920	7	0.35	0
BSU_03780	GO:0051920	7	0.35	0
BSU_32110	GO:0051920	7	0.35	0
BSU_06510	GO:0051920	7	0.35	0
BSU_00930	GO:0051920	7	0.35	0
BSU_00700	GO:0051920	7	0.35	0
BSU_27610	GO:0051920	7	0.35	0
BSU_28050	GO:0051920	7	0.35	0
BSU_00410	GO:0051920	7	0.35	0
BSU_00380	GO:0051920	7	0.35	0
BSU_16410	GO:0090529	7	0.35	0
BSU_12080	GO:0090529	7	0.35	0
BSU_37120	GO:0005737	7	0.35	0
BSU_37790	GO:0090529	7	0.35	0
BSU_16800	GO:0046872	7	0.35	0
BSU_28050	GO:0046872	7	0.35	0
BSU_27650	GO:0046872	7	0.35	0
BSU_33630	GO:0046872	7	0.35	0
BSU_16410	GO:0046872	7	0.35	0
BSU_16380	GO:0046872	7	0.35	0
BSU_11450	GO:0046872	7	0.35	0
BSU_11370	GO:0046872	7	0.35	0
BSU_11390	GO:0046872	7	0.35	0
BSU_11470	GO:0046872	7	0.35	0
BSU_11360	GO:0046872	7	0.35	0
BSU_24030	GO:0046872	7	0.35	0
BSU_11400	GO:0046872	7	0.35	0
BSU_00880	GO:0046872	7	0.35	0
BSU_37080	GO:0046872	7	0.35	0
BSU_28550	GO:0046872	7	0.35	0
BSU_34140	GO:0046872	7	0.35	0
BSU_00380	GO:0000160	7	0.35	0
BSU_03200	GO:0000160	7	0.35	0
BSU_03210	GO:0000160	7	0.35	0
BSU_13500	GO:0071555	7	0.35	0
BSU_03780	GO:0090529	7	0.35	0
BSU_33230	GO:0090529	7	0.35	0
BSU_16800	GO:0090529	7	0.35	0
BSU_13910	GO:0090529	7	0.35	0
BSU_28050	GO:0090529	7	0.35	0
BSU_28690	GO:0071555	7	0.35	0
BSU_28680	GO:0071555	7	0.35	0
BSU_03330	GO:0071555	7	0.35	0
BSU_15310	GO:0000160	7	0.35	0
BSU_10790	GO:0000160	7	0.35	0
BSU_24850	GO:0000160	7	0.35	0
BSU_11600	GO:0000160	7	0.35	0
BSU_05900	GO:0000160	7	0.35	0
BSU_00700	GO:0000160	7	0.35	0
BSU_01935	GO:0000160	7	0.35	0
BSU_40330	GO:0000160	7	0.35	0
BSU_29980	GO:0005737	7	0.35	0
BSU_18240	GO:0005737	7	0.35	0
BSU_14860	GO:0016020	7	0.35	0
BSU_06240	GO:0005829	7	0.35	0
BSU_35340	GO:0005524	7	0.35	0
BSU_12080	GO:0005524	7	0.35	0
BSU_37790	GO:0005524	7	0.35	0
BSU_33230	GO:0005524	7	0.35	0
BSU_28190	GO:0005524	7	0.35	0
BSU_37310	GO:0005524	7	0.35	0
BSU_28550	GO:0005524	7	0.35	0
BSU_13910	GO:0005524	7	0.35	0
BSU_29140	GO:0005524	7	0.35	0
BSU_24030	GO:0005524	7	0.35	0
BSU_03780	GO:0005524	7	0.35	0
BSU_14540	GO:0005524	7	0.35	0
BSU_28050	GO:0005524	7	0.35	0
BSU_29120	GO:0005524	7	0.35	0
BSU_29980	GO:0005524	7	0.35	0
BSU_13860	GO:0005829	7	0.35	0
BSU_11600	GO:0005829	7	0.35	0
BSU_35760	GO:0005524	7	0.35	0
BSU_35720	GO:0005524	7	0.35	0
BSU_17050	GO:0016020	7	0.35	0
BSU_04720	GO:0016020	7	0.35	0
BSU_24340	GO:0016020	7	0.35	0
BSU_18240	GO:0016020	7	0.35	0
BSU_10270	GO:0016020	7	0.35	0
BSU_06690	GO:0016020	7	0.35	0
BSU_06670	GO:0016020	7	0.35	0
BSU_10790	GO:0016020	7	0.35	0
BSU_00880	GO:0016020	7	0.35	0
BSU_40350	GO:0016020	7	0.35	0
BSU_16800	GO:0016020	7	0.35	0
BSU_24100	GO:0016020	7	0.35	0
BSU_16410	GO:0016020	7	0.35	0
BSU_11370	GO:0016020	7	0.35	0
BSU_11470	GO:0016020	7	0.35	0
BSU_11360	GO:0016020	7	0.35	0
BSU_10650	GO:0016020	7	0.35	0
BSU_37080	GO:0016020	7	0.35	0
BSU_10380	GO:0005829	7	0.35	0
BSU_05900	GO:0005829	7	0.35	0
BSU_24340	GO:0005737	7	0.35	0
BSU_03950	GO:0005829	7	0.35	0
BSU_29970	GO:0030145	7	0.35	0
BSU_00930	GO:0030145	7	0.35	0
BSU_00700	GO:0030145	7	0.35	0
BSU_27610	GO:0030145	7	0.35	0
BSU_00410	GO:0030145	7	0.35	0
BSU_00380	GO:0030145	7	0.35	0
BSU_25190	GO:0015295	7	0.35	0
BSU_23150	GO:0015295	7	0.35	0
BSU_13500	GO:0015295	7	0.35	0
BSU_06950	GO:0015295	7	0.35	0
BSU_03950	GO:0015295	7	0.35	0
BSU_03330	GO:0015295	7	0.35	0
BSU_16800	GO:0005737	7	0.35	0
BSU_40350	GO:0005737	7	0.35	0
BSU_24100	GO:0005737	7	0.35	0
BSU_33230	GO:0005737	7	0.35	0
BSU_22540	GO:0005737	7	0.35	0
BSU_06510	GO:0030145	7	0.35	0
BSU_34560	GO:0030145	7	0.35	0
BSU_03180	GO:0030145	7	0.35	0
BSU_28540	GO:0005829	7	0.35	0
BSU_34560	GO:0005829	7	0.35	0
BSU_00410	GO:0005829	7	0.35	0
BSU_00090	GO:0005829	7	0.35	0
BSU_39420	GO:0005829	7	0.35	0
BSU_39670	GO:0005829	7	0.35	0
BSU_11570	GO:0005829	7	0.35	0
BSU_30780	GO:0005829	7	0.35	0
BSU_39360	GO:0005829	7	0.35	0
BSU_06240	GO:0030145	7	0.35	0
BSU_11880	GO:0005829	7	0.35	0
BSU_24850	GO:0030145	7	0.35	0
BSU_11880	GO:0030145	7	0.35	0
BSU_11220	GO:0030145	7	0.35	0
BSU_11200	GO:0030145	7	0.35	0
BSU_11190	GO:0030145	7	0.35	0
BSU_28150	GO:0030145	7	0.35	0
BSU_28680	GO:0016020	7	0.35	0
BSU_28690	GO:0016020	7	0.35	0
BSU_36530	GO:0016020	7	0.35	0
BSU_06240	GO:0008168	7	0.35	0
BSU_00960	GO:0140098	7	0.35	0
BSU_12980	GO:0140098	7	0.35	0
BSU_22130	GO:0140098	7	0.35	0
BSU_37730	GO:0140098	7	0.35	0
BSU_19690	GO:0140098	7	0.35	0
BSU_17640	GO:0140098	7	0.35	0
BSU_04640	GO:0140098	7	0.35	0
BSU_00180	GO:0140098	7	0.35	0
BSU_15060	GO:0140098	7	0.35	0
BSU_15890	GO:0008168	7	0.35	0
BSU_15060	GO:0008168	7	0.35	0
BSU_24850	GO:0008168	7	0.35	0
BSU_11880	GO:0008168	7	0.35	0
BSU_11220	GO:0008168	7	0.35	0
BSU_11200	GO:0008168	7	0.35	0
BSU_11190	GO:0008168	7	0.35	0
BSU_29140	GO:0008168	7	0.35	0
BSU_00380	GO:0140098	7	0.35	0
BSU_00700	GO:0140098	7	0.35	0
BSU_10790	GO:0140098	7	0.35	0
BSU_00380	GO:0003723	7	0.35	0
BSU_29140	GO:0003723	7	0.35	0
BSU_28150	GO:0003723	7	0.35	0
BSU_06240	GO:0003723	7	0.35	0
BSU_03180	GO:0003723	7	0.35	0
BSU_03780	GO:0003723	7	0.35	0
BSU_06510	GO:0003723	7	0.35	0
BSU_28050	GO:0003723	7	0.35	0
BSU_17640	GO:0003723	7	0.35	0
BSU_06670	GO:0140098	7	0.35	0
BSU_19630	GO:0003723	7	0.35	0
BSU_34570	GO:0003723	7	0.35	0
BSU_27610	GO:0003723	7	0.35	0
BSU_15530	GO:0003723	7	0.35	0
BSU_00150	GO:0045454	7	0.35	0
BSU_06950	GO:0140098	7	0.35	0
BSU_05900	GO:0140098	7	0.35	0
BSU_28150	GO:0008168	7	0.35	0
BSU_03180	GO:0008168	7	0.35	0
BSU_00700	GO:0006096	7	0.35	0
BSU_03780	GO:0008168	7	0.35	0
BSU_22710	GO:0005198	7	0.35	0
BSU_23850	GO:0005198	7	0.35	0
BSU_24340	GO:0005198	7	0.35	0
BSU_25020	GO:0005198	7	0.35	0
BSU_27560	GO:0005198	7	0.35	0
BSU_28870	GO:0005198	7	0.35	0
BSU_29450	GO:0005198	7	0.35	0
BSU_12310	GO:0042823	7	0.35	0
BSU_03780	GO:0042823	7	0.35	0
BSU_40920	GO:0042823	7	0.35	0
BSU_32110	GO:0042823	7	0.35	0
BSU_35670	GO:0042823	7	0.35	0
BSU_37120	GO:0042823	7	0.35	0
BSU_06690	GO:0042823	7	0.35	0
BSU_06240	GO:0042823	7	0.35	0
BSU_06520	GO:0042823	7	0.35	0
BSU_00380	GO:0042823	7	0.35	0
BSU_19630	GO:0005198	7	0.35	0
BSU_16100	GO:0005198	7	0.35	0
BSU_13860	GO:0005198	7	0.35	0
BSU_31750	GO:0005198	7	0.35	0
BSU_06510	GO:0008168	7	0.35	0
BSU_27610	GO:0008168	7	0.35	0
BSU_28050	GO:0008168	7	0.35	0
BSU_00380	GO:0008168	7	0.35	0
BSU_00840	GO:0008168	7	0.35	0
BSU_40920	GO:0005198	7	0.35	0
BSU_32110	GO:0005198	7	0.35	0
BSU_35670	GO:0005198	7	0.35	0
BSU_11200	GO:0005198	7	0.35	0
BSU_37120	GO:0005198	7	0.35	0
BSU_06240	GO:0005198	7	0.35	0
BSU_06520	GO:0005198	7	0.35	0
BSU_00380	GO:0005198	7	0.35	0
BSU_00090	GO:0005198	7	0.35	0
BSU_08650	GO:0005198	7	0.35	0
BSU_11190	GO:0005198	7	0.35	0
BSU_00380	GO:0006096	7	0.35	0
BSU_10790	GO:0006096	7	0.35	0
BSU_00410	GO:0005524	7	0.35	0
BSU_00090	GO:0042838	7	0.35	0
BSU_11190	GO:0004315	7	0.35	0
BSU_28150	GO:0004315	7	0.35	0
BSU_06240	GO:0004315	7	0.35	0
BSU_34560	GO:0004315	7	0.35	0
BSU_06510	GO:0004315	7	0.35	0
BSU_29970	GO:0004315	7	0.35	0
BSU_00930	GO:0004315	7	0.35	0
BSU_00700	GO:0004315	7	0.35	0
BSU_27610	GO:0004315	7	0.35	0
BSU_00410	GO:0004315	7	0.35	0
BSU_00380	GO:0004315	7	0.35	0
BSU_35850	GO:0042838	7	0.35	0
BSU_11140	GO:0042838	7	0.35	0
BSU_04040	GO:0042838	7	0.35	0
BSU_03950	GO:0042838	7	0.35	0
BSU_34560	GO:0042838	7	0.35	0
BSU_00700	GO:0042838	7	0.35	0
BSU_11200	GO:0004315	7	0.35	0
BSU_11220	GO:0004315	7	0.35	0
BSU_11880	GO:0004315	7	0.35	0
BSU_06950	GO:0006071	7	0.35	0
BSU_05900	GO:0017018	7	0.35	0
BSU_25190	GO:0006071	7	0.35	0
BSU_23150	GO:0006071	7	0.35	0
BSU_22540	GO:0006071	7	0.35	0
BSU_35670	GO:0006071	7	0.35	0
BSU_15310	GO:0006071	7	0.35	0
BSU_13500	GO:0006071	7	0.35	0
BSU_12310	GO:0006071	7	0.35	0
BSU_24850	GO:0004315	7	0.35	0
BSU_03950	GO:0006071	7	0.35	0
BSU_03330	GO:0006071	7	0.35	0
BSU_14370	GO:0006071	7	0.35	0
BSU_29450	GO:0004315	7	0.35	0
BSU_15890	GO:0004315	7	0.35	0
BSU_15130	GO:0004315	7	0.35	0
BSU_15060	GO:0004315	7	0.35	0
BSU_00410	GO:0042838	7	0.35	0
BSU_00740	GO:0042838	7	0.35	0
BSU_06670	GO:0006096	7	0.35	0
BSU_39670	GO:0042838	7	0.35	0
BSU_23850	GO:0030488	7	0.35	0
BSU_25020	GO:0030488	7	0.35	0
BSU_27560	GO:0030488	7	0.35	0
BSU_29450	GO:0030488	7	0.35	0
BSU_40920	GO:0006096	7	0.35	0
BSU_27560	GO:0006096	7	0.35	0
BSU_25270	GO:0006096	7	0.35	0
BSU_24340	GO:0006096	7	0.35	0
BSU_18240	GO:0006096	7	0.35	0
BSU_20060	GO:0006096	7	0.35	0
BSU_29450	GO:0006096	7	0.35	0
BSU_15060	GO:0006096	7	0.35	0
BSU_13530	GO:0006096	7	0.35	0
BSU_11600	GO:0006096	7	0.35	0
BSU_10270	GO:0006096	7	0.35	0
BSU_06950	GO:0006096	7	0.35	0
BSU_05900	GO:0006096	7	0.35	0
BSU_22710	GO:0030488	7	0.35	0
BSU_19630	GO:0030488	7	0.35	0
BSU_13860	GO:0030488	7	0.35	0
BSU_12310	GO:0030488	7	0.35	0
BSU_11570	GO:0042838	7	0.35	0
BSU_30780	GO:0042838	7	0.35	0
BSU_28540	GO:0042838	7	0.35	0
BSU_39360	GO:0042838	7	0.35	0
BSU_22710	GO:0042838	7	0.35	0
BSU_39420	GO:0042838	7	0.35	0
BSU_06950	GO:0030488	7	0.35	0
BSU_40920	GO:0030488	7	0.35	0
BSU_11200	GO:0030488	7	0.35	0
BSU_32110	GO:0030488	7	0.35	0
BSU_31750	GO:0030488	7	0.35	0
BSU_06240	GO:0030488	7	0.35	0
BSU_06520	GO:0030488	7	0.35	0
BSU_00380	GO:0030488	7	0.35	0
BSU_00090	GO:0030488	7	0.35	0
BSU_11190	GO:0030488	7	0.35	0
BSU_08650	GO:0042823	7	0.35	0
BSU_11190	GO:0042823	7	0.35	0
BSU_11200	GO:0042823	7	0.35	0
BSU_31100	GO:0071555	7	0.35	0
BSU_11220	GO:0006355	7	0.35	0
BSU_11190	GO:0006355	7	0.35	0
BSU_06240	GO:0006355	7	0.35	0
BSU_34560	GO:0006355	7	0.35	0
BSU_29970	GO:0006355	7	0.35	0
BSU_00930	GO:0006355	7	0.35	0
BSU_00700	GO:0006355	7	0.35	0
BSU_27610	GO:0006355	7	0.35	0
BSU_00410	GO:0006355	7	0.35	0
BSU_06140	GO:0006355	7	0.35	0
BSU_36280	GO:0006355	7	0.35	0
BSU_25190	GO:0030435	7	0.35	0
BSU_23150	GO:0030435	7	0.35	0
BSU_13500	GO:0030435	7	0.35	0
BSU_06950	GO:0030435	7	0.35	0
BSU_12310	GO:0030435	7	0.35	0
BSU_03950	GO:0030435	7	0.35	0
BSU_29970	GO:0030435	7	0.35	0
BSU_03050	GO:0030435	7	0.35	0
BSU_00150	GO:0030435	7	0.35	0
BSU_22540	GO:0016887	7	0.35	0
BSU_38280	GO:0016887	7	0.35	0
BSU_33310	GO:0016887	7	0.35	0
BSU_33470	GO:0016887	7	0.35	0
BSU_31640	GO:0016887	7	0.35	0
BSU_31610	GO:0016887	7	0.35	0
BSU_31100	GO:0016887	7	0.35	0
BSU_25190	GO:0016887	7	0.35	0
BSU_10380	GO:0016887	7	0.35	0
BSU_21690	GO:0030435	7	0.35	0
BSU_06950	GO:0016887	7	0.35	0
BSU_12310	GO:0016887	7	0.35	0
BSU_03950	GO:0016887	7	0.35	0
BSU_03330	GO:0016887	7	0.35	0
BSU_14370	GO:0016887	7	0.35	0
BSU_17120	GO:0030435	7	0.35	0
BSU_17130	GO:0030435	7	0.35	0
BSU_03330	GO:0030435	7	0.35	0
BSU_25190	GO:0071555	7	0.35	0
BSU_16100	GO:0042823	7	0.35	0
BSU_22540	GO:0071555	7	0.35	0
BSU_29120	GO:0019344	7	0.35	0
BSU_37090	GO:0005524	7	0.35	0
BSU_38290	GO:0005524	7	0.35	0
BSU_25020	GO:0005524	7	0.35	0
BSU_15890	GO:0005524	7	0.35	0
BSU_15130	GO:0005524	7	0.35	0
BSU_11880	GO:0005524	7	0.35	0
BSU_11220	GO:0005524	7	0.35	0
BSU_11200	GO:0005524	7	0.35	0
BSU_11190	GO:0005524	7	0.35	0
BSU_28150	GO:0005524	7	0.35	0
BSU_06240	GO:0005524	7	0.35	0
BSU_34560	GO:0005524	7	0.35	0
BSU_06510	GO:0005524	7	0.35	0
BSU_29970	GO:0005524	7	0.35	0
BSU_00930	GO:0005524	7	0.35	0
BSU_27610	GO:0005524	7	0.35	0
BSU_29140	GO:0019344	7	0.35	0
BSU_13910	GO:0019344	7	0.35	0
BSU_12420	GO:0019344	7	0.35	0
BSU_24100	GO:0071555	7	0.35	0
BSU_10380	GO:0071555	7	0.35	0
BSU_12310	GO:0071555	7	0.35	0
BSU_03950	GO:0071555	7	0.35	0
BSU_03330	GO:0071555	7	0.35	0
BSU_14370	GO:0071555	7	0.35	0
BSU_16420	GO:0071555	7	0.35	0
BSU_31520	GO:0071555	7	0.35	0
BSU_13530	GO:0071555	7	0.35	0
BSU_06690	GO:0019344	7	0.35	0
BSU_06950	GO:0071555	7	0.35	0
BSU_37310	GO:0019344	7	0.35	0
BSU_28550	GO:0019344	7	0.35	0
BSU_34140	GO:0019344	7	0.35	0
BSU_37790	GO:0019344	7	0.35	0
BSU_03780	GO:0019344	7	0.35	0
BSU_04720	GO:0019344	7	0.35	0
BSU_35650	GO:0016887	7	0.35	0
BSU_29120	GO:0004088	7	0.35	0
BSU_29140	GO:0004088	7	0.35	0
BSU_13910	GO:0004088	7	0.35	0
BSU_11200	GO:0051082	7	0.35	0
BSU_11190	GO:0051082	7	0.35	0
BSU_29140	GO:0051082	7	0.35	0
BSU_28150	GO:0051082	7	0.35	0
BSU_06240	GO:0051082	7	0.35	0
BSU_03180	GO:0051082	7	0.35	0
BSU_03780	GO:0051082	7	0.35	0
BSU_06510	GO:0051082	7	0.35	0
BSU_27610	GO:0051082	7	0.35	0
BSU_28050	GO:0051082	7	0.35	0
BSU_00380	GO:0051082	7	0.35	0
BSU_11710	GO:0005886	7	0.35	0
BSU_00150	GO:0005886	7	0.35	0
BSU_36280	GO:0005886	7	0.35	0
BSU_38300	GO:0005886	7	0.35	0
BSU_30560	GO:0005886	7	0.35	0
BSU_27560	GO:0005886	7	0.35	0
BSU_11220	GO:0051082	7	0.35	0
BSU_11880	GO:0051082	7	0.35	0
BSU_24850	GO:0051082	7	0.35	0
BSU_27650	GO:0006284	7	0.35	0
BSU_19630	GO:0042823	7	0.35	0
BSU_24340	GO:0042823	7	0.35	0
BSU_28870	GO:0042823	7	0.35	0
BSU_29140	GO:0042823	7	0.35	0
BSU_29450	GO:0042823	7	0.35	0
BSU_37240	GO:0006284	7	0.35	0
BSU_28190	GO:0006284	7	0.35	0
BSU_33630	GO:0006284	7	0.35	0
BSU_15060	GO:0051082	7	0.35	0
BSU_11450	GO:0006284	7	0.35	0
BSU_11400	GO:0006284	7	0.35	0
BSU_28550	GO:0006284	7	0.35	0
BSU_15390	GO:0006284	7	0.35	0
BSU_29120	GO:0006284	7	0.35	0
BSU_12420	GO:0006284	7	0.35	0
BSU_15890	GO:0051082	7	0.35	0
BSU_25270	GO:0005886	7	0.35	0
BSU_20060	GO:0005886	7	0.35	0
BSU_29450	GO:0005886	7	0.35	0
BSU_00880	GO:0004088	7	0.35	0
BSU_08650	GO:0000287	7	0.35	0
BSU_13910	GO:0000287	7	0.35	0
BSU_16100	GO:0000287	7	0.35	0
BSU_24340	GO:0000287	7	0.35	0
BSU_28870	GO:0000287	7	0.35	0
BSU_29140	GO:0000287	7	0.35	0
BSU_14540	GO:0004088	7	0.35	0
BSU_28050	GO:0004088	7	0.35	0
BSU_37120	GO:0000287	7	0.35	0
BSU_28550	GO:0004088	7	0.35	0
BSU_34140	GO:0004088	7	0.35	0
BSU_37790	GO:0004088	7	0.35	0
BSU_03780	GO:0004088	7	0.35	0
BSU_04720	GO:0004088	7	0.35	0
BSU_06690	GO:0004088	7	0.35	0
BSU_12420	GO:0004088	7	0.35	0
BSU_06690	GO:0000287	7	0.35	0
BSU_35670	GO:0000287	7	0.35	0
BSU_15060	GO:0005886	7	0.35	0
BSU_11570	GO:0005886	7	0.35	0
BSU_24850	GO:0005886	7	0.35	0
BSU_13530	GO:0005886	7	0.35	0
BSU_11600	GO:0005886	7	0.35	0
BSU_05900	GO:0005886	7	0.35	0
BSU_00700	GO:0005886	7	0.35	0
BSU_00380	GO:0005886	7	0.35	0
BSU_01935	GO:0005886	7	0.35	0
BSU_10380	GO:0005886	7	0.35	0
BSU_04720	GO:0000287	7	0.35	0
BSU_06140	GO:0005886	7	0.35	0
BSU_40920	GO:0005886	7	0.35	0
BSU_28550	GO:0000287	7	0.35	0
BSU_34140	GO:0000287	7	0.35	0
BSU_22540	GO:0000287	7	0.35	0
BSU_37790	GO:0000287	7	0.35	0
BSU_03780	GO:0000287	7	0.35	0
BSU_28150	GO:0009380	7	0.35	0
BSU_29140	GO:0009380	7	0.35	0
BSU_03780	GO:0030170	7	0.35	0
BSU_11370	GO:0006814	7	0.35	0
BSU_00960	GO:0046872	7	0.35	0
BSU_31750	GO:0046872	7	0.35	0
BSU_23850	GO:0046872	7	0.35	0
BSU_22710	GO:0046872	7	0.35	0
BSU_19630	GO:0046872	7	0.35	0
BSU_17640	GO:0046872	7	0.35	0
BSU_04640	GO:0046872	7	0.35	0
BSU_06510	GO:0046872	7	0.35	0
BSU_00930	GO:0046872	7	0.35	0
BSU_11710	GO:0046872	7	0.35	0
BSU_28690	GO:0006814	7	0.35	0
BSU_28680	GO:0006814	7	0.35	0
BSU_25190	GO:0006814	7	0.35	0
BSU_23150	GO:0006814	7	0.35	0
BSU_22540	GO:0006814	7	0.35	0
BSU_35670	GO:0006814	7	0.35	0
BSU_15310	GO:0006814	7	0.35	0
BSU_17130	GO:0046872	7	0.35	0
BSU_17120	GO:0046872	7	0.35	0
BSU_06140	GO:0046872	7	0.35	0
BSU_25190	GO:0030435	7	0.35	0
BSU_17120	GO:0030435	7	0.35	0
BSU_11840	GO:0030435	7	0.35	0
BSU_17220	GO:0030435	7	0.35	0
BSU_11200	GO:0030435	7	0.35	0
BSU_32830	GO:0030435	7	0.35	0
BSU_00930	GO:0030435	7	0.35	0
BSU_31100	GO:0030435	7	0.35	0
BSU_23150	GO:0030435	7	0.35	0
BSU_14390	GO:0046872	7	0.35	0
BSU_06240	GO:0030435	7	0.35	0
BSU_17640	GO:0030435	7	0.35	0
BSU_24850	GO:0046872	7	0.35	0
BSU_13530	GO:0046872	7	0.35	0
BSU_06950	GO:0046872	7	0.35	0
BSU_29960	GO:0046872	7	0.35	0
BSU_37500	GO:0046872	7	0.35	0
BSU_13500	GO:0006814	7	0.35	0
BSU_06950	GO:0006814	7	0.35	0
BSU_04640	GO:0030435	7	0.35	0
BSU_03950	GO:0006814	7	0.35	0
BSU_35670	GO:0009089	7	0.35	0
BSU_37120	GO:0009089	7	0.35	0
BSU_06690	GO:0009089	7	0.35	0
BSU_06520	GO:0009089	7	0.35	0
BSU_00380	GO:0009089	7	0.35	0
BSU_08650	GO:0009089	7	0.35	0
BSU_11200	GO:0009089	7	0.35	0
BSU_13910	GO:0009089	7	0.35	0
BSU_16100	GO:0009089	7	0.35	0
BSU_24340	GO:0009089	7	0.35	0
BSU_28870	GO:0009089	7	0.35	0
BSU_29140	GO:0009089	7	0.35	0
BSU_15130	GO:0004180	7	0.35	0
BSU_34560	GO:0004180	7	0.35	0
BSU_29970	GO:0004180	7	0.35	0
BSU_00930	GO:0004180	7	0.35	0
BSU_00700	GO:0004180	7	0.35	0
BSU_03780	GO:0009089	7	0.35	0
BSU_12310	GO:0009089	7	0.35	0
BSU_37790	GO:0009089	7	0.35	0
BSU_31610	GO:0006826	7	0.35	0
BSU_38410	GO:0006814	7	0.35	0
BSU_14370	GO:0006814	7	0.35	0
BSU_08220	GO:0006826	7	0.35	0
BSU_08210	GO:0006826	7	0.35	0
BSU_35650	GO:0006826	7	0.35	0
BSU_33470	GO:0006826	7	0.35	0
BSU_31640	GO:0006826	7	0.35	0
BSU_31100	GO:0006826	7	0.35	0
BSU_14370	GO:0006826	7	0.35	0
BSU_25190	GO:0006826	7	0.35	0
BSU_22540	GO:0006826	7	0.35	0
BSU_10380	GO:0006826	7	0.35	0
BSU_06950	GO:0006826	7	0.35	0
BSU_12310	GO:0006826	7	0.35	0
BSU_03950	GO:0006826	7	0.35	0
BSU_03330	GO:0006826	7	0.35	0
BSU_09540	GO:0030435	7	0.35	0
BSU_40920	GO:0030435	7	0.35	0
BSU_12980	GO:0004180	7	0.35	0
BSU_31580	GO:0006811	7	0.35	0
BSU_27610	GO:0005524	7	0.35	0
BSU_28050	GO:0005524	7	0.35	0
BSU_14540	GO:0016887	7	0.35	0
BSU_00880	GO:0016887	7	0.35	0
BSU_24030	GO:0016887	7	0.35	0
BSU_28190	GO:0016887	7	0.35	0
BSU_28550	GO:0016887	7	0.35	0
BSU_34140	GO:0016887	7	0.35	0
BSU_37790	GO:0016887	7	0.35	0
BSU_04720	GO:0016887	7	0.35	0
BSU_13910	GO:0016887	7	0.35	0
BSU_29120	GO:0016887	7	0.35	0
BSU_09460	GO:0006811	7	0.35	0
BSU_17570	GO:0006811	7	0.35	0
BSU_37760	GO:0006811	7	0.35	0
BSU_09280	GO:0006811	7	0.35	0
BSU_03670	GO:0006811	7	0.35	0
BSU_06510	GO:0005524	7	0.35	0
BSU_03780	GO:0005524	7	0.35	0
BSU_03180	GO:0005524	7	0.35	0
BSU_00410	GO:0016746	7	0.35	0
BSU_27560	GO:0016746	7	0.35	0
BSU_25270	GO:0016746	7	0.35	0
BSU_25020	GO:0016746	7	0.35	0
BSU_15130	GO:0016746	7	0.35	0
BSU_34560	GO:0016746	7	0.35	0
BSU_29970	GO:0016746	7	0.35	0
BSU_00700	GO:0016746	7	0.35	0
BSU_17220	GO:0005524	7	0.35	0
BSU_06240	GO:0005524	7	0.35	0
BSU_15890	GO:0005524	7	0.35	0
BSU_11880	GO:0005524	7	0.35	0
BSU_11220	GO:0005524	7	0.35	0
BSU_11200	GO:0005524	7	0.35	0
BSU_11190	GO:0005524	7	0.35	0
BSU_29140	GO:0005524	7	0.35	0
BSU_28150	GO:0005524	7	0.35	0
BSU_36470	GO:0006811	7	0.35	0
BSU_06310	GO:0006811	7	0.35	0
BSU_08210	GO:0030435	7	0.35	0
BSU_06160	GO:0006811	7	0.35	0
BSU_11190	GO:0044780	7	0.35	0
BSU_29140	GO:0044780	7	0.35	0
BSU_28150	GO:0044780	7	0.35	0
BSU_03180	GO:0044780	7	0.35	0
BSU_03780	GO:0044780	7	0.35	0
BSU_06510	GO:0044780	7	0.35	0
BSU_00880	GO:0044780	7	0.35	0
BSU_28050	GO:0044780	7	0.35	0
BSU_00380	GO:0044780	7	0.35	0
BSU_16410	GO:0044780	7	0.35	0
BSU_35340	GO:0044780	7	0.35	0
BSU_00840	GO:0044780	7	0.35	0
BSU_00700	GO:0030435	7	0.35	0
BSU_00380	GO:0030435	7	0.35	0
BSU_06140	GO:0030435	7	0.35	0
BSU_24100	GO:0030435	7	0.35	0
BSU_08220	GO:0030435	7	0.35	0
BSU_11200	GO:0044780	7	0.35	0
BSU_11220	GO:0044780	7	0.35	0
BSU_11880	GO:0044780	7	0.35	0
BSU_13500	GO:0006811	7	0.35	0
BSU_37940	GO:0006811	7	0.35	0
BSU_09130	GO:0006811	7	0.35	0
BSU_40330	GO:0006811	7	0.35	0
BSU_15480	GO:0006811	7	0.35	0
BSU_08220	GO:0006811	7	0.35	0
BSU_08210	GO:0006811	7	0.35	0
BSU_12310	GO:0006811	7	0.35	0
BSU_28150	GO:0046872	7	0.35	0
BSU_04640	GO:0046872	7	0.35	0
BSU_00380	GO:0046872	7	0.35	0
BSU_06950	GO:0046872	7	0.35	0
BSU_36280	GO:0046872	7	0.35	0
BSU_14390	GO:0046872	7	0.35	0
BSU_05710	GO:0046872	7	0.35	0
BSU_34570	GO:0046872	7	0.35	0
BSU_17640	GO:0046872	7	0.35	0
BSU_00410	GO:0004180	7	0.35	0
BSU_32340	GO:0004180	7	0.35	0
BSU_37120	GO:0000287	7	0.35	0
BSU_22540	GO:0010133	7	0.35	0
BSU_05550	GO:0004222	7	0.35	0
BSU_17970	GO:0004222	7	0.35	0
BSU_37120	GO:0004222	7	0.35	0
BSU_15310	GO:0004222	7	0.35	0
BSU_13530	GO:0004222	7	0.35	0
BSU_10790	GO:0004222	7	0.35	0
BSU_13130	GO:0010133	7	0.35	0
BSU_37370	GO:0010133	7	0.35	0
BSU_21690	GO:0010133	7	0.35	0
BSU_03050	GO:0010133	7	0.35	0
BSU_33470	GO:0010133	7	0.35	0
BSU_30860	GO:0010133	7	0.35	0
BSU_32110	GO:0010133	7	0.35	0
BSU_28690	GO:0010133	7	0.35	0
BSU_28680	GO:0010133	7	0.35	0
BSU_25020	GO:0010133	7	0.35	0
BSU_23850	GO:0010133	7	0.35	0
BSU_14370	GO:0004222	7	0.35	0
BSU_03330	GO:0004222	7	0.35	0
BSU_03950	GO:0004222	7	0.35	0
BSU_11600	GO:0032508	7	0.35	0
BSU_27560	GO:0032508	7	0.35	0
BSU_25270	GO:0032508	7	0.35	0
BSU_20060	GO:0032508	7	0.35	0
BSU_29450	GO:0032508	7	0.35	0
BSU_15060	GO:0032508	7	0.35	0
BSU_24850	GO:0032508	7	0.35	0
BSU_13530	GO:0032508	7	0.35	0
BSU_10270	GO:0032508	7	0.35	0
BSU_12310	GO:0004222	7	0.35	0
BSU_06950	GO:0032508	7	0.35	0
BSU_05900	GO:0032508	7	0.35	0
BSU_10790	GO:0032508	7	0.35	0
BSU_00700	GO:0032508	7	0.35	0
BSU_00380	GO:0032508	7	0.35	0
BSU_10380	GO:0004222	7	0.35	0
BSU_06950	GO:0004222	7	0.35	0
BSU_23150	GO:0010133	7	0.35	0
BSU_20060	GO:0010133	7	0.35	0
BSU_30560	GO:0032508	7	0.35	0
BSU_15530	GO:0010133	7	0.35	0
BSU_35720	GO:0016757	7	0.35	0
BSU_35760	GO:0016757	7	0.35	0
BSU_22540	GO:0051539	7	0.35	0
BSU_24340	GO:0051539	7	0.35	0
BSU_18240	GO:0051539	7	0.35	0
BSU_37120	GO:0051539	7	0.35	0
BSU_13910	GO:0051539	7	0.35	0
BSU_29980	GO:0051539	7	0.35	0
BSU_16100	GO:0051539	7	0.35	0
BSU_29140	GO:0051539	7	0.35	0
BSU_24030	GO:0051539	7	0.35	0
BSU_37090	GO:0000287	7	0.35	0
BSU_28690	GO:0000287	7	0.35	0
BSU_25020	GO:0000287	7	0.35	0
BSU_25190	GO:0000287	7	0.35	0
BSU_22540	GO:0000287	7	0.35	0
BSU_24340	GO:0000287	7	0.35	0
BSU_37240	GO:0016757	7	0.35	0
BSU_29120	GO:0016757	7	0.35	0
BSU_28190	GO:0016757	7	0.35	0
BSU_34140	GO:0016757	7	0.35	0
BSU_11190	GO:0010133	7	0.35	0
BSU_10850	GO:0010133	7	0.35	0
BSU_08650	GO:0010133	7	0.35	0
BSU_06240	GO:0010133	7	0.35	0
BSU_00090	GO:0010133	7	0.35	0
BSU_16800	GO:0016757	7	0.35	0
BSU_27650	GO:0016757	7	0.35	0
BSU_16370	GO:0016757	7	0.35	0
BSU_37790	GO:0016757	7	0.35	0
BSU_16380	GO:0016757	7	0.35	0
BSU_13910	GO:0016757	7	0.35	0
BSU_11450	GO:0016757	7	0.35	0
BSU_11390	GO:0016757	7	0.35	0
BSU_33630	GO:0016757	7	0.35	0
BSU_11400	GO:0016757	7	0.35	0
BSU_12080	GO:0016757	7	0.35	0
BSU_40920	GO:0032508	7	0.35	0
BSU_24030	GO:0019464	7	0.35	0
BSU_13860	GO:0004180	7	0.35	0
BSU_00880	GO:0016746	7	0.35	0
BSU_35670	GO:0016787	7	0.35	0
BSU_15310	GO:0016787	7	0.35	0
BSU_13500	GO:0016787	7	0.35	0
BSU_06950	GO:0016787	7	0.35	0
BSU_12310	GO:0016787	7	0.35	0
BSU_03950	GO:0016787	7	0.35	0
BSU_03330	GO:0016787	7	0.35	0
BSU_14370	GO:0016787	7	0.35	0
BSU_06140	GO:0005737	7	0.35	0
BSU_36280	GO:0005737	7	0.35	0
BSU_31520	GO:0005737	7	0.35	0
BSU_37310	GO:0016746	7	0.35	0
BSU_28550	GO:0016746	7	0.35	0
BSU_13910	GO:0016746	7	0.35	0
BSU_12420	GO:0016746	7	0.35	0
BSU_29140	GO:0016746	7	0.35	0
BSU_03780	GO:0016746	7	0.35	0
BSU_22540	GO:0016787	7	0.35	0
BSU_23150	GO:0016787	7	0.35	0
BSU_25190	GO:0016787	7	0.35	0
BSU_12080	GO:0046933	7	0.35	0
BSU_15050	GO:0004180	7	0.35	0
BSU_12420	GO:0046933	7	0.35	0
BSU_37080	GO:0046933	7	0.35	0
BSU_00880	GO:0046933	7	0.35	0
BSU_04720	GO:0046933	7	0.35	0
BSU_17050	GO:0046933	7	0.35	0
BSU_34140	GO:0046933	7	0.35	0
BSU_11450	GO:0046933	7	0.35	0
BSU_16380	GO:0046933	7	0.35	0
BSU_11390	GO:0046933	7	0.35	0
BSU_16800	GO:0046933	7	0.35	0
BSU_27650	GO:0046933	7	0.35	0
BSU_33630	GO:0046933	7	0.35	0
BSU_37240	GO:0046933	7	0.35	0
BSU_11400	GO:0046933	7	0.35	0
BSU_16370	GO:0046933	7	0.35	0
BSU_14540	GO:0016746	7	0.35	0
BSU_28050	GO:0016746	7	0.35	0
BSU_16410	GO:0019464	7	0.35	0
BSU_29120	GO:0016746	7	0.35	0
BSU_06670	GO:0008033	7	0.35	0
BSU_10790	GO:0008033	7	0.35	0
BSU_00700	GO:0008033	7	0.35	0
BSU_00380	GO:0008033	7	0.35	0
BSU_00960	GO:0008033	7	0.35	0
BSU_12980	GO:0008033	7	0.35	0
BSU_22130	GO:0008033	7	0.35	0
BSU_37730	GO:0008033	7	0.35	0
BSU_19690	GO:0008033	7	0.35	0
BSU_17640	GO:0008033	7	0.35	0
BSU_04640	GO:0008033	7	0.35	0
BSU_37790	GO:0019464	7	0.35	0
BSU_08650	GO:0019464	7	0.35	0
BSU_32850	GO:0019464	7	0.35	0
BSU_03200	GO:0019464	7	0.35	0
BSU_37310	GO:0019464	7	0.35	0
BSU_28870	GO:0019464	7	0.35	0
BSU_05900	GO:0008033	7	0.35	0
BSU_06950	GO:0008033	7	0.35	0
BSU_10270	GO:0008033	7	0.35	0
BSU_13860	GO:0008801	7	0.35	0
BSU_37240	GO:0016746	7	0.35	0
BSU_38300	GO:0008801	7	0.35	0
BSU_30820	GO:0008801	7	0.35	0
BSU_37090	GO:0008801	7	0.35	0
BSU_28690	GO:0008801	7	0.35	0
BSU_25020	GO:0008801	7	0.35	0
BSU_17660	GO:0008801	7	0.35	0
BSU_11600	GO:0008801	7	0.35	0
BSU_11600	GO:0008033	7	0.35	0
BSU_05900	GO:0008801	7	0.35	0
BSU_04040	GO:0008801	7	0.35	0
BSU_34560	GO:0008801	7	0.35	0
BSU_00700	GO:0008801	7	0.35	0
BSU_00410	GO:0008801	7	0.35	0
BSU_00090	GO:0008801	7	0.35	0
BSU_13530	GO:0008033	7	0.35	0
BSU_37090	GO:0016746	7	0.35	0
BSU_03050	GO:0016746	7	0.35	0
BSU_03330	GO:0072488	7	0.35	0
BSU_20060	GO:0004657	7	0.35	0
BSU_39420	GO:0033014	7	0.35	0
BSU_37370	GO:0033014	7	0.35	0
BSU_28540	GO:0033014	7	0.35	0
BSU_34570	GO:0033014	7	0.35	0
BSU_16100	GO:0033014	7	0.35	0
BSU_24850	GO:0033014	7	0.35	0
BSU_06510	GO:0033014	7	0.35	0
BSU_22130	GO:0033014	7	0.35	0
BSU_37730	GO:0033014	7	0.35	0
BSU_17640	GO:0033014	7	0.35	0
BSU_27610	GO:0004657	7	0.35	0
BSU_28050	GO:0004657	7	0.35	0
BSU_00380	GO:0004657	7	0.35	0
BSU_16100	GO:0004657	7	0.35	0
BSU_30860	GO:0004657	7	0.35	0
BSU_32110	GO:0004657	7	0.35	0
BSU_23150	GO:0004657	7	0.35	0
BSU_00380	GO:0033014	7	0.35	0
BSU_00410	GO:0033014	7	0.35	0
BSU_28050	GO:0033014	7	0.35	0
BSU_00090	GO:0005886	7	0.35	0
BSU_17660	GO:0005886	7	0.35	0
BSU_11600	GO:0005886	7	0.35	0
BSU_05900	GO:0005886	7	0.35	0
BSU_04040	GO:0005886	7	0.35	0
BSU_34560	GO:0005886	7	0.35	0
BSU_00700	GO:0005886	7	0.35	0
BSU_00410	GO:0005886	7	0.35	0
BSU_01935	GO:0005886	7	0.35	0
BSU_27610	GO:0033014	7	0.35	0
BSU_32340	GO:0005886	7	0.35	0
BSU_13860	GO:0005886	7	0.35	0
BSU_03180	GO:0033014	7	0.35	0
BSU_34560	GO:0033014	7	0.35	0
BSU_03780	GO:0033014	7	0.35	0
BSU_00930	GO:0033014	7	0.35	0
BSU_00700	GO:0033014	7	0.35	0
BSU_22540	GO:0004657	7	0.35	0
BSU_15530	GO:0004657	7	0.35	0
BSU_37090	GO:0005886	7	0.35	0
BSU_11190	GO:0004657	7	0.35	0
BSU_00410	GO:0006083	7	0.35	0
BSU_00380	GO:0006083	7	0.35	0
BSU_25270	GO:0006083	7	0.35	0
BSU_11220	GO:0016765	7	0.35	0
BSU_11200	GO:0016765	7	0.35	0
BSU_11190	GO:0016765	7	0.35	0
BSU_29140	GO:0016765	7	0.35	0
BSU_28150	GO:0016765	7	0.35	0
BSU_06240	GO:0016765	7	0.35	0
BSU_03180	GO:0016765	7	0.35	0
BSU_03780	GO:0016765	7	0.35	0
BSU_06510	GO:0016765	7	0.35	0
BSU_00930	GO:0016765	7	0.35	0
BSU_00700	GO:0016765	7	0.35	0
BSU_27610	GO:0016765	7	0.35	0
BSU_28050	GO:0016765	7	0.35	0
BSU_00410	GO:0016765	7	0.35	0
BSU_27610	GO:0006083	7	0.35	0
BSU_00700	GO:0006083	7	0.35	0
BSU_00930	GO:0006083	7	0.35	0
BSU_24850	GO:0006083	7	0.35	0
BSU_10850	GO:0004657	7	0.35	0
BSU_08650	GO:0004657	7	0.35	0
BSU_06240	GO:0004657	7	0.35	0
BSU_29450	GO:0006083	7	0.35	0
BSU_15890	GO:0006083	7	0.35	0
BSU_15130	GO:0006083	7	0.35	0
BSU_15060	GO:0006083	7	0.35	0
BSU_11880	GO:0006083	7	0.35	0
BSU_29970	GO:0006083	7	0.35	0
BSU_11220	GO:0006083	7	0.35	0
BSU_11200	GO:0006083	7	0.35	0
BSU_11190	GO:0006083	7	0.35	0
BSU_28150	GO:0006083	7	0.35	0
BSU_06240	GO:0006083	7	0.35	0
BSU_34560	GO:0006083	7	0.35	0
BSU_06510	GO:0006083	7	0.35	0
BSU_25020	GO:0005886	7	0.35	0
BSU_30820	GO:0005886	7	0.35	0
BSU_37940	GO:0072488	7	0.35	0
BSU_11450	GO:0051287	7	0.35	0
BSU_04720	GO:0015293	7	0.35	0
BSU_11400	GO:0015293	7	0.35	0
BSU_00180	GO:0005737	7	0.35	0
BSU_04320	GO:0005737	7	0.35	0
BSU_38300	GO:0005737	7	0.35	0
BSU_30820	GO:0005737	7	0.35	0
BSU_28690	GO:0005737	7	0.35	0
BSU_17660	GO:0005737	7	0.35	0
BSU_13860	GO:0005737	7	0.35	0
BSU_11600	GO:0005737	7	0.35	0
BSU_05900	GO:0005737	7	0.35	0
BSU_04040	GO:0005737	7	0.35	0
BSU_00090	GO:0005737	7	0.35	0
BSU_27650	GO:0051287	7	0.35	0
BSU_33630	GO:0051287	7	0.35	0
BSU_16370	GO:0051287	7	0.35	0
BSU_16360	GO:0051287	7	0.35	0
BSU_29980	GO:0015293	7	0.35	0
BSU_37240	GO:0015293	7	0.35	0
BSU_33630	GO:0015293	7	0.35	0
BSU_28190	GO:0015293	7	0.35	0
BSU_06510	GO:0030170	7	0.35	0
BSU_00930	GO:0030170	7	0.35	0
BSU_00700	GO:0030170	7	0.35	0
BSU_27610	GO:0030170	7	0.35	0
BSU_28050	GO:0030170	7	0.35	0
BSU_00410	GO:0030170	7	0.35	0
BSU_00380	GO:0030170	7	0.35	0
BSU_34140	GO:0015293	7	0.35	0
BSU_27650	GO:0015293	7	0.35	0
BSU_36800	GO:0015293	7	0.35	0
BSU_16370	GO:0015293	7	0.35	0
BSU_16380	GO:0015293	7	0.35	0
BSU_12080	GO:0015293	7	0.35	0
BSU_11450	GO:0015293	7	0.35	0
BSU_11390	GO:0015293	7	0.35	0
BSU_16800	GO:0015293	7	0.35	0
BSU_16380	GO:0051287	7	0.35	0
BSU_11400	GO:0051287	7	0.35	0
BSU_00380	GO:0032993	7	0.35	0
BSU_12080	GO:0051287	7	0.35	0
BSU_15890	GO:0032993	7	0.35	0
BSU_15130	GO:0032993	7	0.35	0
BSU_15060	GO:0032993	7	0.35	0
BSU_24850	GO:0032993	7	0.35	0
BSU_11880	GO:0032993	7	0.35	0
BSU_11220	GO:0032993	7	0.35	0
BSU_11200	GO:0032993	7	0.35	0
BSU_11190	GO:0032993	7	0.35	0
BSU_28150	GO:0032993	7	0.35	0
BSU_06240	GO:0032993	7	0.35	0
BSU_34560	GO:0032993	7	0.35	0
BSU_06510	GO:0032993	7	0.35	0
BSU_29970	GO:0032993	7	0.35	0
BSU_00930	GO:0032993	7	0.35	0
BSU_00700	GO:0032993	7	0.35	0
BSU_27610	GO:0032993	7	0.35	0
BSU_00410	GO:0032993	7	0.35	0
BSU_29450	GO:0032993	7	0.35	0
BSU_04720	GO:0030435	7	0.35	0
BSU_33630	GO:0030435	7	0.35	0
BSU_37080	GO:0030435	7	0.35	0
BSU_28190	GO:0051287	7	0.35	0
BSU_15390	GO:0051287	7	0.35	0
BSU_28550	GO:0051287	7	0.35	0
BSU_12420	GO:0051287	7	0.35	0
BSU_29120	GO:0051287	7	0.35	0
BSU_00880	GO:0030435	7	0.35	0
BSU_12420	GO:0030435	7	0.35	0
BSU_17050	GO:0030435	7	0.35	0
BSU_27650	GO:0030435	7	0.35	0
BSU_36800	GO:0030435	7	0.35	0
BSU_37240	GO:0030435	7	0.35	0
BSU_34140	GO:0030435	7	0.35	0
BSU_16370	GO:0030435	7	0.35	0
BSU_13910	GO:0030435	7	0.35	0
BSU_12080	GO:0030435	7	0.35	0
BSU_16380	GO:0030435	7	0.35	0
BSU_00380	GO:0016765	7	0.35	0
BSU_11880	GO:0016765	7	0.35	0
BSU_36530	GO:0016020	7	0.35	0
BSU_29980	GO:0005524	7	0.35	0
BSU_15720	GO:0016301	7	0.35	0
BSU_15530	GO:0016301	7	0.35	0
BSU_13860	GO:0016301	7	0.35	0
BSU_10380	GO:0016301	7	0.35	0
BSU_06240	GO:0016301	7	0.35	0
BSU_35850	GO:0016301	7	0.35	0
BSU_11140	GO:0016301	7	0.35	0
BSU_04040	GO:0016301	7	0.35	0
BSU_03950	GO:0016301	7	0.35	0
BSU_34560	GO:0016301	7	0.35	0
BSU_00410	GO:0016301	7	0.35	0
BSU_00090	GO:0016301	7	0.35	0
BSU_36640	GO:0005524	7	0.35	0
BSU_38290	GO:0005524	7	0.35	0
BSU_22540	GO:0005524	7	0.35	0
BSU_37120	GO:0005524	7	0.35	0
BSU_15530	GO:0005524	7	0.35	0
BSU_17660	GO:0016301	7	0.35	0
BSU_25190	GO:0016301	7	0.35	0
BSU_25020	GO:0016301	7	0.35	0
BSU_11570	GO:0009027	7	0.35	0
BSU_05900	GO:0009027	7	0.35	0
BSU_35850	GO:0009027	7	0.35	0
BSU_11140	GO:0009027	7	0.35	0
BSU_04040	GO:0009027	7	0.35	0
BSU_00740	GO:0009027	7	0.35	0
BSU_39420	GO:0009027	7	0.35	0
BSU_39670	GO:0009027	7	0.35	0
BSU_30780	GO:0009027	7	0.35	0
BSU_38290	GO:0016301	7	0.35	0
BSU_28540	GO:0009027	7	0.35	0
BSU_39360	GO:0009027	7	0.35	0
BSU_22710	GO:0009027	7	0.35	0
BSU_11880	GO:0009027	7	0.35	0
BSU_40920	GO:0016301	7	0.35	0
BSU_37090	GO:0016301	7	0.35	0
BSU_28690	GO:0016301	7	0.35	0
BSU_10380	GO:0005524	7	0.35	0
BSU_16100	GO:0005524	7	0.35	0
BSU_28690	GO:0016020	7	0.35	0
BSU_23150	GO:0046872	7	0.35	0
BSU_06670	GO:0005737	7	0.35	0
BSU_10790	GO:0005737	7	0.35	0
BSU_12310	GO:0005737	7	0.35	0
BSU_29980	GO:0005737	7	0.35	0
BSU_35650	GO:0005737	7	0.35	0
BSU_35720	GO:0005737	7	0.35	0
BSU_35760	GO:0005737	7	0.35	0
BSU_06520	GO:0005737	7	0.35	0
BSU_35670	GO:0005737	7	0.35	0
BSU_16100	GO:0005737	7	0.35	0
BSU_15480	GO:0072488	7	0.35	0
BSU_04320	GO:0072488	7	0.35	0
BSU_08220	GO:0072488	7	0.35	0
BSU_08210	GO:0072488	7	0.35	0
BSU_33470	GO:0072488	7	0.35	0
BSU_03670	GO:0072488	7	0.35	0
BSU_06310	GO:0072488	7	0.35	0
BSU_06690	GO:0005737	7	0.35	0
BSU_10270	GO:0005737	7	0.35	0
BSU_18240	GO:0005737	7	0.35	0
BSU_00380	GO:0046872	7	0.35	0
BSU_32830	GO:0046872	7	0.35	0
BSU_10270	GO:0046872	7	0.35	0
BSU_06950	GO:0046872	7	0.35	0
BSU_12310	GO:0046872	7	0.35	0
BSU_32110	GO:0046872	7	0.35	0
BSU_31750	GO:0046872	7	0.35	0
BSU_06520	GO:0046872	7	0.35	0
BSU_11190	GO:0046872	7	0.35	0
BSU_24340	GO:0005737	7	0.35	0
BSU_11200	GO:0046872	7	0.35	0
BSU_19630	GO:0046872	7	0.35	0
BSU_22710	GO:0046872	7	0.35	0
BSU_23850	GO:0046872	7	0.35	0
BSU_27560	GO:0046872	7	0.35	0
BSU_29450	GO:0046872	7	0.35	0
BSU_15530	GO:0005737	7	0.35	0
BSU_17660	GO:0009027	7	0.35	0
BSU_38290	GO:0009027	7	0.35	0
BSU_30820	GO:0009027	7	0.35	0
BSU_38300	GO:0009027	7	0.35	0
BSU_29140	GO:0004359	7	0.35	0
BSU_24030	GO:0004359	7	0.35	0
BSU_03780	GO:0004359	7	0.35	0
BSU_14540	GO:0004359	7	0.35	0
BSU_00880	GO:0004359	7	0.35	0
BSU_28050	GO:0004359	7	0.35	0
BSU_29120	GO:0004359	7	0.35	0
BSU_29980	GO:0004359	7	0.35	0
BSU_40350	GO:0005886	7	0.35	0
BSU_14860	GO:0005886	7	0.35	0
BSU_30560	GO:0005886	7	0.35	0
BSU_40920	GO:0005886	7	0.35	0
BSU_24340	GO:0005886	7	0.35	0
BSU_18240	GO:0005886	7	0.35	0
BSU_20060	GO:0005886	7	0.35	0
BSU_16410	GO:0005886	7	0.35	0
BSU_29450	GO:0005886	7	0.35	0
BSU_12420	GO:0004359	7	0.35	0
BSU_13910	GO:0004359	7	0.35	0
BSU_28550	GO:0004359	7	0.35	0
BSU_03950	GO:0006281	7	0.35	0
BSU_28680	GO:0016020	7	0.35	0
BSU_23150	GO:0016020	7	0.35	0
BSU_13500	GO:0016020	7	0.35	0
BSU_15530	GO:0006281	7	0.35	0
BSU_11600	GO:0006281	7	0.35	0
BSU_10380	GO:0006281	7	0.35	0
BSU_06240	GO:0006281	7	0.35	0
BSU_00700	GO:0006281	7	0.35	0
BSU_37310	GO:0004359	7	0.35	0
BSU_00410	GO:0006281	7	0.35	0
BSU_00090	GO:0006281	7	0.35	0
BSU_10650	GO:0006281	7	0.35	0
BSU_38290	GO:0006281	7	0.35	0
BSU_35850	GO:0006281	7	0.35	0
BSU_11140	GO:0006281	7	0.35	0
BSU_04040	GO:0006281	7	0.35	0
BSU_15060	GO:0005886	7	0.35	0
BSU_24850	GO:0005886	7	0.35	0
BSU_13530	GO:0005886	7	0.35	0
BSU_00700	GO:0016829	7	0.35	0
BSU_27560	GO:0016829	7	0.35	0
BSU_25270	GO:0016829	7	0.35	0
BSU_25020	GO:0016829	7	0.35	0
BSU_15130	GO:0016829	7	0.35	0
BSU_34560	GO:0016829	7	0.35	0
BSU_29970	GO:0016829	7	0.35	0
BSU_00930	GO:0016829	7	0.35	0
BSU_00410	GO:0016829	7	0.35	0
BSU_03050	GO:0016829	7	0.35	0
BSU_10850	GO:0009027	7	0.35	0
BSU_08650	GO:0009027	7	0.35	0
BSU_06240	GO:0009027	7	0.35	0
BSU_03210	GO:0009027	7	0.35	0
BSU_32850	GO:0009027	7	0.35	0
BSU_00090	GO:0009027	7	0.35	0
BSU_22670	GO:0009027	7	0.35	0
BSU_37090	GO:0016829	7	0.35	0
BSU_04720	GO:0032993	7	0.35	0
BSU_10650	GO:0005886	7	0.35	0
BSU_12420	GO:0032993	7	0.35	0
BSU_10270	GO:0005886	7	0.35	0
BSU_06690	GO:0005886	7	0.35	0
BSU_06670	GO:0005886	7	0.35	0
BSU_10790	GO:0005886	7	0.35	0
BSU_00380	GO:0005886	7	0.35	0
BSU_10380	GO:0005886	7	0.35	0
BSU_13910	GO:0032993	7	0.35	0
BSU_29140	GO:0032993	7	0.35	0
BSU_29980	GO:0032993	7	0.35	0
BSU_24030	GO:0032993	7	0.35	0
BSU_14540	GO:0032993	7	0.35	0
BSU_00880	GO:0032993	7	0.35	0
BSU_29120	GO:0032993	7	0.35	0
BSU_40350	GO:0032993	7	0.35	0
BSU_37310	GO:0032993	7	0.35	0
BSU_28550	GO:0032993	7	0.35	0
BSU_18240	GO:0000287	7	0.35	0
BSU_15720	GO:0000287	7	0.35	0
BSU_11200	GO:0009380	7	0.35	0
BSU_04040	GO:0030435	7	0.35	0
BSU_05900	GO:0005829	7	0.35	0
BSU_00700	GO:0005829	7	0.35	0
BSU_25020	GO:0009972	7	0.35	0
BSU_15130	GO:0009972	7	0.35	0
BSU_34560	GO:0009972	7	0.35	0
BSU_29970	GO:0009972	7	0.35	0
BSU_00930	GO:0009972	7	0.35	0
BSU_00700	GO:0009972	7	0.35	0
BSU_27610	GO:0009972	7	0.35	0
BSU_00410	GO:0009972	7	0.35	0
BSU_39670	GO:0009972	7	0.35	0
BSU_22130	GO:0009972	7	0.35	0
BSU_00180	GO:0009972	7	0.35	0
BSU_06240	GO:0009972	7	0.35	0
BSU_06240	GO:0030435	7	0.35	0
BSU_05900	GO:0030435	7	0.35	0
BSU_35850	GO:0030435	7	0.35	0
BSU_06950	GO:0005829	7	0.35	0
BSU_11600	GO:0005829	7	0.35	0
BSU_13530	GO:0005829	7	0.35	0
BSU_25270	GO:0005829	7	0.35	0
BSU_10650	GO:0005886	7	0.35	0
BSU_37120	GO:0005886	7	0.35	0
BSU_03780	GO:0005886	7	0.35	0
BSU_04720	GO:0005886	7	0.35	0
BSU_13910	GO:0005886	7	0.35	0
BSU_40920	GO:0005829	7	0.35	0
BSU_27560	GO:0005829	7	0.35	0
BSU_20060	GO:0005829	7	0.35	0
BSU_24850	GO:0005829	7	0.35	0
BSU_29450	GO:0005829	7	0.35	0
BSU_15060	GO:0005829	7	0.35	0
BSU_10270	GO:0005829	7	0.35	0
BSU_00380	GO:0005829	7	0.35	0
BSU_00150	GO:0005829	7	0.35	0
BSU_31520	GO:0005829	7	0.35	0
BSU_38300	GO:0005829	7	0.35	0
BSU_11140	GO:0030435	7	0.35	0
BSU_03950	GO:0030435	7	0.35	0
BSU_28050	GO:0005886	7	0.35	0
BSU_34560	GO:0030435	7	0.35	0
BSU_03180	GO:0070929	7	0.35	0
BSU_03780	GO:0070929	7	0.35	0
BSU_06510	GO:0070929	7	0.35	0
BSU_00930	GO:0070929	7	0.35	0
BSU_00700	GO:0070929	7	0.35	0
BSU_27610	GO:0070929	7	0.35	0
BSU_28050	GO:0070929	7	0.35	0
BSU_00410	GO:0070929	7	0.35	0
BSU_00380	GO:0070929	7	0.35	0
BSU_00960	GO:0071555	7	0.35	0
BSU_30560	GO:0071555	7	0.35	0
BSU_28870	GO:0071555	7	0.35	0
BSU_19630	GO:0071555	7	0.35	0
BSU_27280	GO:0071555	7	0.35	0
BSU_35850	GO:0071555	7	0.35	0
BSU_11140	GO:0071555	7	0.35	0
BSU_04040	GO:0071555	7	0.35	0
BSU_06240	GO:0070929	7	0.35	0
BSU_28150	GO:0070929	7	0.35	0
BSU_29140	GO:0070929	7	0.35	0
BSU_31750	GO:0030435	7	0.35	0
BSU_00700	GO:0030435	7	0.35	0
BSU_00410	GO:0030435	7	0.35	0
BSU_00090	GO:0030435	7	0.35	0
BSU_30780	GO:0030435	7	0.35	0
BSU_37500	GO:0030435	7	0.35	0
BSU_00770	GO:0030435	7	0.35	0
BSU_30820	GO:0030435	7	0.35	0
BSU_27560	GO:0030435	7	0.35	0
BSU_11190	GO:0070929	7	0.35	0
BSU_25270	GO:0030435	7	0.35	0
BSU_15490	GO:0030435	7	0.35	0
BSU_00740	GO:0030435	7	0.35	0
BSU_29970	GO:0030435	7	0.35	0
BSU_11880	GO:0070929	7	0.35	0
BSU_11220	GO:0070929	7	0.35	0
BSU_11200	GO:0070929	7	0.35	0
BSU_29980	GO:0005886	7	0.35	0
BSU_35340	GO:0005886	7	0.35	0
BSU_06510	GO:0071555	7	0.35	0
BSU_00410	GO:0016740	7	0.35	0
BSU_08220	GO:0003723	7	0.35	0
BSU_08210	GO:0003723	7	0.35	0
BSU_33310	GO:0003723	7	0.35	0
BSU_13500	GO:0003723	7	0.35	0
BSU_12310	GO:0003723	7	0.35	0
BSU_39360	GO:0003723	7	0.35	0
BSU_15130	GO:0016740	7	0.35	0
BSU_15060	GO:0016740	7	0.35	0
BSU_24850	GO:0016740	7	0.35	0
BSU_11880	GO:0016740	7	0.35	0
BSU_06240	GO:0016740	7	0.35	0
BSU_03180	GO:0016740	7	0.35	0
BSU_34560	GO:0016740	7	0.35	0
BSU_03780	GO:0016740	7	0.35	0
BSU_00930	GO:0016740	7	0.35	0
BSU_00700	GO:0016740	7	0.35	0
BSU_27610	GO:0016740	7	0.35	0
BSU_04320	GO:0003723	7	0.35	0
BSU_23560	GO:0003723	7	0.35	0
BSU_15480	GO:0003723	7	0.35	0
BSU_37760	GO:0003723	7	0.35	0
BSU_00380	GO:0016616	7	0.35	0
BSU_11190	GO:0016616	7	0.35	0
BSU_38340	GO:0003723	7	0.35	0
BSU_06320	GO:0003723	7	0.35	0
BSU_05470	GO:0003723	7	0.35	0
BSU_09460	GO:0003723	7	0.35	0
BSU_17570	GO:0003723	7	0.35	0
BSU_09280	GO:0003723	7	0.35	0
BSU_40330	GO:0003723	7	0.35	0
BSU_03670	GO:0003723	7	0.35	0
BSU_36470	GO:0003723	7	0.35	0
BSU_31580	GO:0003723	7	0.35	0
BSU_06310	GO:0003723	7	0.35	0
BSU_06160	GO:0003723	7	0.35	0
BSU_37940	GO:0003723	7	0.35	0
BSU_09130	GO:0003723	7	0.35	0
BSU_28050	GO:0016740	7	0.35	0
BSU_00380	GO:0016740	7	0.35	0
BSU_16410	GO:0005886	7	0.35	0
BSU_29450	GO:0016740	7	0.35	0
BSU_28150	GO:0005886	7	0.35	0
BSU_06240	GO:0005886	7	0.35	0
BSU_03180	GO:0005886	7	0.35	0
BSU_34560	GO:0005886	7	0.35	0
BSU_06510	GO:0005886	7	0.35	0
BSU_29970	GO:0005886	7	0.35	0
BSU_00930	GO:0005886	7	0.35	0
BSU_00700	GO:0005886	7	0.35	0
BSU_27610	GO:0005886	7	0.35	0
BSU_00410	GO:0005886	7	0.35	0
BSU_00380	GO:0005886	7	0.35	0
BSU_15130	GO:0005886	7	0.35	0
BSU_32340	GO:0005886	7	0.35	0
BSU_13860	GO:0005886	7	0.35	0
BSU_00840	GO:0005886	7	0.35	0
BSU_11600	GO:0005886	7	0.35	0
BSU_13530	GO:0005886	7	0.35	0
BSU_12080	GO:0016682	7	0.35	0
BSU_29980	GO:0016682	7	0.35	0
BSU_13910	GO:0016682	7	0.35	0
BSU_03330	GO:0016887	7	0.35	0
BSU_11220	GO:0016740	7	0.35	0
BSU_11200	GO:0016740	7	0.35	0
BSU_11190	GO:0016740	7	0.35	0
BSU_13500	GO:0016887	7	0.35	0
BSU_06950	GO:0016887	7	0.35	0
BSU_12310	GO:0016887	7	0.35	0
BSU_03950	GO:0016887	7	0.35	0
BSU_09460	GO:0016887	7	0.35	0
BSU_37120	GO:0016682	7	0.35	0
BSU_37760	GO:0016887	7	0.35	0
BSU_06310	GO:0016887	7	0.35	0
BSU_09130	GO:0016887	7	0.35	0
BSU_40330	GO:0016887	7	0.35	0
BSU_03200	GO:0016682	7	0.35	0
BSU_37310	GO:0016682	7	0.35	0
BSU_18240	GO:0016682	7	0.35	0
BSU_06520	GO:0071555	7	0.35	0
BSU_00930	GO:0071555	7	0.35	0
BSU_15530	GO:0000287	7	0.35	0
BSU_29970	GO:0046872	7	0.35	0
BSU_06670	GO:0003677	7	0.35	0
BSU_10790	GO:0003677	7	0.35	0
BSU_04720	GO:0003677	7	0.35	0
BSU_16410	GO:0003677	7	0.35	0
BSU_11370	GO:0003677	7	0.35	0
BSU_11470	GO:0003677	7	0.35	0
BSU_11360	GO:0003677	7	0.35	0
BSU_10650	GO:0003677	7	0.35	0
BSU_37080	GO:0003677	7	0.35	0
BSU_17050	GO:0003677	7	0.35	0
BSU_24030	GO:0003677	7	0.35	0
BSU_37790	GO:0003677	7	0.35	0
BSU_00960	GO:0046872	7	0.35	0
BSU_00150	GO:0046872	7	0.35	0
BSU_03050	GO:0046872	7	0.35	0
BSU_27560	GO:0046872	7	0.35	0
BSU_25270	GO:0046872	7	0.35	0
BSU_06690	GO:0003677	7	0.35	0
BSU_18240	GO:0003677	7	0.35	0
BSU_24340	GO:0003677	7	0.35	0
BSU_34140	GO:0004783	7	0.35	0
BSU_25270	GO:0022857	7	0.35	0
BSU_11600	GO:0022857	7	0.35	0
BSU_06950	GO:0022857	7	0.35	0
BSU_05900	GO:0022857	7	0.35	0
BSU_00700	GO:0022857	7	0.35	0
BSU_37310	GO:0004783	7	0.35	0
BSU_28550	GO:0004783	7	0.35	0
BSU_37790	GO:0004783	7	0.35	0
BSU_14860	GO:0003677	7	0.35	0
BSU_03780	GO:0004783	7	0.35	0
BSU_04720	GO:0004783	7	0.35	0
BSU_06690	GO:0004783	7	0.35	0
BSU_12420	GO:0004783	7	0.35	0
BSU_13910	GO:0004783	7	0.35	0
BSU_29140	GO:0004783	7	0.35	0
BSU_29120	GO:0004783	7	0.35	0
BSU_15130	GO:0046872	7	0.35	0
BSU_00930	GO:0046872	7	0.35	0
BSU_40920	GO:0022857	7	0.35	0
BSU_33310	GO:0065002	7	0.35	0
BSU_33470	GO:0003756	7	0.35	0
BSU_30860	GO:0003756	7	0.35	0
BSU_32110	GO:0003756	7	0.35	0
BSU_28690	GO:0003756	7	0.35	0
BSU_28680	GO:0003756	7	0.35	0
BSU_25020	GO:0003756	7	0.35	0
BSU_23850	GO:0003756	7	0.35	0
BSU_23150	GO:0003756	7	0.35	0
BSU_20060	GO:0003756	7	0.35	0
BSU_15530	GO:0003756	7	0.35	0
BSU_11190	GO:0003756	7	0.35	0
BSU_10850	GO:0003756	7	0.35	0
BSU_06240	GO:0003756	7	0.35	0
BSU_03210	GO:0003756	7	0.35	0
BSU_00090	GO:0003756	7	0.35	0
BSU_13910	GO:0009380	7	0.35	0
BSU_11880	GO:0009380	7	0.35	0
BSU_03050	GO:0003756	7	0.35	0
BSU_21690	GO:0003756	7	0.35	0
BSU_31600	GO:0065002	7	0.35	0
BSU_35670	GO:0065002	7	0.35	0
BSU_34140	GO:0065002	7	0.35	0
BSU_31640	GO:0065002	7	0.35	0
BSU_31660	GO:0065002	7	0.35	0
BSU_31610	GO:0065002	7	0.35	0
BSU_35720	GO:0065002	7	0.35	0
BSU_35760	GO:0065002	7	0.35	0
BSU_22540	GO:0065002	7	0.35	0
BSU_15310	GO:0065002	7	0.35	0
BSU_14370	GO:0065002	7	0.35	0
BSU_11450	GO:0065002	7	0.35	0
BSU_11370	GO:0065002	7	0.35	0
BSU_11390	GO:0065002	7	0.35	0
BSU_11470	GO:0065002	7	0.35	0
BSU_11360	GO:0065002	7	0.35	0
BSU_16800	GO:0065002	7	0.35	0
BSU_38410	GO:0065002	7	0.35	0
BSU_27560	GO:0022857	7	0.35	0
BSU_38300	GO:0022857	7	0.35	0
BSU_17640	GO:0071555	7	0.35	0
BSU_18420	GO:0003690	7	0.35	0
BSU_16100	GO:0046872	7	0.35	0
BSU_37310	GO:0006310	7	0.35	0
BSU_40350	GO:0006310	7	0.35	0
BSU_24100	GO:0006310	7	0.35	0
BSU_33230	GO:0006310	7	0.35	0
BSU_16800	GO:0006310	7	0.35	0
BSU_38290	GO:0006310	7	0.35	0
BSU_00880	GO:0006310	7	0.35	0
BSU_09540	GO:0050845	7	0.35	0
BSU_06160	GO:0050845	7	0.35	0
BSU_12840	GO:0050845	7	0.35	0
BSU_37940	GO:0050845	7	0.35	0
BSU_09130	GO:0050845	7	0.35	0
BSU_15480	GO:0050845	7	0.35	0
BSU_04320	GO:0050845	7	0.35	0
BSU_08220	GO:0050845	7	0.35	0
BSU_08210	GO:0050845	7	0.35	0
BSU_00740	GO:0046872	7	0.35	0
BSU_06510	GO:0046872	7	0.35	0
BSU_06520	GO:0046872	7	0.35	0
BSU_28050	GO:0046872	7	0.35	0
BSU_11220	GO:0046872	7	0.35	0
BSU_11200	GO:0046872	7	0.35	0
BSU_11190	GO:0046872	7	0.35	0
BSU_03180	GO:0046872	7	0.35	0
BSU_03780	GO:0046872	7	0.35	0
BSU_00930	GO:0046872	7	0.35	0
BSU_27610	GO:0046872	7	0.35	0
BSU_00380	GO:0046872	7	0.35	0
BSU_28150	GO:0046872	7	0.35	0
BSU_00840	GO:0046872	7	0.35	0
BSU_10850	GO:0046872	7	0.35	0
BSU_35650	GO:0046872	7	0.35	0
BSU_27560	GO:0046872	7	0.35	0
BSU_25270	GO:0046872	7	0.35	0
BSU_15490	GO:0046872	7	0.35	0
BSU_15890	GO:0046872	7	0.35	0
BSU_06140	GO:0003690	7	0.35	0
BSU_36280	GO:0003690	7	0.35	0
BSU_36280	GO:0022857	7	0.35	0
BSU_17640	GO:0006064	7	0.35	0
BSU_13860	GO:0005886	7	0.35	0
BSU_13540	GO:0005886	7	0.35	0
BSU_00960	GO:0005886	7	0.35	0
BSU_27280	GO:0005886	7	0.35	0
BSU_37310	GO:0016763	7	0.35	0
BSU_37120	GO:0016763	7	0.35	0
BSU_13910	GO:0016763	7	0.35	0
BSU_29980	GO:0016763	7	0.35	0
BSU_28190	GO:0016763	7	0.35	0
BSU_14390	GO:0022857	7	0.35	0
BSU_06140	GO:0022857	7	0.35	0
BSU_11710	GO:0022857	7	0.35	0
BSU_00150	GO:0022857	7	0.35	0
BSU_15050	GO:0022857	7	0.35	0
BSU_31520	GO:0022857	7	0.35	0
BSU_08220	GO:0022857	7	0.35	0
BSU_08210	GO:0022857	7	0.35	0
BSU_32340	GO:0005886	7	0.35	0
BSU_10380	GO:0005886	7	0.35	0
BSU_11570	GO:0005886	7	0.35	0
BSU_39420	GO:0006064	7	0.35	0
BSU_04640	GO:0006064	7	0.35	0
BSU_06320	GO:0006064	7	0.35	0
BSU_05470	GO:0006064	7	0.35	0
BSU_38280	GO:0006064	7	0.35	0
BSU_00740	GO:0006064	7	0.35	0
BSU_30820	GO:0006064	7	0.35	0
BSU_22130	GO:0006064	7	0.35	0
BSU_39670	GO:0006064	7	0.35	0
BSU_01935	GO:0005886	7	0.35	0
BSU_11570	GO:0006064	7	0.35	0
BSU_30780	GO:0006064	7	0.35	0
BSU_28540	GO:0006064	7	0.35	0
BSU_39360	GO:0006064	7	0.35	0
BSU_22710	GO:0006064	7	0.35	0
BSU_13530	GO:0005886	7	0.35	0
BSU_10790	GO:0005886	7	0.35	0
BSU_28050	GO:0016616	7	0.35	0
BSU_27610	GO:0016616	7	0.35	0
BSU_06510	GO:0016616	7	0.35	0
BSU_03780	GO:0004525	7	0.35	0
BSU_35670	GO:0036402	7	0.35	0
BSU_37120	GO:0036402	7	0.35	0
BSU_06690	GO:0036402	7	0.35	0
BSU_06520	GO:0036402	7	0.35	0
BSU_08650	GO:0036402	7	0.35	0
BSU_13910	GO:0036402	7	0.35	0
BSU_16100	GO:0036402	7	0.35	0
BSU_24340	GO:0036402	7	0.35	0
BSU_28870	GO:0036402	7	0.35	0
BSU_29140	GO:0036402	7	0.35	0
BSU_00410	GO:0005886	7	0.35	0
BSU_34570	GO:0005886	7	0.35	0
BSU_01935	GO:0005886	7	0.35	0
BSU_11570	GO:0005886	7	0.35	0
BSU_13910	GO:0004525	7	0.35	0
BSU_29140	GO:0004525	7	0.35	0
BSU_24030	GO:0004525	7	0.35	0
BSU_04720	GO:0036402	7	0.35	0
BSU_03780	GO:0036402	7	0.35	0
BSU_37790	GO:0036402	7	0.35	0
BSU_00180	GO:0004181	7	0.35	0
BSU_08650	GO:0009090	7	0.35	0
BSU_11200	GO:0009090	7	0.35	0
BSU_13910	GO:0009090	7	0.35	0
BSU_16100	GO:0009090	7	0.35	0
BSU_24340	GO:0009090	7	0.35	0
BSU_28870	GO:0009090	7	0.35	0
BSU_29140	GO:0009090	7	0.35	0
BSU_04320	GO:0004181	7	0.35	0
BSU_13860	GO:0004181	7	0.35	0
BSU_38300	GO:0004181	7	0.35	0
BSU_30820	GO:0004181	7	0.35	0
BSU_25020	GO:0004181	7	0.35	0
BSU_17660	GO:0004181	7	0.35	0
BSU_05900	GO:0004181	7	0.35	0
BSU_34560	GO:0004181	7	0.35	0
BSU_32340	GO:0004181	7	0.35	0
BSU_03180	GO:0004525	7	0.35	0
BSU_14540	GO:0004525	7	0.35	0
BSU_06520	GO:0009090	7	0.35	0
BSU_00880	GO:0004525	7	0.35	0
BSU_00380	GO:0015935	7	0.35	0
BSU_00410	GO:0015935	7	0.35	0
BSU_00410	GO:0005886	7	0.35	0
BSU_34570	GO:0005886	7	0.35	0
BSU_00380	GO:0005886	7	0.35	0
BSU_38290	GO:0005886	7	0.35	0
BSU_01935	GO:0005886	7	0.35	0
BSU_11570	GO:0005886	7	0.35	0
BSU_10380	GO:0005886	7	0.35	0
BSU_15890	GO:0005886	7	0.35	0
BSU_17120	GO:0005886	7	0.35	0
BSU_11840	GO:0005886	7	0.35	0
BSU_00930	GO:0005886	7	0.35	0
BSU_25190	GO:0016407	7	0.35	0
BSU_06950	GO:0016407	7	0.35	0
BSU_40920	GO:0016407	7	0.35	0
BSU_31750	GO:0016407	7	0.35	0
BSU_27610	GO:0015935	7	0.35	0
BSU_00700	GO:0015935	7	0.35	0
BSU_00930	GO:0015935	7	0.35	0
BSU_11880	GO:0015935	7	0.35	0
BSU_28050	GO:0004525	7	0.35	0
BSU_04720	GO:0004525	7	0.35	0
BSU_27650	GO:0004525	7	0.35	0
BSU_15890	GO:0015935	7	0.35	0
BSU_15130	GO:0015935	7	0.35	0
BSU_15060	GO:0015935	7	0.35	0
BSU_24850	GO:0015935	7	0.35	0
BSU_11220	GO:0015935	7	0.35	0
BSU_29970	GO:0015935	7	0.35	0
BSU_11200	GO:0015935	7	0.35	0
BSU_11190	GO:0015935	7	0.35	0
BSU_28150	GO:0015935	7	0.35	0
BSU_06240	GO:0015935	7	0.35	0
BSU_03180	GO:0015935	7	0.35	0
BSU_34560	GO:0015935	7	0.35	0
BSU_06510	GO:0015935	7	0.35	0
BSU_00380	GO:0009090	7	0.35	0
BSU_06690	GO:0009090	7	0.35	0
BSU_03780	GO:0016616	7	0.35	0
BSU_13860	GO:0016979	7	0.35	0
BSU_11140	GO:0016491	7	0.35	0
BSU_04040	GO:0016491	7	0.35	0
BSU_03950	GO:0016491	7	0.35	0
BSU_00700	GO:0016491	7	0.35	0
BSU_00410	GO:0016491	7	0.35	0
BSU_28150	GO:0016491	7	0.35	0
BSU_38290	GO:0016491	7	0.35	0
BSU_06950	GO:0016979	7	0.35	0
BSU_12310	GO:0016979	7	0.35	0
BSU_40920	GO:0016979	7	0.35	0
BSU_32110	GO:0016979	7	0.35	0
BSU_31750	GO:0016979	7	0.35	0
BSU_06240	GO:0016979	7	0.35	0
BSU_06520	GO:0016979	7	0.35	0
BSU_00380	GO:0016979	7	0.35	0
BSU_00090	GO:0016979	7	0.35	0
BSU_11190	GO:0016979	7	0.35	0
BSU_35850	GO:0016491	7	0.35	0
BSU_10380	GO:0016491	7	0.35	0
BSU_11600	GO:0016491	7	0.35	0
BSU_00410	GO:0000287	7	0.35	0
BSU_13860	GO:0000287	7	0.35	0
BSU_11600	GO:0000287	7	0.35	0
BSU_10380	GO:0000287	7	0.35	0
BSU_06240	GO:0000287	7	0.35	0
BSU_03950	GO:0000287	7	0.35	0
BSU_34560	GO:0000287	7	0.35	0
BSU_00700	GO:0000287	7	0.35	0
BSU_00090	GO:0000287	7	0.35	0
BSU_15720	GO:0016491	7	0.35	0
BSU_36640	GO:0016491	7	0.35	0
BSU_40920	GO:0016491	7	0.35	0
BSU_37090	GO:0016491	7	0.35	0
BSU_25190	GO:0016491	7	0.35	0
BSU_24340	GO:0016491	7	0.35	0
BSU_18240	GO:0016491	7	0.35	0
BSU_37120	GO:0016491	7	0.35	0
BSU_11200	GO:0016979	7	0.35	0
BSU_19630	GO:0016979	7	0.35	0
BSU_37120	GO:0009090	7	0.35	0
BSU_22710	GO:0016979	7	0.35	0
BSU_00410	GO:0008033	7	0.35	0
BSU_00380	GO:0008033	7	0.35	0
BSU_25190	GO:0000160	7	0.35	0
BSU_23150	GO:0000160	7	0.35	0
BSU_22540	GO:0000160	7	0.35	0
BSU_35670	GO:0000160	7	0.35	0
BSU_15310	GO:0000160	7	0.35	0
BSU_13500	GO:0000160	7	0.35	0
BSU_12310	GO:0000160	7	0.35	0
BSU_03950	GO:0000160	7	0.35	0
BSU_03330	GO:0000160	7	0.35	0
BSU_14370	GO:0000160	7	0.35	0
BSU_34570	GO:0000160	7	0.35	0
BSU_00380	GO:0000160	7	0.35	0
BSU_12310	GO:0009090	7	0.35	0
BSU_03780	GO:0009090	7	0.35	0
BSU_35670	GO:0009090	7	0.35	0
BSU_27610	GO:0008033	7	0.35	0
BSU_00700	GO:0008033	7	0.35	0
BSU_00930	GO:0008033	7	0.35	0
BSU_11880	GO:0008033	7	0.35	0
BSU_23850	GO:0016979	7	0.35	0
BSU_25020	GO:0016979	7	0.35	0
BSU_27560	GO:0016979	7	0.35	0
BSU_29450	GO:0016979	7	0.35	0
BSU_15890	GO:0008033	7	0.35	0
BSU_15130	GO:0008033	7	0.35	0
BSU_24850	GO:0008033	7	0.35	0
BSU_11220	GO:0008033	7	0.35	0
BSU_29970	GO:0008033	7	0.35	0
BSU_11200	GO:0008033	7	0.35	0
BSU_11190	GO:0008033	7	0.35	0
BSU_28150	GO:0008033	7	0.35	0
BSU_06240	GO:0008033	7	0.35	0
BSU_03180	GO:0008033	7	0.35	0
BSU_34560	GO:0008033	7	0.35	0
BSU_06510	GO:0008033	7	0.35	0
BSU_06240	GO:0016407	7	0.35	0
BSU_00090	GO:0016407	7	0.35	0
BSU_13860	GO:0016407	7	0.35	0
BSU_06240	GO:0008168	7	0.35	0
BSU_25020	GO:0003824	7	0.35	0
BSU_23850	GO:0003824	7	0.35	0
BSU_23150	GO:0003824	7	0.35	0
BSU_20060	GO:0003824	7	0.35	0
BSU_15530	GO:0003824	7	0.35	0
BSU_11190	GO:0003824	7	0.35	0
BSU_10850	GO:0003824	7	0.35	0
BSU_06240	GO:0003824	7	0.35	0
BSU_03210	GO:0003824	7	0.35	0
BSU_00090	GO:0003824	7	0.35	0
BSU_22540	GO:0008168	7	0.35	0
BSU_24340	GO:0008168	7	0.35	0
BSU_18240	GO:0008168	7	0.35	0
BSU_37120	GO:0008168	7	0.35	0
BSU_15720	GO:0008168	7	0.35	0
BSU_15530	GO:0008168	7	0.35	0
BSU_11600	GO:0008168	7	0.35	0
BSU_28680	GO:0003824	7	0.35	0
BSU_28690	GO:0003824	7	0.35	0
BSU_32110	GO:0003824	7	0.35	0
BSU_31640	GO:0003333	7	0.35	0
BSU_08210	GO:0003333	7	0.35	0
BSU_33310	GO:0003333	7	0.35	0
BSU_13500	GO:0003333	7	0.35	0
BSU_14370	GO:0003333	7	0.35	0
BSU_17570	GO:0003333	7	0.35	0
BSU_06160	GO:0003333	7	0.35	0
BSU_23560	GO:0003333	7	0.35	0
BSU_31660	GO:0003333	7	0.35	0
BSU_30860	GO:0003824	7	0.35	0
BSU_31610	GO:0003333	7	0.35	0
BSU_12310	GO:0003333	7	0.35	0
BSU_06310	GO:0003333	7	0.35	0
BSU_13130	GO:0003824	7	0.35	0
BSU_21690	GO:0003824	7	0.35	0
BSU_03050	GO:0003824	7	0.35	0
BSU_33470	GO:0003824	7	0.35	0
BSU_10380	GO:0008168	7	0.35	0
BSU_35850	GO:0008168	7	0.35	0
BSU_22710	GO:0016407	7	0.35	0
BSU_11140	GO:0008168	7	0.35	0
BSU_30780	GO:0009058	7	0.35	0
BSU_28540	GO:0009058	7	0.35	0
BSU_34570	GO:0009058	7	0.35	0
BSU_24850	GO:0009058	7	0.35	0
BSU_06510	GO:0009058	7	0.35	0
BSU_11220	GO:0009058	7	0.35	0
BSU_17640	GO:0009058	7	0.35	0
BSU_04640	GO:0009058	7	0.35	0
BSU_15060	GO:0016616	7	0.35	0
BSU_24850	GO:0016616	7	0.35	0
BSU_11880	GO:0016616	7	0.35	0
BSU_11220	GO:0016616	7	0.35	0
BSU_11200	GO:0016616	7	0.35	0
BSU_29140	GO:0016616	7	0.35	0
BSU_28150	GO:0016616	7	0.35	0
BSU_06240	GO:0016616	7	0.35	0
BSU_03180	GO:0016616	7	0.35	0
BSU_19690	GO:0009058	7	0.35	0
BSU_37370	GO:0009058	7	0.35	0
BSU_37500	GO:0009058	7	0.35	0
BSU_11570	GO:0005886	7	0.35	0
BSU_04040	GO:0008168	7	0.35	0
BSU_03950	GO:0008168	7	0.35	0
BSU_34560	GO:0008168	7	0.35	0
BSU_00700	GO:0008168	7	0.35	0
BSU_00410	GO:0008168	7	0.35	0
BSU_00090	GO:0008168	7	0.35	0
BSU_11880	GO:0008168	7	0.35	0
BSU_06240	GO:0009058	7	0.35	0
BSU_39420	GO:0009058	7	0.35	0
BSU_34560	GO:0009058	7	0.35	0
BSU_29970	GO:0009058	7	0.35	0
BSU_00930	GO:0009058	7	0.35	0
BSU_00700	GO:0009058	7	0.35	0
BSU_27610	GO:0009058	7	0.35	0
BSU_00410	GO:0009058	7	0.35	0
BSU_00380	GO:0009058	7	0.35	0
BSU_08220	GO:0003333	7	0.35	0
BSU_15480	GO:0003333	7	0.35	0
BSU_03670	GO:0003333	7	0.35	0
BSU_09280	GO:0003333	7	0.35	0
BSU_12310	GO:0042802	7	0.35	0
BSU_03780	GO:0042802	7	0.35	0
BSU_40920	GO:0042802	7	0.35	0
BSU_32110	GO:0042802	7	0.35	0
BSU_35670	GO:0042802	7	0.35	0
BSU_37120	GO:0042802	7	0.35	0
BSU_06690	GO:0042802	7	0.35	0
BSU_06240	GO:0042802	7	0.35	0
BSU_06520	GO:0042802	7	0.35	0
BSU_00380	GO:0042802	7	0.35	0
BSU_08650	GO:0042802	7	0.35	0
BSU_11190	GO:0042802	7	0.35	0
BSU_11200	GO:0042802	7	0.35	0
BSU_16100	GO:0042802	7	0.35	0
BSU_19630	GO:0042802	7	0.35	0
BSU_24340	GO:0042802	7	0.35	0
BSU_28870	GO:0042802	7	0.35	0
BSU_24340	GO:0005737	7	0.35	0
BSU_16100	GO:0005737	7	0.35	0
BSU_08650	GO:0005737	7	0.35	0
BSU_34140	GO:0005737	7	0.35	0
BSU_23850	GO:0016407	7	0.35	0
BSU_25020	GO:0016407	7	0.35	0
BSU_27560	GO:0016407	7	0.35	0
BSU_06670	GO:0005737	7	0.35	0
BSU_10790	GO:0005737	7	0.35	0
BSU_17050	GO:0005737	7	0.35	0
BSU_23560	GO:0005737	7	0.35	0
BSU_22540	GO:0005737	7	0.35	0
BSU_06520	GO:0005737	7	0.35	0
BSU_32830	GO:0005737	7	0.35	0
BSU_10270	GO:0005737	7	0.35	0
BSU_37790	GO:0005737	7	0.35	0
BSU_04720	GO:0005737	7	0.35	0
BSU_35670	GO:0005737	7	0.35	0
BSU_37120	GO:0005737	7	0.35	0
BSU_06690	GO:0005737	7	0.35	0
BSU_29140	GO:0042802	7	0.35	0
BSU_29450	GO:0042802	7	0.35	0
BSU_31520	GO:0046940	7	0.35	0
BSU_00700	GO:0044205	7	0.35	0
BSU_28150	GO:0044205	7	0.35	0
BSU_06240	GO:0044205	7	0.35	0
BSU_03180	GO:0044205	7	0.35	0
BSU_34560	GO:0044205	7	0.35	0
BSU_06510	GO:0044205	7	0.35	0
BSU_29970	GO:0044205	7	0.35	0
BSU_00930	GO:0044205	7	0.35	0
BSU_27610	GO:0044205	7	0.35	0
BSU_11200	GO:0044205	7	0.35	0
BSU_00410	GO:0044205	7	0.35	0
BSU_00380	GO:0044205	7	0.35	0
BSU_06950	GO:0003333	7	0.35	0
BSU_03950	GO:0003333	7	0.35	0
BSU_03330	GO:0003333	7	0.35	0
BSU_06320	GO:0003333	7	0.35	0
BSU_05470	GO:0003333	7	0.35	0
BSU_11190	GO:0044205	7	0.35	0
BSU_11220	GO:0044205	7	0.35	0
BSU_24850	GO:0046940	7	0.35	0
BSU_31100	GO:0046940	7	0.35	0
BSU_13530	GO:0046940	7	0.35	0
BSU_11600	GO:0046940	7	0.35	0
BSU_06950	GO:0046940	7	0.35	0
BSU_05900	GO:0046940	7	0.35	0
BSU_00700	GO:0046940	7	0.35	0
BSU_15530	GO:0046940	7	0.35	0
BSU_15490	GO:0046940	7	0.35	0
BSU_25190	GO:0046940	7	0.35	0
BSU_11880	GO:0044205	7	0.35	0
BSU_23150	GO:0046940	7	0.35	0
BSU_15310	GO:0046940	7	0.35	0
BSU_06240	GO:0046940	7	0.35	0
BSU_15890	GO:0044205	7	0.35	0
BSU_15130	GO:0044205	7	0.35	0
BSU_15060	GO:0044205	7	0.35	0
BSU_24850	GO:0044205	7	0.35	0
BSU_17660	GO:0009055	7	0.35	0
BSU_00700	GO:0005829	7	0.35	0
BSU_38300	GO:0009234	7	0.35	0
BSU_14370	GO:0033214	7	0.35	0
BSU_11220	GO:0005524	7	0.35	0
BSU_05900	GO:0035539	7	0.35	0
BSU_11880	GO:0005524	7	0.35	0
BSU_34560	GO:0035539	7	0.35	0
BSU_04640	GO:0000287	7	0.35	0
BSU_00930	GO:0000287	7	0.35	0
BSU_34860	GO:0000287	7	0.35	0
BSU_35650	GO:0031460	7	0.35	0
BSU_12310	GO:0003824	7	0.35	0
BSU_15130	GO:0005524	7	0.35	0
BSU_15890	GO:0005524	7	0.35	0
BSU_39360	GO:0016052	7	0.35	0
BSU_28540	GO:0016052	7	0.35	0
BSU_30780	GO:0016052	7	0.35	0
BSU_38280	GO:0031460	7	0.35	0
BSU_29960	GO:0000287	7	0.35	0
BSU_11570	GO:0016052	7	0.35	0
BSU_39670	GO:0016052	7	0.35	0
BSU_33310	GO:0031460	7	0.35	0
BSU_38280	GO:0033214	7	0.35	0
BSU_11200	GO:0005524	7	0.35	0
BSU_00880	GO:0016746	7	0.35	0
BSU_17050	GO:0016746	7	0.35	0
BSU_37240	GO:0005515	7	0.35	0
BSU_28050	GO:0016746	7	0.35	0
BSU_37120	GO:0016746	7	0.35	0
BSU_37310	GO:0016746	7	0.35	0
BSU_16380	GO:0005515	7	0.35	0
BSU_17660	GO:0035539	7	0.35	0
BSU_16410	GO:0016746	7	0.35	0
BSU_06240	GO:0006096	7	0.35	0
BSU_12420	GO:0016746	7	0.35	0
BSU_24100	GO:0016020	7	0.35	0
BSU_13860	GO:0035539	7	0.35	0
BSU_28190	GO:0016746	7	0.35	0
BSU_00180	GO:0006096	7	0.35	0
BSU_16100	GO:0016746	7	0.35	0
BSU_12310	GO:0033214	7	0.35	0
BSU_29140	GO:0016746	7	0.35	0
BSU_29120	GO:0016746	7	0.35	0
BSU_11190	GO:0005524	7	0.35	0
BSU_22710	GO:0016052	7	0.35	0
BSU_11570	GO:0000287	7	0.35	0
BSU_06510	GO:0016052	7	0.35	0
BSU_33470	GO:0031460	7	0.35	0
BSU_31640	GO:0031460	7	0.35	0
BSU_29970	GO:0051301	7	0.35	0
BSU_00700	GO:0006096	7	0.35	0
BSU_03950	GO:0031460	7	0.35	0
BSU_00180	GO:0000287	7	0.35	0
BSU_06510	GO:0051301	7	0.35	0
BSU_34560	GO:0051301	7	0.35	0
BSU_36280	GO:0000287	7	0.35	0
BSU_03180	GO:0051301	7	0.35	0
BSU_34560	GO:0006096	7	0.35	0
BSU_37090	GO:0000287	7	0.35	0
BSU_03330	GO:0031460	7	0.35	0
BSU_15720	GO:0000287	7	0.35	0
BSU_06240	GO:0051301	7	0.35	0
BSU_28150	GO:0051301	7	0.35	0
BSU_14370	GO:0031460	7	0.35	0
BSU_03950	GO:0006096	7	0.35	0
BSU_04040	GO:0006096	7	0.35	0
BSU_11140	GO:0006096	7	0.35	0
BSU_35850	GO:0006096	7	0.35	0
BSU_00930	GO:0051301	7	0.35	0
BSU_12310	GO:0031460	7	0.35	0
BSU_00410	GO:0006096	7	0.35	0
BSU_22130	GO:0006096	7	0.35	0
BSU_31610	GO:0031460	7	0.35	0
BSU_31100	GO:0031460	7	0.35	0
BSU_24850	GO:0016052	7	0.35	0
BSU_07980	GO:0000287	7	0.35	0
BSU_34570	GO:0016052	7	0.35	0
BSU_32610	GO:0000287	7	0.35	0
BSU_25190	GO:0031460	7	0.35	0
BSU_22540	GO:0031460	7	0.35	0
BSU_19690	GO:0016052	7	0.35	0
BSU_00700	GO:0051301	7	0.35	0
BSU_00090	GO:0006096	7	0.35	0
BSU_37370	GO:0016052	7	0.35	0
BSU_10380	GO:0031460	7	0.35	0
BSU_37500	GO:0016052	7	0.35	0
BSU_00380	GO:0051301	7	0.35	0
BSU_00410	GO:0051301	7	0.35	0
BSU_27610	GO:0051301	7	0.35	0
BSU_06950	GO:0031460	7	0.35	0
BSU_28550	GO:0005515	7	0.35	0
BSU_14540	GO:0016746	7	0.35	0
BSU_35760	GO:0009097	7	0.35	0
BSU_39230	GO:0005737	7	0.35	0
BSU_05470	GO:0033214	7	0.35	0
BSU_17570	GO:0033214	7	0.35	0
BSU_35340	GO:0005737	7	0.35	0
BSU_37760	GO:0033214	7	0.35	0
BSU_09280	GO:0033214	7	0.35	0
BSU_03670	GO:0033214	7	0.35	0
BSU_38410	GO:0015658	7	0.35	0
BSU_39330	GO:0005737	7	0.35	0
BSU_28810	GO:0005737	7	0.35	0
BSU_06520	GO:0005737	7	0.35	0
BSU_00180	GO:0035539	7	0.35	0
BSU_04320	GO:0035539	7	0.35	0
BSU_14370	GO:0015658	7	0.35	0
BSU_39230	GO:0006751	7	0.35	0
BSU_06310	GO:0033214	7	0.35	0
BSU_06160	GO:0033214	7	0.35	0
BSU_06240	GO:0006751	7	0.35	0
BSU_40330	GO:0033214	7	0.35	0
BSU_15480	GO:0033214	7	0.35	0
BSU_06320	GO:0033214	7	0.35	0
BSU_40920	GO:0034023	7	0.35	0
BSU_13500	GO:0033214	7	0.35	0
BSU_06140	GO:0005737	7	0.35	0
BSU_31640	GO:0015658	7	0.35	0
BSU_31610	GO:0015658	7	0.35	0
BSU_35720	GO:0015658	7	0.35	0
BSU_34560	GO:0005524	7	0.35	0
BSU_35760	GO:0015658	7	0.35	0
BSU_31750	GO:0034023	7	0.35	0
BSU_36280	GO:0005737	7	0.35	0
BSU_08210	GO:0005737	7	0.35	0
BSU_08220	GO:0005737	7	0.35	0
BSU_32110	GO:0034023	7	0.35	0
BSU_06950	GO:0033214	7	0.35	0
BSU_15050	GO:0005737	7	0.35	0
BSU_22540	GO:0015658	7	0.35	0
BSU_33230	GO:0005737	7	0.35	0
BSU_03950	GO:0033214	7	0.35	0
BSU_13910	GO:0015658	7	0.35	0
BSU_03330	GO:0033214	7	0.35	0
BSU_11390	GO:0015658	7	0.35	0
BSU_24100	GO:0005737	7	0.35	0
BSU_23560	GO:0033214	7	0.35	0
BSU_08220	GO:0033214	7	0.35	0
BSU_38300	GO:0035539	7	0.35	0
BSU_25020	GO:0006751	7	0.35	0
BSU_33630	GO:0005515	7	0.35	0
BSU_27650	GO:0005515	7	0.35	0
BSU_11400	GO:0005515	7	0.35	0
BSU_16800	GO:0005515	7	0.35	0
BSU_11390	GO:0005515	7	0.35	0
BSU_11450	GO:0005515	7	0.35	0
BSU_11220	GO:0006751	7	0.35	0
BSU_25020	GO:0035539	7	0.35	0
BSU_17050	GO:0005515	7	0.35	0
BSU_03180	GO:0006751	7	0.35	0
BSU_04720	GO:0005515	7	0.35	0
BSU_00880	GO:0005515	7	0.35	0
BSU_00700	GO:0016020	7	0.35	0
BSU_37080	GO:0005515	7	0.35	0
BSU_12420	GO:0005515	7	0.35	0
BSU_36800	GO:0005515	7	0.35	0
BSU_13910	GO:0005515	7	0.35	0
BSU_03780	GO:0016746	7	0.35	0
BSU_11880	GO:0016052	7	0.35	0
BSU_30820	GO:0035539	7	0.35	0
BSU_25190	GO:0034023	7	0.35	0
BSU_23150	GO:0034023	7	0.35	0
BSU_11200	GO:0006751	7	0.35	0
BSU_08210	GO:0033214	7	0.35	0
BSU_39330	GO:0006751	7	0.35	0
BSU_06240	GO:0005524	7	0.35	0
BSU_28810	GO:0006751	7	0.35	0
BSU_06950	GO:0034023	7	0.35	0
BSU_11570	GO:0006751	7	0.35	0
BSU_00930	GO:0006751	7	0.35	0
BSU_32830	GO:0006751	7	0.35	0
BSU_17220	GO:0006751	7	0.35	0
BSU_32340	GO:0006751	7	0.35	0
BSU_11840	GO:0006751	7	0.35	0
BSU_17120	GO:0006751	7	0.35	0
BSU_28150	GO:0005524	7	0.35	0
BSU_09540	GO:0006751	7	0.35	0
BSU_15310	GO:0006751	7	0.35	0
BSU_00840	GO:0006751	7	0.35	0
BSU_13860	GO:0006751	7	0.35	0
BSU_15050	GO:0006751	7	0.35	0
BSU_35720	GO:0009097	7	0.35	0
BSU_12080	GO:0009097	7	0.35	0
BSU_25190	GO:0005829	7	0.35	0
BSU_22710	GO:0003824	7	0.35	0
BSU_18240	GO:0005886	7	0.35	0
BSU_11600	GO:0046316	7	0.35	0
BSU_23850	GO:0003824	7	0.35	0
BSU_37120	GO:0005886	7	0.35	0
BSU_13530	GO:0046316	7	0.35	0
BSU_15720	GO:0005886	7	0.35	0
BSU_15530	GO:0005886	7	0.35	0
BSU_03950	GO:0009234	7	0.35	0
BSU_10380	GO:0005886	7	0.35	0
BSU_24340	GO:0003824	7	0.35	0
BSU_25020	GO:0003824	7	0.35	0
BSU_27560	GO:0003824	7	0.35	0
BSU_06240	GO:0005886	7	0.35	0
BSU_35850	GO:0005886	7	0.35	0
BSU_11140	GO:0005886	7	0.35	0
BSU_34560	GO:0009234	7	0.35	0
BSU_28870	GO:0003824	7	0.35	0
BSU_29450	GO:0003824	7	0.35	0
BSU_10790	GO:0016301	7	0.35	0
BSU_24340	GO:0005886	7	0.35	0
BSU_28150	GO:0017000	7	0.35	0
BSU_15530	GO:0009234	7	0.35	0
BSU_06240	GO:0009234	7	0.35	0
BSU_13860	GO:0009234	7	0.35	0
BSU_19630	GO:0005524	7	0.35	0
BSU_00740	GO:0017000	7	0.35	0
BSU_11600	GO:0009234	7	0.35	0
BSU_06950	GO:0046316	7	0.35	0
BSU_10380	GO:0009234	7	0.35	0
BSU_27280	GO:0005524	7	0.35	0
BSU_17640	GO:0005524	7	0.35	0
BSU_06520	GO:0017000	7	0.35	0
BSU_04640	GO:0005524	7	0.35	0
BSU_35850	GO:0005524	7	0.35	0
BSU_11140	GO:0005524	7	0.35	0
BSU_04040	GO:0005524	7	0.35	0
BSU_06520	GO:0005524	7	0.35	0
BSU_06510	GO:0005524	7	0.35	0
BSU_00930	GO:0005524	7	0.35	0
BSU_40920	GO:0005886	7	0.35	0
BSU_19630	GO:0003824	7	0.35	0
BSU_38290	GO:0005886	7	0.35	0
BSU_00880	GO:0016301	7	0.35	0
BSU_38300	GO:0046316	7	0.35	0
BSU_31520	GO:0046316	7	0.35	0
BSU_00150	GO:0046316	7	0.35	0
BSU_23560	GO:0016301	7	0.35	0
BSU_28190	GO:0042126	7	0.35	0
BSU_35650	GO:0016301	7	0.35	0
BSU_37790	GO:0042126	7	0.35	0
BSU_14540	GO:0016020	7	0.35	0
BSU_29120	GO:0042126	7	0.35	0
BSU_15490	GO:0017000	7	0.35	0
BSU_00880	GO:0016020	7	0.35	0
BSU_37310	GO:0042126	7	0.35	0
BSU_15490	GO:0016491	7	0.35	0
BSU_28050	GO:0016020	7	0.35	0
BSU_37790	GO:0008705	7	0.35	0
BSU_31660	GO:0016020	7	0.35	0
BSU_29120	GO:0008705	7	0.35	0
BSU_13910	GO:0008705	7	0.35	0
BSU_29980	GO:0008705	7	0.35	0
BSU_24100	GO:0016020	7	0.35	0
BSU_25190	GO:0016491	7	0.35	0
BSU_31660	GO:0016020	7	0.35	0
BSU_03780	GO:0016020	7	0.35	0
BSU_03180	GO:0016020	7	0.35	0
BSU_04720	GO:0016301	7	0.35	0
BSU_14390	GO:0046316	7	0.35	0
BSU_00700	GO:0009234	7	0.35	0
BSU_00410	GO:0009234	7	0.35	0
BSU_13530	GO:0005886	7	0.35	0
BSU_11710	GO:0046316	7	0.35	0
BSU_00090	GO:0009234	7	0.35	0
BSU_17050	GO:0016301	7	0.35	0
BSU_11400	GO:0042126	7	0.35	0
BSU_22670	GO:0009234	7	0.35	0
BSU_13910	GO:0042126	7	0.35	0
BSU_00740	GO:0009234	7	0.35	0
BSU_38290	GO:0009234	7	0.35	0
BSU_17660	GO:0009234	7	0.35	0
BSU_05900	GO:0009234	7	0.35	0
BSU_35850	GO:0009234	7	0.35	0
BSU_11140	GO:0009234	7	0.35	0
BSU_29980	GO:0042126	7	0.35	0
BSU_04040	GO:0009234	7	0.35	0
BSU_15890	GO:0017000	7	0.35	0
BSU_22710	GO:0005524	7	0.35	0
BSU_05900	GO:0046316	7	0.35	0
BSU_29140	GO:0009097	7	0.35	0
BSU_35670	GO:0003824	7	0.35	0
BSU_11600	GO:0006096	7	0.35	0
BSU_40920	GO:0006418	7	0.35	0
BSU_32110	GO:0006418	7	0.35	0
BSU_13860	GO:0006096	7	0.35	0
BSU_35670	GO:0006418	7	0.35	0
BSU_37120	GO:0006418	7	0.35	0
BSU_15530	GO:0006096	7	0.35	0
BSU_15720	GO:0006096	7	0.35	0
BSU_11570	GO:0003824	7	0.35	0
BSU_17660	GO:0006096	7	0.35	0
BSU_06690	GO:0006418	7	0.35	0
BSU_06240	GO:0006418	7	0.35	0
BSU_28540	GO:0046316	7	0.35	0
BSU_30780	GO:0046316	7	0.35	0
BSU_10790	GO:0017000	7	0.35	0
BSU_06520	GO:0006418	7	0.35	0
BSU_00380	GO:0006418	7	0.35	0
BSU_06240	GO:0003824	7	0.35	0
BSU_00090	GO:0006418	7	0.35	0
BSU_10380	GO:0006096	7	0.35	0
BSU_31750	GO:0003824	7	0.35	0
BSU_23850	GO:0005524	7	0.35	0
BSU_03780	GO:0006418	7	0.35	0
BSU_05900	GO:0006096	7	0.35	0
BSU_37240	GO:0009097	7	0.35	0
BSU_37310	GO:0009097	7	0.35	0
BSU_13910	GO:0009097	7	0.35	0
BSU_11190	GO:0051301	7	0.35	0
BSU_11200	GO:0051301	7	0.35	0
BSU_11220	GO:0051301	7	0.35	0
BSU_11880	GO:0051301	7	0.35	0
BSU_29980	GO:0009097	7	0.35	0
BSU_24850	GO:0051301	7	0.35	0
BSU_28190	GO:0009097	7	0.35	0
BSU_15060	GO:0051301	7	0.35	0
BSU_15130	GO:0051301	7	0.35	0
BSU_15890	GO:0051301	7	0.35	0
BSU_06510	GO:0046316	7	0.35	0
BSU_40920	GO:0003824	7	0.35	0
BSU_24850	GO:0046316	7	0.35	0
BSU_34570	GO:0046316	7	0.35	0
BSU_32110	GO:0003824	7	0.35	0
BSU_06670	GO:0017000	7	0.35	0
BSU_08650	GO:0006418	7	0.35	0
BSU_19690	GO:0046316	7	0.35	0
BSU_11190	GO:0006418	7	0.35	0
BSU_24340	GO:0006418	7	0.35	0
BSU_24850	GO:0017000	7	0.35	0
BSU_13860	GO:0003824	7	0.35	0
BSU_34570	GO:0017000	7	0.35	0
BSU_28870	GO:0006418	7	0.35	0
BSU_29140	GO:0006418	7	0.35	0
BSU_29450	GO:0006418	7	0.35	0
BSU_00090	GO:0005524	7	0.35	0
BSU_17120	GO:0005524	7	0.35	0
BSU_17130	GO:0005524	7	0.35	0
BSU_00960	GO:0005524	7	0.35	0
BSU_28540	GO:0017000	7	0.35	0
BSU_30780	GO:0017000	7	0.35	0
BSU_31750	GO:0005524	7	0.35	0
BSU_28870	GO:0005524	7	0.35	0
BSU_37370	GO:0017000	7	0.35	0
BSU_39420	GO:0017000	7	0.35	0
BSU_15720	GO:0009234	7	0.35	0
BSU_29970	GO:0017000	7	0.35	0
BSU_00700	GO:0046316	7	0.35	0
BSU_39420	GO:0046316	7	0.35	0
BSU_19630	GO:0006418	7	0.35	0
BSU_16100	GO:0017000	7	0.35	0
BSU_11200	GO:0006418	7	0.35	0
BSU_06520	GO:0003824	7	0.35	0
BSU_00380	GO:0003824	7	0.35	0
BSU_10270	GO:0017000	7	0.35	0
BSU_00090	GO:0003824	7	0.35	0
BSU_15060	GO:0017000	7	0.35	0
BSU_29450	GO:0017000	7	0.35	0
BSU_08650	GO:0003824	7	0.35	0
BSU_18240	GO:0017000	7	0.35	0
BSU_06510	GO:0017000	7	0.35	0
BSU_37370	GO:0046316	7	0.35	0
BSU_24340	GO:0017000	7	0.35	0
BSU_37500	GO:0046316	7	0.35	0
BSU_11190	GO:0003824	7	0.35	0
BSU_16100	GO:0006418	7	0.35	0
BSU_11200	GO:0003824	7	0.35	0
BSU_31750	GO:0017000	7	0.35	0
BSU_14860	GO:0017000	7	0.35	0
BSU_06240	GO:0034023	7	0.35	0
BSU_23150	GO:0005829	7	0.35	0
BSU_24340	GO:0005737	7	0.35	0
BSU_00380	GO:0051287	7	0.35	0
BSU_06520	GO:0000287	7	0.35	0
BSU_08650	GO:0000287	7	0.35	0
BSU_11200	GO:0000287	7	0.35	0
BSU_11570	GO:0032259	7	0.35	0
BSU_39670	GO:0032259	7	0.35	0
BSU_13910	GO:0000287	7	0.35	0
BSU_37240	GO:0046872	7	0.35	0
BSU_39420	GO:0032259	7	0.35	0
BSU_16100	GO:0000287	7	0.35	0
BSU_29450	GO:0032259	7	0.35	0
BSU_24340	GO:0000287	7	0.35	0
BSU_28870	GO:0000287	7	0.35	0
BSU_29140	GO:0000287	7	0.35	0
BSU_27560	GO:0032259	7	0.35	0
BSU_06950	GO:0006865	7	0.35	0
BSU_29140	GO:0046872	7	0.35	0
BSU_25020	GO:0032259	7	0.35	0
BSU_03950	GO:0006865	7	0.35	0
BSU_12080	GO:0046872	7	0.35	0
BSU_06690	GO:0000287	7	0.35	0
BSU_37120	GO:0000287	7	0.35	0
BSU_37120	GO:0005886	7	0.35	0
BSU_35670	GO:0000287	7	0.35	0
BSU_22710	GO:0032259	7	0.35	0
BSU_03780	GO:0005886	7	0.35	0
BSU_17970	GO:0005886	7	0.35	0
BSU_18240	GO:0005886	7	0.35	0
BSU_17640	GO:0005886	7	0.35	0
BSU_10790	GO:0005886	7	0.35	0
BSU_25190	GO:0000162	7	0.35	0
BSU_34140	GO:0000287	7	0.35	0
BSU_22540	GO:0000287	7	0.35	0
BSU_25020	GO:0000162	7	0.35	0
BSU_32830	GO:0000287	7	0.35	0
BSU_10270	GO:0000287	7	0.35	0
BSU_37790	GO:0000287	7	0.35	0
BSU_39360	GO:0032259	7	0.35	0
BSU_28540	GO:0032259	7	0.35	0
BSU_30780	GO:0032259	7	0.35	0
BSU_06520	GO:0051287	7	0.35	0
BSU_03780	GO:0000287	7	0.35	0
BSU_04720	GO:0000287	7	0.35	0
BSU_03330	GO:0006865	7	0.35	0
BSU_23850	GO:0032259	7	0.35	0
BSU_38340	GO:0006865	7	0.35	0
BSU_19630	GO:0032259	7	0.35	0
BSU_37090	GO:0005829	7	0.35	0
BSU_24030	GO:0046872	7	0.35	0
BSU_12420	GO:0046872	7	0.35	0
BSU_08650	GO:0051287	7	0.35	0
BSU_16410	GO:0046872	7	0.35	0
BSU_16800	GO:0046872	7	0.35	0
BSU_13500	GO:0006865	7	0.35	0
BSU_36280	GO:0005829	7	0.35	0
BSU_00180	GO:0005829	7	0.35	0
BSU_12310	GO:0006865	7	0.35	0
BSU_15130	GO:0004564	7	0.35	0
BSU_15060	GO:0004564	7	0.35	0
BSU_11200	GO:0051287	7	0.35	0
BSU_16100	GO:0005829	7	0.35	0
BSU_24850	GO:0004564	7	0.35	0
BSU_11220	GO:0004564	7	0.35	0
BSU_11190	GO:0004564	7	0.35	0
BSU_32610	GO:0005829	7	0.35	0
BSU_38410	GO:0008320	7	0.35	0
BSU_17660	GO:0005829	7	0.35	0
BSU_08210	GO:0006865	7	0.35	0
BSU_08220	GO:0006865	7	0.35	0
BSU_35760	GO:0046872	7	0.35	0
BSU_00090	GO:0051287	7	0.35	0
BSU_06320	GO:0006865	7	0.35	0
BSU_05470	GO:0006865	7	0.35	0
BSU_28690	GO:0000162	7	0.35	0
BSU_17570	GO:0006865	7	0.35	0
BSU_09280	GO:0006865	7	0.35	0
BSU_03670	GO:0006865	7	0.35	0
BSU_36470	GO:0006865	7	0.35	0
BSU_31580	GO:0006865	7	0.35	0
BSU_15720	GO:0005829	7	0.35	0
BSU_29450	GO:0005829	7	0.35	0
BSU_29140	GO:0005829	7	0.35	0
BSU_35720	GO:0046872	7	0.35	0
BSU_06160	GO:0006865	7	0.35	0
BSU_37940	GO:0006865	7	0.35	0
BSU_24340	GO:0005829	7	0.35	0
BSU_15480	GO:0006865	7	0.35	0
BSU_04320	GO:0006865	7	0.35	0
BSU_13530	GO:0005886	7	0.35	0
BSU_06240	GO:0051287	7	0.35	0
BSU_07980	GO:0005829	7	0.35	0
BSU_36280	GO:0005886	7	0.35	0
BSU_00090	GO:0000162	7	0.35	0
BSU_00700	GO:0005886	7	0.35	0
BSU_00410	GO:0000162	7	0.35	0
BSU_06950	GO:0003677	7	0.35	0
BSU_00700	GO:0000162	7	0.35	0
BSU_34560	GO:0006414	7	0.35	0
BSU_03950	GO:0003677	7	0.35	0
BSU_03330	GO:0003677	7	0.35	0
BSU_17640	GO:0016740	7	0.35	0
BSU_27280	GO:0016740	7	0.35	0
BSU_34560	GO:0000162	7	0.35	0
BSU_29970	GO:0006414	7	0.35	0
BSU_31640	GO:0003677	7	0.35	0
BSU_31660	GO:0003677	7	0.35	0
BSU_31610	GO:0003677	7	0.35	0
BSU_17570	GO:0003677	7	0.35	0
BSU_37760	GO:0003677	7	0.35	0
BSU_09280	GO:0003677	7	0.35	0
BSU_03670	GO:0003677	7	0.35	0
BSU_00380	GO:0005886	7	0.35	0
BSU_37090	GO:0030152	7	0.35	0
BSU_11880	GO:0032259	7	0.35	0
BSU_30780	GO:0005886	7	0.35	0
BSU_06320	GO:0022857	7	0.35	0
BSU_05470	GO:0022857	7	0.35	0
BSU_17570	GO:0022857	7	0.35	0
BSU_37760	GO:0022857	7	0.35	0
BSU_09280	GO:0022857	7	0.35	0
BSU_17660	GO:0030152	7	0.35	0
BSU_31580	GO:0022857	7	0.35	0
BSU_25190	GO:0030152	7	0.35	0
BSU_06310	GO:0022857	7	0.35	0
BSU_06160	GO:0022857	7	0.35	0
BSU_09130	GO:0022857	7	0.35	0
BSU_25020	GO:0030152	7	0.35	0
BSU_40330	GO:0022857	7	0.35	0
BSU_08220	GO:0022857	7	0.35	0
BSU_08210	GO:0022857	7	0.35	0
BSU_18420	GO:0045892	7	0.35	0
BSU_38290	GO:0030152	7	0.35	0
BSU_13500	GO:0022857	7	0.35	0
BSU_28690	GO:0030152	7	0.35	0
BSU_03950	GO:0000162	7	0.35	0
BSU_04040	GO:0000162	7	0.35	0
BSU_11140	GO:0000162	7	0.35	0
BSU_06310	GO:0003677	7	0.35	0
BSU_13860	GO:0000162	7	0.35	0
BSU_28150	GO:0032259	7	0.35	0
BSU_15530	GO:0000162	7	0.35	0
BSU_12310	GO:0003677	7	0.35	0
BSU_24340	GO:0005886	7	0.35	0
BSU_31750	GO:0051287	7	0.35	0
BSU_15720	GO:0000162	7	0.35	0
BSU_11200	GO:0005886	7	0.35	0
BSU_32830	GO:0005886	7	0.35	0
BSU_29140	GO:0005886	7	0.35	0
BSU_28870	GO:0005886	7	0.35	0
BSU_35670	GO:0051287	7	0.35	0
BSU_38290	GO:0032259	7	0.35	0
BSU_16410	GO:0005886	7	0.35	0
BSU_35340	GO:0005886	7	0.35	0
BSU_17660	GO:0000162	7	0.35	0
BSU_06240	GO:0005886	7	0.35	0
BSU_33230	GO:0005886	7	0.35	0
BSU_00840	GO:0005886	7	0.35	0
BSU_32110	GO:0051287	7	0.35	0
BSU_11600	GO:0000162	7	0.35	0
BSU_40920	GO:0051287	7	0.35	0
BSU_16800	GO:0008320	7	0.35	0
BSU_40330	GO:0003677	7	0.35	0
BSU_35850	GO:0000162	7	0.35	0
BSU_23560	GO:0003677	7	0.35	0
BSU_27560	GO:0006414	7	0.35	0
BSU_36280	GO:0045892	7	0.35	0
BSU_25270	GO:0006414	7	0.35	0
BSU_12310	GO:0051287	7	0.35	0
BSU_06140	GO:0045892	7	0.35	0
BSU_16410	GO:0016740	7	0.35	0
BSU_14370	GO:0003677	7	0.35	0
BSU_33310	GO:0003677	7	0.35	0
BSU_19630	GO:0016740	7	0.35	0
BSU_28870	GO:0016740	7	0.35	0
BSU_30560	GO:0016740	7	0.35	0
BSU_37310	GO:0016740	7	0.35	0
BSU_05900	GO:0000162	7	0.35	0
BSU_06240	GO:0000162	7	0.35	0
BSU_13500	GO:0003677	7	0.35	0
BSU_27650	GO:0008320	7	0.35	0
BSU_11400	GO:0046872	7	0.35	0
BSU_00090	GO:0034023	7	0.35	0
BSU_11190	GO:0044550	7	0.35	0
BSU_00380	GO:0044550	7	0.35	0
BSU_38340	GO:0016020	7	0.35	0
BSU_03780	GO:0016887	7	0.35	0
BSU_06520	GO:0044550	7	0.35	0
BSU_00930	GO:0005524	7	0.35	0
BSU_29970	GO:0005524	7	0.35	0
BSU_06690	GO:0044550	7	0.35	0
BSU_34140	GO:0016887	7	0.35	0
BSU_31640	GO:0016887	7	0.35	0
BSU_31660	GO:0016887	7	0.35	0
BSU_31610	GO:0016887	7	0.35	0
BSU_35720	GO:0016887	7	0.35	0
BSU_35760	GO:0016887	7	0.35	0
BSU_36800	GO:0016887	7	0.35	0
BSU_16380	GO:0016887	7	0.35	0
BSU_31600	GO:0015658	7	0.35	0
BSU_12080	GO:0016887	7	0.35	0
BSU_37120	GO:0044550	7	0.35	0
BSU_23560	GO:0015658	7	0.35	0
BSU_08650	GO:0044550	7	0.35	0
BSU_27610	GO:0005524	7	0.35	0
BSU_36800	GO:0030163	7	0.35	0
BSU_16800	GO:0015658	7	0.35	0
BSU_11880	GO:0019284	7	0.35	0
BSU_24340	GO:0051287	7	0.35	0
BSU_11400	GO:0030163	7	0.35	0
BSU_33630	GO:0030163	7	0.35	0
BSU_25020	GO:0051287	7	0.35	0
BSU_28190	GO:0030163	7	0.35	0
BSU_12310	GO:0005829	7	0.35	0
BSU_27560	GO:0051287	7	0.35	0
BSU_11220	GO:0019284	7	0.35	0
BSU_11200	GO:0019284	7	0.35	0
BSU_11190	GO:0019284	7	0.35	0
BSU_28870	GO:0051287	7	0.35	0
BSU_29450	GO:0051287	7	0.35	0
BSU_06950	GO:0005829	7	0.35	0
BSU_11360	GO:0015658	7	0.35	0
BSU_28150	GO:0019284	7	0.35	0
BSU_06240	GO:0019284	7	0.35	0
BSU_00410	GO:0005524	7	0.35	0
BSU_11200	GO:0044550	7	0.35	0
BSU_35650	GO:0015658	7	0.35	0
BSU_35670	GO:0044550	7	0.35	0
BSU_38410	GO:0016887	7	0.35	0
BSU_34560	GO:0019284	7	0.35	0
BSU_38300	GO:0005737	7	0.35	0
BSU_27560	GO:0034023	7	0.35	0
BSU_00700	GO:0019284	7	0.35	0
BSU_25020	GO:0034023	7	0.35	0
BSU_27610	GO:0019284	7	0.35	0
BSU_23850	GO:0034023	7	0.35	0
BSU_00410	GO:0019284	7	0.35	0
BSU_31520	GO:0005737	7	0.35	0
BSU_00380	GO:0019284	7	0.35	0
BSU_22710	GO:0034023	7	0.35	0
BSU_19630	GO:0034023	7	0.35	0
BSU_11710	GO:0005737	7	0.35	0
BSU_14390	GO:0005737	7	0.35	0
BSU_34140	GO:0015658	7	0.35	0
BSU_13860	GO:0034023	7	0.35	0
BSU_10270	GO:0005737	7	0.35	0
BSU_22540	GO:0005829	7	0.35	0
BSU_20060	GO:0005737	7	0.35	0
BSU_11190	GO:0034023	7	0.35	0
BSU_10380	GO:0033214	7	0.35	0
BSU_00930	GO:0019284	7	0.35	0
BSU_29450	GO:0034023	7	0.35	0
BSU_11400	GO:0016887	7	0.35	0
BSU_27650	GO:0016887	7	0.35	0
BSU_32110	GO:0044550	7	0.35	0
BSU_03780	GO:0044550	7	0.35	0
BSU_37240	GO:0016887	7	0.35	0
BSU_06510	GO:0019284	7	0.35	0
BSU_31600	GO:0016887	7	0.35	0
BSU_33310	GO:0015658	7	0.35	0
BSU_12310	GO:0044550	7	0.35	0
BSU_05900	GO:0005737	7	0.35	0
BSU_29970	GO:0019284	7	0.35	0
BSU_11390	GO:0016887	7	0.35	0
BSU_06510	GO:0005524	7	0.35	0
BSU_06950	GO:0005737	7	0.35	0
BSU_10270	GO:0005829	7	0.35	0
BSU_11600	GO:0005737	7	0.35	0
BSU_13530	GO:0005737	7	0.35	0
BSU_11450	GO:0016887	7	0.35	0
BSU_32830	GO:0005829	7	0.35	0
BSU_23850	GO:0051287	7	0.35	0
BSU_22710	GO:0051287	7	0.35	0
BSU_11570	GO:0005829	7	0.35	0
BSU_11370	GO:0030288	7	0.35	0
BSU_38410	GO:0046872	7	0.35	0
BSU_33470	GO:0030288	7	0.35	0
BSU_28050	GO:0030288	7	0.35	0
BSU_06520	GO:0030288	7	0.35	0
BSU_06240	GO:0005829	7	0.35	0
BSU_06690	GO:0005829	7	0.35	0
BSU_28810	GO:0004564	7	0.35	0
BSU_30300	GO:0004564	7	0.35	0
BSU_39330	GO:0004564	7	0.35	0
BSU_04040	GO:0030288	7	0.35	0
BSU_14390	GO:0004564	7	0.35	0
BSU_11140	GO:0030288	7	0.35	0
BSU_11360	GO:0046872	7	0.35	0
BSU_35850	GO:0030288	7	0.35	0
BSU_15720	GO:0030288	7	0.35	0
BSU_07980	GO:0004564	7	0.35	0
BSU_05710	GO:0004564	7	0.35	0
BSU_11470	GO:0046872	7	0.35	0
BSU_37090	GO:0030288	7	0.35	0
BSU_38560	GO:0004564	7	0.35	0
BSU_03780	GO:0030288	7	0.35	0
BSU_24850	GO:0019284	7	0.35	0
BSU_00410	GO:0004564	7	0.35	0
BSU_06240	GO:0004564	7	0.35	0
BSU_31600	GO:0046872	7	0.35	0
BSU_11200	GO:0005829	7	0.35	0
BSU_34860	GO:0005829	7	0.35	0
BSU_00090	GO:0005829	7	0.35	0
BSU_00410	GO:0005829	7	0.35	0
BSU_00700	GO:0005829	7	0.35	0
BSU_13860	GO:0051287	7	0.35	0
BSU_11190	GO:0005829	7	0.35	0
BSU_34560	GO:0005829	7	0.35	0
BSU_33630	GO:0046872	7	0.35	0
BSU_29970	GO:0004564	7	0.35	0
BSU_00930	GO:0004564	7	0.35	0
BSU_08650	GO:0005829	7	0.35	0
BSU_27650	GO:0046872	7	0.35	0
BSU_00700	GO:0004564	7	0.35	0
BSU_03950	GO:0005829	7	0.35	0
BSU_00380	GO:0005829	7	0.35	0
BSU_27610	GO:0004564	7	0.35	0
BSU_36530	GO:0030288	7	0.35	0
BSU_11390	GO:0046872	7	0.35	0
BSU_36640	GO:0030288	7	0.35	0
BSU_11370	GO:0046872	7	0.35	0
BSU_24100	GO:0003676	7	0.35	0
BSU_19630	GO:0044550	7	0.35	0
BSU_16100	GO:0044550	7	0.35	0
BSU_33230	GO:0003676	7	0.35	0
BSU_29120	GO:0030163	7	0.35	0
BSU_12420	GO:0030163	7	0.35	0
BSU_16800	GO:0003676	7	0.35	0
BSU_38290	GO:0003676	7	0.35	0
BSU_00880	GO:0003676	7	0.35	0
BSU_14910	GO:0030163	7	0.35	0
BSU_37240	GO:0030163	7	0.35	0
BSU_03780	GO:0005829	7	0.35	0
BSU_29450	GO:0019284	7	0.35	0
BSU_15890	GO:0019284	7	0.35	0
BSU_16360	GO:0030163	7	0.35	0
BSU_16370	GO:0030163	7	0.35	0
BSU_15130	GO:0019284	7	0.35	0
BSU_15060	GO:0019284	7	0.35	0
BSU_15390	GO:0030163	7	0.35	0
BSU_19630	GO:0051287	7	0.35	0
BSU_40350	GO:0003676	7	0.35	0
BSU_11400	GO:0008320	7	0.35	0
BSU_34570	GO:0004564	7	0.35	0
BSU_11450	GO:0046872	7	0.35	0
BSU_37120	GO:0005829	7	0.35	0
BSU_35670	GO:0005829	7	0.35	0
BSU_16420	GO:0030288	7	0.35	0
BSU_16380	GO:0046872	7	0.35	0
BSU_32610	GO:0030288	7	0.35	0
BSU_34560	GO:0004564	7	0.35	0
BSU_31600	GO:0030288	7	0.35	0
BSU_10790	GO:0030288	7	0.35	0
BSU_24340	GO:0044550	7	0.35	0
BSU_32110	GO:0005829	7	0.35	0
BSU_36800	GO:0046872	7	0.35	0
BSU_40920	GO:0005829	7	0.35	0
BSU_29450	GO:0044550	7	0.35	0
BSU_31600	GO:0008320	7	0.35	0
BSU_29140	GO:0044550	7	0.35	0
BSU_28870	GO:0044550	7	0.35	0
BSU_37310	GO:0003676	7	0.35	0
BSU_35670	GO:0016020	7	0.35	0
BSU_36530	GO:0016020	7	0.35	0
BSU_37310	GO:0008705	7	0.35	0
BSU_00770	GO:0006650	7	0.35	0
BSU_34560	GO:0008233	7	0.35	0
BSU_32110	GO:0046872	7	0.35	0
BSU_35670	GO:0046872	7	0.35	0
BSU_06690	GO:0046872	7	0.35	0
BSU_06520	GO:0046872	7	0.35	0
BSU_24030	GO:0005515	7	0.35	0
BSU_00380	GO:0046872	7	0.35	0
BSU_08650	GO:0046872	7	0.35	0
BSU_25190	GO:0016787	7	0.35	0
BSU_12420	GO:0005515	7	0.35	0
BSU_11190	GO:0046872	7	0.35	0
BSU_11200	GO:0046872	7	0.35	0
BSU_13910	GO:0009252	7	0.35	0
BSU_17050	GO:0005515	7	0.35	0
BSU_37790	GO:0005524	7	0.35	0
BSU_32830	GO:0005524	7	0.35	0
BSU_12420	GO:0009252	7	0.35	0
BSU_16100	GO:0046872	7	0.35	0
BSU_22540	GO:0005524	7	0.35	0
BSU_03780	GO:0046872	7	0.35	0
BSU_12310	GO:0046872	7	0.35	0
BSU_00700	GO:0006650	7	0.35	0
BSU_37500	GO:0006650	7	0.35	0
BSU_06240	GO:0008233	7	0.35	0
BSU_05900	GO:0008233	7	0.35	0
BSU_06950	GO:0035435	7	0.35	0
BSU_35850	GO:0008233	7	0.35	0
BSU_11570	GO:0005886	7	0.35	0
BSU_11140	GO:0008233	7	0.35	0
BSU_12310	GO:0035435	7	0.35	0
BSU_04040	GO:0008233	7	0.35	0
BSU_03950	GO:0008233	7	0.35	0
BSU_00410	GO:0006650	7	0.35	0
BSU_40920	GO:0016787	7	0.35	0
BSU_03950	GO:0035435	7	0.35	0
BSU_03330	GO:0035435	7	0.35	0
BSU_23150	GO:0046872	7	0.35	0
BSU_06950	GO:0016787	7	0.35	0
BSU_00090	GO:0006650	7	0.35	0
BSU_32830	GO:0046872	7	0.35	0
BSU_10270	GO:0046872	7	0.35	0
BSU_06950	GO:0046872	7	0.35	0
BSU_19630	GO:0046872	7	0.35	0
BSU_34140	GO:0005524	7	0.35	0
BSU_23560	GO:0005524	7	0.35	0
BSU_20060	GO:0046872	7	0.35	0
BSU_35760	GO:0000160	7	0.35	0
BSU_03780	GO:0009252	7	0.35	0
BSU_14540	GO:0009252	7	0.35	0
BSU_00880	GO:0009252	7	0.35	0
BSU_11190	GO:0046872	7	0.35	0
BSU_11200	GO:0046872	7	0.35	0
BSU_11220	GO:0046872	7	0.35	0
BSU_11880	GO:0046872	7	0.35	0
BSU_36800	GO:0005515	7	0.35	0
BSU_24850	GO:0046872	7	0.35	0
BSU_15060	GO:0046872	7	0.35	0
BSU_15130	GO:0046872	7	0.35	0
BSU_15890	GO:0046872	7	0.35	0
BSU_29450	GO:0046872	7	0.35	0
BSU_29980	GO:0005515	7	0.35	0
BSU_25270	GO:0006650	7	0.35	0
BSU_25190	GO:0000160	7	0.35	0
BSU_23150	GO:0000160	7	0.35	0
BSU_00700	GO:0008233	7	0.35	0
BSU_35720	GO:0000160	7	0.35	0
BSU_00150	GO:0030420	7	0.35	0
BSU_37080	GO:0005515	7	0.35	0
BSU_28870	GO:0046872	7	0.35	0
BSU_00380	GO:0046872	7	0.35	0
BSU_27610	GO:0046872	7	0.35	0
BSU_00930	GO:0046872	7	0.35	0
BSU_29970	GO:0046872	7	0.35	0
BSU_00880	GO:0005515	7	0.35	0
BSU_29140	GO:0009252	7	0.35	0
BSU_06510	GO:0046872	7	0.35	0
BSU_24030	GO:0009252	7	0.35	0
BSU_29140	GO:0046872	7	0.35	0
BSU_16800	GO:0005515	7	0.35	0
BSU_29450	GO:0046872	7	0.35	0
BSU_31660	GO:0000160	7	0.35	0
BSU_31750	GO:0006650	7	0.35	0
BSU_27560	GO:0006650	7	0.35	0
BSU_31610	GO:0000160	7	0.35	0
BSU_36530	GO:0000160	7	0.35	0
BSU_28150	GO:0046872	7	0.35	0
BSU_31100	GO:0000160	7	0.35	0
BSU_31750	GO:0016787	7	0.35	0
BSU_30820	GO:0009697	7	0.35	0
BSU_00410	GO:0008233	7	0.35	0
BSU_40920	GO:0016740	7	0.35	0
BSU_06240	GO:0016740	7	0.35	0
BSU_00380	GO:0016740	7	0.35	0
BSU_00090	GO:0016740	7	0.35	0
BSU_11190	GO:0016740	7	0.35	0
BSU_11200	GO:0016740	7	0.35	0
BSU_13860	GO:0016740	7	0.35	0
BSU_11600	GO:0008233	7	0.35	0
BSU_10380	GO:0008233	7	0.35	0
BSU_00700	GO:0009697	7	0.35	0
BSU_00410	GO:0009697	7	0.35	0
BSU_25190	GO:0032218	7	0.35	0
BSU_19630	GO:0016740	7	0.35	0
BSU_13500	GO:0035435	7	0.35	0
BSU_22710	GO:0016740	7	0.35	0
BSU_23850	GO:0016740	7	0.35	0
BSU_25020	GO:0016740	7	0.35	0
BSU_29450	GO:0016740	7	0.35	0
BSU_00090	GO:0009697	7	0.35	0
BSU_27560	GO:0016787	7	0.35	0
BSU_32110	GO:0016740	7	0.35	0
BSU_34560	GO:0009697	7	0.35	0
BSU_00740	GO:0009697	7	0.35	0
BSU_12310	GO:0016740	7	0.35	0
BSU_15060	GO:0006537	7	0.35	0
BSU_29450	GO:0006537	7	0.35	0
BSU_15530	GO:0008233	7	0.35	0
BSU_24340	GO:0008615	7	0.35	0
BSU_28870	GO:0008615	7	0.35	0
BSU_06950	GO:0042906	7	0.35	0
BSU_29140	GO:0008615	7	0.35	0
BSU_29450	GO:0008615	7	0.35	0
BSU_03950	GO:0042906	7	0.35	0
BSU_25190	GO:0035435	7	0.35	0
BSU_03330	GO:0042906	7	0.35	0
BSU_23150	GO:0035435	7	0.35	0
BSU_16370	GO:0003676	7	0.35	0
BSU_03950	GO:0009697	7	0.35	0
BSU_32830	GO:0016740	7	0.35	0
BSU_13860	GO:0008233	7	0.35	0
BSU_10270	GO:0016740	7	0.35	0
BSU_06950	GO:0016740	7	0.35	0
BSU_13500	GO:0032218	7	0.35	0
BSU_14390	GO:0005886	7	0.35	0
BSU_25020	GO:0016787	7	0.35	0
BSU_23850	GO:0016787	7	0.35	0
BSU_11710	GO:0005886	7	0.35	0
BSU_38290	GO:0009697	7	0.35	0
BSU_17660	GO:0009697	7	0.35	0
BSU_05900	GO:0009697	7	0.35	0
BSU_35850	GO:0009697	7	0.35	0
BSU_28680	GO:0032218	7	0.35	0
BSU_04720	GO:0005515	7	0.35	0
BSU_11400	GO:0005515	7	0.35	0
BSU_05900	GO:0005886	7	0.35	0
BSU_28690	GO:0032218	7	0.35	0
BSU_06240	GO:0016787	7	0.35	0
BSU_00700	GO:0005886	7	0.35	0
BSU_11390	GO:0005515	7	0.35	0
BSU_06140	GO:0005886	7	0.35	0
BSU_11450	GO:0005515	7	0.35	0
BSU_11140	GO:0009697	7	0.35	0
BSU_04040	GO:0009697	7	0.35	0
BSU_40920	GO:0005886	7	0.35	0
BSU_01935	GO:0005886	7	0.35	0
BSU_13910	GO:0005515	7	0.35	0
BSU_03780	GO:0005524	7	0.35	0
BSU_35670	GO:0005524	7	0.35	0
BSU_37120	GO:0005524	7	0.35	0
BSU_25270	GO:0005886	7	0.35	0
BSU_00150	GO:0005886	7	0.35	0
BSU_36280	GO:0005886	7	0.35	0
BSU_22710	GO:0016787	7	0.35	0
BSU_38300	GO:0005886	7	0.35	0
BSU_22670	GO:0009697	7	0.35	0
BSU_13860	GO:0016787	7	0.35	0
BSU_30780	GO:0009697	7	0.35	0
BSU_27560	GO:0005886	7	0.35	0
BSU_38300	GO:0009697	7	0.35	0
BSU_06520	GO:0005524	7	0.35	0
BSU_29140	GO:0005524	7	0.35	0
BSU_28870	GO:0005524	7	0.35	0
BSU_11600	GO:0005886	7	0.35	0
BSU_16100	GO:0005524	7	0.35	0
BSU_13910	GO:0005524	7	0.35	0
BSU_11200	GO:0005524	7	0.35	0
BSU_00090	GO:0016787	7	0.35	0
BSU_08650	GO:0005524	7	0.35	0
BSU_35670	GO:0000160	7	0.35	0
BSU_28050	GO:0009252	7	0.35	0
BSU_15310	GO:0016020	7	0.35	0
BSU_00700	GO:0009089	7	0.35	0
BSU_04040	GO:0004170	7	0.35	0
BSU_11140	GO:0004170	7	0.35	0
BSU_00410	GO:0009089	7	0.35	0
BSU_00380	GO:0009089	7	0.35	0
BSU_35850	GO:0004170	7	0.35	0
BSU_06240	GO:0009098	7	0.35	0
BSU_05900	GO:0004170	7	0.35	0
BSU_38290	GO:0004170	7	0.35	0
BSU_30820	GO:0004170	7	0.35	0
BSU_00090	GO:0009098	7	0.35	0
BSU_38300	GO:0004170	7	0.35	0
BSU_22670	GO:0006650	7	0.35	0
BSU_30780	GO:0004170	7	0.35	0
BSU_11190	GO:0009098	7	0.35	0
BSU_22670	GO:0004170	7	0.35	0
BSU_29120	GO:0046872	7	0.35	0
BSU_14370	GO:0004170	7	0.35	0
BSU_28680	GO:0030420	7	0.35	0
BSU_30780	GO:0006650	7	0.35	0
BSU_27610	GO:0009089	7	0.35	0
BSU_00740	GO:0004170	7	0.35	0
BSU_15310	GO:0030420	7	0.35	0
BSU_00930	GO:0009089	7	0.35	0
BSU_37120	GO:0016491	7	0.35	0
BSU_35670	GO:0030420	7	0.35	0
BSU_22540	GO:0030420	7	0.35	0
BSU_35670	GO:0016491	7	0.35	0
BSU_04720	GO:0016491	7	0.35	0
BSU_37090	GO:0008270	7	0.35	0
BSU_03780	GO:0016491	7	0.35	0
BSU_23150	GO:0030420	7	0.35	0
BSU_25190	GO:0030420	7	0.35	0
BSU_27560	GO:0008270	7	0.35	0
BSU_25270	GO:0008270	7	0.35	0
BSU_28150	GO:0006650	7	0.35	0
BSU_34560	GO:0009089	7	0.35	0
BSU_06510	GO:0009089	7	0.35	0
BSU_06510	GO:0006650	7	0.35	0
BSU_25020	GO:0008270	7	0.35	0
BSU_34140	GO:0016491	7	0.35	0
BSU_23560	GO:0016491	7	0.35	0
BSU_29970	GO:0009089	7	0.35	0
BSU_28690	GO:0030420	7	0.35	0
BSU_13860	GO:0009098	7	0.35	0
BSU_11220	GO:0004170	7	0.35	0
BSU_19630	GO:0009098	7	0.35	0
BSU_14540	GO:0046872	7	0.35	0
BSU_04720	GO:0046872	7	0.35	0
BSU_15130	GO:0008270	7	0.35	0
BSU_38290	GO:0006650	7	0.35	0
BSU_03950	GO:0004170	7	0.35	0
BSU_17660	GO:0006650	7	0.35	0
BSU_05900	GO:0006650	7	0.35	0
BSU_35850	GO:0006650	7	0.35	0
BSU_11140	GO:0006650	7	0.35	0
BSU_04040	GO:0006650	7	0.35	0
BSU_00740	GO:0006650	7	0.35	0
BSU_37790	GO:0046872	7	0.35	0
BSU_23560	GO:0016887	7	0.35	0
BSU_35650	GO:0016887	7	0.35	0
BSU_06240	GO:0004170	7	0.35	0
BSU_29970	GO:0006650	7	0.35	0
BSU_09540	GO:0006650	7	0.35	0
BSU_10380	GO:0004170	7	0.35	0
BSU_33310	GO:0016887	7	0.35	0
BSU_22710	GO:0009098	7	0.35	0
BSU_30820	GO:0006650	7	0.35	0
BSU_33630	GO:0046872	7	0.35	0
BSU_00700	GO:0004170	7	0.35	0
BSU_23850	GO:0009098	7	0.35	0
BSU_25020	GO:0009098	7	0.35	0
BSU_27560	GO:0009098	7	0.35	0
BSU_00090	GO:0004170	7	0.35	0
BSU_29450	GO:0009098	7	0.35	0
BSU_17050	GO:0046872	7	0.35	0
BSU_39420	GO:0009098	7	0.35	0
BSU_00410	GO:0004170	7	0.35	0
BSU_38300	GO:0006650	7	0.35	0
BSU_27650	GO:0046872	7	0.35	0
BSU_39670	GO:0009098	7	0.35	0
BSU_34560	GO:0004170	7	0.35	0
BSU_11570	GO:0009098	7	0.35	0
BSU_00880	GO:0046872	7	0.35	0
BSU_06690	GO:0046872	7	0.35	0
BSU_30780	GO:0009098	7	0.35	0
BSU_28540	GO:0009098	7	0.35	0
BSU_39360	GO:0009098	7	0.35	0
BSU_06690	GO:0016491	7	0.35	0
BSU_06520	GO:0016491	7	0.35	0
BSU_15310	GO:0000160	7	0.35	0
BSU_04720	GO:0000725	7	0.35	0
BSU_17050	GO:0000725	7	0.35	0
BSU_35670	GO:0006177	7	0.35	0
BSU_28550	GO:0000725	7	0.35	0
BSU_13910	GO:0000725	7	0.35	0
BSU_37120	GO:0006177	7	0.35	0
BSU_15390	GO:0000725	7	0.35	0
BSU_29120	GO:0000725	7	0.35	0
BSU_37080	GO:0000725	7	0.35	0
BSU_00880	GO:1990169	7	0.35	0
BSU_12420	GO:0000725	7	0.35	0
BSU_24030	GO:0000725	7	0.35	0
BSU_06690	GO:0006177	7	0.35	0
BSU_06240	GO:0006177	7	0.35	0
BSU_28190	GO:0000725	7	0.35	0
BSU_06520	GO:0006177	7	0.35	0
BSU_00380	GO:0006177	7	0.35	0
BSU_14540	GO:0000725	7	0.35	0
BSU_08650	GO:0006177	7	0.35	0
BSU_15490	GO:0006650	7	0.35	0
BSU_16800	GO:0000725	7	0.35	0
BSU_32110	GO:0006177	7	0.35	0
BSU_06240	GO:0009089	7	0.35	0
BSU_40920	GO:0006177	7	0.35	0
BSU_37240	GO:0046872	7	0.35	0
BSU_29140	GO:0046872	7	0.35	0
BSU_00090	GO:0008233	7	0.35	0
BSU_11370	GO:0000160	7	0.35	0
BSU_11470	GO:0000160	7	0.35	0
BSU_11360	GO:0000160	7	0.35	0
BSU_12080	GO:0046872	7	0.35	0
BSU_12310	GO:0006177	7	0.35	0
BSU_35760	GO:0046872	7	0.35	0
BSU_12310	GO:0000160	7	0.35	0
BSU_03050	GO:0008270	7	0.35	0
BSU_03950	GO:0000160	7	0.35	0
BSU_35720	GO:0046872	7	0.35	0
BSU_03780	GO:0006177	7	0.35	0
BSU_38410	GO:0000160	7	0.35	0
BSU_14370	GO:0000160	7	0.35	0
BSU_31600	GO:0000160	7	0.35	0
BSU_22540	GO:0000160	7	0.35	0
BSU_36800	GO:0000725	7	0.35	0
BSU_11190	GO:0006177	7	0.35	0
BSU_11200	GO:0006177	7	0.35	0
BSU_29450	GO:0009089	7	0.35	0
BSU_15890	GO:0009089	7	0.35	0
BSU_03950	GO:0030420	7	0.35	0
BSU_12310	GO:0030420	7	0.35	0
BSU_16410	GO:0046872	7	0.35	0
BSU_06510	GO:1990169	7	0.35	0
BSU_06520	GO:1990169	7	0.35	0
BSU_17640	GO:1990169	7	0.35	0
BSU_06950	GO:0030420	7	0.35	0
BSU_27280	GO:1990169	7	0.35	0
BSU_16410	GO:1990169	7	0.35	0
BSU_19630	GO:1990169	7	0.35	0
BSU_40920	GO:0008270	7	0.35	0
BSU_29140	GO:0016491	7	0.35	0
BSU_28870	GO:0016491	7	0.35	0
BSU_24340	GO:0016491	7	0.35	0
BSU_16100	GO:0016491	7	0.35	0
BSU_13910	GO:0016491	7	0.35	0
BSU_37080	GO:0046872	7	0.35	0
BSU_28150	GO:0009089	7	0.35	0
BSU_13500	GO:0030420	7	0.35	0
BSU_29450	GO:0006177	7	0.35	0
BSU_29140	GO:0006177	7	0.35	0
BSU_28870	GO:0006177	7	0.35	0
BSU_27560	GO:0046872	7	0.35	0
BSU_15130	GO:0009089	7	0.35	0
BSU_29980	GO:1990169	7	0.35	0
BSU_15060	GO:0009089	7	0.35	0
BSU_15310	GO:1990169	7	0.35	0
BSU_24850	GO:0009089	7	0.35	0
BSU_25270	GO:0046872	7	0.35	0
BSU_24030	GO:0046872	7	0.35	0
BSU_16100	GO:0006177	7	0.35	0
BSU_14370	GO:0030420	7	0.35	0
BSU_24340	GO:0006177	7	0.35	0
BSU_11880	GO:0009089	7	0.35	0
BSU_12420	GO:0046872	7	0.35	0
BSU_19630	GO:0006177	7	0.35	0
BSU_11220	GO:0009089	7	0.35	0
BSU_37120	GO:1990169	7	0.35	0
BSU_11200	GO:0009089	7	0.35	0
BSU_11190	GO:0009089	7	0.35	0
BSU_03330	GO:0030420	7	0.35	0
BSU_19630	GO:0008615	7	0.35	0
BSU_34860	GO:0006537	7	0.35	0
BSU_13500	GO:0042906	7	0.35	0
BSU_12420	GO:0140581	7	0.35	0
BSU_17050	GO:0140581	7	0.35	0
BSU_36800	GO:0140581	7	0.35	0
BSU_16800	GO:0140581	7	0.35	0
BSU_10270	GO:0008360	7	0.35	0
BSU_10650	GO:0008360	7	0.35	0
BSU_27650	GO:0140581	7	0.35	0
BSU_37240	GO:0140581	7	0.35	0
BSU_15390	GO:0140581	7	0.35	0
BSU_34140	GO:0140581	7	0.35	0
BSU_16370	GO:0140581	7	0.35	0
BSU_16380	GO:0140581	7	0.35	0
BSU_11360	GO:0008360	7	0.35	0
BSU_13910	GO:0140581	7	0.35	0
BSU_12080	GO:0140581	7	0.35	0
BSU_11450	GO:0140581	7	0.35	0
BSU_11470	GO:0008360	7	0.35	0
BSU_11390	GO:0140581	7	0.35	0
BSU_11370	GO:0008360	7	0.35	0
BSU_13530	GO:0000156	7	0.35	0
BSU_37080	GO:0140581	7	0.35	0
BSU_28190	GO:0140581	7	0.35	0
BSU_31640	GO:0140359	7	0.35	0
BSU_03330	GO:0042371	7	0.35	0
BSU_31100	GO:0140359	7	0.35	0
BSU_28870	GO:0047810	7	0.35	0
BSU_22710	GO:0016491	7	0.35	0
BSU_25190	GO:0140359	7	0.35	0
BSU_37310	GO:0006281	7	0.35	0
BSU_40350	GO:0006281	7	0.35	0
BSU_03950	GO:0042371	7	0.35	0
BSU_19630	GO:0047810	7	0.35	0
BSU_22540	GO:0140359	7	0.35	0
BSU_24100	GO:0006281	7	0.35	0
BSU_16410	GO:0047810	7	0.35	0
BSU_00380	GO:0008360	7	0.35	0
BSU_33230	GO:0006281	7	0.35	0
BSU_10790	GO:0008360	7	0.35	0
BSU_16800	GO:0006281	7	0.35	0
BSU_06670	GO:0008360	7	0.35	0
BSU_38290	GO:0006281	7	0.35	0
BSU_06690	GO:0008360	7	0.35	0
BSU_06950	GO:0008360	7	0.35	0
BSU_33630	GO:0140581	7	0.35	0
BSU_13530	GO:0008360	7	0.35	0
BSU_24100	GO:0000156	7	0.35	0
BSU_04720	GO:0140581	7	0.35	0
BSU_28150	GO:0000156	7	0.35	0
BSU_06520	GO:0047810	7	0.35	0
BSU_06510	GO:0047810	7	0.35	0
BSU_20060	GO:0008360	7	0.35	0
BSU_18240	GO:0008360	7	0.35	0
BSU_24340	GO:0008360	7	0.35	0
BSU_24030	GO:0000156	7	0.35	0
BSU_40920	GO:0008360	7	0.35	0
BSU_06950	GO:0140359	7	0.35	0
BSU_30820	GO:0042371	7	0.35	0
BSU_06140	GO:0005737	7	0.35	0
BSU_12310	GO:0140359	7	0.35	0
BSU_29140	GO:0000156	7	0.35	0
BSU_03950	GO:0140359	7	0.35	0
BSU_03330	GO:0140359	7	0.35	0
BSU_11200	GO:0000156	7	0.35	0
BSU_14370	GO:0140359	7	0.35	0
BSU_31750	GO:0042371	7	0.35	0
BSU_38290	GO:0042371	7	0.35	0
BSU_35650	GO:0042371	7	0.35	0
BSU_11140	GO:0047810	7	0.35	0
BSU_35850	GO:0047810	7	0.35	0
BSU_17640	GO:0047810	7	0.35	0
BSU_40350	GO:0000156	7	0.35	0
BSU_11400	GO:0140581	7	0.35	0
BSU_00380	GO:0000156	7	0.35	0
BSU_28050	GO:0000156	7	0.35	0
BSU_27280	GO:0047810	7	0.35	0
BSU_00880	GO:0000156	7	0.35	0
BSU_14370	GO:0042371	7	0.35	0
BSU_24850	GO:0008360	7	0.35	0
BSU_15060	GO:0008360	7	0.35	0
BSU_31520	GO:0005737	7	0.35	0
BSU_37500	GO:0042371	7	0.35	0
BSU_29450	GO:0008360	7	0.35	0
BSU_10380	GO:0140359	7	0.35	0
BSU_00770	GO:0042371	7	0.35	0
BSU_06510	GO:0000156	7	0.35	0
BSU_03780	GO:0000156	7	0.35	0
BSU_03180	GO:0000156	7	0.35	0
BSU_16410	GO:0008360	7	0.35	0
BSU_31610	GO:0140359	7	0.35	0
BSU_33470	GO:0140359	7	0.35	0
BSU_29960	GO:0006537	7	0.35	0
BSU_35720	GO:0008233	7	0.35	0
BSU_28680	GO:0016020	7	0.35	0
BSU_11400	GO:0008233	7	0.35	0
BSU_16800	GO:0008233	7	0.35	0
BSU_11360	GO:0008233	7	0.35	0
BSU_11470	GO:0008233	7	0.35	0
BSU_11390	GO:0008233	7	0.35	0
BSU_11450	GO:0008233	7	0.35	0
BSU_04720	GO:0008233	7	0.35	0
BSU_34140	GO:0016301	7	0.35	0
BSU_31640	GO:0016301	7	0.35	0
BSU_40920	GO:0016491	7	0.35	0
BSU_31610	GO:0016301	7	0.35	0
BSU_31750	GO:0016491	7	0.35	0
BSU_35670	GO:0016491	7	0.35	0
BSU_23150	GO:0016020	7	0.35	0
BSU_13910	GO:0008233	7	0.35	0
BSU_35670	GO:0016020	7	0.35	0
BSU_00740	GO:0008652	7	0.35	0
BSU_15310	GO:0016020	7	0.35	0
BSU_29980	GO:0008233	7	0.35	0
BSU_12310	GO:0016491	7	0.35	0
BSU_29980	GO:0006281	7	0.35	0
BSU_35760	GO:0008233	7	0.35	0
BSU_11370	GO:0016020	7	0.35	0
BSU_11470	GO:0016020	7	0.35	0
BSU_11360	GO:0016020	7	0.35	0
BSU_25270	GO:0017000	7	0.35	0
BSU_27560	GO:0017000	7	0.35	0
BSU_16800	GO:0016020	7	0.35	0
BSU_31600	GO:0016020	7	0.35	0
BSU_16410	GO:0008705	7	0.35	0
BSU_38290	GO:0017000	7	0.35	0
BSU_12420	GO:0008705	7	0.35	0
BSU_24030	GO:0008705	7	0.35	0
BSU_33310	GO:0016301	7	0.35	0
BSU_29120	GO:0008233	7	0.35	0
BSU_28190	GO:0008705	7	0.35	0
BSU_06950	GO:0016491	7	0.35	0
BSU_28190	GO:0008233	7	0.35	0
BSU_37790	GO:0008233	7	0.35	0
BSU_28690	GO:0016020	7	0.35	0
BSU_12080	GO:0008233	7	0.35	0
BSU_35720	GO:0016301	7	0.35	0
BSU_33630	GO:0008233	7	0.35	0
BSU_35760	GO:0016301	7	0.35	0
BSU_16380	GO:0008233	7	0.35	0
BSU_39360	GO:0008652	7	0.35	0
BSU_13910	GO:0032259	7	0.35	0
BSU_12420	GO:0032259	7	0.35	0
BSU_29140	GO:0032259	7	0.35	0
BSU_24030	GO:0032259	7	0.35	0
BSU_03780	GO:0016301	7	0.35	0
BSU_06950	GO:0042371	7	0.35	0
BSU_03780	GO:0032259	7	0.35	0
BSU_14540	GO:0032259	7	0.35	0
BSU_00880	GO:0032259	7	0.35	0
BSU_35650	GO:0140359	7	0.35	0
BSU_38280	GO:0140359	7	0.35	0
BSU_28050	GO:0032259	7	0.35	0
BSU_11190	GO:0016020	7	0.35	0
BSU_33310	GO:0140359	7	0.35	0
BSU_29120	GO:0032259	7	0.35	0
BSU_37310	GO:0032259	7	0.35	0
BSU_30560	GO:0047810	7	0.35	0
BSU_12310	GO:0042371	7	0.35	0
BSU_28540	GO:0008652	7	0.35	0
BSU_30780	GO:0008652	7	0.35	0
BSU_29450	GO:0016491	7	0.35	0
BSU_11390	GO:0016301	7	0.35	0
BSU_16370	GO:0008233	7	0.35	0
BSU_34140	GO:0008233	7	0.35	0
BSU_22540	GO:0016301	7	0.35	0
BSU_06520	GO:0016491	7	0.35	0
BSU_00380	GO:0016491	7	0.35	0
BSU_39420	GO:0008652	7	0.35	0
BSU_11200	GO:0016491	7	0.35	0
BSU_13860	GO:0016491	7	0.35	0
BSU_13500	GO:0016020	7	0.35	0
BSU_28870	GO:0016491	7	0.35	0
BSU_11370	GO:0016020	7	0.35	0
BSU_39670	GO:0008652	7	0.35	0
BSU_11570	GO:0008652	7	0.35	0
BSU_19630	GO:0016491	7	0.35	0
BSU_22710	GO:0016491	7	0.35	0
BSU_24340	GO:0016491	7	0.35	0
BSU_27560	GO:0016491	7	0.35	0
BSU_14370	GO:0016301	7	0.35	0
BSU_27560	GO:0042371	7	0.35	0
BSU_13500	GO:0016020	7	0.35	0
BSU_10380	GO:0005886	7	0.35	0
BSU_06510	GO:0071555	7	0.35	0
BSU_00700	GO:0071555	7	0.35	0
BSU_27610	GO:0071555	7	0.35	0
BSU_28050	GO:0071555	7	0.35	0
BSU_00410	GO:0071555	7	0.35	0
BSU_00380	GO:0071555	7	0.35	0
BSU_17640	GO:0071555	7	0.35	0
BSU_22540	GO:0006412	7	0.35	0
BSU_11600	GO:0009697	7	0.35	0
BSU_10380	GO:0009697	7	0.35	0
BSU_37790	GO:0006412	7	0.35	0
BSU_11190	GO:0004823	7	0.35	0
BSU_33630	GO:0003676	7	0.35	0
BSU_11200	GO:0004823	7	0.35	0
BSU_03950	GO:0032218	7	0.35	0
BSU_03780	GO:0006412	7	0.35	0
BSU_04040	GO:0006537	7	0.35	0
BSU_11140	GO:0006537	7	0.35	0
BSU_35850	GO:0006537	7	0.35	0
BSU_04720	GO:0006412	7	0.35	0
BSU_00930	GO:0071555	7	0.35	0
BSU_03780	GO:0071555	7	0.35	0
BSU_15310	GO:0016020	7	0.35	0
BSU_37240	GO:0003676	7	0.35	0
BSU_11220	GO:0071555	7	0.35	0
BSU_11200	GO:0071555	7	0.35	0
BSU_11190	GO:0071555	7	0.35	0
BSU_15720	GO:0009697	7	0.35	0
BSU_30560	GO:0005886	7	0.35	0
BSU_28150	GO:0071555	7	0.35	0
BSU_13540	GO:0003677	7	0.35	0
BSU_06240	GO:0071555	7	0.35	0
BSU_25020	GO:0008233	7	0.35	0
BSU_15530	GO:0009697	7	0.35	0
BSU_25190	GO:0008233	7	0.35	0
BSU_12080	GO:0003676	7	0.35	0
BSU_17660	GO:0008233	7	0.35	0
BSU_03330	GO:0032218	7	0.35	0
BSU_11400	GO:0003676	7	0.35	0
BSU_13860	GO:0009697	7	0.35	0
BSU_03180	GO:0071555	7	0.35	0
BSU_34560	GO:0071555	7	0.35	0
BSU_15720	GO:0008233	7	0.35	0
BSU_35670	GO:0006412	7	0.35	0
BSU_37120	GO:0006412	7	0.35	0
BSU_06520	GO:0006412	7	0.35	0
BSU_15720	GO:0006537	7	0.35	0
BSU_35670	GO:0008615	7	0.35	0
BSU_00180	GO:0006537	7	0.35	0
BSU_37120	GO:0008615	7	0.35	0
BSU_06690	GO:0008615	7	0.35	0
BSU_06240	GO:0008615	7	0.35	0
BSU_06520	GO:0008615	7	0.35	0
BSU_16420	GO:0006537	7	0.35	0
BSU_00380	GO:0008615	7	0.35	0
BSU_08650	GO:0008615	7	0.35	0
BSU_11190	GO:0008615	7	0.35	0
BSU_11200	GO:0008615	7	0.35	0
BSU_32610	GO:0006537	7	0.35	0
BSU_06950	GO:0032218	7	0.35	0
BSU_25190	GO:0042906	7	0.35	0
BSU_07980	GO:0006537	7	0.35	0
BSU_23150	GO:0042906	7	0.35	0
BSU_11570	GO:0006537	7	0.35	0
BSU_06240	GO:0009697	7	0.35	0
BSU_16100	GO:0008615	7	0.35	0
BSU_32110	GO:0008615	7	0.35	0
BSU_36280	GO:0006537	7	0.35	0
BSU_40920	GO:0008615	7	0.35	0
BSU_36530	GO:0006537	7	0.35	0
BSU_17660	GO:0006537	7	0.35	0
BSU_16100	GO:0004823	7	0.35	0
BSU_08650	GO:0006412	7	0.35	0
BSU_13910	GO:0006412	7	0.35	0
BSU_37090	GO:0006537	7	0.35	0
BSU_19630	GO:0004823	7	0.35	0
BSU_24340	GO:0004823	7	0.35	0
BSU_14910	GO:0003676	7	0.35	0
BSU_25020	GO:0004823	7	0.35	0
BSU_03780	GO:0008615	7	0.35	0
BSU_27560	GO:0004823	7	0.35	0
BSU_24340	GO:0006412	7	0.35	0
BSU_28870	GO:0004823	7	0.35	0
BSU_29450	GO:0004823	7	0.35	0
BSU_29140	GO:0006412	7	0.35	0
BSU_12310	GO:0008615	7	0.35	0
BSU_16100	GO:0006412	7	0.35	0
BSU_16360	GO:0003676	7	0.35	0
BSU_11880	GO:0071555	7	0.35	0
BSU_40920	GO:0005886	7	0.35	0
BSU_38290	GO:0008233	7	0.35	0
BSU_39670	GO:0016491	7	0.35	0
BSU_01935	GO:0005886	7	0.35	0
BSU_24340	GO:0003677	7	0.35	0
BSU_23850	GO:0003677	7	0.35	0
BSU_22710	GO:0003677	7	0.35	0
BSU_06690	GO:0009361	7	0.35	0
BSU_28540	GO:0016491	7	0.35	0
BSU_30780	GO:0016491	7	0.35	0
BSU_29140	GO:0009361	7	0.35	0
BSU_28150	GO:0042371	7	0.35	0
BSU_28870	GO:0009361	7	0.35	0
BSU_24340	GO:0009361	7	0.35	0
BSU_00380	GO:0005886	7	0.35	0
BSU_13910	GO:0009361	7	0.35	0
BSU_11200	GO:0009361	7	0.35	0
BSU_06520	GO:0042371	7	0.35	0
BSU_06510	GO:0042371	7	0.35	0
BSU_00700	GO:0005886	7	0.35	0
BSU_36280	GO:0005737	7	0.35	0
BSU_00740	GO:0042371	7	0.35	0
BSU_15890	GO:0042371	7	0.35	0
BSU_25020	GO:0003677	7	0.35	0
BSU_27560	GO:0003677	7	0.35	0
BSU_13530	GO:0003677	7	0.35	0
BSU_31520	GO:0003677	7	0.35	0
BSU_35670	GO:0016020	7	0.35	0
BSU_00700	GO:0003677	7	0.35	0
BSU_23150	GO:0016020	7	0.35	0
BSU_05900	GO:0003677	7	0.35	0
BSU_06950	GO:0003677	7	0.35	0
BSU_25270	GO:0042371	7	0.35	0
BSU_11600	GO:0003677	7	0.35	0
BSU_28680	GO:0016020	7	0.35	0
BSU_39360	GO:0016491	7	0.35	0
BSU_28690	GO:0016020	7	0.35	0
BSU_24850	GO:0003677	7	0.35	0
BSU_38300	GO:0003677	7	0.35	0
BSU_15490	GO:0042371	7	0.35	0
BSU_11710	GO:0003677	7	0.35	0
BSU_14390	GO:0003677	7	0.35	0
BSU_29450	GO:0003677	7	0.35	0
BSU_28870	GO:0003677	7	0.35	0
BSU_11570	GO:0016491	7	0.35	0
BSU_10790	GO:0005886	7	0.35	0
BSU_24340	GO:0005886	7	0.35	0
BSU_39420	GO:0016491	7	0.35	0
BSU_11600	GO:0005886	7	0.35	0
BSU_35670	GO:0004823	7	0.35	0
BSU_37120	GO:0004823	7	0.35	0
BSU_13530	GO:0005886	7	0.35	0
BSU_24850	GO:0005886	7	0.35	0
BSU_15060	GO:0005886	7	0.35	0
BSU_06240	GO:0004823	7	0.35	0
BSU_12310	GO:0009361	7	0.35	0
BSU_06520	GO:0004823	7	0.35	0
BSU_00380	GO:0004823	7	0.35	0
BSU_36800	GO:0003676	7	0.35	0
BSU_29120	GO:0003676	7	0.35	0
BSU_00090	GO:0004823	7	0.35	0
BSU_08650	GO:0004823	7	0.35	0
BSU_29450	GO:0005886	7	0.35	0
BSU_15390	GO:0003676	7	0.35	0
BSU_16410	GO:0005886	7	0.35	0
BSU_20060	GO:0005886	7	0.35	0
BSU_18240	GO:0005886	7	0.35	0
BSU_32110	GO:0004823	7	0.35	0
BSU_24100	GO:0016020	7	0.35	0
BSU_03780	GO:0009361	7	0.35	0
BSU_36530	GO:0016020	7	0.35	0
BSU_08650	GO:0009361	7	0.35	0
BSU_29970	GO:0042371	7	0.35	0
BSU_06670	GO:0005886	7	0.35	0
BSU_29970	GO:0016491	7	0.35	0
BSU_00740	GO:0016491	7	0.35	0
BSU_00380	GO:0009361	7	0.35	0
BSU_37090	GO:0008233	7	0.35	0
BSU_06520	GO:0009361	7	0.35	0
BSU_28690	GO:0008233	7	0.35	0
BSU_40920	GO:0004823	7	0.35	0
BSU_06690	GO:0005886	7	0.35	0
BSU_12420	GO:0003676	7	0.35	0
BSU_28190	GO:0003676	7	0.35	0
BSU_10270	GO:0005886	7	0.35	0
BSU_03780	GO:0004823	7	0.35	0
BSU_37120	GO:0009361	7	0.35	0
BSU_35670	GO:0009361	7	0.35	0
BSU_10650	GO:0005886	7	0.35	0
BSU_14370	GO:0015093	7	0.35	0
BSU_03330	GO:0022857	7	0.35	0
BSU_03330	GO:0015093	7	0.35	0
BSU_32110	GO:0006979	7	0.35	0
BSU_17970	GO:0006979	7	0.35	0
BSU_12840	GO:0055085	7	0.35	0
BSU_37120	GO:0006979	7	0.35	0
BSU_15310	GO:0006979	7	0.35	0
BSU_13530	GO:0006979	7	0.35	0
BSU_09540	GO:0055085	7	0.35	0
BSU_00700	GO:0003723	7	0.35	0
BSU_11370	GO:0006979	7	0.35	0
BSU_00410	GO:0003723	7	0.35	0
BSU_00090	GO:0003723	7	0.35	0
BSU_03780	GO:0006979	7	0.35	0
BSU_10790	GO:0006979	7	0.35	0
BSU_31600	GO:0006979	7	0.35	0
BSU_03210	GO:0006635	7	0.35	0
BSU_06240	GO:0006635	7	0.35	0
BSU_13500	GO:0008961	7	0.35	0
BSU_23150	GO:0015112	7	0.35	0
BSU_25190	GO:0015112	7	0.35	0
BSU_10850	GO:0006635	7	0.35	0
BSU_23150	GO:0006979	7	0.35	0
BSU_00090	GO:0006979	7	0.35	0
BSU_25190	GO:0004497	7	0.35	0
BSU_00410	GO:0006979	7	0.35	0
BSU_00700	GO:0004672	7	0.35	0
BSU_10380	GO:0004497	7	0.35	0
BSU_32110	GO:0004497	7	0.35	0
BSU_00380	GO:0004672	7	0.35	0
BSU_38290	GO:0015633	7	0.35	0
BSU_22540	GO:0015633	7	0.35	0
BSU_24340	GO:0015633	7	0.35	0
BSU_18240	GO:0015633	7	0.35	0
BSU_06240	GO:0006979	7	0.35	0
BSU_37120	GO:0015633	7	0.35	0
BSU_35850	GO:0006979	7	0.35	0
BSU_15530	GO:0015633	7	0.35	0
BSU_11140	GO:0006979	7	0.35	0
BSU_04040	GO:0006979	7	0.35	0
BSU_13500	GO:0015112	7	0.35	0
BSU_03950	GO:0006979	7	0.35	0
BSU_10380	GO:0015633	7	0.35	0
BSU_29980	GO:0015633	7	0.35	0
BSU_00700	GO:0006979	7	0.35	0
BSU_11190	GO:0006635	7	0.35	0
BSU_15530	GO:0006635	7	0.35	0
BSU_20060	GO:0006635	7	0.35	0
BSU_12980	GO:0003723	7	0.35	0
BSU_00740	GO:0008531	7	0.35	0
BSU_06510	GO:0008531	7	0.35	0
BSU_06520	GO:0008531	7	0.35	0
BSU_28150	GO:0008531	7	0.35	0
BSU_03180	GO:0003677	7	0.35	0
BSU_15890	GO:0008531	7	0.35	0
BSU_15490	GO:0008531	7	0.35	0
BSU_28050	GO:0003677	7	0.35	0
BSU_25270	GO:0008531	7	0.35	0
BSU_19690	GO:0003723	7	0.35	0
BSU_03780	GO:0003677	7	0.35	0
BSU_13910	GO:0005886	7	0.35	0
BSU_27560	GO:0008531	7	0.35	0
BSU_38290	GO:0008531	7	0.35	0
BSU_31750	GO:0008531	7	0.35	0
BSU_28150	GO:0003677	7	0.35	0
BSU_30820	GO:0008531	7	0.35	0
BSU_35650	GO:0008531	7	0.35	0
BSU_00770	GO:0008531	7	0.35	0
BSU_29970	GO:0008531	7	0.35	0
BSU_35850	GO:0008531	7	0.35	0
BSU_11140	GO:0008531	7	0.35	0
BSU_30860	GO:0006635	7	0.35	0
BSU_23150	GO:0006635	7	0.35	0
BSU_23850	GO:0006635	7	0.35	0
BSU_25020	GO:0006635	7	0.35	0
BSU_15580	GO:0055085	7	0.35	0
BSU_11570	GO:0055085	7	0.35	0
BSU_28680	GO:0006635	7	0.35	0
BSU_28690	GO:0006635	7	0.35	0
BSU_32110	GO:0006635	7	0.35	0
BSU_33470	GO:0006635	7	0.35	0
BSU_04040	GO:0008531	7	0.35	0
BSU_22130	GO:0003723	7	0.35	0
BSU_03050	GO:0006635	7	0.35	0
BSU_29140	GO:0004124	7	0.35	0
BSU_11190	GO:0004124	7	0.35	0
BSU_11200	GO:0004124	7	0.35	0
BSU_11220	GO:0004124	7	0.35	0
BSU_37730	GO:0003723	7	0.35	0
BSU_21690	GO:0006635	7	0.35	0
BSU_22540	GO:0004497	7	0.35	0
BSU_10790	GO:0004672	7	0.35	0
BSU_24030	GO:0003677	7	0.35	0
BSU_04040	GO:0003723	7	0.35	0
BSU_36280	GO:0008880	7	0.35	0
BSU_34560	GO:0003723	7	0.35	0
BSU_12980	GO:0008880	7	0.35	0
BSU_22130	GO:0008880	7	0.35	0
BSU_38300	GO:0016740	7	0.35	0
BSU_04320	GO:0016740	7	0.35	0
BSU_00180	GO:0016740	7	0.35	0
BSU_00880	GO:0004527	7	0.35	0
BSU_33230	GO:0004527	7	0.35	0
BSU_16800	GO:0004527	7	0.35	0
BSU_37730	GO:0008880	7	0.35	0
BSU_40920	GO:0004672	7	0.35	0
BSU_15720	GO:0009055	7	0.35	0
BSU_19690	GO:0008880	7	0.35	0
BSU_24100	GO:0004527	7	0.35	0
BSU_37120	GO:0004497	7	0.35	0
BSU_40350	GO:0004527	7	0.35	0
BSU_15720	GO:0004497	7	0.35	0
BSU_15530	GO:0004497	7	0.35	0
BSU_03950	GO:0003723	7	0.35	0
BSU_25020	GO:0016740	7	0.35	0
BSU_37730	GO:0004497	7	0.35	0
BSU_10380	GO:0004527	7	0.35	0
BSU_14390	GO:0008880	7	0.35	0
BSU_07980	GO:0008880	7	0.35	0
BSU_05710	GO:0008880	7	0.35	0
BSU_22540	GO:0005737	7	0.35	0
BSU_23150	GO:0005737	7	0.35	0
BSU_23560	GO:0005737	7	0.35	0
BSU_17640	GO:0005737	7	0.35	0
BSU_27280	GO:0005737	7	0.35	0
BSU_34560	GO:0016740	7	0.35	0
BSU_34560	GO:0008880	7	0.35	0
BSU_05900	GO:0016740	7	0.35	0
BSU_06240	GO:0003723	7	0.35	0
BSU_05900	GO:0003723	7	0.35	0
BSU_35850	GO:0003723	7	0.35	0
BSU_13860	GO:0016740	7	0.35	0
BSU_30820	GO:0008880	7	0.35	0
BSU_03330	GO:0055085	7	0.35	0
BSU_17660	GO:0016740	7	0.35	0
BSU_11140	GO:0003723	7	0.35	0
BSU_13860	GO:0004497	7	0.35	0
BSU_37310	GO:0004527	7	0.35	0
BSU_11600	GO:0004497	7	0.35	0
BSU_00380	GO:0004527	7	0.35	0
BSU_04640	GO:0008880	7	0.35	0
BSU_35850	GO:0004497	7	0.35	0
BSU_29450	GO:0004672	7	0.35	0
BSU_15060	GO:0004672	7	0.35	0
BSU_11140	GO:0004497	7	0.35	0
BSU_04040	GO:0004497	7	0.35	0
BSU_03950	GO:0004497	7	0.35	0
BSU_24850	GO:0004672	7	0.35	0
BSU_13530	GO:0004672	7	0.35	0
BSU_11600	GO:0004672	7	0.35	0
BSU_34560	GO:0004497	7	0.35	0
BSU_10270	GO:0004672	7	0.35	0
BSU_00090	GO:0006635	7	0.35	0
BSU_06950	GO:0004672	7	0.35	0
BSU_00700	GO:0004497	7	0.35	0
BSU_00410	GO:0004497	7	0.35	0
BSU_05900	GO:0004672	7	0.35	0
BSU_06670	GO:0004672	7	0.35	0
BSU_00090	GO:0004497	7	0.35	0
BSU_20060	GO:0004672	7	0.35	0
BSU_18240	GO:0004672	7	0.35	0
BSU_05900	GO:0004497	7	0.35	0
BSU_00700	GO:0004124	7	0.35	0
BSU_10790	GO:0004527	7	0.35	0
BSU_06670	GO:0004527	7	0.35	0
BSU_06690	GO:0004527	7	0.35	0
BSU_11880	GO:0004124	7	0.35	0
BSU_00380	GO:0004124	7	0.35	0
BSU_00410	GO:0004124	7	0.35	0
BSU_28050	GO:0004124	7	0.35	0
BSU_27610	GO:0004124	7	0.35	0
BSU_00930	GO:0004124	7	0.35	0
BSU_28150	GO:0004124	7	0.35	0
BSU_27560	GO:0004672	7	0.35	0
BSU_06510	GO:0004124	7	0.35	0
BSU_03780	GO:0004124	7	0.35	0
BSU_03180	GO:0004124	7	0.35	0
BSU_25270	GO:0004672	7	0.35	0
BSU_06240	GO:0004497	7	0.35	0
BSU_06240	GO:0004124	7	0.35	0
BSU_24340	GO:0004672	7	0.35	0
BSU_37500	GO:0008531	7	0.35	0
BSU_29140	GO:0003677	7	0.35	0
BSU_27560	GO:0006450	7	0.35	0
BSU_35650	GO:0006065	7	0.35	0
BSU_15480	GO:0008514	7	0.35	0
BSU_23560	GO:0008514	7	0.35	0
BSU_36530	GO:0006065	7	0.35	0
BSU_08220	GO:0008514	7	0.35	0
BSU_08210	GO:0008514	7	0.35	0
BSU_32850	GO:0003824	7	0.35	0
BSU_10790	GO:0006631	7	0.35	0
BSU_33310	GO:0008514	7	0.35	0
BSU_11360	GO:0006400	7	0.35	0
BSU_03210	GO:0003824	7	0.35	0
BSU_11190	GO:0006065	7	0.35	0
BSU_13530	GO:0006631	7	0.35	0
BSU_13500	GO:0008514	7	0.35	0
BSU_10650	GO:0006400	7	0.35	0
BSU_15310	GO:0006631	7	0.35	0
BSU_25190	GO:0012501	7	0.35	0
BSU_06240	GO:0003824	7	0.35	0
BSU_37310	GO:0032357	7	0.35	0
BSU_23150	GO:0012501	7	0.35	0
BSU_00090	GO:0003824	7	0.35	0
BSU_40330	GO:0008514	7	0.35	0
BSU_08650	GO:0006631	7	0.35	0
BSU_06160	GO:0008514	7	0.35	0
BSU_10850	GO:0006065	7	0.35	0
BSU_11470	GO:0006400	7	0.35	0
BSU_06320	GO:0008514	7	0.35	0
BSU_08650	GO:0006065	7	0.35	0
BSU_30860	GO:0006631	7	0.35	0
BSU_30300	GO:0006631	7	0.35	0
BSU_05470	GO:0008514	7	0.35	0
BSU_17570	GO:0008514	7	0.35	0
BSU_06240	GO:0006065	7	0.35	0
BSU_03210	GO:0006065	7	0.35	0
BSU_38560	GO:0006631	7	0.35	0
BSU_37760	GO:0008514	7	0.35	0
BSU_28690	GO:0003824	7	0.35	0
BSU_32850	GO:0006065	7	0.35	0
BSU_09280	GO:0008514	7	0.35	0
BSU_03670	GO:0008514	7	0.35	0
BSU_03200	GO:0006065	7	0.35	0
BSU_06310	GO:0008514	7	0.35	0
BSU_00090	GO:0006065	7	0.35	0
BSU_08650	GO:0003824	7	0.35	0
BSU_39230	GO:0032357	7	0.35	0
BSU_10850	GO:0003824	7	0.35	0
BSU_13500	GO:0012501	7	0.35	0
BSU_00090	GO:0006631	7	0.35	0
BSU_00880	GO:0032357	7	0.35	0
BSU_28680	GO:0003824	7	0.35	0
BSU_32110	GO:0003824	7	0.35	0
BSU_30860	GO:0003824	7	0.35	0
BSU_28150	GO:0005975	7	0.35	0
BSU_03330	GO:0012501	7	0.35	0
BSU_33470	GO:0003824	7	0.35	0
BSU_03050	GO:0003824	7	0.35	0
BSU_24030	GO:0005975	7	0.35	0
BSU_21690	GO:0003824	7	0.35	0
BSU_11200	GO:0005975	7	0.35	0
BSU_11880	GO:0005975	7	0.35	0
BSU_13910	GO:0005975	7	0.35	0
BSU_15890	GO:0005975	7	0.35	0
BSU_13130	GO:0003824	7	0.35	0
BSU_15490	GO:0016491	7	0.35	0
BSU_00380	GO:0005886	7	0.35	0
BSU_00380	GO:0016491	7	0.35	0
BSU_25020	GO:0003824	7	0.35	0
BSU_23850	GO:0003824	7	0.35	0
BSU_23150	GO:0003824	7	0.35	0
BSU_07980	GO:0006631	7	0.35	0
BSU_11190	GO:0003824	7	0.35	0
BSU_00380	GO:0005975	7	0.35	0
BSU_17970	GO:0006631	7	0.35	0
BSU_28050	GO:0005975	7	0.35	0
BSU_15530	GO:0003824	7	0.35	0
BSU_05710	GO:0006631	7	0.35	0
BSU_32340	GO:0006631	7	0.35	0
BSU_00880	GO:0005975	7	0.35	0
BSU_20060	GO:0003824	7	0.35	0
BSU_03950	GO:0012501	7	0.35	0
BSU_06950	GO:0006400	7	0.35	0
BSU_17050	GO:0032357	7	0.35	0
BSU_06950	GO:0012501	7	0.35	0
BSU_22540	GO:0003824	7	0.35	0
BSU_06510	GO:0005975	7	0.35	0
BSU_03780	GO:0005975	7	0.35	0
BSU_05550	GO:0006631	7	0.35	0
BSU_03180	GO:0005975	7	0.35	0
BSU_15530	GO:0006065	7	0.35	0
BSU_20060	GO:0006065	7	0.35	0
BSU_00380	GO:0008531	7	0.35	0
BSU_27650	GO:0006508	7	0.35	0
BSU_08650	GO:0016779	7	0.35	0
BSU_14540	GO:0005886	7	0.35	0
BSU_00380	GO:0016779	7	0.35	0
BSU_06520	GO:0016779	7	0.35	0
BSU_16800	GO:0006508	7	0.35	0
BSU_06690	GO:0016779	7	0.35	0
BSU_37120	GO:0016779	7	0.35	0
BSU_11390	GO:0006508	7	0.35	0
BSU_11450	GO:0006508	7	0.35	0
BSU_12080	GO:0006508	7	0.35	0
BSU_32110	GO:0016779	7	0.35	0
BSU_03780	GO:0016779	7	0.35	0
BSU_16380	GO:0006508	7	0.35	0
BSU_16370	GO:0006508	7	0.35	0
BSU_36800	GO:0006508	7	0.35	0
BSU_34140	GO:0006508	7	0.35	0
BSU_29120	GO:0006508	7	0.35	0
BSU_12310	GO:0016779	7	0.35	0
BSU_04640	GO:0003723	7	0.35	0
BSU_11190	GO:0016779	7	0.35	0
BSU_33630	GO:0006508	7	0.35	0
BSU_22540	GO:0006065	7	0.35	0
BSU_00880	GO:0005886	7	0.35	0
BSU_00700	GO:0008531	7	0.35	0
BSU_11200	GO:0003677	7	0.35	0
BSU_11880	GO:0003677	7	0.35	0
BSU_13910	GO:0003677	7	0.35	0
BSU_29450	GO:0016779	7	0.35	0
BSU_29140	GO:0016779	7	0.35	0
BSU_10790	GO:0008531	7	0.35	0
BSU_28870	GO:0016779	7	0.35	0
BSU_06670	GO:0008531	7	0.35	0
BSU_05900	GO:0008531	7	0.35	0
BSU_24340	GO:0016779	7	0.35	0
BSU_15390	GO:0006508	7	0.35	0
BSU_19630	GO:0016779	7	0.35	0
BSU_16100	GO:0016779	7	0.35	0
BSU_28050	GO:0005886	7	0.35	0
BSU_13910	GO:0006508	7	0.35	0
BSU_11400	GO:0006508	7	0.35	0
BSU_37240	GO:0006508	7	0.35	0
BSU_11200	GO:0016779	7	0.35	0
BSU_03780	GO:0005886	7	0.35	0
BSU_28190	GO:0006508	7	0.35	0
BSU_03180	GO:0005886	7	0.35	0
BSU_37790	GO:0006508	7	0.35	0
BSU_37120	GO:0006541	7	0.35	0
BSU_11880	GO:0006541	7	0.35	0
BSU_30820	GO:0008961	7	0.35	0
BSU_31750	GO:0008961	7	0.35	0
BSU_27560	GO:0008961	7	0.35	0
BSU_10850	GO:0006631	7	0.35	0
BSU_25270	GO:0008961	7	0.35	0
BSU_10380	GO:0008514	7	0.35	0
BSU_15490	GO:0008961	7	0.35	0
BSU_06950	GO:0008514	7	0.35	0
BSU_03950	GO:0008514	7	0.35	0
BSU_00740	GO:0008961	7	0.35	0
BSU_29970	GO:0008961	7	0.35	0
BSU_03330	GO:0008514	7	0.35	0
BSU_32110	GO:0006065	7	0.35	0
BSU_28690	GO:0006065	7	0.35	0
BSU_28680	GO:0006065	7	0.35	0
BSU_23150	GO:0006065	7	0.35	0
BSU_11370	GO:0006400	7	0.35	0
BSU_00770	GO:0008961	7	0.35	0
BSU_37500	GO:0008961	7	0.35	0
BSU_13530	GO:0006400	7	0.35	0
BSU_35650	GO:0006541	7	0.35	0
BSU_11570	GO:0005886	7	0.35	0
BSU_37080	GO:0006508	7	0.35	0
BSU_12420	GO:0006508	7	0.35	0
BSU_34570	GO:0003723	7	0.35	0
BSU_03330	GO:0008961	7	0.35	0
BSU_06950	GO:0003723	7	0.35	0
BSU_16410	GO:0006400	7	0.35	0
BSU_24850	GO:0006400	7	0.35	0
BSU_38290	GO:0006541	7	0.35	0
BSU_06510	GO:0006541	7	0.35	0
BSU_35720	GO:0006541	7	0.35	0
BSU_35760	GO:0006541	7	0.35	0
BSU_24030	GO:0005886	7	0.35	0
BSU_15890	GO:0006541	7	0.35	0
BSU_29140	GO:0006541	7	0.35	0
BSU_29140	GO:0005886	7	0.35	0
BSU_28150	GO:0006541	7	0.35	0
BSU_06520	GO:0006541	7	0.35	0
BSU_32830	GO:0005737	7	0.35	0
BSU_10270	GO:0005737	7	0.35	0
BSU_39330	GO:0008880	7	0.35	0
BSU_12420	GO:0033592	7	0.35	0
BSU_37310	GO:0033592	7	0.35	0
BSU_37080	GO:0033592	7	0.35	0
BSU_35340	GO:0016020	7	0.35	0
BSU_28150	GO:0019877	7	0.35	0
BSU_29120	GO:0033592	7	0.35	0
BSU_28050	GO:0033592	7	0.35	0
BSU_00880	GO:0033592	7	0.35	0
BSU_14540	GO:0033592	7	0.35	0
BSU_03780	GO:0033592	7	0.35	0
BSU_06240	GO:0019877	7	0.35	0
BSU_03780	GO:0016020	7	0.35	0
BSU_39230	GO:0016020	7	0.35	0
BSU_29140	GO:0033592	7	0.35	0
BSU_13910	GO:0033592	7	0.35	0
BSU_29980	GO:0016020	7	0.35	0
BSU_37500	GO:0016787	7	0.35	0
BSU_24100	GO:0016020	7	0.35	0
BSU_00090	GO:0016787	7	0.35	0
BSU_00410	GO:0016787	7	0.35	0
BSU_16410	GO:0033592	7	0.35	0
BSU_00840	GO:0016020	7	0.35	0
BSU_28150	GO:0003677	7	0.35	0
BSU_24030	GO:0033592	7	0.35	0
BSU_10380	GO:0005737	7	0.35	0
BSU_29980	GO:0005737	7	0.35	0
BSU_11190	GO:0050660	7	0.35	0
BSU_20060	GO:0050660	7	0.35	0
BSU_10380	GO:0005886	7	0.35	0
BSU_23150	GO:0050660	7	0.35	0
BSU_25020	GO:0050660	7	0.35	0
BSU_28680	GO:0050660	7	0.35	0
BSU_28690	GO:0050660	7	0.35	0
BSU_30860	GO:0050660	7	0.35	0
BSU_13910	GO:0005886	7	0.35	0
BSU_33470	GO:0050660	7	0.35	0
BSU_03050	GO:0050660	7	0.35	0
BSU_29980	GO:0005886	7	0.35	0
BSU_21690	GO:0050660	7	0.35	0
BSU_37370	GO:0050660	7	0.35	0
BSU_32110	GO:0005737	7	0.35	0
BSU_23150	GO:0005737	7	0.35	0
BSU_28190	GO:0033592	7	0.35	0
BSU_00700	GO:0016787	7	0.35	0
BSU_31660	GO:0016020	7	0.35	0
BSU_34560	GO:0016787	7	0.35	0
BSU_35670	GO:0016020	7	0.35	0
BSU_14370	GO:0071555	7	0.35	0
BSU_38410	GO:0071555	7	0.35	0
BSU_10650	GO:0005886	7	0.35	0
BSU_13860	GO:0016787	7	0.35	0
BSU_16800	GO:0071555	7	0.35	0
BSU_15530	GO:0016787	7	0.35	0
BSU_06510	GO:0019877	7	0.35	0
BSU_11360	GO:0071555	7	0.35	0
BSU_11470	GO:0071555	7	0.35	0
BSU_11390	GO:0071555	7	0.35	0
BSU_11370	GO:0071555	7	0.35	0
BSU_40920	GO:0050660	7	0.35	0
BSU_31750	GO:0050660	7	0.35	0
BSU_25190	GO:0016787	7	0.35	0
BSU_31520	GO:0003677	7	0.35	0
BSU_35670	GO:0050660	7	0.35	0
BSU_25020	GO:0016787	7	0.35	0
BSU_38290	GO:0016787	7	0.35	0
BSU_28690	GO:0016787	7	0.35	0
BSU_31600	GO:0071555	7	0.35	0
BSU_11600	GO:0016787	7	0.35	0
BSU_10380	GO:0016787	7	0.35	0
BSU_27650	GO:0016020	7	0.35	0
BSU_15310	GO:0016020	7	0.35	0
BSU_11370	GO:0016020	7	0.35	0
BSU_11470	GO:0016020	7	0.35	0
BSU_11360	GO:0016020	7	0.35	0
BSU_33230	GO:0071555	7	0.35	0
BSU_03780	GO:0071555	7	0.35	0
BSU_16800	GO:0016020	7	0.35	0
BSU_03950	GO:0016787	7	0.35	0
BSU_37790	GO:0071555	7	0.35	0
BSU_34560	GO:0019877	7	0.35	0
BSU_31600	GO:0016020	7	0.35	0
BSU_15310	GO:0071555	7	0.35	0
BSU_35340	GO:0071555	7	0.35	0
BSU_16410	GO:0071555	7	0.35	0
BSU_05900	GO:0016787	7	0.35	0
BSU_06240	GO:0016787	7	0.35	0
BSU_00840	GO:0071555	7	0.35	0
BSU_29980	GO:0071555	7	0.35	0
BSU_06240	GO:0003677	7	0.35	0
BSU_15530	GO:0005737	7	0.35	0
BSU_11600	GO:0003723	7	0.35	0
BSU_15890	GO:0019877	7	0.35	0
BSU_29450	GO:0019877	7	0.35	0
BSU_00150	GO:0005886	7	0.35	0
BSU_11220	GO:0019877	7	0.35	0
BSU_11710	GO:0005886	7	0.35	0
BSU_11200	GO:0019877	7	0.35	0
BSU_11190	GO:0019877	7	0.35	0
BSU_00380	GO:0005886	7	0.35	0
BSU_03330	GO:0055085	7	0.35	0
BSU_01935	GO:0005886	7	0.35	0
BSU_03950	GO:0055085	7	0.35	0
BSU_33630	GO:0006364	7	0.35	0
BSU_12080	GO:0006364	7	0.35	0
BSU_06950	GO:0055085	7	0.35	0
BSU_11570	GO:0005886	7	0.35	0
BSU_10380	GO:0055085	7	0.35	0
BSU_29120	GO:0016020	7	0.35	0
BSU_22540	GO:0055085	7	0.35	0
BSU_25190	GO:0055085	7	0.35	0
BSU_28190	GO:0006364	7	0.35	0
BSU_36280	GO:0005886	7	0.35	0
BSU_15130	GO:0019877	7	0.35	0
BSU_10850	GO:0050660	7	0.35	0
BSU_15060	GO:0019877	7	0.35	0
BSU_13530	GO:0005886	7	0.35	0
BSU_24850	GO:0005886	7	0.35	0
BSU_15060	GO:0005886	7	0.35	0
BSU_29450	GO:0005886	7	0.35	0
BSU_20060	GO:0005886	7	0.35	0
BSU_10270	GO:0005886	7	0.35	0
BSU_11880	GO:0019877	7	0.35	0
BSU_05900	GO:0005886	7	0.35	0
BSU_25270	GO:0005886	7	0.35	0
BSU_27560	GO:0005886	7	0.35	0
BSU_11400	GO:0006364	7	0.35	0
BSU_16380	GO:0006364	7	0.35	0
BSU_16360	GO:0006364	7	0.35	0
BSU_40920	GO:0005886	7	0.35	0
BSU_16370	GO:0006364	7	0.35	0
BSU_30560	GO:0005886	7	0.35	0
BSU_24850	GO:0019877	7	0.35	0
BSU_00700	GO:0005886	7	0.35	0
BSU_38300	GO:0005886	7	0.35	0
BSU_37790	GO:0016020	7	0.35	0
BSU_15390	GO:0006364	7	0.35	0
BSU_31100	GO:0055085	7	0.35	0
BSU_31610	GO:0055085	7	0.35	0
BSU_13130	GO:0050660	7	0.35	0
BSU_00090	GO:0050660	7	0.35	0
BSU_01935	GO:0055085	7	0.35	0
BSU_11880	GO:0003677	7	0.35	0
BSU_11220	GO:0003677	7	0.35	0
BSU_03210	GO:0050660	7	0.35	0
BSU_11370	GO:0005737	7	0.35	0
BSU_11470	GO:0005737	7	0.35	0
BSU_11360	GO:0005737	7	0.35	0
BSU_10790	GO:0005737	7	0.35	0
BSU_31600	GO:0005737	7	0.35	0
BSU_11200	GO:0003677	7	0.35	0
BSU_11190	GO:0003677	7	0.35	0
BSU_17970	GO:0005737	7	0.35	0
BSU_22540	GO:0005737	7	0.35	0
BSU_24340	GO:0005737	7	0.35	0
BSU_18240	GO:0005737	7	0.35	0
BSU_06240	GO:0050660	7	0.35	0
BSU_37120	GO:0005737	7	0.35	0
BSU_24850	GO:0003677	7	0.35	0
BSU_23850	GO:0050660	7	0.35	0
BSU_15060	GO:0003677	7	0.35	0
BSU_31600	GO:0016020	7	0.35	0
BSU_14910	GO:0006364	7	0.35	0
BSU_31640	GO:0055085	7	0.35	0
BSU_33470	GO:0055085	7	0.35	0
BSU_28190	GO:0016020	7	0.35	0
BSU_29980	GO:0016020	7	0.35	0
BSU_38280	GO:0055085	7	0.35	0
BSU_37310	GO:0016020	7	0.35	0
BSU_12420	GO:0006364	7	0.35	0
BSU_35650	GO:0055085	7	0.35	0
BSU_15890	GO:0003677	7	0.35	0
BSU_37240	GO:0016020	7	0.35	0
BSU_10380	GO:0005886	7	0.35	0
BSU_29120	GO:0006364	7	0.35	0
BSU_27650	GO:0016020	7	0.35	0
BSU_16800	GO:0016020	7	0.35	0
BSU_11360	GO:0016020	7	0.35	0
BSU_09540	GO:0055085	7	0.35	0
BSU_15580	GO:0055085	7	0.35	0
BSU_06240	GO:0050660	7	0.35	0
BSU_40920	GO:0016787	7	0.35	0
BSU_30820	GO:0016787	7	0.35	0
BSU_35850	GO:0016757	7	0.35	0
BSU_15720	GO:0016757	7	0.35	0
BSU_10790	GO:0019825	7	0.35	0
BSU_37090	GO:0016757	7	0.35	0
BSU_36640	GO:0016757	7	0.35	0
BSU_00700	GO:0019825	7	0.35	0
BSU_34140	GO:0009401	7	0.35	0
BSU_00380	GO:0019825	7	0.35	0
BSU_31640	GO:0009401	7	0.35	0
BSU_15720	GO:0019825	7	0.35	0
BSU_14370	GO:0019825	7	0.35	0
BSU_39230	GO:0019825	7	0.35	0
BSU_35060	GO:0019825	7	0.35	0
BSU_31610	GO:0009401	7	0.35	0
BSU_25190	GO:0019825	7	0.35	0
BSU_22540	GO:0019825	7	0.35	0
BSU_24340	GO:0008763	7	0.35	0
BSU_18240	GO:0008763	7	0.35	0
BSU_20060	GO:0008763	7	0.35	0
BSU_03950	GO:0015112	7	0.35	0
BSU_06670	GO:0019825	7	0.35	0
BSU_11140	GO:0016757	7	0.35	0
BSU_06520	GO:0050660	7	0.35	0
BSU_05900	GO:0019825	7	0.35	0
BSU_32610	GO:0003677	7	0.35	0
BSU_16410	GO:0005886	7	0.35	0
BSU_10790	GO:0015969	7	0.35	0
BSU_06670	GO:0015969	7	0.35	0
BSU_07980	GO:0003677	7	0.35	0
BSU_06670	GO:0005886	7	0.35	0
BSU_13530	GO:0019825	7	0.35	0
BSU_11600	GO:0019825	7	0.35	0
BSU_36530	GO:0016757	7	0.35	0
BSU_10650	GO:0019825	7	0.35	0
BSU_28050	GO:0016757	7	0.35	0
BSU_06520	GO:0016757	7	0.35	0
BSU_13530	GO:0005886	7	0.35	0
BSU_10270	GO:0019825	7	0.35	0
BSU_04040	GO:0008880	7	0.35	0
BSU_06950	GO:0019825	7	0.35	0
BSU_33310	GO:0009401	7	0.35	0
BSU_00930	GO:0008880	7	0.35	0
BSU_04040	GO:0016757	7	0.35	0
BSU_16410	GO:0008763	7	0.35	0
BSU_29450	GO:0008763	7	0.35	0
BSU_15060	GO:0008763	7	0.35	0
BSU_24850	GO:0008763	7	0.35	0
BSU_10790	GO:0008763	7	0.35	0
BSU_19630	GO:0005737	7	0.35	0
BSU_16100	GO:0005737	7	0.35	0
BSU_00380	GO:0008763	7	0.35	0
BSU_14370	GO:0009401	7	0.35	0
BSU_36530	GO:0008763	7	0.35	0
BSU_17660	GO:0003723	7	0.35	0
BSU_03330	GO:0016757	7	0.35	0
BSU_28810	GO:0008880	7	0.35	0
BSU_08650	GO:0005737	7	0.35	0
BSU_06520	GO:0005737	7	0.35	0
BSU_06690	GO:0005737	7	0.35	0
BSU_15720	GO:0003723	7	0.35	0
BSU_37120	GO:0005737	7	0.35	0
BSU_35670	GO:0005737	7	0.35	0
BSU_30300	GO:0008880	7	0.35	0
BSU_32110	GO:0005737	7	0.35	0
BSU_12310	GO:0005737	7	0.35	0
BSU_13860	GO:0003723	7	0.35	0
BSU_24340	GO:0005737	7	0.35	0
BSU_34860	GO:0003677	7	0.35	0
BSU_06950	GO:0015112	7	0.35	0
BSU_10270	GO:0008763	7	0.35	0
BSU_16420	GO:0016757	7	0.35	0
BSU_32610	GO:0016757	7	0.35	0
BSU_13530	GO:0008763	7	0.35	0
BSU_11370	GO:0008763	7	0.35	0
BSU_11470	GO:0008763	7	0.35	0
BSU_11360	GO:0008763	7	0.35	0
BSU_35720	GO:0009401	7	0.35	0
BSU_10650	GO:0008763	7	0.35	0
BSU_35760	GO:0009401	7	0.35	0
BSU_29960	GO:0003677	7	0.35	0
BSU_22540	GO:0009401	7	0.35	0
BSU_06950	GO:0008763	7	0.35	0
BSU_06690	GO:0008763	7	0.35	0
BSU_11570	GO:0003677	7	0.35	0
BSU_14370	GO:0016757	7	0.35	0
BSU_06670	GO:0008763	7	0.35	0
BSU_38560	GO:0008880	7	0.35	0
BSU_11390	GO:0009401	7	0.35	0
BSU_24850	GO:0019825	7	0.35	0
BSU_28050	GO:0006541	7	0.35	0
BSU_22710	GO:0008880	7	0.35	0
BSU_00380	GO:0019877	7	0.35	0
BSU_06670	GO:0030152	7	0.35	0
BSU_00700	GO:0019877	7	0.35	0
BSU_06690	GO:0030152	7	0.35	0
BSU_19630	GO:0050660	7	0.35	0
BSU_06950	GO:0030152	7	0.35	0
BSU_10270	GO:0030152	7	0.35	0
BSU_27610	GO:0019877	7	0.35	0
BSU_00410	GO:0019877	7	0.35	0
BSU_22710	GO:0050660	7	0.35	0
BSU_03180	GO:0003677	7	0.35	0
BSU_13530	GO:0030152	7	0.35	0
BSU_23850	GO:0050660	7	0.35	0
BSU_24850	GO:0030152	7	0.35	0
BSU_24340	GO:0050660	7	0.35	0
BSU_25020	GO:0050660	7	0.35	0
BSU_15060	GO:0030152	7	0.35	0
BSU_27560	GO:0050660	7	0.35	0
BSU_29450	GO:0030152	7	0.35	0
BSU_28870	GO:0050660	7	0.35	0
BSU_00380	GO:0005886	7	0.35	0
BSU_10790	GO:0030152	7	0.35	0
BSU_00380	GO:0030152	7	0.35	0
BSU_11360	GO:0030152	7	0.35	0
BSU_00380	GO:0050660	7	0.35	0
BSU_00090	GO:0050660	7	0.35	0
BSU_08650	GO:0050660	7	0.35	0
BSU_29970	GO:0019877	7	0.35	0
BSU_11190	GO:0050660	7	0.35	0
BSU_11200	GO:0050660	7	0.35	0
BSU_04040	GO:0003677	7	0.35	0
BSU_10650	GO:0030152	7	0.35	0
BSU_11470	GO:0030152	7	0.35	0
BSU_40350	GO:0030152	7	0.35	0
BSU_13860	GO:0050660	7	0.35	0
BSU_11370	GO:0030152	7	0.35	0
BSU_16410	GO:0030152	7	0.35	0
BSU_40920	GO:0030152	7	0.35	0
BSU_00930	GO:0019877	7	0.35	0
BSU_11140	GO:0003677	7	0.35	0
BSU_35850	GO:0003677	7	0.35	0
BSU_24100	GO:0030152	7	0.35	0
BSU_29450	GO:0050660	7	0.35	0
BSU_20060	GO:0030152	7	0.35	0
BSU_00880	GO:0006541	7	0.35	0
BSU_18240	GO:0030152	7	0.35	0
BSU_17660	GO:0003677	7	0.35	0
BSU_16800	GO:0009401	7	0.35	0
BSU_37090	GO:0003677	7	0.35	0
BSU_29140	GO:0006541	7	0.35	0
BSU_24030	GO:0006541	7	0.35	0
BSU_31600	GO:0009401	7	0.35	0
BSU_23560	GO:0009401	7	0.35	0
BSU_00380	GO:0015969	7	0.35	0
BSU_00180	GO:0003677	7	0.35	0
BSU_35650	GO:0009401	7	0.35	0
BSU_24340	GO:0019825	7	0.35	0
BSU_18240	GO:0019825	7	0.35	0
BSU_20060	GO:0019825	7	0.35	0
BSU_36640	GO:0005886	7	0.35	0
BSU_03780	GO:0006541	7	0.35	0
BSU_14860	GO:0005886	7	0.35	0
BSU_29450	GO:0019825	7	0.35	0
BSU_14540	GO:0006541	7	0.35	0
BSU_15060	GO:0019825	7	0.35	0
BSU_15720	GO:0003677	7	0.35	0
BSU_12420	GO:0006541	7	0.35	0
BSU_24850	GO:0015969	7	0.35	0
BSU_29970	GO:0003677	7	0.35	0
BSU_34560	GO:0003677	7	0.35	0
BSU_11370	GO:0009401	7	0.35	0
BSU_24340	GO:0030152	7	0.35	0
BSU_11470	GO:0009401	7	0.35	0
BSU_06510	GO:0003677	7	0.35	0
BSU_28050	GO:0005886	7	0.35	0
BSU_40920	GO:0015969	7	0.35	0
BSU_00700	GO:0015969	7	0.35	0
BSU_00930	GO:0003677	7	0.35	0
BSU_13910	GO:0006541	7	0.35	0
BSU_00700	GO:0003677	7	0.35	0
BSU_27610	GO:0003677	7	0.35	0
BSU_00410	GO:0003677	7	0.35	0
BSU_00380	GO:0003677	7	0.35	0
BSU_11360	GO:0009401	7	0.35	0
BSU_15890	GO:0005886	7	0.35	0
BSU_06950	GO:0015969	7	0.35	0
BSU_13530	GO:0015969	7	0.35	0
BSU_00410	GO:0016491	7	0.35	0
BSU_27610	GO:0016491	7	0.35	0
BSU_15720	GO:0030152	7	0.35	0
BSU_33630	GO:0005737	7	0.35	0
BSU_35760	GO:0016491	7	0.35	0
BSU_28550	GO:0046872	7	0.35	0
BSU_27650	GO:0005737	7	0.35	0
BSU_28870	GO:0046872	7	0.35	0
BSU_17220	GO:0046872	7	0.35	0
BSU_10380	GO:0016491	7	0.35	0
BSU_25020	GO:0006414	7	0.35	0
BSU_29140	GO:0046872	7	0.35	0
BSU_12310	GO:0016491	7	0.35	0
BSU_24030	GO:0046872	7	0.35	0
BSU_31520	GO:0003677	7	0.35	0
BSU_38410	GO:0016491	7	0.35	0
BSU_14370	GO:0016491	7	0.35	0
BSU_27560	GO:0003677	7	0.35	0
BSU_30560	GO:0015293	7	0.35	0
BSU_37090	GO:0003677	7	0.35	0
BSU_27560	GO:0003677	7	0.35	0
BSU_25020	GO:0003677	7	0.35	0
BSU_23850	GO:0003677	7	0.35	0
BSU_35720	GO:0016491	7	0.35	0
BSU_31610	GO:0016491	7	0.35	0
BSU_25020	GO:0003677	7	0.35	0
BSU_31640	GO:0016491	7	0.35	0
BSU_06690	GO:0004312	7	0.35	0
BSU_14370	GO:0071555	7	0.35	0
BSU_06670	GO:0004312	7	0.35	0
BSU_10790	GO:0004312	7	0.35	0
BSU_23560	GO:0016491	7	0.35	0
BSU_37080	GO:0005737	7	0.35	0
BSU_38410	GO:0071555	7	0.35	0
BSU_35650	GO:0016491	7	0.35	0
BSU_36800	GO:0005737	7	0.35	0
BSU_38280	GO:0016491	7	0.35	0
BSU_11390	GO:0071555	7	0.35	0
BSU_11450	GO:0071555	7	0.35	0
BSU_33310	GO:0016491	7	0.35	0
BSU_11400	GO:0005737	7	0.35	0
BSU_11390	GO:0005737	7	0.35	0
BSU_11450	GO:0005737	7	0.35	0
BSU_25270	GO:0003677	7	0.35	0
BSU_16380	GO:0005737	7	0.35	0
BSU_16370	GO:0005737	7	0.35	0
BSU_30820	GO:0015293	7	0.35	0
BSU_22710	GO:0003677	7	0.35	0
BSU_13910	GO:0071555	7	0.35	0
BSU_40920	GO:0015293	7	0.35	0
BSU_31610	GO:0008320	7	0.35	0
BSU_35720	GO:0015031	7	0.35	0
BSU_35760	GO:0015031	7	0.35	0
BSU_22540	GO:0015031	7	0.35	0
BSU_00090	GO:0003677	7	0.35	0
BSU_17660	GO:0015293	7	0.35	0
BSU_35670	GO:0015031	7	0.35	0
BSU_15310	GO:0015031	7	0.35	0
BSU_31750	GO:0003677	7	0.35	0
BSU_38410	GO:0015031	7	0.35	0
BSU_14370	GO:0015031	7	0.35	0
BSU_31600	GO:0015031	7	0.35	0
BSU_40350	GO:0015031	7	0.35	0
BSU_24100	GO:0015031	7	0.35	0
BSU_31600	GO:0071555	7	0.35	0
BSU_35720	GO:0008320	7	0.35	0
BSU_16410	GO:0015031	7	0.35	0
BSU_10650	GO:0015031	7	0.35	0
BSU_37080	GO:0015031	7	0.35	0
BSU_31610	GO:0015031	7	0.35	0
BSU_31660	GO:0015031	7	0.35	0
BSU_34140	GO:0071555	7	0.35	0
BSU_13860	GO:0003677	7	0.35	0
BSU_03180	GO:0046872	7	0.35	0
BSU_03780	GO:0046872	7	0.35	0
BSU_37090	GO:0015293	7	0.35	0
BSU_14540	GO:0046872	7	0.35	0
BSU_00880	GO:0046872	7	0.35	0
BSU_28690	GO:0015293	7	0.35	0
BSU_28050	GO:0046872	7	0.35	0
BSU_16380	GO:0071555	7	0.35	0
BSU_22540	GO:0071555	7	0.35	0
BSU_31640	GO:0015031	7	0.35	0
BSU_25020	GO:0015293	7	0.35	0
BSU_31610	GO:0071555	7	0.35	0
BSU_25190	GO:0015293	7	0.35	0
BSU_34140	GO:0008320	7	0.35	0
BSU_31640	GO:0008320	7	0.35	0
BSU_31640	GO:0071555	7	0.35	0
BSU_31660	GO:0008320	7	0.35	0
BSU_34140	GO:0015031	7	0.35	0
BSU_35670	GO:0071555	7	0.35	0
BSU_10270	GO:0004312	7	0.35	0
BSU_17050	GO:0015031	7	0.35	0
BSU_35760	GO:0016887	7	0.35	0
BSU_36530	GO:0016887	7	0.35	0
BSU_00700	GO:0006338	7	0.35	0
BSU_00380	GO:0006338	7	0.35	0
BSU_28150	GO:0004312	7	0.35	0
BSU_31610	GO:0016887	7	0.35	0
BSU_34860	GO:0006338	7	0.35	0
BSU_31660	GO:0016887	7	0.35	0
BSU_31640	GO:0016887	7	0.35	0
BSU_29960	GO:0006338	7	0.35	0
BSU_03180	GO:0004312	7	0.35	0
BSU_03780	GO:0004312	7	0.35	0
BSU_06510	GO:0004312	7	0.35	0
BSU_11570	GO:0006338	7	0.35	0
BSU_00880	GO:0004312	7	0.35	0
BSU_34560	GO:0016020	7	0.35	0
BSU_36280	GO:0003700	7	0.35	0
BSU_07980	GO:0006338	7	0.35	0
BSU_32610	GO:0006338	7	0.35	0
BSU_04720	GO:0005737	7	0.35	0
BSU_35720	GO:0016887	7	0.35	0
BSU_22540	GO:0016887	7	0.35	0
BSU_16100	GO:0004312	7	0.35	0
BSU_05900	GO:0006338	7	0.35	0
BSU_06240	GO:0016020	7	0.35	0
BSU_34140	GO:0016887	7	0.35	0
BSU_05900	GO:0016020	7	0.35	0
BSU_04640	GO:0003700	7	0.35	0
BSU_33310	GO:0016887	7	0.35	0
BSU_06140	GO:0003700	7	0.35	0
BSU_23560	GO:0016887	7	0.35	0
BSU_31600	GO:0016887	7	0.35	0
BSU_36280	GO:0080090	7	0.35	0
BSU_28150	GO:0004047	7	0.35	0
BSU_38410	GO:0016887	7	0.35	0
BSU_36280	GO:0003700	7	0.35	0
BSU_15310	GO:0016887	7	0.35	0
BSU_31520	GO:0003700	7	0.35	0
BSU_11220	GO:0004047	7	0.35	0
BSU_35850	GO:0016020	7	0.35	0
BSU_11140	GO:0016020	7	0.35	0
BSU_04040	GO:0016020	7	0.35	0
BSU_35670	GO:0016887	7	0.35	0
BSU_17050	GO:0005737	7	0.35	0
BSU_06510	GO:0004047	7	0.35	0
BSU_06520	GO:0004047	7	0.35	0
BSU_16420	GO:0006338	7	0.35	0
BSU_04040	GO:0006338	7	0.35	0
BSU_00700	GO:0016020	7	0.35	0
BSU_34560	GO:0003700	7	0.35	0
BSU_00410	GO:0016020	7	0.35	0
BSU_00090	GO:0016020	7	0.35	0
BSU_00380	GO:0004312	7	0.35	0
BSU_16410	GO:0004047	7	0.35	0
BSU_16800	GO:0005737	7	0.35	0
BSU_15890	GO:0004312	7	0.35	0
BSU_19630	GO:0004047	7	0.35	0
BSU_28870	GO:0004047	7	0.35	0
BSU_30560	GO:0004047	7	0.35	0
BSU_08650	GO:0004312	7	0.35	0
BSU_11200	GO:0004312	7	0.35	0
BSU_32830	GO:0004312	7	0.35	0
BSU_24030	GO:0004312	7	0.35	0
BSU_14860	GO:0004312	7	0.35	0
BSU_24340	GO:0004312	7	0.35	0
BSU_18240	GO:0004312	7	0.35	0
BSU_11140	GO:0006338	7	0.35	0
BSU_35850	GO:0006338	7	0.35	0
BSU_28050	GO:0004312	7	0.35	0
BSU_00700	GO:0003700	7	0.35	0
BSU_06140	GO:0003700	7	0.35	0
BSU_29980	GO:0005737	7	0.35	0
BSU_17640	GO:0004047	7	0.35	0
BSU_00180	GO:0006338	7	0.35	0
BSU_00380	GO:0003700	7	0.35	0
BSU_00410	GO:0003700	7	0.35	0
BSU_27610	GO:0003700	7	0.35	0
BSU_27280	GO:0004047	7	0.35	0
BSU_03050	GO:0006414	7	0.35	0
BSU_34140	GO:0005737	7	0.35	0
BSU_36530	GO:0006338	7	0.35	0
BSU_00930	GO:0003700	7	0.35	0
BSU_29970	GO:0003700	7	0.35	0
BSU_37090	GO:0006338	7	0.35	0
BSU_37790	GO:0005737	7	0.35	0
BSU_17660	GO:0006338	7	0.35	0
BSU_06510	GO:0003700	7	0.35	0
BSU_15720	GO:0006338	7	0.35	0
BSU_16800	GO:0015031	7	0.35	0
BSU_27650	GO:0071555	7	0.35	0
BSU_25270	GO:0006450	7	0.35	0
BSU_37120	GO:0005737	7	0.35	0
BSU_31750	GO:0005737	7	0.35	0
BSU_32110	GO:0005737	7	0.35	0
BSU_06520	GO:0020037	7	0.35	0
BSU_34560	GO:0015293	7	0.35	0
BSU_27280	GO:0020037	7	0.35	0
BSU_12310	GO:0005737	7	0.35	0
BSU_06950	GO:0005737	7	0.35	0
BSU_34560	GO:0030152	7	0.35	0
BSU_00700	GO:0015293	7	0.35	0
BSU_00410	GO:0015293	7	0.35	0
BSU_00090	GO:0015293	7	0.35	0
BSU_08220	GO:0015093	7	0.35	0
BSU_10270	GO:0005737	7	0.35	0
BSU_08210	GO:0015093	7	0.35	0
BSU_35650	GO:0015093	7	0.35	0
BSU_32830	GO:0005737	7	0.35	0
BSU_12310	GO:0006006	7	0.35	0
BSU_22540	GO:0005737	7	0.35	0
BSU_23150	GO:0005737	7	0.35	0
BSU_35670	GO:0005737	7	0.35	0
BSU_06240	GO:0005886	7	0.35	0
BSU_11220	GO:0046872	7	0.35	0
BSU_06520	GO:0005737	7	0.35	0
BSU_11470	GO:0008320	7	0.35	0
BSU_24340	GO:0005737	7	0.35	0
BSU_29140	GO:0005524	7	0.35	0
BSU_00090	GO:0030152	7	0.35	0
BSU_23850	GO:0005737	7	0.35	0
BSU_22710	GO:0005737	7	0.35	0
BSU_11360	GO:0008320	7	0.35	0
BSU_19630	GO:0005737	7	0.35	0
BSU_35850	GO:0015293	7	0.35	0
BSU_11140	GO:0015293	7	0.35	0
BSU_16100	GO:0005737	7	0.35	0
BSU_00410	GO:0030152	7	0.35	0
BSU_04040	GO:0015293	7	0.35	0
BSU_00700	GO:0030152	7	0.35	0
BSU_13860	GO:0005737	7	0.35	0
BSU_03950	GO:0015293	7	0.35	0
BSU_15720	GO:0005886	7	0.35	0
BSU_08650	GO:0005737	7	0.35	0
BSU_00090	GO:0005737	7	0.35	0
BSU_25190	GO:0005737	7	0.35	0
BSU_03780	GO:0006006	7	0.35	0
BSU_24030	GO:0020037	7	0.35	0
BSU_35670	GO:0006006	7	0.35	0
BSU_25190	GO:0015093	7	0.35	0
BSU_22540	GO:0015093	7	0.35	0
BSU_27610	GO:0000162	7	0.35	0
BSU_24340	GO:0006006	7	0.35	0
BSU_28870	GO:0006006	7	0.35	0
BSU_29140	GO:0006006	7	0.35	0
BSU_10380	GO:0015093	7	0.35	0
BSU_10380	GO:0030152	7	0.35	0
BSU_34570	GO:0000162	7	0.35	0
BSU_11600	GO:0030152	7	0.35	0
BSU_19630	GO:0000162	7	0.35	0
BSU_13860	GO:0030152	7	0.35	0
BSU_06950	GO:0015093	7	0.35	0
BSU_06950	GO:0022857	7	0.35	0
BSU_12310	GO:0015093	7	0.35	0
BSU_15530	GO:0030152	7	0.35	0
BSU_03950	GO:0022857	7	0.35	0
BSU_25020	GO:0005886	7	0.35	0
BSU_03950	GO:0015093	7	0.35	0
BSU_16100	GO:0006006	7	0.35	0
BSU_37310	GO:0020037	7	0.35	0
BSU_13910	GO:0006006	7	0.35	0
BSU_33470	GO:0015093	7	0.35	0
BSU_33310	GO:0015093	7	0.35	0
BSU_37120	GO:0006006	7	0.35	0
BSU_03950	GO:0030152	7	0.35	0
BSU_04040	GO:0030152	7	0.35	0
BSU_30860	GO:0005886	7	0.35	0
BSU_15130	GO:0045892	7	0.35	0
BSU_11140	GO:0030152	7	0.35	0
BSU_35850	GO:0030152	7	0.35	0
BSU_06690	GO:0006006	7	0.35	0
BSU_28870	GO:0020037	7	0.35	0
BSU_31100	GO:0015093	7	0.35	0
BSU_06520	GO:0006006	7	0.35	0
BSU_00380	GO:0006006	7	0.35	0
BSU_08650	GO:0006006	7	0.35	0
BSU_05900	GO:0030152	7	0.35	0
BSU_06240	GO:0030152	7	0.35	0
BSU_11200	GO:0006006	7	0.35	0
BSU_16410	GO:0020037	7	0.35	0
BSU_11880	GO:0046872	7	0.35	0
BSU_11200	GO:0046872	7	0.35	0
BSU_35760	GO:0008320	7	0.35	0
BSU_00880	GO:0016491	7	0.35	0
BSU_09460	GO:0005215	7	0.35	0
BSU_12080	GO:0008320	7	0.35	0
BSU_24030	GO:0016491	7	0.35	0
BSU_11360	GO:0016491	7	0.35	0
BSU_11470	GO:0016491	7	0.35	0
BSU_11390	GO:0016491	7	0.35	0
BSU_11450	GO:0016491	7	0.35	0
BSU_16380	GO:0016491	7	0.35	0
BSU_16370	GO:0016491	7	0.35	0
BSU_16410	GO:0016491	7	0.35	0
BSU_29980	GO:0032300	7	0.35	0
BSU_24030	GO:0032300	7	0.35	0
BSU_38410	GO:0005524	7	0.35	0
BSU_16800	GO:0032300	7	0.35	0
BSU_37080	GO:0032300	7	0.35	0
BSU_12420	GO:0032300	7	0.35	0
BSU_11360	GO:0032300	7	0.35	0
BSU_11470	GO:0032300	7	0.35	0
BSU_11370	GO:0032300	7	0.35	0
BSU_11400	GO:0016491	7	0.35	0
BSU_15530	GO:0015293	7	0.35	0
BSU_11190	GO:0046872	7	0.35	0
BSU_16380	GO:0008320	7	0.35	0
BSU_16800	GO:0071555	7	0.35	0
BSU_29140	GO:0016491	7	0.35	0
BSU_13910	GO:0016491	7	0.35	0
BSU_12420	GO:0016491	7	0.35	0
BSU_31580	GO:0005215	7	0.35	0
BSU_06690	GO:0016491	7	0.35	0
BSU_04720	GO:0016491	7	0.35	0
BSU_06310	GO:0005215	7	0.35	0
BSU_09130	GO:0005215	7	0.35	0
BSU_15720	GO:0015293	7	0.35	0
BSU_08220	GO:0005215	7	0.35	0
BSU_34140	GO:0016491	7	0.35	0
BSU_08210	GO:0005215	7	0.35	0
BSU_28550	GO:0016491	7	0.35	0
BSU_13500	GO:0005215	7	0.35	0
BSU_03050	GO:0003677	7	0.35	0
BSU_37080	GO:0016491	7	0.35	0
BSU_36800	GO:0008320	7	0.35	0
BSU_38340	GO:0005215	7	0.35	0
BSU_16410	GO:0032300	7	0.35	0
BSU_03670	GO:0005215	7	0.35	0
BSU_40350	GO:0032300	7	0.35	0
BSU_04720	GO:0032300	7	0.35	0
BSU_00380	GO:0046872	7	0.35	0
BSU_27610	GO:0046872	7	0.35	0
BSU_06520	GO:0005524	7	0.35	0
BSU_00930	GO:0046872	7	0.35	0
BSU_17640	GO:0005524	7	0.35	0
BSU_27280	GO:0005524	7	0.35	0
BSU_03180	GO:0046872	7	0.35	0
BSU_11570	GO:0005886	7	0.35	0
BSU_11370	GO:0008320	7	0.35	0
BSU_01935	GO:0005886	7	0.35	0
BSU_37940	GO:0005215	7	0.35	0
BSU_39230	GO:0005886	7	0.35	0
BSU_19630	GO:0005524	7	0.35	0
BSU_11390	GO:0008320	7	0.35	0
BSU_28870	GO:0005524	7	0.35	0
BSU_37310	GO:0005524	7	0.35	0
BSU_06240	GO:0015293	7	0.35	0
BSU_05900	GO:0015293	7	0.35	0
BSU_04320	GO:0005215	7	0.35	0
BSU_06510	GO:0005524	7	0.35	0
BSU_35650	GO:0046872	7	0.35	0
BSU_31750	GO:0046872	7	0.35	0
BSU_29970	GO:0046872	7	0.35	0
BSU_00880	GO:0032300	7	0.35	0
BSU_11450	GO:0008320	7	0.35	0
BSU_06690	GO:0032300	7	0.35	0
BSU_36800	GO:0032300	7	0.35	0
BSU_10380	GO:0005886	7	0.35	0
BSU_29120	GO:0032300	7	0.35	0
BSU_29140	GO:0032300	7	0.35	0
BSU_13860	GO:0015293	7	0.35	0
BSU_00740	GO:0046872	7	0.35	0
BSU_27560	GO:0046872	7	0.35	0
BSU_06510	GO:0046872	7	0.35	0
BSU_06520	GO:0046872	7	0.35	0
BSU_28150	GO:0046872	7	0.35	0
BSU_11600	GO:0015293	7	0.35	0
BSU_15890	GO:0046872	7	0.35	0
BSU_15490	GO:0046872	7	0.35	0
BSU_36470	GO:0005215	7	0.35	0
BSU_25270	GO:0046872	7	0.35	0
BSU_11390	GO:0016887	7	0.35	0
BSU_12310	GO:0016887	7	0.35	0
BSU_14370	GO:0016887	7	0.35	0
BSU_22710	GO:0016651	7	0.35	0
BSU_24100	GO:0004527	7	0.35	0
BSU_32110	GO:0016651	7	0.35	0
BSU_10380	GO:0016651	7	0.35	0
BSU_35060	GO:0016651	7	0.35	0
BSU_37730	GO:0016651	7	0.35	0
BSU_00090	GO:0016651	7	0.35	0
BSU_00380	GO:0016783	7	0.35	0
BSU_00410	GO:0016651	7	0.35	0
BSU_00700	GO:0016651	7	0.35	0
BSU_00090	GO:0016783	7	0.35	0
BSU_18420	GO:0004527	7	0.35	0
BSU_11190	GO:0016783	7	0.35	0
BSU_11200	GO:0016783	7	0.35	0
BSU_10380	GO:0006508	7	0.35	0
BSU_34560	GO:0016651	7	0.35	0
BSU_06140	GO:0004527	7	0.35	0
BSU_24100	GO:0032357	7	0.35	0
BSU_13860	GO:0016783	7	0.35	0
BSU_40350	GO:0032357	7	0.35	0
BSU_36280	GO:0004527	7	0.35	0
BSU_27610	GO:0006400	7	0.35	0
BSU_11400	GO:0009061	7	0.35	0
BSU_25190	GO:0016651	7	0.35	0
BSU_12310	GO:0006508	7	0.35	0
BSU_00410	GO:0004527	7	0.35	0
BSU_06950	GO:0006508	7	0.35	0
BSU_40920	GO:0016783	7	0.35	0
BSU_32110	GO:0016783	7	0.35	0
BSU_11200	GO:0016491	7	0.35	0
BSU_11220	GO:0016491	7	0.35	0
BSU_15130	GO:0004527	7	0.35	0
BSU_11880	GO:0016491	7	0.35	0
BSU_31750	GO:0016783	7	0.35	0
BSU_24850	GO:0016491	7	0.35	0
BSU_15060	GO:0016491	7	0.35	0
BSU_15130	GO:0016491	7	0.35	0
BSU_15890	GO:0016491	7	0.35	0
BSU_29450	GO:0016491	7	0.35	0
BSU_06670	GO:0006400	7	0.35	0
BSU_10790	GO:0006400	7	0.35	0
BSU_06240	GO:0016783	7	0.35	0
BSU_15530	GO:0016651	7	0.35	0
BSU_03950	GO:0016651	7	0.35	0
BSU_04040	GO:0016651	7	0.35	0
BSU_11140	GO:0016651	7	0.35	0
BSU_35850	GO:0016651	7	0.35	0
BSU_36800	GO:0005829	7	0.35	0
BSU_11400	GO:0005829	7	0.35	0
BSU_25190	GO:0005524	7	0.35	0
BSU_33630	GO:0005829	7	0.35	0
BSU_11450	GO:0005829	7	0.35	0
BSU_16380	GO:0005829	7	0.35	0
BSU_16360	GO:0005829	7	0.35	0
BSU_16370	GO:0005829	7	0.35	0
BSU_08210	GO:0030163	7	0.35	0
BSU_08220	GO:0030163	7	0.35	0
BSU_22540	GO:0005524	7	0.35	0
BSU_27650	GO:0005829	7	0.35	0
BSU_00880	GO:0048476	7	0.35	0
BSU_17050	GO:0048476	7	0.35	0
BSU_06140	GO:0030163	7	0.35	0
BSU_33230	GO:0048476	7	0.35	0
BSU_14540	GO:0048476	7	0.35	0
BSU_37120	GO:0005524	7	0.35	0
BSU_16800	GO:0048476	7	0.35	0
BSU_25020	GO:0005524	7	0.35	0
BSU_12080	GO:0005829	7	0.35	0
BSU_34560	GO:0006434	7	0.35	0
BSU_23850	GO:0016783	7	0.35	0
BSU_06140	GO:0006355	7	0.35	0
BSU_05900	GO:0016651	7	0.35	0
BSU_06240	GO:0016651	7	0.35	0
BSU_36280	GO:0006355	7	0.35	0
BSU_19630	GO:0016783	7	0.35	0
BSU_11600	GO:0016651	7	0.35	0
BSU_22710	GO:0016783	7	0.35	0
BSU_13860	GO:0016651	7	0.35	0
BSU_15720	GO:0016651	7	0.35	0
BSU_38290	GO:0005524	7	0.35	0
BSU_40920	GO:0030163	7	0.35	0
BSU_25020	GO:0016783	7	0.35	0
BSU_29120	GO:0005829	7	0.35	0
BSU_27560	GO:0016783	7	0.35	0
BSU_28550	GO:0005829	7	0.35	0
BSU_15390	GO:0005829	7	0.35	0
BSU_29450	GO:0016783	7	0.35	0
BSU_37240	GO:0005829	7	0.35	0
BSU_31600	GO:0009061	7	0.35	0
BSU_13910	GO:0009061	7	0.35	0
BSU_00880	GO:0016887	7	0.35	0
BSU_14370	GO:0008514	7	0.35	0
BSU_30780	GO:0006355	7	0.35	0
BSU_28540	GO:0006355	7	0.35	0
BSU_06950	GO:0006450	7	0.35	0
BSU_39360	GO:0006355	7	0.35	0
BSU_10270	GO:0005886	7	0.35	0
BSU_10650	GO:0005886	7	0.35	0
BSU_05900	GO:0006450	7	0.35	0
BSU_00380	GO:0006400	7	0.35	0
BSU_14860	GO:0006400	7	0.35	0
BSU_10790	GO:0006450	7	0.35	0
BSU_28150	GO:0016491	7	0.35	0
BSU_11600	GO:0005886	7	0.35	0
BSU_33230	GO:0032357	7	0.35	0
BSU_00700	GO:0006450	7	0.35	0
BSU_14540	GO:0032357	7	0.35	0
BSU_16800	GO:0032357	7	0.35	0
BSU_00380	GO:0006450	7	0.35	0
BSU_15060	GO:0006450	7	0.35	0
BSU_13530	GO:0005886	7	0.35	0
BSU_10270	GO:0006450	7	0.35	0
BSU_10650	GO:0006450	7	0.35	0
BSU_29980	GO:0009061	7	0.35	0
BSU_03180	GO:0016491	7	0.35	0
BSU_00700	GO:0016491	7	0.35	0
BSU_24340	GO:0006450	7	0.35	0
BSU_00930	GO:0016491	7	0.35	0
BSU_29970	GO:0016491	7	0.35	0
BSU_32850	GO:0006631	7	0.35	0
BSU_00700	GO:0005886	7	0.35	0
BSU_10790	GO:0005886	7	0.35	0
BSU_18240	GO:0006450	7	0.35	0
BSU_06670	GO:0005886	7	0.35	0
BSU_06510	GO:0016491	7	0.35	0
BSU_12310	GO:0008514	7	0.35	0
BSU_20060	GO:0006450	7	0.35	0
BSU_03210	GO:0006631	7	0.35	0
BSU_29450	GO:0006450	7	0.35	0
BSU_24850	GO:0006450	7	0.35	0
BSU_05900	GO:0005886	7	0.35	0
BSU_13530	GO:0006450	7	0.35	0
BSU_34560	GO:0016491	7	0.35	0
BSU_11600	GO:0006450	7	0.35	0
BSU_22710	GO:0006355	7	0.35	0
BSU_40350	GO:0016874	7	0.35	0
BSU_24100	GO:0016874	7	0.35	0
BSU_24850	GO:0005886	7	0.35	0
BSU_16100	GO:0006400	7	0.35	0
BSU_29450	GO:0006400	7	0.35	0
BSU_00380	GO:0016874	7	0.35	0
BSU_32830	GO:0016783	7	0.35	0
BSU_10270	GO:0016783	7	0.35	0
BSU_14370	GO:0006508	7	0.35	0
BSU_10270	GO:0006400	7	0.35	0
BSU_06690	GO:0006400	7	0.35	0
BSU_30560	GO:0005886	7	0.35	0
BSU_14860	GO:0005886	7	0.35	0
BSU_36280	GO:0005886	7	0.35	0
BSU_03330	GO:0006508	7	0.35	0
BSU_06950	GO:0016783	7	0.35	0
BSU_37310	GO:0009061	7	0.35	0
BSU_29120	GO:0009061	7	0.35	0
BSU_37790	GO:0009061	7	0.35	0
BSU_03950	GO:0006508	7	0.35	0
BSU_28190	GO:0009061	7	0.35	0
BSU_12310	GO:0016783	7	0.35	0
BSU_06950	GO:0016874	7	0.35	0
BSU_40920	GO:0005886	7	0.35	0
BSU_18240	GO:0006400	7	0.35	0
BSU_16410	GO:0016874	7	0.35	0
BSU_15060	GO:0005886	7	0.35	0
BSU_29450	GO:0005886	7	0.35	0
BSU_30560	GO:0016874	7	0.35	0
BSU_20060	GO:0005886	7	0.35	0
BSU_18240	GO:0005886	7	0.35	0
BSU_24340	GO:0005886	7	0.35	0
BSU_40920	GO:0016874	7	0.35	0
BSU_20060	GO:0016874	7	0.35	0
BSU_24850	GO:0016874	7	0.35	0
BSU_24340	GO:0006400	7	0.35	0
BSU_25270	GO:0005886	7	0.35	0
BSU_13530	GO:0016874	7	0.35	0
BSU_27560	GO:0005886	7	0.35	0
BSU_11370	GO:0016874	7	0.35	0
BSU_11470	GO:0016874	7	0.35	0
BSU_11360	GO:0016874	7	0.35	0
BSU_06240	GO:0006631	7	0.35	0
BSU_10650	GO:0016874	7	0.35	0
BSU_15720	GO:0005524	7	0.35	0
BSU_15530	GO:0005524	7	0.35	0
BSU_13860	GO:0030163	7	0.35	0
BSU_19630	GO:0019752	7	0.35	0
BSU_13910	GO:0004850	7	0.35	0
BSU_17660	GO:0016020	7	0.35	0
BSU_23850	GO:0019752	7	0.35	0
BSU_37120	GO:0004850	7	0.35	0
BSU_37310	GO:0004850	7	0.35	0
BSU_31750	GO:0019752	7	0.35	0
BSU_35650	GO:0006508	7	0.35	0
BSU_30560	GO:0019752	7	0.35	0
BSU_15720	GO:0016020	7	0.35	0
BSU_11400	GO:0016887	7	0.35	0
BSU_00960	GO:0019752	7	0.35	0
BSU_11390	GO:0016887	7	0.35	0
BSU_11450	GO:0016887	7	0.35	0
BSU_34140	GO:0016887	7	0.35	0
BSU_11710	GO:0019752	7	0.35	0
BSU_08210	GO:0006508	7	0.35	0
BSU_29980	GO:0016887	7	0.35	0
BSU_17130	GO:0019752	7	0.35	0
BSU_15530	GO:0016020	7	0.35	0
BSU_22710	GO:0019752	7	0.35	0
BSU_15890	GO:0006434	7	0.35	0
BSU_40350	GO:0048476	7	0.35	0
BSU_29980	GO:0004850	7	0.35	0
BSU_11390	GO:0071555	7	0.35	0
BSU_11450	GO:0071555	7	0.35	0
BSU_12080	GO:0071555	7	0.35	0
BSU_28190	GO:0004850	7	0.35	0
BSU_16380	GO:0071555	7	0.35	0
BSU_16370	GO:0071555	7	0.35	0
BSU_36800	GO:0071555	7	0.35	0
BSU_34140	GO:0071555	7	0.35	0
BSU_00930	GO:0019752	7	0.35	0
BSU_25020	GO:0016020	7	0.35	0
BSU_06510	GO:0019752	7	0.35	0
BSU_04040	GO:0019752	7	0.35	0
BSU_15490	GO:0006434	7	0.35	0
BSU_11140	GO:0019752	7	0.35	0
BSU_35850	GO:0019752	7	0.35	0
BSU_04640	GO:0019752	7	0.35	0
BSU_17640	GO:0019752	7	0.35	0
BSU_37240	GO:0009103	7	0.35	0
BSU_38280	GO:0006508	7	0.35	0
BSU_17120	GO:0019752	7	0.35	0
BSU_35720	GO:0009103	7	0.35	0
BSU_06140	GO:0019752	7	0.35	0
BSU_14390	GO:0019752	7	0.35	0
BSU_16370	GO:0016887	7	0.35	0
BSU_35760	GO:0016887	7	0.35	0
BSU_35720	GO:0016887	7	0.35	0
BSU_37120	GO:0005829	7	0.35	0
BSU_13910	GO:0005829	7	0.35	0
BSU_31600	GO:0016887	7	0.35	0
BSU_37240	GO:0016887	7	0.35	0
BSU_29980	GO:0005829	7	0.35	0
BSU_27650	GO:0016887	7	0.35	0
BSU_00700	GO:0003700	7	0.35	0
BSU_27610	GO:0003700	7	0.35	0
BSU_00410	GO:0003700	7	0.35	0
BSU_36800	GO:0016887	7	0.35	0
BSU_12980	GO:0003700	7	0.35	0
BSU_18420	GO:0080090	7	0.35	0
BSU_22130	GO:0003700	7	0.35	0
BSU_37730	GO:0003700	7	0.35	0
BSU_19690	GO:0003700	7	0.35	0
BSU_04720	GO:0016887	7	0.35	0
BSU_16380	GO:0016887	7	0.35	0
BSU_03780	GO:0005829	7	0.35	0
BSU_13910	GO:0016887	7	0.35	0
BSU_00880	GO:0005829	7	0.35	0
BSU_00770	GO:0019752	7	0.35	0
BSU_37500	GO:0019752	7	0.35	0
BSU_08220	GO:0006508	7	0.35	0
BSU_35760	GO:0009103	7	0.35	0
BSU_28150	GO:0006434	7	0.35	0
BSU_33630	GO:0016887	7	0.35	0
BSU_06510	GO:0006434	7	0.35	0
BSU_14540	GO:0005829	7	0.35	0
BSU_28050	GO:0005829	7	0.35	0
BSU_12080	GO:0016887	7	0.35	0
BSU_38410	GO:0016887	7	0.35	0
BSU_00740	GO:0006434	7	0.35	0
BSU_29120	GO:0005829	7	0.35	0
BSU_13860	GO:0016020	7	0.35	0
BSU_29970	GO:0006434	7	0.35	0
BSU_00150	GO:0006414	7	0.35	0
BSU_35340	GO:0005829	7	0.35	0
BSU_11600	GO:0016020	7	0.35	0
BSU_11470	GO:0071555	7	0.35	0
BSU_11360	GO:0071555	7	0.35	0
BSU_34560	GO:0003677	7	0.35	0
BSU_37500	GO:0006434	7	0.35	0
BSU_03950	GO:0005524	7	0.35	0
BSU_32340	GO:0030163	7	0.35	0
BSU_00700	GO:0006434	7	0.35	0
BSU_00380	GO:0030163	7	0.35	0
BSU_30560	GO:0005886	7	0.35	0
BSU_00700	GO:0030163	7	0.35	0
BSU_27610	GO:0006434	7	0.35	0
BSU_34560	GO:0005524	7	0.35	0
BSU_00410	GO:0006434	7	0.35	0
BSU_05900	GO:0030163	7	0.35	0
BSU_00410	GO:0005886	7	0.35	0
BSU_00380	GO:0006434	7	0.35	0
BSU_25190	GO:0006508	7	0.35	0
BSU_06950	GO:0030163	7	0.35	0
BSU_00410	GO:0005524	7	0.35	0
BSU_10270	GO:0030163	7	0.35	0
BSU_00090	GO:0005524	7	0.35	0
BSU_30860	GO:0005524	7	0.35	0
BSU_11190	GO:0005524	7	0.35	0
BSU_04040	GO:0005524	7	0.35	0
BSU_11140	GO:0005524	7	0.35	0
BSU_35850	GO:0005524	7	0.35	0
BSU_11470	GO:0048476	7	0.35	0
BSU_28550	GO:0048476	7	0.35	0
BSU_37310	GO:0048476	7	0.35	0
BSU_04720	GO:0048476	7	0.35	0
BSU_37080	GO:0048476	7	0.35	0
BSU_06690	GO:0048476	7	0.35	0
BSU_10650	GO:0048476	7	0.35	0
BSU_12420	GO:0048476	7	0.35	0
BSU_11360	GO:0048476	7	0.35	0
BSU_11370	GO:0048476	7	0.35	0
BSU_01935	GO:0005886	7	0.35	0
BSU_36800	GO:0048476	7	0.35	0
BSU_16410	GO:0048476	7	0.35	0
BSU_10380	GO:0005524	7	0.35	0
BSU_10380	GO:0005886	7	0.35	0
BSU_06240	GO:0005524	7	0.35	0
BSU_00930	GO:0006434	7	0.35	0
BSU_22540	GO:0006508	7	0.35	0
BSU_11570	GO:0005886	7	0.35	0
BSU_27650	GO:0009103	7	0.35	0
BSU_34140	GO:0009103	7	0.35	0
BSU_16800	GO:0071555	7	0.35	0
BSU_00770	GO:0006434	7	0.35	0
BSU_38290	GO:0006434	7	0.35	0
BSU_27560	GO:0006434	7	0.35	0
BSU_30820	GO:0016020	7	0.35	0
BSU_37790	GO:0009103	7	0.35	0
BSU_28190	GO:0009103	7	0.35	0
BSU_29980	GO:0071555	7	0.35	0
BSU_13910	GO:0071555	7	0.35	0
BSU_25270	GO:0006434	7	0.35	0
BSU_40920	GO:0016020	7	0.35	0
BSU_11400	GO:0071555	7	0.35	0
BSU_33310	GO:0006508	7	0.35	0
BSU_29120	GO:0009103	7	0.35	0
BSU_37090	GO:0016020	7	0.35	0
BSU_31600	GO:0071555	7	0.35	0
BSU_37240	GO:0071555	7	0.35	0
BSU_28690	GO:0016020	7	0.35	0
BSU_33630	GO:0071555	7	0.35	0
BSU_27650	GO:0071555	7	0.35	0
BSU_38410	GO:0071555	7	0.35	0
BSU_12080	GO:0009103	7	0.35	0
BSU_33470	GO:0006508	7	0.35	0
BSU_31750	GO:0006434	7	0.35	0
BSU_00700	GO:0003677	7	0.35	0
BSU_16370	GO:0009103	7	0.35	0
BSU_16380	GO:0009103	7	0.35	0
BSU_13910	GO:0009103	7	0.35	0
BSU_31520	GO:0003677	7	0.35	0
BSU_11450	GO:0009103	7	0.35	0
BSU_11390	GO:0009103	7	0.35	0
BSU_00410	GO:0003677	7	0.35	0
BSU_31100	GO:0006508	7	0.35	0
BSU_33630	GO:0009103	7	0.35	0
BSU_00380	GO:0005886	7	0.35	0
BSU_24850	GO:0005886	7	0.35	0
BSU_00930	GO:0003677	7	0.35	0
BSU_31610	GO:0006508	7	0.35	0
BSU_30560	GO:0016020	7	0.35	0
BSU_31640	GO:0006508	7	0.35	0
BSU_30820	GO:0006434	7	0.35	0
BSU_11400	GO:0009103	7	0.35	0
BSU_29970	GO:0003677	7	0.35	0
BSU_11600	GO:0004170	7	0.35	0
BSU_11600	GO:0005886	7	0.35	0
BSU_31600	GO:0016020	7	0.35	0
BSU_03330	GO:0035873	7	0.35	0
BSU_32110	GO:0000049	7	0.35	0
BSU_12310	GO:0140359	7	0.35	0
BSU_06520	GO:0005886	7	0.35	0
BSU_00090	GO:0003824	7	0.35	0
BSU_24340	GO:0004324	7	0.35	0
BSU_06140	GO:0005737	7	0.35	0
BSU_18420	GO:0003700	7	0.35	1
BSU_23150	GO:0016020	7	0.35	0
BSU_25270	GO:0005886	7	0.35	0
BSU_03780	GO:0005524	7	0.35	0
BSU_04720	GO:0003746	7	0.35	0
BSU_35670	GO:0000049	7	0.35	0
BSU_40330	GO:0030001	7	0.35	0
BSU_12310	GO:0005524	7	0.35	0
BSU_27560	GO:0005886	7	0.35	0
BSU_37120	GO:0000049	7	0.35	0
BSU_13530	GO:0016887	7	0.35	0
BSU_36640	GO:0005886	7	0.35	0
BSU_40920	GO:0000049	7	0.35	0
BSU_16410	GO:0006546	7	0.35	0
BSU_28190	GO:0009898	7	0.35	0
BSU_36640	GO:0016151	7	0.35	1
BSU_40330	GO:0016020	7	0.35	1
BSU_30560	GO:0006546	7	0.35	0
BSU_28870	GO:0006546	7	0.35	0
BSU_12310	GO:0000049	7	0.35	0
BSU_11600	GO:0005886	7	0.35	0
BSU_39670	GO:0006096	7	0.35	1
BSU_06690	GO:0016881	7	0.35	0
BSU_06950	GO:0016881	7	0.35	0
BSU_13530	GO:0005886	7	0.35	0
BSU_03780	GO:0000049	7	0.35	0
BSU_29980	GO:0000287	7	0.35	0
BSU_17050	GO:0032300	7	0.35	1
BSU_19630	GO:0006546	7	0.35	0
BSU_24850	GO:0005886	7	0.35	0
BSU_15060	GO:0005886	7	0.35	0
BSU_29450	GO:0005886	7	0.35	0
BSU_20060	GO:0005886	7	0.35	0
BSU_36800	GO:0009898	7	0.35	0
BSU_25020	GO:0003824	7	0.35	0
BSU_33310	GO:0140359	7	0.35	0
BSU_03950	GO:0140359	7	0.35	0
BSU_11360	GO:0016881	7	0.35	0
BSU_11190	GO:0000049	7	0.35	0
BSU_38300	GO:0005886	7	0.35	0
BSU_04720	GO:0097588	7	0.35	0
BSU_00090	GO:0016020	7	0.35	0
BSU_11200	GO:0000049	7	0.35	0
BSU_13130	GO:0003949	7	0.35	0
BSU_14860	GO:0005886	7	0.35	0
BSU_38290	GO:0003824	7	0.35	0
BSU_15890	GO:0003677	7	0.35	0
BSU_34860	GO:0003949	7	0.35	0
BSU_15060	GO:0003677	7	0.35	0
BSU_11190	GO:0005886	7	0.35	0
BSU_04320	GO:0015293	7	0.35	1
BSU_38280	GO:0015093	7	0.35	1
BSU_24850	GO:0003677	7	0.35	0
BSU_36280	GO:0005886	7	0.35	0
BSU_31660	GO:0016020	7	0.35	0
BSU_16410	GO:0097588	7	0.35	0
BSU_06690	GO:0000049	7	0.35	0
BSU_30560	GO:0005886	7	0.35	0
BSU_06240	GO:0000049	7	0.35	0
BSU_15130	GO:0016765	7	0.35	0
BSU_40920	GO:0005886	7	0.35	0
BSU_10270	GO:0016881	7	0.35	0
BSU_23850	GO:0017118	7	0.35	0
BSU_14860	GO:0005886	7	0.35	0
BSU_15130	GO:0016836	7	0.35	0
BSU_15390	GO:0009898	7	0.35	0
BSU_10650	GO:0016881	7	0.35	0
BSU_11400	GO:0009898	7	0.35	0
BSU_17120	GO:0006633	7	0.35	1
BSU_06520	GO:0000049	7	0.35	0
BSU_29450	GO:0003677	7	0.35	0
BSU_00090	GO:0000049	7	0.35	0
BSU_00380	GO:0005886	7	0.35	0
BSU_08650	GO:0000049	7	0.35	0
BSU_08650	GO:0005886	7	0.35	0
BSU_25190	GO:0003824	7	0.35	0
BSU_28190	GO:0005737	7	0.35	0
BSU_00700	GO:0005886	7	0.35	0
BSU_18420	GO:0003677	7	0.35	1
BSU_13860	GO:0042802	7	0.35	0
BSU_34560	GO:0010468	7	0.35	0
BSU_36530	GO:0016881	7	0.35	0
BSU_35670	GO:0055085	7	0.35	0
BSU_04320	GO:0030001	7	0.35	0
BSU_27560	GO:0004324	7	0.35	0
BSU_05900	GO:0005886	7	0.35	0
BSU_00380	GO:0016881	7	0.35	0
BSU_37120	GO:0005524	7	0.35	0
BSU_32110	GO:0005524	7	0.35	0
BSU_10650	GO:0016020	7	0.35	0
BSU_06950	GO:0016301	7	0.35	1
BSU_25020	GO:0004324	7	0.35	0
BSU_33630	GO:0009898	7	0.35	0
BSU_35670	GO:0005524	7	0.35	0
BSU_24850	GO:0051156	7	0.35	1
BSU_31100	GO:0140359	7	0.35	0
BSU_37240	GO:0009898	7	0.35	0
BSU_06520	GO:0005524	7	0.35	0
BSU_08650	GO:0005524	7	0.35	0
BSU_29450	GO:0016887	7	0.35	0
BSU_08220	GO:0030001	7	0.35	0
BSU_35720	GO:0097588	7	0.35	0
BSU_04720	GO:0016020	7	0.35	0
BSU_25270	GO:0016887	7	0.35	0
BSU_14390	GO:0005886	7	0.35	0
BSU_11200	GO:0005524	7	0.35	0
BSU_11190	GO:0005524	7	0.35	0
BSU_16800	GO:0016020	7	0.35	0
BSU_16360	GO:0009898	7	0.35	0
BSU_04720	GO:0005737	7	0.35	0
BSU_03180	GO:0010468	7	0.35	0
BSU_08210	GO:0030001	7	0.35	0
BSU_37120	GO:0005886	7	0.35	0
BSU_10790	GO:0005886	7	0.35	0
BSU_27650	GO:0016020	7	0.35	0
BSU_03950	GO:0016787	7	0.35	0
BSU_13910	GO:0000287	7	0.35	0
BSU_20060	GO:0016887	7	0.35	0
BSU_00700	GO:0003824	7	0.35	0
BSU_24100	GO:0016020	7	0.35	0
BSU_05900	GO:0016787	7	0.35	0
BSU_06670	GO:0016881	7	0.35	0
BSU_17050	GO:0005737	7	0.35	0
BSU_28190	GO:0006508	7	0.35	0
BSU_15480	GO:0030001	7	0.35	0
BSU_10270	GO:0005886	7	0.35	0
BSU_23150	GO:0055085	7	0.35	0
BSU_19690	GO:0030170	7	0.35	0
BSU_00880	GO:0006508	7	0.35	0
BSU_27560	GO:0017118	7	0.35	0
BSU_30780	GO:0030170	7	0.35	0
BSU_06690	GO:0005886	7	0.35	0
BSU_37080	GO:0005737	7	0.35	0
BSU_06240	GO:0005886	7	0.35	0
BSU_25020	GO:0017118	7	0.35	0
BSU_06950	GO:0140359	7	0.35	0
BSU_00410	GO:0003824	7	0.35	0
BSU_36640	GO:0005737	7	0.35	1
BSU_00410	GO:0046872	7	0.35	1
BSU_37500	GO:0030170	7	0.35	0
BSU_12080	GO:0009898	7	0.35	0
BSU_31750	GO:0030170	7	0.35	0
BSU_25020	GO:0003677	7	0.35	0
BSU_38290	GO:0003677	7	0.35	0
BSU_15060	GO:0016887	7	0.35	0
BSU_33470	GO:0140359	7	0.35	0
BSU_11400	GO:0006508	7	0.35	0
BSU_10790	GO:0016881	7	0.35	0
BSU_16800	GO:0006508	7	0.35	0
BSU_16800	GO:0005737	7	0.35	0
BSU_28050	GO:0006508	7	0.35	0
BSU_24850	GO:0016887	7	0.35	0
BSU_29450	GO:0017118	7	0.35	0
BSU_23560	GO:0030001	7	0.35	0
BSU_37310	GO:0006508	7	0.35	0
BSU_27560	GO:0003677	7	0.35	0
BSU_13910	GO:0006508	7	0.35	0
BSU_29970	GO:0030170	7	0.35	0
BSU_22540	GO:0055085	7	0.35	0
BSU_25270	GO:0003677	7	0.35	0
BSU_24030	GO:0016746	7	0.35	1
BSU_22540	GO:0005886	7	0.35	1
BSU_00150	GO:0005886	7	0.35	0
BSU_11710	GO:0003910	7	0.35	0
BSU_23150	GO:0005524	7	0.35	0
BSU_38300	GO:0030435	7	0.35	0
BSU_14540	GO:0006397	7	0.35	0
BSU_03780	GO:0004177	7	0.35	0
BSU_11710	GO:0009231	7	0.35	0
BSU_03330	GO:0022857	7	0.35	0
BSU_03180	GO:0004177	7	0.35	0
BSU_06310	GO:0030001	7	0.35	0
BSU_31610	GO:0055085	7	0.35	0
BSU_06690	GO:0003746	7	0.35	0
BSU_31660	GO:0055085	7	0.35	0
BSU_03780	GO:0006397	7	0.35	0
BSU_11360	GO:0016020	7	0.35	0
BSU_00700	GO:0005524	7	0.35	1
BSU_40920	GO:0003824	7	0.35	0
BSU_06240	GO:0016836	7	0.35	0
BSU_37370	GO:0003824	7	0.35	1
BSU_03180	GO:0006397	7	0.35	0
BSU_33230	GO:0097588	7	0.35	0
BSU_22540	GO:0005524	7	0.35	0
BSU_00410	GO:0003700	7	0.35	0
BSU_00880	GO:0006397	7	0.35	0
BSU_11470	GO:0016020	7	0.35	0
BSU_03950	GO:0042626	7	0.35	0
BSU_04320	GO:0016020	7	0.35	1
BSU_14540	GO:0097588	7	0.35	0
BSU_27610	GO:0004177	7	0.35	0
BSU_29120	GO:0003824	7	0.35	0
BSU_13910	GO:0003746	7	0.35	0
BSU_19630	GO:0004324	7	0.35	0
BSU_11370	GO:0005515	7	0.35	0
BSU_30780	GO:0003824	7	0.35	1
BSU_28050	GO:0006397	7	0.35	0
BSU_12310	GO:0042626	7	0.35	0
BSU_36530	GO:0055085	7	0.35	0
BSU_06950	GO:0042626	7	0.35	0
BSU_06140	GO:0000150	7	0.35	0
BSU_28050	GO:0005515	7	0.35	0
BSU_06510	GO:0004177	7	0.35	0
BSU_25190	GO:0055085	7	0.35	0
BSU_31580	GO:0030001	7	0.35	0
BSU_35340	GO:0097588	7	0.35	0
BSU_37760	GO:0022857	7	0.35	0
BSU_09280	GO:0022857	7	0.35	0
BSU_06950	GO:0035873	7	0.35	0
BSU_37120	GO:0005515	7	0.35	0
BSU_11190	GO:0051287	7	0.35	1
BSU_15130	GO:0003949	7	0.35	0
BSU_30820	GO:0003824	7	0.35	0
BSU_34560	GO:0003677	7	0.35	0
BSU_19630	GO:0000049	7	0.35	0
BSU_00990	GO:0005840	7	0.35	1
BSU_28680	GO:0055085	7	0.35	0
BSU_03330	GO:0055085	7	0.35	0
BSU_31580	GO:0022857	7	0.35	0
BSU_00880	GO:0005515	7	0.35	0
BSU_17050	GO:0016887	7	0.35	1
BSU_13500	GO:0030001	7	0.35	1
BSU_06950	GO:0000160	7	0.35	1
BSU_06240	GO:0042802	7	0.35	0
BSU_16100	GO:0005886	7	0.35	0
BSU_10380	GO:0042626	7	0.35	0
BSU_09540	GO:0005886	7	0.35	1
BSU_12420	GO:0003824	7	0.35	0
BSU_03950	GO:0055085	7	0.35	0
BSU_13910	GO:0003824	7	0.35	0
BSU_31640	GO:0055085	7	0.35	0
BSU_23560	GO:0005524	7	0.35	0
BSU_13530	GO:0005515	7	0.35	0
BSU_35340	GO:0016020	7	0.35	0
BSU_18420	GO:0000150	7	0.35	0
BSU_00090	GO:0050661	7	0.35	0
BSU_29980	GO:0003677	7	0.35	0
BSU_17050	GO:0003677	7	0.35	0
BSU_06320	GO:0022857	7	0.35	0
BSU_36470	GO:0030001	7	0.35	0
BSU_05470	GO:0022857	7	0.35	0
BSU_00960	GO:0009231	7	0.35	0
BSU_17570	GO:0022857	7	0.35	0
BSU_16800	GO:0016020	7	0.35	0
BSU_31520	GO:0003700	7	0.35	0
BSU_12420	GO:0003746	7	0.35	0
BSU_11370	GO:0016020	7	0.35	0
BSU_10790	GO:0005515	7	0.35	0
BSU_11470	GO:0016881	7	0.35	0
BSU_11370	GO:0016881	7	0.35	0
BSU_36280	GO:0005737	7	0.35	0
BSU_11600	GO:0042802	7	0.35	0
BSU_35650	GO:0004177	7	0.35	0
BSU_11710	GO:0005886	7	0.35	0
BSU_38280	GO:0140359	7	0.35	0
BSU_04640	GO:0003949	7	0.35	0
BSU_11600	GO:0016887	7	0.35	0
BSU_10380	GO:0042802	7	0.35	0
BSU_11400	GO:0015833	7	0.35	1
BSU_12420	GO:0009898	7	0.35	0
BSU_13530	GO:0016881	7	0.35	0
BSU_00840	GO:0004177	7	0.35	0
BSU_06670	GO:0005886	7	0.35	0
BSU_14390	GO:0003910	7	0.35	0
BSU_37940	GO:0030001	7	0.35	0
BSU_24850	GO:0016881	7	0.35	0
BSU_24100	GO:0005737	7	0.35	0
BSU_31600	GO:0097588	7	0.35	0
BSU_17120	GO:0004145	7	0.35	0
BSU_39230	GO:0097588	7	0.35	0
BSU_22710	GO:0017118	7	0.35	0
BSU_28690	GO:0003824	7	0.35	0
BSU_32110	GO:0016491	7	0.35	1
BSU_11220	GO:0003677	7	0.35	0
BSU_03330	GO:0140359	7	0.35	0
BSU_14910	GO:0009898	7	0.35	0
BSU_24100	GO:0005515	7	0.35	0
BSU_35670	GO:0016020	7	0.35	0
BSU_11190	GO:0003677	7	0.35	0
BSU_19630	GO:0017118	7	0.35	0
BSU_15580	GO:0035435	7	0.35	1
BSU_11200	GO:0005886	7	0.35	0
BSU_37790	GO:0005515	7	0.35	1
BSU_09130	GO:0030001	7	0.35	0
BSU_29120	GO:0003677	7	0.35	0
BSU_32830	GO:0005524	7	0.35	0
BSU_14370	GO:0097588	7	0.35	0
BSU_15060	GO:0016881	7	0.35	0
BSU_06160	GO:0030001	7	0.35	0
BSU_04720	GO:0006397	7	0.35	0
BSU_17130	GO:0009231	7	0.35	0
BSU_18240	GO:0016881	7	0.35	0
BSU_24340	GO:0016881	7	0.35	0
BSU_35760	GO:0055085	7	0.35	0
BSU_40350	GO:0003677	7	0.35	1
BSU_35720	GO:0055085	7	0.35	0
BSU_15310	GO:0016020	7	0.35	0
BSU_03950	GO:0035873	7	0.35	0
BSU_22670	GO:0000162	7	0.35	1
BSU_06950	GO:0055085	7	0.35	0
BSU_13500	GO:0016020	7	0.35	0
BSU_03950	GO:0022857	7	0.35	0
BSU_00380	GO:0004177	7	0.35	0
BSU_22710	GO:0004324	7	0.35	0
BSU_03330	GO:0042626	7	0.35	0
BSU_37090	GO:0003824	7	0.35	0
BSU_28050	GO:0004177	7	0.35	0
BSU_27650	GO:0006397	7	0.35	0
BSU_33310	GO:0005886	7	0.35	1
BSU_09540	GO:0004145	7	0.35	0
BSU_29450	GO:0016881	7	0.35	0
BSU_23850	GO:0004324	7	0.35	0
BSU_14390	GO:0009231	7	0.35	0
BSU_06140	GO:0009231	7	0.35	0
BSU_16100	GO:0000049	7	0.35	0
BSU_15310	GO:0004177	7	0.35	0
BSU_06950	GO:0022857	7	0.35	0
BSU_16410	GO:0016881	7	0.35	0
BSU_06140	GO:0003910	7	0.35	0
BSU_20060	GO:0016881	7	0.35	0
BSU_06140	GO:0005886	7	0.35	0
BSU_17120	GO:0009231	7	0.35	0
BSU_14370	GO:0140359	7	0.35	0
BSU_35650	GO:0140359	7	0.35	0
BSU_06240	GO:0003677	7	0.35	0
BSU_37080	GO:0097588	7	0.35	0
BSU_14390	GO:0005886	7	0.35	0
BSU_29120	GO:0009898	7	0.35	0
BSU_04320	GO:0140359	7	0.35	0
BSU_37120	GO:0000287	7	0.35	0
BSU_11360	GO:0016020	7	0.35	0
BSU_27650	GO:0006605	7	0.35	1
BSU_31600	GO:0090729	7	0.35	0
BSU_37090	GO:0016836	7	0.35	0
BSU_11600	GO:0005886	7	0.35	0
BSU_00410	GO:0006144	7	0.35	0
BSU_37120	GO:0052656	7	0.35	0
BSU_00700	GO:0006144	7	0.35	0
BSU_12980	GO:0016787	7	0.35	0
BSU_30820	GO:0016765	7	0.35	0
BSU_13530	GO:0005886	7	0.35	0
BSU_33230	GO:0051726	7	0.35	0
BSU_03780	GO:0052656	7	0.35	0
BSU_36280	GO:0003700	7	0.35	0
BSU_09280	GO:0015793	7	0.35	1
BSU_31600	GO:0055085	7	0.35	0
BSU_39230	GO:0005737	7	0.35	0
BSU_24850	GO:0005886	7	0.35	0
BSU_36800	GO:0016887	7	0.35	0
BSU_03780	GO:0051726	7	0.35	0
BSU_27280	GO:0005737	7	0.35	0
BSU_00090	GO:0006144	7	0.35	0
BSU_34860	GO:0006144	7	0.35	0
BSU_29960	GO:0006144	7	0.35	0
BSU_31750	GO:0016765	7	0.35	0
BSU_14860	GO:0016887	7	0.35	0
BSU_38300	GO:0016887	7	0.35	0
BSU_04720	GO:0052656	7	0.35	0
BSU_35670	GO:0052656	7	0.35	0
BSU_14860	GO:0000287	7	0.35	0
BSU_16420	GO:0006144	7	0.35	0
BSU_11450	GO:0005737	7	0.35	0
BSU_11390	GO:0005737	7	0.35	0
BSU_36640	GO:0000287	7	0.35	0
BSU_32610	GO:0006144	7	0.35	0
BSU_14370	GO:0090729	7	0.35	0
BSU_07980	GO:0006144	7	0.35	0
BSU_16470	GO:0071978	7	0.35	1
BSU_30560	GO:0016887	7	0.35	0
BSU_11220	GO:0006525	7	0.35	1
BSU_11570	GO:0006144	7	0.35	0
BSU_34560	GO:0003700	7	0.35	0
BSU_15060	GO:0005886	7	0.35	0
BSU_37790	GO:0051726	7	0.35	0
BSU_00740	GO:0016765	7	0.35	0
BSU_11570	GO:0005886	7	0.35	0
BSU_34560	GO:0003824	7	0.35	0
BSU_38410	GO:0055085	7	0.35	0
BSU_25270	GO:0016740	7	0.35	1
BSU_08650	GO:0052656	7	0.35	0
BSU_01935	GO:0005886	7	0.35	0
BSU_06510	GO:0004644	7	0.35	1
BSU_11390	GO:0097588	7	0.35	0
BSU_33630	GO:0005737	7	0.35	0
BSU_27560	GO:0005886	7	0.35	0
BSU_24340	GO:0090729	7	0.35	0
BSU_39330	GO:0016042	7	0.35	0
BSU_11370	GO:0097588	7	0.35	0
BSU_29970	GO:0004521	7	0.35	0
BSU_22540	GO:0000287	7	0.35	0
BSU_31600	GO:0005886	7	0.35	1
BSU_00410	GO:0005886	7	0.35	0
BSU_34570	GO:0005886	7	0.35	0
BSU_06690	GO:0052656	7	0.35	0
BSU_11470	GO:0097588	7	0.35	0
BSU_15050	GO:0016020	7	0.35	0
BSU_25270	GO:0005886	7	0.35	0
BSU_29980	GO:0016020	7	0.35	0
BSU_29450	GO:0005886	7	0.35	0
BSU_15890	GO:0005886	7	0.35	0
BSU_20060	GO:0005886	7	0.35	0
BSU_06510	GO:0006164	7	0.35	1
BSU_10380	GO:0005886	7	0.35	0
BSU_37790	GO:0003677	7	0.35	0
BSU_28190	GO:0003746	7	0.35	0
BSU_22710	GO:0030170	7	0.35	0
BSU_23850	GO:0030170	7	0.35	0
BSU_11400	GO:0005737	7	0.35	0
BSU_34140	GO:0005737	7	0.35	0
BSU_12080	GO:0051726	7	0.35	0
BSU_16800	GO:0003746	7	0.35	0
BSU_06240	GO:0016787	7	0.35	0
BSU_25020	GO:0016042	7	0.35	0
BSU_11360	GO:0097588	7	0.35	0
BSU_36280	GO:0006144	7	0.35	0
BSU_06510	GO:0003700	7	0.35	0
BSU_16370	GO:0009898	7	0.35	0
BSU_37790	GO:0052656	7	0.35	0
BSU_06140	GO:0005886	7	0.35	0
BSU_15990	GO:0005737	7	0.35	1
BSU_06140	GO:0003700	7	0.35	0
BSU_06520	GO:0006144	7	0.35	0
BSU_06310	GO:0016020	7	0.35	1
BSU_04720	GO:0016887	7	0.35	0
BSU_25270	GO:0016765	7	0.35	0
BSU_35340	GO:0090729	7	0.35	0
BSU_31100	GO:0006813	7	0.35	1
BSU_29980	GO:0016887	7	0.35	0
BSU_06240	GO:0006144	7	0.35	0
BSU_00380	GO:0005886	7	0.35	0
BSU_24030	GO:0003746	7	0.35	0
BSU_15130	GO:0010468	7	0.35	0
BSU_28870	GO:0090729	7	0.35	0
BSU_11710	GO:0016887	7	0.35	0
BSU_15060	GO:0010468	7	0.35	0
BSU_00150	GO:0016887	7	0.35	0
BSU_15490	GO:0016765	7	0.35	0
BSU_15890	GO:0010468	7	0.35	0
BSU_06690	GO:0016887	7	0.35	0
BSU_13910	GO:0051726	7	0.35	0
BSU_36800	GO:0003677	7	0.35	0
BSU_38410	GO:0097588	7	0.35	0
BSU_03950	GO:0003824	7	0.35	0
BSU_27610	GO:0003700	7	0.35	0
BSU_28050	GO:0016020	7	0.35	0
BSU_37080	GO:0003677	7	0.35	0
BSU_28050	GO:0051726	7	0.35	0
BSU_00700	GO:0003700	7	0.35	0
BSU_25270	GO:0016836	7	0.35	0
BSU_00880	GO:0016887	7	0.35	0
BSU_39670	GO:0006144	7	0.35	0
BSU_04040	GO:0003824	7	0.35	0
BSU_25020	GO:0016836	7	0.35	0
BSU_00380	GO:0003700	7	0.35	0
BSU_11140	GO:0003824	7	0.35	0
BSU_35850	GO:0003824	7	0.35	0
BSU_00180	GO:0006144	7	0.35	0
BSU_27560	GO:0016765	7	0.35	0
BSU_05900	GO:0003824	7	0.35	0
BSU_00700	GO:0005886	7	0.35	0
BSU_16370	GO:0044780	7	0.35	1
BSU_36280	GO:0016887	7	0.35	0
BSU_03780	GO:0005737	7	0.35	1
BSU_36640	GO:0006144	7	0.35	0
BSU_20060	GO:0090729	7	0.35	0
BSU_27560	GO:0016836	7	0.35	0
BSU_29970	GO:0003700	7	0.35	0
BSU_28540	GO:0016836	7	0.35	1
BSU_10650	GO:0090729	7	0.35	0
BSU_28690	GO:0005886	7	0.35	1
BSU_34140	GO:0003677	7	0.35	0
BSU_29140	GO:0090729	7	0.35	0
BSU_37310	GO:0000287	7	0.35	0
BSU_32340	GO:0016787	7	0.35	0
BSU_01420	GO:0022627	7	0.35	1
BSU_37310	GO:0005737	7	0.35	1
BSU_10380	GO:0005886	7	0.35	0
BSU_27650	GO:0097588	7	0.35	0
BSU_36530	GO:0006144	7	0.35	0
BSU_40920	GO:0005886	7	0.35	0
BSU_30760	GO:0042626	7	0.35	1
BSU_31520	GO:0016887	7	0.35	0
BSU_04040	GO:0006144	7	0.35	0
BSU_15050	GO:0016887	7	0.35	0
BSU_11140	GO:0006144	7	0.35	0
BSU_35850	GO:0006144	7	0.35	0
BSU_15720	GO:0006144	7	0.35	0
BSU_16800	GO:0051726	7	0.35	0
BSU_17660	GO:0006144	7	0.35	0
BSU_06240	GO:0090729	7	0.35	0
BSU_24850	GO:0010468	7	0.35	0
BSU_06240	GO:0003824	7	0.35	0
BSU_05900	GO:0005886	7	0.35	0
BSU_00930	GO:0003700	7	0.35	0
BSU_29450	GO:0090729	7	0.35	0
BSU_24030	GO:0016887	7	0.35	0
BSU_16800	GO:0097588	7	0.35	0
BSU_03780	GO:0090729	7	0.35	0
BSU_37090	GO:0006144	7	0.35	0
BSU_22540	GO:0140359	7	0.35	0
BSU_40920	GO:0005886	7	0.35	0
BSU_28810	GO:0016042	7	0.35	0
BSU_35760	GO:0051992	7	0.35	0
BSU_11470	GO:0055085	7	0.35	0
BSU_10380	GO:0005886	7	0.35	0
BSU_16100	GO:0051726	7	0.35	0
BSU_14540	GO:0016020	7	0.35	0
BSU_00880	GO:0016020	7	0.35	0
BSU_00770	GO:0030170	7	0.35	0
BSU_00700	GO:0016765	7	0.35	0
BSU_19630	GO:0005524	7	0.35	0
BSU_36280	GO:0005886	7	0.35	0
BSU_11570	GO:0016042	7	0.35	0
BSU_00090	GO:0016787	7	0.35	0
BSU_00150	GO:0005886	7	0.35	0
BSU_11370	GO:0055085	7	0.35	0
BSU_28050	GO:0016020	7	0.35	0
BSU_00410	GO:0016787	7	0.35	0
BSU_35720	GO:0051992	7	0.35	0
BSU_12080	GO:0005737	7	0.35	0
BSU_00700	GO:0016787	7	0.35	0
BSU_11360	GO:0055085	7	0.35	0
BSU_00410	GO:0016765	7	0.35	0
BSU_01350	GO:0006412	7	0.35	1
BSU_39420	GO:0005737	7	0.35	1
BSU_33310	GO:0030001	7	0.35	0
BSU_39330	GO:0016787	7	0.35	0
BSU_29140	GO:0016887	7	0.35	0
BSU_19630	GO:0090729	7	0.35	0
BSU_24850	GO:0006096	7	0.35	1
BSU_38300	GO:0005886	7	0.35	0
BSU_03180	GO:0016020	7	0.35	0
BSU_28810	GO:0016787	7	0.35	0
BSU_28150	GO:0010468	7	0.35	0
BSU_06320	GO:0030001	7	0.35	0
BSU_29140	GO:0005524	7	0.35	0
BSU_39230	GO:0005515	7	0.35	0
BSU_03780	GO:0016020	7	0.35	0
BSU_37790	GO:0003746	7	0.35	0
BSU_28870	GO:0005524	7	0.35	0
BSU_38300	GO:0009229	7	0.35	1
BSU_06240	GO:0010468	7	0.35	0
BSU_35650	GO:0051992	7	0.35	0
BSU_16800	GO:0051992	7	0.35	0
BSU_37790	GO:0005737	7	0.35	0
BSU_15530	GO:0042802	7	0.35	0
BSU_22130	GO:0005737	7	0.35	0
BSU_31610	GO:0016020	7	0.35	1
BSU_34560	GO:0016765	7	0.35	0
BSU_03330	GO:0015113	7	0.35	1
BSU_29980	GO:0051992	7	0.35	0
BSU_22540	GO:0097588	7	0.35	0
BSU_17660	GO:0003824	7	0.35	0
BSU_34560	GO:0016787	7	0.35	0
BSU_27560	GO:0016887	7	0.35	0
BSU_35670	GO:0016020	7	0.35	0
BSU_36800	GO:0005737	7	0.35	0
BSU_33470	GO:0016020	7	0.35	1
BSU_15310	GO:0016020	7	0.35	0
BSU_11370	GO:0016020	7	0.35	0
BSU_11470	GO:0016020	7	0.35	0
BSU_35760	GO:0097588	7	0.35	0
BSU_00380	GO:0005886	7	0.35	0
BSU_35670	GO:0097588	7	0.35	0
BSU_10380	GO:0140359	7	0.35	0
BSU_06520	GO:0051992	7	0.35	0
BSU_31660	GO:0016020	7	0.35	0
BSU_00930	GO:0016765	7	0.35	0
BSU_40330	GO:0006525	7	0.35	1
BSU_15310	GO:0005515	7	0.35	1
BSU_01230	GO:1990904	7	0.35	1
BSU_05470	GO:0030001	7	0.35	0
BSU_12420	GO:0051726	7	0.35	0
BSU_16100	GO:0005524	7	0.35	0
BSU_16100	GO:0090729	7	0.35	0
BSU_15310	GO:0097588	7	0.35	0
BSU_28150	GO:0051992	7	0.35	0
BSU_11710	GO:0005886	7	0.35	0
BSU_24100	GO:0016020	7	0.35	0
BSU_15310	GO:0055085	7	0.35	0
BSU_31520	GO:0003700	7	0.35	0
BSU_40920	GO:0005886	7	0.35	0
BSU_29140	GO:0051992	7	0.35	0
BSU_32110	GO:0005886	7	0.35	0
BSU_05610	GO:0046677	7	0.35	1
BSU_29140	GO:0052656	7	0.35	0
BSU_06160	GO:0015293	7	0.35	1
BSU_06670	GO:0005886	7	0.35	0
BSU_15990	GO:0015935	7	0.35	1
BSU_40920	GO:0016836	7	0.35	0
BSU_05900	GO:0005886	7	0.35	0
BSU_35340	GO:0051726	7	0.35	0
BSU_24340	GO:0000287	7	0.35	0
BSU_16410	GO:0051726	7	0.35	0
BSU_28870	GO:0004324	7	0.35	0
BSU_11200	GO:0010468	7	0.35	0
BSU_16360	GO:0009306	7	0.35	1
BSU_11190	GO:0010468	7	0.35	0
BSU_18240	GO:0000287	7	0.35	0
BSU_25270	GO:0005524	7	0.35	1
BSU_10270	GO:0005886	7	0.35	0
BSU_13860	GO:0003824	7	0.35	0
BSU_22710	GO:0003949	7	0.35	0
BSU_25020	GO:0016787	7	0.35	0
BSU_36280	GO:0016042	7	0.35	0
BSU_17660	GO:0016042	7	0.35	0
BSU_11220	GO:0010468	7	0.35	0
BSU_11600	GO:0005886	7	0.35	0
BSU_10790	GO:0005886	7	0.35	0
BSU_11450	GO:0097588	7	0.35	0
BSU_29450	GO:0004324	7	0.35	0
BSU_13910	GO:0052656	7	0.35	0
BSU_10380	GO:0003824	7	0.35	0
BSU_01180	GO:0003735	7	0.35	1
BSU_06140	GO:0005886	7	0.35	0
BSU_27650	GO:0005737	7	0.35	0
BSU_00380	GO:0005886	7	0.35	0
BSU_11880	GO:0010468	7	0.35	0
BSU_00380	GO:0005886	7	0.35	0
BSU_00700	GO:0005886	7	0.35	0
BSU_11600	GO:0003824	7	0.35	0
BSU_39330	GO:0031222	7	0.35	1
BSU_25190	GO:0140359	7	0.35	0
BSU_06690	GO:0070681	7	0.35	1
BSU_36530	GO:0046677	7	0.35	1
BSU_06670	GO:0005737	7	0.35	0
BSU_01935	GO:0005886	7	0.35	0
BSU_35760	GO:0051726	7	0.35	0
BSU_28870	GO:0052656	7	0.35	0
BSU_31100	GO:0005515	7	0.35	1
BSU_18240	GO:0005886	7	0.35	0
BSU_37500	GO:0016765	7	0.35	0
BSU_24340	GO:0005886	7	0.35	0
BSU_11570	GO:0005886	7	0.35	0
BSU_16100	GO:0052656	7	0.35	0
BSU_25270	GO:0005886	7	0.35	0
BSU_27560	GO:0005886	7	0.35	0
BSU_28550	GO:0003746	7	0.35	0
BSU_01180	GO:0006412	7	0.35	1
BSU_15720	GO:0003824	7	0.35	0
BSU_08220	GO:0005886	7	0.35	1
BSU_16380	GO:0005737	7	0.35	0
BSU_29120	GO:0016887	7	0.35	0
BSU_38300	GO:0005886	7	0.35	0
BSU_34140	GO:0003746	7	0.35	0
BSU_30560	GO:0005886	7	0.35	0
BSU_24340	GO:0052656	7	0.35	0
BSU_00770	GO:0016765	7	0.35	0
BSU_20060	GO:0005886	7	0.35	0
BSU_13530	GO:0005886	7	0.35	0
BSU_03780	GO:0005886	7	0.35	0
BSU_24850	GO:0005886	7	0.35	0
BSU_30560	GO:0005886	7	0.35	0
BSU_35720	GO:0051726	7	0.35	0
BSU_29140	GO:0051726	7	0.35	0
BSU_15060	GO:0005886	7	0.35	0
BSU_00840	GO:0005737	7	0.35	0
BSU_00180	GO:0016042	7	0.35	0
BSU_37240	GO:0005737	7	0.35	0
BSU_12310	GO:0030001	7	0.35	0
BSU_29970	GO:0019344	7	0.35	1
BSU_34150	GO:0042956	7	0.35	1
BSU_12420	GO:0003677	7	0.35	0
BSU_29450	GO:0005886	7	0.35	0
BSU_13910	GO:0003677	7	0.35	0
BSU_16370	GO:0005737	7	0.35	0
BSU_25020	GO:0004784	7	0.35	1
BSU_15530	GO:0003824	7	0.35	0
BSU_24030	GO:0006397	7	0.35	0
BSU_35340	GO:0005515	7	0.35	1
BSU_03050	GO:0006355	7	0.35	0
BSU_21690	GO:0050661	7	0.35	0
BSU_29140	GO:0004177	7	0.35	0
BSU_30780	GO:0042802	7	0.35	0
BSU_19690	GO:0003949	7	0.35	0
BSU_11190	GO:0009228	7	0.35	0
BSU_22710	GO:0009055	7	0.35	0
BSU_32110	GO:0016020	7	0.35	0
BSU_16370	GO:0016020	7	0.35	1
BSU_05900	GO:0051156	7	0.35	0
BSU_37730	GO:0003949	7	0.35	0
BSU_06670	GO:0016787	7	0.35	0
BSU_11880	GO:0016787	7	0.35	0
BSU_32110	GO:0009055	7	0.35	0
BSU_06670	GO:0051156	7	0.35	0
BSU_39230	GO:0071555	7	0.35	0
BSU_22670	GO:0042802	7	0.35	0
BSU_16410	GO:0016020	7	0.35	0
BSU_00090	GO:0042802	7	0.35	0
BSU_30860	GO:0016020	7	0.35	0
BSU_35650	GO:0055085	7	0.35	0
BSU_11200	GO:0009228	7	0.35	0
BSU_25270	GO:0016787	7	0.35	0
BSU_28680	GO:0090729	7	0.35	0
BSU_00960	GO:0003677	7	0.35	0
BSU_09460	GO:0030001	7	0.35	0
BSU_10270	GO:0051156	7	0.35	0
BSU_00090	GO:0016787	7	0.35	0
BSU_25190	GO:0035873	7	0.35	0
BSU_06950	GO:0017118	7	0.35	0
BSU_23150	GO:0035873	7	0.35	0
BSU_18240	GO:0005524	7	0.35	1
BSU_11200	GO:0016787	7	0.35	0
BSU_28870	GO:0016787	7	0.35	0
BSU_28690	GO:0090729	7	0.35	0
BSU_11220	GO:0009228	7	0.35	0
BSU_28680	GO:0016020	7	0.35	0
BSU_06950	GO:0051156	7	0.35	0
BSU_17130	GO:0016836	7	0.35	0
BSU_28690	GO:0016020	7	0.35	0
BSU_27560	GO:0016787	7	0.35	0
BSU_10790	GO:0051156	7	0.35	0
BSU_12840	GO:0098660	7	0.35	1
BSU_15310	GO:0071555	7	0.35	0
BSU_35760	GO:0005524	7	0.35	0
BSU_35720	GO:0005524	7	0.35	0
BSU_27560	GO:0003910	7	0.35	0
BSU_37730	GO:0009055	7	0.35	0
BSU_11220	GO:0004177	7	0.35	0
BSU_00090	GO:0009055	7	0.35	0
BSU_03050	GO:0016020	7	0.35	0
BSU_11400	GO:0030435	7	0.35	1
BSU_37090	GO:0006355	7	0.35	0
BSU_23150	GO:0005737	7	0.35	0
BSU_11190	GO:0004177	7	0.35	0
BSU_29120	GO:0006096	7	0.35	0
BSU_29450	GO:0071555	7	0.35	0
BSU_12420	GO:0006520	7	0.35	0
BSU_21690	GO:0016020	7	0.35	0
BSU_22540	GO:0005737	7	0.35	0
BSU_25270	GO:0003910	7	0.35	0
BSU_29140	GO:0071555	7	0.35	0
BSU_06690	GO:0006096	7	0.35	0
BSU_35060	GO:0009055	7	0.35	0
BSU_13500	GO:0035873	7	0.35	0
BSU_35340	GO:0071555	7	0.35	0
BSU_13910	GO:0016787	7	0.35	0
BSU_00380	GO:0016787	7	0.35	0
BSU_03780	GO:0071555	7	0.35	0
BSU_34560	GO:0008270	7	0.35	0
BSU_00700	GO:0051156	7	0.35	0
BSU_06690	GO:0006520	7	0.35	0
BSU_31750	GO:0003910	7	0.35	0
BSU_33230	GO:0005737	7	0.35	0
BSU_11200	GO:0004177	7	0.35	0
BSU_31520	GO:0003677	7	0.35	0
BSU_22130	GO:0003949	7	0.35	0
BSU_11200	GO:0004324	7	0.35	0
BSU_00380	GO:0051156	7	0.35	0
BSU_32850	GO:0004657	7	0.35	1
BSU_10380	GO:0009055	7	0.35	0
BSU_40920	GO:0006355	7	0.35	0
BSU_25190	GO:0005737	7	0.35	0
BSU_34140	GO:0005524	7	0.35	0
BSU_13860	GO:0004324	7	0.35	0
BSU_24030	GO:0016787	7	0.35	0
BSU_31750	GO:0017118	7	0.35	0
BSU_03180	GO:0016787	7	0.35	0
BSU_27560	GO:0051156	7	0.35	0
BSU_12080	GO:0015833	7	0.35	0
BSU_28690	GO:0050661	7	0.35	0
BSU_25270	GO:0051156	7	0.35	0
BSU_24850	GO:0009228	7	0.35	0
BSU_38300	GO:0003910	7	0.35	0
BSU_30860	GO:0050661	7	0.35	0
BSU_03780	GO:0016787	7	0.35	0
BSU_27610	GO:0016836	7	0.35	0
BSU_34560	GO:0042802	7	0.35	0
BSU_24340	GO:0051156	7	0.35	0
BSU_16800	GO:0015833	7	0.35	0
BSU_27650	GO:0005524	7	0.35	0
BSU_37240	GO:0005524	7	0.35	0
BSU_00410	GO:0016836	7	0.35	0
BSU_03670	GO:0030001	7	0.35	0
BSU_09280	GO:0030001	7	0.35	0
BSU_06510	GO:0009228	7	0.35	0
BSU_40920	GO:0017118	7	0.35	0
BSU_03950	GO:0016787	7	0.35	0
BSU_28680	GO:0050661	7	0.35	0
BSU_20060	GO:0016020	7	0.35	0
BSU_29970	GO:0009228	7	0.35	0
BSU_00880	GO:0016787	7	0.35	0
BSU_34140	GO:0015833	7	0.35	0
BSU_06240	GO:0016787	7	0.35	0
BSU_05900	GO:0016787	7	0.35	0
BSU_00700	GO:0016887	7	0.35	0
BSU_14540	GO:0016787	7	0.35	0
BSU_15310	GO:0005737	7	0.35	0
BSU_29970	GO:0003949	7	0.35	0
BSU_00380	GO:0016887	7	0.35	0
BSU_00410	GO:0003677	7	0.35	0
BSU_16370	GO:0015833	7	0.35	0
BSU_13910	GO:0015833	7	0.35	0
BSU_37790	GO:0005737	7	0.35	0
BSU_06140	GO:0004519	7	0.35	0
BSU_40920	GO:0051156	7	0.35	0
BSU_32110	GO:0017118	7	0.35	0
BSU_03180	GO:0005515	7	0.35	0
BSU_13540	GO:0006281	7	0.35	1
BSU_12310	GO:0017118	7	0.35	0
BSU_03180	GO:0009228	7	0.35	0
BSU_34560	GO:0009228	7	0.35	0
BSU_29140	GO:0005515	7	0.35	0
BSU_30820	GO:0042802	7	0.35	0
BSU_14390	GO:0030435	7	0.35	0
BSU_13530	GO:0051156	7	0.35	0
BSU_00930	GO:0019344	7	0.35	1
BSU_00700	GO:0016787	7	0.35	0
BSU_11600	GO:0051156	7	0.35	0
BSU_04720	GO:0006520	7	0.35	0
BSU_33470	GO:0050661	7	0.35	0
BSU_17570	GO:0005215	7	0.35	1
BSU_00840	GO:0071555	7	0.35	0
BSU_15890	GO:0006650	7	0.35	0
BSU_38300	GO:0042802	7	0.35	0
BSU_23850	GO:0016020	7	0.35	0
BSU_29980	GO:0071555	7	0.35	0
BSU_25020	GO:0016020	7	0.35	0
BSU_00410	GO:0016787	7	0.35	0
BSU_11880	GO:0009228	7	0.35	0
BSU_03050	GO:0050661	7	0.35	0
BSU_15060	GO:0051156	7	0.35	0
BSU_29450	GO:0051156	7	0.35	0
BSU_16380	GO:0015833	7	0.35	0
BSU_37760	GO:0030001	7	0.35	0
BSU_18240	GO:0051156	7	0.35	0
BSU_27650	GO:0015833	7	0.35	0
BSU_20060	GO:0051156	7	0.35	0
BSU_33630	GO:0015833	7	0.35	0
BSU_38280	GO:0055085	7	0.35	0
BSU_06320	GO:0006811	7	0.35	1
BSU_17570	GO:0030001	7	0.35	0
BSU_04720	GO:0015833	7	0.35	0
BSU_03950	GO:0090729	7	0.35	0
BSU_00930	GO:0003949	7	0.35	0
BSU_12420	GO:0016887	7	0.35	1
BSU_06510	GO:0003677	7	0.35	0
BSU_31600	GO:0005524	7	0.35	0
BSU_34560	GO:0016787	7	0.35	0
BSU_28150	GO:0016787	7	0.35	0
BSU_27560	GO:0006355	7	0.35	0
BSU_13910	GO:0006096	7	0.35	0
BSU_28870	GO:0071555	7	0.35	0
BSU_11200	GO:0071555	7	0.35	0
BSU_35670	GO:0005737	7	0.35	0
BSU_10650	GO:0005524	7	0.35	1
BSU_37120	GO:0005737	7	0.35	0
BSU_40920	GO:0003677	7	0.35	0
BSU_13910	GO:0005524	7	0.35	0
BSU_29970	GO:0010468	7	0.35	0
BSU_34560	GO:0006355	7	0.35	0
BSU_17640	GO:0006546	7	0.35	0
BSU_28150	GO:0009228	7	0.35	0
BSU_06520	GO:0006546	7	0.35	0
BSU_05900	GO:0009055	7	0.35	0
BSU_11190	GO:0071555	7	0.35	0
BSU_08650	GO:0071555	7	0.35	0
BSU_13860	GO:0003677	7	0.35	0
BSU_00380	GO:0071555	7	0.35	0
BSU_12080	GO:0005524	7	0.35	0
BSU_06520	GO:0071555	7	0.35	0
BSU_29980	GO:0005737	7	0.35	0
BSU_27280	GO:0006546	7	0.35	0
BSU_06520	GO:0004324	7	0.35	0
BSU_31750	GO:0005737	7	0.35	0
BSU_08210	GO:0042626	7	0.35	1
BSU_34140	GO:0016887	7	0.35	0
BSU_00700	GO:0003949	7	0.35	0
BSU_27610	GO:0010468	7	0.35	0
BSU_24030	GO:0043754	7	0.35	1
BSU_00410	GO:0003949	7	0.35	0
BSU_00930	GO:0006355	7	0.35	0
BSU_11140	GO:0009055	7	0.35	0
BSU_35850	GO:0009055	7	0.35	0
BSU_00700	GO:0010468	7	0.35	0
BSU_13500	GO:0008324	7	0.35	1
BSU_00380	GO:0004324	7	0.35	0
BSU_30820	GO:0009231	7	0.35	0
BSU_29970	GO:0006355	7	0.35	0
BSU_36280	GO:0000976	7	0.35	0
BSU_17640	GO:0009252	7	0.35	1
BSU_32110	GO:0005737	7	0.35	0
BSU_00930	GO:0010468	7	0.35	0
BSU_06240	GO:0004324	7	0.35	0
BSU_06240	GO:0009055	7	0.35	0
BSU_29140	GO:0006096	7	0.35	0
BSU_16100	GO:0005737	7	0.35	0
BSU_11600	GO:0009055	7	0.35	0
BSU_24610	GO:0003677	7	0.35	1
BSU_00930	GO:0009231	7	0.35	0
BSU_35670	GO:0004324	7	0.35	0
BSU_37120	GO:0005737	7	0.35	0
BSU_31750	GO:0004324	7	0.35	0
BSU_00090	GO:0003677	7	0.35	0
BSU_04640	GO:0009231	7	0.35	0
BSU_13860	GO:0009055	7	0.35	0
BSU_13500	GO:0090729	7	0.35	0
BSU_11220	GO:0006546	7	0.35	0
BSU_35760	GO:0005737	7	0.35	0
BSU_35720	GO:0005737	7	0.35	0
BSU_19630	GO:0005737	7	0.35	0
BSU_38410	GO:0005524	7	0.35	0
BSU_00150	GO:0030435	7	0.35	0
BSU_22710	GO:0005737	7	0.35	0
BSU_22540	GO:0005737	7	0.35	0
BSU_01230	GO:0000049	7	0.35	1
BSU_06240	GO:0003677	7	0.35	0
BSU_11360	GO:0030435	7	0.35	1
BSU_15130	GO:0005515	7	0.35	0
BSU_06520	GO:0005737	7	0.35	0
BSU_22710	GO:0009231	7	0.35	0
BSU_06240	GO:0009228	7	0.35	0
BSU_40920	GO:0004324	7	0.35	0
BSU_31750	GO:0003677	7	0.35	0
BSU_00090	GO:0005737	7	0.35	0
BSU_06510	GO:0006546	7	0.35	0
BSU_33630	GO:0005524	7	0.35	0
BSU_28150	GO:0005515	7	0.35	0
BSU_00770	GO:0009231	7	0.35	0
BSU_08650	GO:0005737	7	0.35	0
BSU_06240	GO:0006355	7	0.35	0
BSU_28150	GO:0006546	7	0.35	0
BSU_37500	GO:0009231	7	0.35	0
BSU_12420	GO:0005778	7	0.35	1
BSU_39230	GO:0090729	7	0.35	1
BSU_13860	GO:0005737	7	0.35	0
BSU_31640	GO:0016887	7	0.35	0
BSU_31750	GO:0009231	7	0.35	0
BSU_00700	GO:0006355	7	0.35	0
BSU_37370	GO:0050661	7	0.35	0
BSU_37370	GO:0016020	7	0.35	0
BSU_11190	GO:0004324	7	0.35	0
BSU_11880	GO:0030170	7	0.35	1
BSU_29140	GO:0006520	7	0.35	0
BSU_11710	GO:0030435	7	0.35	0
BSU_18420	GO:0000917	7	0.35	1
BSU_37940	GO:0042906	7	0.35	1
BSU_13130	GO:0016020	7	0.35	0
BSU_08650	GO:0004324	7	0.35	0
BSU_27610	GO:0006355	7	0.35	0
BSU_19630	GO:0071555	7	0.35	0
BSU_00700	GO:0042802	7	0.35	0
BSU_31600	GO:0016887	7	0.35	0
BSU_29980	GO:0005524	7	0.35	0
BSU_29120	GO:0006520	7	0.35	0
BSU_00770	GO:0016740	7	0.35	1
BSU_05900	GO:0003910	7	0.35	0
BSU_16370	GO:0005524	7	0.35	0
BSU_13910	GO:0006520	7	0.35	0
BSU_06140	GO:0000976	7	0.35	0
BSU_06510	GO:0010468	7	0.35	0
BSU_37790	GO:0006096	7	0.35	0
BSU_00410	GO:0009055	7	0.35	0
BSU_00700	GO:0009055	7	0.35	0
BSU_23850	GO:0009231	7	0.35	0
BSU_28190	GO:0006096	7	0.35	0
BSU_31640	GO:0016020	7	0.35	1
BSU_12980	GO:0003949	7	0.35	0
BSU_32830	GO:0005737	7	0.35	0
BSU_25270	GO:0006355	7	0.35	0
BSU_25020	GO:0006355	7	0.35	0
BSU_24340	GO:0071555	7	0.35	0
BSU_12420	GO:0006096	7	0.35	0
BSU_06690	GO:0006412	7	0.35	1
BSU_11880	GO:0004177	7	0.35	0
BSU_16410	GO:0006096	7	0.35	0
BSU_00410	GO:0042802	7	0.35	0
BSU_10270	GO:0005737	7	0.35	0
BSU_37310	GO:0006096	7	0.35	0
BSU_00090	GO:0004324	7	0.35	0
BSU_14370	GO:0016887	7	0.35	0
BSU_34560	GO:0009055	7	0.35	0
BSU_12310	GO:0005737	7	0.35	0
BSU_16100	GO:0071555	7	0.35	0
BSU_25270	GO:0009231	7	0.35	0
BSU_35670	GO:0016887	7	0.35	0
BSU_22540	GO:0016887	7	0.35	0
BSU_22710	GO:0003677	7	0.35	0
BSU_13540	GO:0003910	7	0.35	0
BSU_24340	GO:0005737	7	0.35	0
BSU_27560	GO:0009231	7	0.35	0
BSU_03950	GO:0009055	7	0.35	0
BSU_18240	GO:0005737	7	0.35	0
BSU_35760	GO:0016887	7	0.35	0
BSU_35720	GO:0016887	7	0.35	0
BSU_04040	GO:0009055	7	0.35	0
BSU_00410	GO:0006355	7	0.35	0
BSU_31610	GO:0016887	7	0.35	0
BSU_31660	GO:0016887	7	0.35	0
BSU_31580	GO:0005886	7	0.35	1
BSU_23850	GO:0003677	7	0.35	0
BSU_15310	GO:0016887	7	0.35	0
BSU_27650	GO:0016887	7	0.35	0
BSU_25020	GO:0003677	7	0.35	0
BSU_38410	GO:0016887	7	0.35	0
BSU_06950	GO:0005737	7	0.35	0
BSU_38340	GO:0030001	7	0.35	0
BSU_06950	GO:0090729	7	0.35	0
BSU_27560	GO:0003677	7	0.35	0
BSU_29970	GO:0009231	7	0.35	0
BSU_00740	GO:0009231	7	0.35	0
BSU_11450	GO:0046872	7	0.35	0
BSU_16380	GO:0005524	7	0.35	0
BSU_11390	GO:0016887	7	0.35	0
BSU_11450	GO:0016887	7	0.35	0
BSU_00380	GO:0010468	7	0.35	0
BSU_24030	GO:0005515	7	0.35	0
BSU_00410	GO:0010468	7	0.35	0
BSU_25190	GO:0090729	7	0.35	0
BSU_15490	GO:0009231	7	0.35	0
BSU_11470	GO:0046872	7	0.35	0
BSU_37240	GO:0015833	7	0.35	0
BSU_22130	GO:0006144	7	0.35	0
BSU_00930	GO:0009228	7	0.35	0
BSU_35340	GO:0005737	7	0.35	0
BSU_29140	GO:0000049	7	0.35	0
BSU_16100	GO:0009361	7	0.35	1
BSU_15720	GO:0016787	7	0.35	1
BSU_19630	GO:0008270	7	0.35	0
BSU_10270	GO:0016887	7	0.35	0
BSU_28550	GO:0003824	7	0.35	0
BSU_14540	GO:0005515	7	0.35	0
BSU_29120	GO:0003746	7	0.35	0
BSU_36280	GO:0004519	7	0.35	0
BSU_00380	GO:0005737	7	0.35	1
BSU_13500	GO:0022857	7	0.35	0
BSU_00930	GO:0008270	7	0.35	0
BSU_27610	GO:0008270	7	0.35	0
BSU_15130	GO:0004519	7	0.35	0
BSU_25190	GO:0042626	7	0.35	0
BSU_38280	GO:0042626	7	0.35	0
BSU_00410	GO:0008270	7	0.35	0
BSU_04720	GO:0003824	7	0.35	0
BSU_10850	GO:0050661	7	0.35	0
BSU_00380	GO:0003677	7	0.35	0
BSU_11390	GO:0003824	7	0.35	0
BSU_00410	GO:0003677	7	0.35	0
BSU_32110	GO:0050660	7	0.35	1
BSU_37080	GO:0006520	7	0.35	0
BSU_06140	GO:0003700	7	0.35	0
BSU_29140	GO:0003746	7	0.35	0
BSU_28870	GO:0005886	7	0.35	0
BSU_34140	GO:0003824	7	0.35	0
BSU_20060	GO:0050661	7	0.35	0
BSU_00380	GO:0009228	7	0.35	0
BSU_11200	GO:0017118	7	0.35	0
BSU_37790	GO:0003824	7	0.35	0
BSU_36280	GO:0003700	7	0.35	0
BSU_24340	GO:0000049	7	0.35	0
BSU_35850	GO:0042802	7	0.35	0
BSU_31520	GO:0003910	7	0.35	0
BSU_28690	GO:0016020	7	0.35	0
BSU_10850	GO:0016020	7	0.35	0
BSU_11390	GO:0005524	7	0.35	0
BSU_29140	GO:0005886	7	0.35	0
BSU_03210	GO:0010133	7	0.35	1
BSU_04320	GO:0042626	7	0.35	0
BSU_29980	GO:0016780	7	0.35	0
BSU_29450	GO:0000049	7	0.35	0
BSU_15310	GO:0005886	7	0.35	1
BSU_06950	GO:0003700	7	0.35	0
BSU_13860	GO:0017118	7	0.35	0
BSU_28550	GO:0006520	7	0.35	0
BSU_28680	GO:0016020	7	0.35	0
BSU_33470	GO:0042626	7	0.35	0
BSU_17970	GO:0005515	7	0.35	0
BSU_28150	GO:0004177	7	0.35	0
BSU_00700	GO:0008270	7	0.35	0
BSU_13910	GO:0016887	7	0.35	0
BSU_06670	GO:0016874	7	0.35	1
BSU_00880	GO:0006520	7	0.35	0
BSU_13910	GO:0006397	7	0.35	0
BSU_34860	GO:0030435	7	0.35	0
BSU_29140	GO:0016780	7	0.35	0
BSU_11140	GO:0042802	7	0.35	0
BSU_06950	GO:0016887	7	0.35	0
BSU_10380	GO:0016787	7	0.35	0
BSU_00380	GO:0003700	7	0.35	0
BSU_06240	GO:0004177	7	0.35	0
BSU_06240	GO:0016020	7	0.35	0
BSU_23850	GO:0005737	7	0.35	0
BSU_11200	GO:0008270	7	0.35	0
BSU_00930	GO:0016836	7	0.35	0
BSU_24340	GO:0016787	7	0.35	0
BSU_00700	GO:0003700	7	0.35	0
BSU_11470	GO:0015031	7	0.35	1
BSU_00090	GO:0008270	7	0.35	0
BSU_11190	GO:0008270	7	0.35	0
BSU_28150	GO:0016780	7	0.35	0
BSU_31100	GO:0042626	7	0.35	0
BSU_24340	GO:0005886	7	0.35	0
BSU_00700	GO:0003677	7	0.35	0
BSU_33470	GO:0055085	7	0.35	0
BSU_08650	GO:0008270	7	0.35	0
BSU_11400	GO:0005524	7	0.35	0
BSU_11190	GO:0050661	7	0.35	0
BSU_05900	GO:0016887	7	0.35	0
BSU_04720	GO:0003677	7	0.35	0
BSU_00840	GO:1990169	7	0.35	1
BSU_16800	GO:0003824	7	0.35	0
BSU_29970	GO:0016836	7	0.35	0
BSU_11600	GO:0016787	7	0.35	0
BSU_16100	GO:0008270	7	0.35	0
BSU_15050	GO:0003910	7	0.35	0
BSU_06520	GO:0016780	7	0.35	0
BSU_06520	GO:0008270	7	0.35	0
BSU_31600	GO:0016020	7	0.35	0
BSU_27610	GO:0003677	7	0.35	0
BSU_19630	GO:0005886	7	0.35	0
BSU_00380	GO:0008270	7	0.35	0
BSU_00930	GO:0003677	7	0.35	0
BSU_15530	GO:0050661	7	0.35	0
BSU_12310	GO:0008270	7	0.35	0
BSU_16410	GO:0005737	7	0.35	0
BSU_28870	GO:0000049	7	0.35	0
BSU_12310	GO:0022857	7	0.35	0
BSU_00150	GO:0003910	7	0.35	0
BSU_11400	GO:0003824	7	0.35	0
BSU_03210	GO:0016020	7	0.35	0
BSU_34560	GO:0016836	7	0.35	0
BSU_05900	GO:0003700	7	0.35	0
BSU_03780	GO:0016887	7	0.35	0
BSU_29450	GO:0009228	7	0.35	0
BSU_11450	GO:0003824	7	0.35	0
BSU_29970	GO:0003677	7	0.35	0
BSU_40330	GO:0022857	7	0.35	0
BSU_23150	GO:0050661	7	0.35	0
BSU_15530	GO:0016020	7	0.35	0
BSU_00740	GO:0042802	7	0.35	0
BSU_23560	GO:0022857	7	0.35	0
BSU_38290	GO:0042802	7	0.35	0
BSU_08210	GO:0003910	7	0.35	0
BSU_01420	GO:0003735	7	0.35	1
BSU_05900	GO:0042802	7	0.35	0
BSU_15530	GO:0016787	7	0.35	0
BSU_36530	GO:0016787	7	0.35	1
BSU_03330	GO:0090729	7	0.35	0
BSU_28190	GO:0030152	7	0.35	0
BSU_00880	GO:0030152	7	0.35	0
BSU_11190	GO:0017118	7	0.35	0
BSU_01150	GO:0003723	7	0.35	1
BSU_06240	GO:0017118	7	0.35	0
BSU_35720	GO:0016780	7	0.35	0
BSU_00880	GO:0015833	7	0.35	0
BSU_16800	GO:0016780	7	0.35	0
BSU_34560	GO:0003949	7	0.35	0
BSU_29450	GO:0008270	7	0.35	0
BSU_29140	GO:0006397	7	0.35	0
BSU_08220	GO:0003910	7	0.35	0
BSU_13910	GO:0030152	7	0.35	0
BSU_09130	GO:0022857	7	0.35	0
BSU_36800	GO:0015833	7	0.35	0
BSU_25020	GO:0050661	7	0.35	0
BSU_32110	GO:0008270	7	0.35	0
BSU_03210	GO:0050661	7	0.35	0
BSU_11450	GO:0005524	7	0.35	0
BSU_40920	GO:0008270	7	0.35	0
BSU_00150	GO:0004252	7	0.35	0
BSU_36280	GO:0000150	7	0.35	0
BSU_00700	GO:0016836	7	0.35	0
BSU_10790	GO:0016887	7	0.35	0
BSU_06310	GO:0022857	7	0.35	0
BSU_15060	GO:0009228	7	0.35	0
BSU_23560	GO:0006814	7	0.35	1
BSU_17050	GO:0015833	7	0.35	0
BSU_29140	GO:0016787	7	0.35	0
BSU_13860	GO:0016787	7	0.35	0
BSU_06160	GO:0022857	7	0.35	0
BSU_17660	GO:0042802	7	0.35	0
BSU_37080	GO:0015833	7	0.35	0
BSU_12420	GO:0015833	7	0.35	0
BSU_37310	GO:0030152	7	0.35	0
BSU_28870	GO:0008270	7	0.35	0
BSU_14540	GO:0003824	7	0.35	0
BSU_36280	GO:0006338	7	0.35	1
BSU_34140	GO:0006520	7	0.35	0
BSU_36280	GO:0003910	7	0.35	0
BSU_00410	GO:0009228	7	0.35	0
BSU_24340	GO:0008270	7	0.35	0
BSU_04040	GO:0042802	7	0.35	0
BSU_08210	GO:0022857	7	0.35	0
BSU_29980	GO:0030152	7	0.35	0
BSU_28690	GO:0055085	7	0.35	0
BSU_39420	GO:0016052	7	0.35	1
BSU_03780	GO:0008270	7	0.35	0
BSU_27560	GO:0008270	7	0.35	0
BSU_03950	GO:0042802	7	0.35	0
BSU_35670	GO:0008270	7	0.35	0
BSU_27610	GO:0009228	7	0.35	0
BSU_29450	GO:0005886	7	0.35	0
BSU_11190	GO:0016020	7	0.35	0
BSU_00880	GO:0003824	7	0.35	0
BSU_15480	GO:0042626	7	0.35	0
BSU_00090	GO:0017118	7	0.35	0
BSU_15890	GO:0009228	7	0.35	0
BSU_25020	GO:0008270	7	0.35	0
BSU_18420	GO:0004519	7	0.35	0
BSU_31100	GO:0055085	7	0.35	0
BSU_15130	GO:0009228	7	0.35	0
BSU_00700	GO:0009228	7	0.35	0
BSU_06520	GO:0017118	7	0.35	0
BSU_11200	GO:0005515	7	0.35	0
BSU_00380	GO:0017118	7	0.35	0
BSU_35760	GO:0016780	7	0.35	0
BSU_06240	GO:0050661	7	0.35	0
BSU_08220	GO:0022857	7	0.35	0
BSU_32110	GO:0004324	7	0.35	1
BSU_29970	GO:0008270	7	0.35	0
BSU_06960	GO:0005886	6	0.3	0
BSU_30050	GO:0000917	6	0.3	0
BSU_17890	GO:0004324	6	0.3	0
BSU_15690	GO:0009898	6	0.3	0
BSU_32690	GO:0030436	6	0.3	0
BSU_23210	GO:0000917	6	0.3	0
BSU_17890	GO:0004527	6	0.3	0
BSU_37190	GO:0004527	6	0.3	0
BSU_22600	GO:0000105	6	0.3	0
BSU_33600	GO:0044183	6	0.3	0
BSU_28260	GO:0005737	6	0.3	0
BSU_11690	GO:0030170	6	0.3	0
BSU_29440	GO:0016757	6	0.3	0
BSU_30050	GO:0030435	6	0.3	0
BSU_22690	GO:0000105	6	0.3	0
BSU_32000	GO:0030436	6	0.3	0
BSU_29805	GO:0000917	6	0.3	0
BSU_37620	GO:0044183	6	0.3	0
BSU_07260	GO:0016765	6	0.3	0
BSU_24290	GO:0005886	6	0.3	0
BSU_24130	GO:0006355	6	0.3	0
BSU_15910	GO:0004324	6	0.3	0
BSU_33600	GO:0016757	6	0.3	0
BSU_31530	GO:0004527	6	0.3	0
BSU_28710	GO:0030436	6	0.3	0
BSU_01010	GO:0016757	6	0.3	0
BSU_03040	GO:0030436	6	0.3	0
BSU_04460	GO:0004527	6	0.3	0
BSU_16020	GO:0044183	6	0.3	0
BSU_05860	GO:0030436	6	0.3	0
BSU_30230	GO:0030436	6	0.3	0
BSU_22790	GO:0004324	6	0.3	0
BSU_19180	GO:0004324	6	0.3	0
BSU_32250	GO:0030436	6	0.3	0
BSU_37330	GO:0030436	6	0.3	0
BSU_13180	GO:0006281	6	0.3	0
BSU_24290	GO:0016757	6	0.3	0
BSU_34010	GO:0030435	6	0.3	0
BSU_16020	GO:0004527	6	0.3	0
BSU_11690	GO:0030436	6	0.3	0
BSU_37620	GO:0000917	6	0.3	0
BSU_32750	GO:0004324	6	0.3	0
BSU_11540	GO:0030436	6	0.3	0
BSU_06450	GO:0006400	6	0.3	0
BSU_07590	GO:0004527	6	0.3	0
BSU_01610	GO:0046942	6	0.3	0
BSU_10250	GO:0005886	6	0.3	0
BSU_06450	GO:0030163	6	0.3	0
BSU_37190	GO:0016020	6	0.3	0
BSU_06812	GO:0004527	6	0.3	0
BSU_16630	GO:0004324	6	0.3	0
BSU_34120	GO:0006281	6	0.3	0
BSU_32750	GO:0046872	6	0.3	0
BSU_12340	GO:0006355	6	0.3	0
BSU_03930	GO:0006979	6	0.3	0
BSU_16120	GO:0000917	6	0.3	0
BSU_31960	GO:0004324	6	0.3	0
BSU_36370	GO:0006355	6	0.3	0
BSU_07260	GO:0042802	6	0.3	0
BSU_30380	GO:0016020	6	0.3	0
BSU_09380	GO:0016757	6	0.3	0
BSU_16650	GO:0004527	6	0.3	0
BSU_06460	GO:0030163	6	0.3	0
BSU_15550	GO:0030436	6	0.3	0
BSU_06060	GO:0000917	6	0.3	0
BSU_16120	GO:0004527	6	0.3	0
BSU_14180	GO:0030436	6	0.3	0
BSU_04450	GO:0003677	6	0.3	0
BSU_13560	GO:0030436	6	0.3	0
BSU_04660	GO:0000917	6	0.3	0
BSU_39650	GO:0003677	6	0.3	0
BSU_13960	GO:0030436	6	0.3	0
BSU_18460	GO:0004527	6	0.3	0
BSU_29805	GO:0030435	6	0.3	0
BSU_06812	GO:0000917	6	0.3	0
BSU_08100	GO:0005886	6	0.3	0
BSU_02840	GO:0051537	6	0.3	0
BSU_39480	GO:0030435	6	0.3	0
BSU_17890	GO:0016757	6	0.3	0
BSU_33300	GO:0046942	6	0.3	0
BSU_08100	GO:0004527	6	0.3	0
BSU_37330	GO:0006434	6	0.3	0
BSU_06060	GO:0004527	6	0.3	0
BSU_10250	GO:0030436	6	0.3	0
BSU_11330	GO:0030170	6	0.3	0
BSU_05860	GO:0030163	6	0.3	0
BSU_16110	GO:0030170	6	0.3	0
BSU_29340	GO:0046942	6	0.3	0
BSU_02850	GO:0006281	6	0.3	0
BSU_25590	GO:0000917	6	0.3	0
BSU_03890	GO:0004527	6	0.3	0
BSU_03290	GO:0044183	6	0.3	0
BSU_24290	GO:0044780	6	0.3	0
BSU_32000	GO:0006979	6	0.3	0
BSU_06460	GO:0044183	6	0.3	0
BSU_37620	GO:0004527	6	0.3	0
BSU_39920	GO:0006400	6	0.3	0
BSU_29805	GO:0004527	6	0.3	0
BSU_30390	GO:0016020	6	0.3	0
BSU_35900	GO:0006400	6	0.3	0
BSU_41010	GO:0030436	6	0.3	0
BSU_06460	GO:0006400	6	0.3	0
BSU_08180	GO:0042802	6	0.3	0
BSU_28260	GO:0006355	6	0.3	0
BSU_25440	GO:0004527	6	0.3	0
BSU_32750	GO:0046942	6	0.3	0
BSU_07710	GO:0016765	6	0.3	0
BSU_02980	GO:0046942	6	0.3	0
BSU_06680	GO:0004324	6	0.3	0
BSU_22790	GO:0004527	6	0.3	0
BSU_00910	GO:0006355	6	0.3	0
BSU_04660	GO:0004527	6	0.3	0
BSU_10250	GO:0030170	6	0.3	0
BSU_32800	GO:0016757	6	0.3	0
BSU_14180	GO:0030435	6	0.3	0
BSU_00670	GO:0044780	6	0.3	0
BSU_06450	GO:0030436	6	0.3	0
BSU_01750	GO:0030163	6	0.3	0
BSU_22790	GO:0000917	6	0.3	0
BSU_13840	GO:0005886	6	0.3	0
BSU_32250	GO:0006355	6	0.3	0
BSU_05860	GO:0005737	6	0.3	0
BSU_06450	GO:0004324	6	0.3	0
BSU_22790	GO:0016757	6	0.3	0
BSU_09380	GO:0009061	6	0.3	0
BSU_39650	GO:0016020	6	0.3	0
BSU_25590	GO:0004527	6	0.3	0
BSU_31960	GO:0006400	6	0.3	0
BSU_08180	GO:0005737	6	0.3	0
BSU_17860	GO:0044183	6	0.3	0
BSU_03590	GO:0030163	6	0.3	0
BSU_11540	GO:0000105	6	0.3	0
BSU_23220	GO:0006285	6	0.3	0
BSU_29805	GO:0006355	6	0.3	0
BSU_13560	GO:0004324	6	0.3	0
BSU_02030	GO:0009898	6	0.3	0
BSU_31090	GO:0030001	6	0.3	0
BSU_02980	GO:0030163	6	0.3	0
BSU_28260	GO:0004324	6	0.3	0
BSU_06812	GO:0016020	6	0.3	0
BSU_16600	GO:0006285	6	0.3	0
BSU_25730	GO:0006979	6	0.3	0
BSU_25590	GO:0006355	6	0.3	0
BSU_29340	GO:0030435	6	0.3	0
BSU_32750	GO:0030163	6	0.3	0
BSU_35900	GO:0005886	6	0.3	0
BSU_15760	GO:0005737	6	0.3	0
BSU_14470	GO:0009898	6	0.3	0
BSU_17860	GO:0030170	6	0.3	0
BSU_00790	GO:0030435	6	0.3	0
BSU_16120	GO:0006355	6	0.3	0
BSU_27970	GO:0030163	6	0.3	0
BSU_18460	GO:0000917	6	0.3	0
BSU_11540	GO:0030163	6	0.3	0
BSU_07590	GO:0000105	6	0.3	0
BSU_11690	GO:0004324	6	0.3	0
BSU_23920	GO:0005886	6	0.3	0
BSU_27970	GO:0006281	6	0.3	0
BSU_06680	GO:0006400	6	0.3	0
BSU_13950	GO:0046942	6	0.3	0
BSU_23310	GO:0030163	6	0.3	0
BSU_07710	GO:0016020	6	0.3	0
BSU_13180	GO:0004324	6	0.3	0
BSU_36100	GO:0030163	6	0.3	0
BSU_03290	GO:0042802	6	0.3	0
BSU_29440	GO:0005886	6	0.3	0
BSU_15690	GO:0006285	6	0.3	0
BSU_03480	GO:0006285	6	0.3	0
BSU_14410	GO:0030163	6	0.3	0
BSU_10490	GO:0030163	6	0.3	0
BSU_19360	GO:0003678	6	0.3	0
BSU_07810	GO:0000105	6	0.3	0
BSU_02750	GO:0030163	6	0.3	0
BSU_16110	GO:0046872	6	0.3	0
BSU_05970	GO:0032357	6	0.3	0
BSU_14470	GO:0006285	6	0.3	0
BSU_30190	GO:0004324	6	0.3	0
BSU_34120	GO:0042802	6	0.3	0
BSU_13960	GO:0006979	6	0.3	0
BSU_27970	GO:0005886	6	0.3	0
BSU_02750	GO:0030435	6	0.3	0
BSU_15760	GO:0042802	6	0.3	0
BSU_03590	GO:0030435	6	0.3	0
BSU_30380	GO:0030163	6	0.3	0
BSU_02490	GO:0006355	6	0.3	0
BSU_06812	GO:0006355	6	0.3	0
BSU_29805	GO:0030163	6	0.3	0
BSU_09570	GO:0044183	6	0.3	0
BSU_27430	GO:0030435	6	0.3	0
BSU_06960	GO:0046872	6	0.3	0
BSU_39480	GO:0030163	6	0.3	0
BSU_22370	GO:0044183	6	0.3	0
BSU_37620	GO:0006355	6	0.3	0
BSU_15630	GO:0006979	6	0.3	0
BSU_23220	GO:0009898	6	0.3	0
BSU_02980	GO:0030435	6	0.3	0
BSU_16120	GO:0005737	6	0.3	0
BSU_06060	GO:0006355	6	0.3	0
BSU_02980	GO:0005886	6	0.3	0
BSU_23220	GO:0003678	6	0.3	0
BSU_02460	GO:0006355	6	0.3	0
BSU_13840	GO:0006979	6	0.3	0
BSU_16110	GO:0044183	6	0.3	0
BSU_02840	GO:0000105	6	0.3	0
BSU_09380	GO:0032357	6	0.3	0
BSU_25480	GO:0044183	6	0.3	0
BSU_17890	GO:0005737	6	0.3	0
BSU_27430	GO:0030163	6	0.3	0
BSU_17890	GO:0042802	6	0.3	0
BSU_11540	GO:0006355	6	0.3	0
BSU_02850	GO:0042802	6	0.3	0
BSU_02840	GO:0006434	6	0.3	0
BSU_03890	GO:0000917	6	0.3	0
BSU_07590	GO:0000917	6	0.3	0
BSU_32240	GO:0030435	6	0.3	0
BSU_37330	GO:0005886	6	0.3	0
BSU_32750	GO:0030435	6	0.3	0
BSU_08100	GO:0030435	6	0.3	0
BSU_03040	GO:0042802	6	0.3	0
BSU_14470	GO:0003678	6	0.3	0
BSU_15550	GO:0004324	6	0.3	0
BSU_16560	GO:0030163	6	0.3	0
BSU_27970	GO:0032357	6	0.3	0
BSU_22080	GO:0030163	6	0.3	0
BSU_07500	GO:0030001	6	0.3	0
BSU_05860	GO:0042802	6	0.3	0
BSU_19360	GO:0006285	6	0.3	0
BSU_27510	GO:0005737	6	0.3	0
BSU_03310	GO:0005886	6	0.3	0
BSU_10250	GO:0004324	6	0.3	0
BSU_33150	GO:0030435	6	0.3	0
BSU_07710	GO:0005737	6	0.3	0
BSU_16020	GO:0006434	6	0.3	0
BSU_07810	GO:0030436	6	0.3	0
BSU_24470	GO:0006355	6	0.3	0
BSU_11540	GO:0004324	6	0.3	0
BSU_31440	GO:0006355	6	0.3	0
BSU_18440	GO:0009061	6	0.3	0
BSU_38390	GO:0046942	6	0.3	0
BSU_08180	GO:0030436	6	0.3	0
BSU_16600	GO:0009898	6	0.3	0
BSU_34950	GO:0005737	6	0.3	0
BSU_03290	GO:0006434	6	0.3	0
BSU_06960	GO:0032357	6	0.3	0
BSU_04660	GO:0006355	6	0.3	0
BSU_11540	GO:0006434	6	0.3	0
BSU_22960	GO:0003678	6	0.3	0
BSU_17710	GO:0046942	6	0.3	0
BSU_07260	GO:0005737	6	0.3	0
BSU_07510	GO:0030001	6	0.3	0
BSU_38480	GO:0005886	6	0.3	0
BSU_13490	GO:0030163	6	0.3	0
BSU_05880	GO:0046872	6	0.3	0
BSU_00460	GO:0030435	6	0.3	0
BSU_33290	GO:0030435	6	0.3	0
BSU_40970	GO:0004359	6	0.3	0
BSU_03480	GO:0003678	6	0.3	0
BSU_36100	GO:0030435	6	0.3	0
BSU_29440	GO:0044183	6	0.3	0
BSU_35750	GO:0005886	6	0.3	0
BSU_38620	GO:0004527	6	0.3	0
BSU_23080	GO:0006355	6	0.3	0
BSU_13960	GO:0016020	6	0.3	0
BSU_13720	GO:0030435	6	0.3	0
BSU_23250	GO:0016757	6	0.3	0
BSU_13560	GO:0005886	6	0.3	0
BSU_37780	GO:0006979	6	0.3	0
BSU_22600	GO:0004324	6	0.3	0
BSU_16120	GO:0030436	6	0.3	0
BSU_28510	GO:0030436	6	0.3	0
BSU_28720	GO:0030436	6	0.3	0
BSU_11330	GO:0000105	6	0.3	0
BSU_04460	GO:0000917	6	0.3	0
BSU_02030	GO:0003678	6	0.3	0
BSU_24080	GO:0004324	6	0.3	0
BSU_08100	GO:0046872	6	0.3	0
BSU_19590	GO:0030163	6	0.3	0
BSU_34950	GO:0006355	6	0.3	0
BSU_24070	GO:0005886	6	0.3	0
BSU_19360	GO:0009898	6	0.3	0
BSU_00670	GO:0030435	6	0.3	0
BSU_08200	GO:0046872	6	0.3	0
BSU_12970	GO:0030163	6	0.3	0
BSU_10170	GO:0000105	6	0.3	0
BSU_24130	GO:0030436	6	0.3	0
BSU_38620	GO:0006355	6	0.3	0
BSU_24630	GO:0030163	6	0.3	0
BSU_16110	GO:0032357	6	0.3	0
BSU_17100	GO:0030435	6	0.3	0
BSU_08100	GO:0032357	6	0.3	0
BSU_02030	GO:0006285	6	0.3	0
BSU_16600	GO:0003678	6	0.3	0
BSU_10250	GO:0000105	6	0.3	0
BSU_11540	GO:0042802	6	0.3	0
BSU_31530	GO:0000917	6	0.3	0
BSU_22960	GO:0009061	6	0.3	0
BSU_13180	GO:0032357	6	0.3	0
BSU_22550	GO:0030436	6	0.3	0
BSU_04970	GO:0030163	6	0.3	0
BSU_15690	GO:0003678	6	0.3	0
BSU_32800	GO:0044183	6	0.3	0
BSU_00670	GO:0044183	6	0.3	0
BSU_30380	GO:0030435	6	0.3	0
BSU_37620	GO:0006434	6	0.3	0
BSU_03310	GO:0042802	6	0.3	0
BSU_22550	GO:0005737	6	0.3	0
BSU_05830	GO:0046872	6	0.3	0
BSU_05830	GO:0046942	6	0.3	0
BSU_11690	GO:0000105	6	0.3	0
BSU_17860	GO:0005886	6	0.3	0
BSU_31960	GO:0005886	6	0.3	0
BSU_24290	GO:0044183	6	0.3	0
BSU_16300	GO:0044780	6	0.3	0
BSU_08200	GO:0046942	6	0.3	0
BSU_16110	GO:0004527	6	0.3	0
BSU_24080	GO:0005737	6	0.3	0
BSU_16630	GO:0030436	6	0.3	0
BSU_06680	GO:0030163	6	0.3	0
BSU_14410	GO:0098660	6	0.3	0
BSU_16560	GO:0016491	6	0.3	0
BSU_23310	GO:0098660	6	0.3	0
BSU_09620	GO:0016835	6	0.3	0
BSU_06680	GO:0046872	6	0.3	0
BSU_11520	GO:0005737	6	0.3	0
BSU_06460	GO:0004177	6	0.3	0
BSU_01610	GO:0016491	6	0.3	0
BSU_33300	GO:0016491	6	0.3	0
BSU_28260	GO:0005886	6	0.3	0
BSU_32690	GO:0019516	6	0.3	0
BSU_35900	GO:0016491	6	0.3	0
BSU_37330	GO:0019516	6	0.3	0
BSU_17860	GO:0046872	6	0.3	0
BSU_16290	GO:0005737	6	0.3	0
BSU_23210	GO:0046872	6	0.3	0
BSU_03810	GO:0098660	6	0.3	0
BSU_11690	GO:0046872	6	0.3	0
BSU_13300	GO:0098660	6	0.3	0
BSU_16110	GO:0046872	6	0.3	0
BSU_39390	GO:0098660	6	0.3	0
BSU_25480	GO:0046872	6	0.3	0
BSU_32000	GO:0019516	6	0.3	0
BSU_06460	GO:0046872	6	0.3	0
BSU_39920	GO:0004312	6	0.3	0
BSU_32250	GO:0006414	6	0.3	0
BSU_29440	GO:0046872	6	0.3	0
BSU_07590	GO:0046872	6	0.3	0
BSU_07810	GO:0046872	6	0.3	0
BSU_24630	GO:0016491	6	0.3	0
BSU_00670	GO:0004312	6	0.3	0
BSU_30540	GO:0004312	6	0.3	0
BSU_40970	GO:0005737	6	0.3	0
BSU_10170	GO:0046872	6	0.3	0
BSU_11330	GO:0046872	6	0.3	0
BSU_10250	GO:0046872	6	0.3	0
BSU_30230	GO:0019516	6	0.3	0
BSU_03800	GO:0098660	6	0.3	0
BSU_35900	GO:0098660	6	0.3	0
BSU_16630	GO:0046872	6	0.3	0
BSU_07500	GO:0016491	6	0.3	0
BSU_08450	GO:0098660	6	0.3	0
BSU_34010	GO:0098660	6	0.3	0
BSU_08200	GO:0016491	6	0.3	0
BSU_23920	GO:0046872	6	0.3	0
BSU_33600	GO:0005886	6	0.3	0
BSU_07510	GO:0016491	6	0.3	0
BSU_09620	GO:0046677	6	0.3	0
BSU_22690	GO:0016835	6	0.3	0
BSU_12940	GO:0016491	6	0.3	0
BSU_03981	GO:0098660	6	0.3	0
BSU_02980	GO:0005886	6	0.3	0
BSU_01680	GO:0016835	6	0.3	0
BSU_01680	GO:0098660	6	0.3	0
BSU_28710	GO:0098660	6	0.3	0
BSU_08180	GO:0016835	6	0.3	0
BSU_05830	GO:0016491	6	0.3	0
BSU_29440	GO:0004177	6	0.3	0
BSU_12930	GO:0016491	6	0.3	0
BSU_28510	GO:0046872	6	0.3	0
BSU_22550	GO:0098660	6	0.3	0
BSU_28720	GO:0046872	6	0.3	0
BSU_27440	GO:0098660	6	0.3	0
BSU_15630	GO:0016835	6	0.3	0
BSU_32250	GO:0019516	6	0.3	0
BSU_22600	GO:0046872	6	0.3	0
BSU_41010	GO:0019516	6	0.3	0
BSU_27440	GO:0016491	6	0.3	0
BSU_30050	GO:0098660	6	0.3	0
BSU_08460	GO:0098660	6	0.3	0
BSU_09440	GO:0016835	6	0.3	0
BSU_37620	GO:0005886	6	0.3	0
BSU_26810	GO:0046677	6	0.3	0
BSU_13840	GO:0098660	6	0.3	0
BSU_24290	GO:0030488	6	0.3	0
BSU_06450	GO:0016835	6	0.3	0
BSU_13950	GO:0016491	6	0.3	0
BSU_09620	GO:0006508	6	0.3	0
BSU_30230	GO:0006414	6	0.3	0
BSU_03040	GO:0006508	6	0.3	0
BSU_06370	GO:0015293	6	0.3	0
BSU_15690	GO:0005737	6	0.3	0
BSU_25620	GO:0006414	6	0.3	0
BSU_35740	GO:0006508	6	0.3	0
BSU_31290	GO:0046872	6	0.3	0
BSU_17890	GO:0000287	6	0.3	0
BSU_07630	GO:0006508	6	0.3	0
BSU_34930	GO:0006414	6	0.3	0
BSU_40070	GO:0015293	6	0.3	0
BSU_37670	GO:0006508	6	0.3	0
BSU_11690	GO:0000287	6	0.3	0
BSU_30830	GO:0006508	6	0.3	0
BSU_34440	GO:0015293	6	0.3	0
BSU_16630	GO:0005886	6	0.3	0
BSU_17890	GO:0005886	6	0.3	0
BSU_09440	GO:0000287	6	0.3	0
BSU_07710	GO:0000287	6	0.3	0
BSU_29805	GO:0006414	6	0.3	0
BSU_39390	GO:0015293	6	0.3	0
BSU_02270	GO:0015293	6	0.3	0
BSU_27580	GO:0006508	6	0.3	0
BSU_24290	GO:0004312	6	0.3	0
BSU_10540	GO:0006508	6	0.3	0
BSU_08180	GO:0019516	6	0.3	0
BSU_13720	GO:0006508	6	0.3	0
BSU_07810	GO:0019516	6	0.3	0
BSU_07630	GO:0016740	6	0.3	0
BSU_32370	GO:0006508	6	0.3	0
BSU_23310	GO:0015293	6	0.3	0
BSU_18440	GO:0030488	6	0.3	0
BSU_14410	GO:0015293	6	0.3	0
BSU_09440	GO:0046872	6	0.3	0
BSU_13300	GO:0015293	6	0.3	0
BSU_13300	GO:0006508	6	0.3	0
BSU_22600	GO:0000287	6	0.3	0
BSU_23210	GO:0005886	6	0.3	0
BSU_00910	GO:0006508	6	0.3	0
BSU_07260	GO:0000287	6	0.3	0
BSU_34920	GO:0006414	6	0.3	0
BSU_31290	GO:0006414	6	0.3	0
BSU_37620	GO:0046872	6	0.3	0
BSU_33040	GO:0030488	6	0.3	0
BSU_03040	GO:0019516	6	0.3	0
BSU_07260	GO:0006508	6	0.3	0
BSU_33600	GO:0046872	6	0.3	0
BSU_16020	GO:0046872	6	0.3	0
BSU_31960	GO:0004312	6	0.3	0
BSU_28710	GO:0019516	6	0.3	0
BSU_01750	GO:0046872	6	0.3	0
BSU_24080	GO:0005886	6	0.3	0
BSU_27620	GO:0046872	6	0.3	0
BSU_02840	GO:0046872	6	0.3	0
BSU_25480	GO:0004177	6	0.3	0
BSU_06680	GO:0004312	6	0.3	0
BSU_28510	GO:0046872	6	0.3	0
BSU_28720	GO:0046872	6	0.3	0
BSU_07810	GO:0046872	6	0.3	0
BSU_07710	GO:0006508	6	0.3	0
BSU_00670	GO:0046872	6	0.3	0
BSU_13790	GO:0046872	6	0.3	0
BSU_26590	GO:0015293	6	0.3	0
BSU_22600	GO:0003677	6	0.3	0
BSU_22760	GO:0000287	6	0.3	0
BSU_16120	GO:0006508	6	0.3	0
BSU_22690	GO:0003677	6	0.3	0
BSU_15910	GO:0004312	6	0.3	0
BSU_17580	GO:0046872	6	0.3	0
BSU_05860	GO:0019516	6	0.3	0
BSU_02270	GO:0000287	6	0.3	0
BSU_22370	GO:0005886	6	0.3	0
BSU_18440	GO:0005886	6	0.3	0
BSU_03890	GO:0046872	6	0.3	0
BSU_15920	GO:0004312	6	0.3	0
BSU_08180	GO:0006508	6	0.3	0
BSU_15920	GO:0004359	6	0.3	0
BSU_22790	GO:0005886	6	0.3	0
BSU_34950	GO:0006508	6	0.3	0
BSU_38390	GO:0016491	6	0.3	0
BSU_40770	GO:0030001	6	0.3	0
BSU_02980	GO:0016491	6	0.3	0
BSU_32750	GO:0016020	6	0.3	0
BSU_07260	GO:0016020	6	0.3	0
BSU_24080	GO:0019516	6	0.3	0
BSU_07710	GO:0016020	6	0.3	0
BSU_16120	GO:0006355	6	0.3	0
BSU_06812	GO:0006355	6	0.3	0
BSU_04660	GO:0006355	6	0.3	0
BSU_04460	GO:0000976	6	0.3	0
BSU_28260	GO:0019516	6	0.3	0
BSU_22600	GO:0019516	6	0.3	0
BSU_16630	GO:0008881	6	0.3	0
BSU_17890	GO:0008881	6	0.3	0
BSU_32800	GO:0006546	6	0.3	0
BSU_37330	GO:0003677	6	0.3	0
BSU_25620	GO:0003677	6	0.3	0
BSU_22790	GO:0008881	6	0.3	0
BSU_31090	GO:0016020	6	0.3	0
BSU_06812	GO:0016020	6	0.3	0
BSU_00670	GO:0010468	6	0.3	0
BSU_16120	GO:0015293	6	0.3	0
BSU_17890	GO:0019516	6	0.3	0
BSU_01750	GO:0016020	6	0.3	0
BSU_16600	GO:0030488	6	0.3	0
BSU_40230	GO:0006355	6	0.3	0
BSU_34930	GO:0003677	6	0.3	0
BSU_12340	GO:0016835	6	0.3	0
BSU_02850	GO:0016020	6	0.3	0
BSU_34010	GO:0006811	6	0.3	0
BSU_03590	GO:0016020	6	0.3	0
BSU_22790	GO:0019516	6	0.3	0
BSU_08450	GO:0006811	6	0.3	0
BSU_31530	GO:0000976	6	0.3	0
BSU_36370	GO:0016835	6	0.3	0
BSU_08460	GO:0006811	6	0.3	0
BSU_38620	GO:0006355	6	0.3	0
BSU_29805	GO:0006355	6	0.3	0
BSU_00910	GO:0016835	6	0.3	0
BSU_30230	GO:0003677	6	0.3	0
BSU_29805	GO:0000976	6	0.3	0
BSU_38620	GO:0000976	6	0.3	0
BSU_29340	GO:0016020	6	0.3	0
BSU_30380	GO:0006811	6	0.3	0
BSU_07810	GO:0003677	6	0.3	0
BSU_03290	GO:0050660	6	0.3	0
BSU_25590	GO:0016020	6	0.3	0
BSU_27430	GO:0016020	6	0.3	0
BSU_32250	GO:0005886	6	0.3	0
BSU_08180	GO:0003677	6	0.3	0
BSU_30830	GO:0008881	6	0.3	0
BSU_09570	GO:0006546	6	0.3	0
BSU_28260	GO:0005886	6	0.3	0
BSU_11540	GO:0050660	6	0.3	0
BSU_28260	GO:0016835	6	0.3	0
BSU_30380	GO:0016020	6	0.3	0
BSU_24130	GO:0016835	6	0.3	0
BSU_36100	GO:0005886	6	0.3	0
BSU_22690	GO:0008881	6	0.3	0
BSU_32250	GO:0016835	6	0.3	0
BSU_31190	GO:0008881	6	0.3	0
BSU_22600	GO:0008881	6	0.3	0
BSU_34550	GO:0008881	6	0.3	0
BSU_00670	GO:0050660	6	0.3	0
BSU_24080	GO:0008881	6	0.3	0
BSU_13960	GO:0016020	6	0.3	0
BSU_28710	GO:0003677	6	0.3	0
BSU_03040	GO:0003677	6	0.3	0
BSU_28260	GO:0008881	6	0.3	0
BSU_33600	GO:0050660	6	0.3	0
BSU_16020	GO:0050660	6	0.3	0
BSU_16120	GO:0000976	6	0.3	0
BSU_32240	GO:0005886	6	0.3	0
BSU_34880	GO:0008881	6	0.3	0
BSU_37620	GO:0050660	6	0.3	0
BSU_05860	GO:0003677	6	0.3	0
BSU_36920	GO:0005886	6	0.3	0
BSU_02840	GO:0050660	6	0.3	0
BSU_36920	GO:0008881	6	0.3	0
BSU_16630	GO:0019516	6	0.3	0
BSU_22600	GO:0006355	6	0.3	0
BSU_17710	GO:0016491	6	0.3	0
BSU_28260	GO:0015293	6	0.3	0
BSU_11520	GO:0016020	6	0.3	0
BSU_40960	GO:0016020	6	0.3	0
BSU_40970	GO:0016020	6	0.3	0
BSU_30070	GO:0030001	6	0.3	0
BSU_33330	GO:0030001	6	0.3	0
BSU_03520	GO:0046677	6	0.3	0
BSU_41010	GO:0003677	6	0.3	0
BSU_14600	GO:0030488	6	0.3	0
BSU_33600	GO:0016020	6	0.3	0
BSU_15550	GO:0003677	6	0.3	0
BSU_14180	GO:0003677	6	0.3	0
BSU_27510	GO:0015293	6	0.3	0
BSU_32250	GO:0003677	6	0.3	0
BSU_09570	GO:0004177	6	0.3	0
BSU_32800	GO:0030488	6	0.3	0
BSU_10250	GO:0019516	6	0.3	0
BSU_29990	GO:0030001	6	0.3	0
BSU_06450	GO:0019516	6	0.3	0
BSU_22370	GO:0004177	6	0.3	0
BSU_07510	GO:0046872	6	0.3	0
BSU_03280	GO:0046872	6	0.3	0
BSU_32750	GO:0019516	6	0.3	0
BSU_29440	GO:0016020	6	0.3	0
BSU_27970	GO:0016491	6	0.3	0
BSU_41010	GO:0003677	6	0.3	0
BSU_07500	GO:0046872	6	0.3	0
BSU_21460	GO:0003677	6	0.3	0
BSU_40230	GO:0003677	6	0.3	0
BSU_22600	GO:0003677	6	0.3	0
BSU_08450	GO:0046872	6	0.3	0
BSU_08460	GO:0046872	6	0.3	0
BSU_15920	GO:0030488	6	0.3	0
BSU_27900	GO:0016835	6	0.3	0
BSU_32800	GO:0004177	6	0.3	0
BSU_30830	GO:0015293	6	0.3	0
BSU_06680	GO:0019516	6	0.3	0
BSU_13960	GO:0003677	6	0.3	0
BSU_37330	GO:0003677	6	0.3	0
BSU_14180	GO:0006355	6	0.3	0
BSU_32750	GO:0016020	6	0.3	0
BSU_14180	GO:0019516	6	0.3	0
BSU_09570	GO:0030488	6	0.3	0
BSU_03590	GO:0046677	6	0.3	0
BSU_31090	GO:0006811	6	0.3	0
BSU_22370	GO:0030488	6	0.3	0
BSU_22600	GO:0006414	6	0.3	0
BSU_29440	GO:0016020	6	0.3	0
BSU_02490	GO:0016835	6	0.3	0
BSU_02850	GO:0046677	6	0.3	0
BSU_32250	GO:0003677	6	0.3	0
BSU_02460	GO:0016835	6	0.3	0
BSU_07500	GO:0006811	6	0.3	0
BSU_07510	GO:0006811	6	0.3	0
BSU_13960	GO:0006355	6	0.3	0
BSU_15550	GO:0019516	6	0.3	0
BSU_34920	GO:0003677	6	0.3	0
BSU_31290	GO:0003677	6	0.3	0
BSU_13560	GO:0019516	6	0.3	0
BSU_30230	GO:0003677	6	0.3	0
BSU_11540	GO:0003677	6	0.3	0
BSU_28710	GO:0046677	6	0.3	0
BSU_18230	GO:0016835	6	0.3	0
BSU_11540	GO:0019516	6	0.3	0
BSU_00780	GO:0016835	6	0.3	0
BSU_11690	GO:0019516	6	0.3	0
BSU_33290	GO:0016020	6	0.3	0
BSU_11690	GO:0003677	6	0.3	0
BSU_29340	GO:0016020	6	0.3	0
BSU_17710	GO:0046677	6	0.3	0
BSU_01680	GO:0046677	6	0.3	0
BSU_38060	GO:0030001	6	0.3	0
BSU_13960	GO:0019516	6	0.3	0
BSU_01750	GO:0046677	6	0.3	0
BSU_10250	GO:0003677	6	0.3	0
BSU_16110	GO:0004177	6	0.3	0
BSU_22550	GO:0015293	6	0.3	0
BSU_27970	GO:0005215	6	0.3	0
BSU_26590	GO:0030001	6	0.3	0
BSU_28710	GO:0005215	6	0.3	0
BSU_05880	GO:0005886	6	0.3	0
BSU_03310	GO:0006355	6	0.3	0
BSU_02840	GO:0003677	6	0.3	0
BSU_03290	GO:0006355	6	0.3	0
BSU_03280	GO:0006355	6	0.3	0
BSU_17150	GO:0016765	6	0.3	0
BSU_02270	GO:0016765	6	0.3	0
BSU_34120	GO:0005886	6	0.3	0
BSU_22760	GO:0006434	6	0.3	0
BSU_27430	GO:0006355	6	0.3	0
BSU_22600	GO:0006434	6	0.3	0
BSU_05860	GO:0000287	6	0.3	0
BSU_29760	GO:0000166	6	0.3	0
BSU_24150	GO:0000166	6	0.3	0
BSU_12880	GO:0016765	6	0.3	0
BSU_33540	GO:0000166	6	0.3	0
BSU_06150	GO:0000166	6	0.3	0
BSU_00780	GO:0016740	6	0.3	0
BSU_27440	GO:0006355	6	0.3	0
BSU_32000	GO:0005886	6	0.3	0
BSU_01920	GO:0000105	6	0.3	0
BSU_27510	GO:0006434	6	0.3	0
BSU_35740	GO:0000105	6	0.3	0
BSU_06060	GO:0006355	6	0.3	0
BSU_37620	GO:0006355	6	0.3	0
BSU_27620	GO:0006355	6	0.3	0
BSU_40960	GO:0006355	6	0.3	0
BSU_18440	GO:0046872	6	0.3	0
BSU_33150	GO:0016765	6	0.3	0
BSU_24080	GO:0046872	6	0.3	0
BSU_29440	GO:0044780	6	0.3	0
BSU_32250	GO:0006355	6	0.3	0
BSU_37970	GO:0000105	6	0.3	0
BSU_28260	GO:0006355	6	0.3	0
BSU_22790	GO:0046872	6	0.3	0
BSU_22370	GO:0046872	6	0.3	0
BSU_00790	GO:0016740	6	0.3	0
BSU_32800	GO:0044780	6	0.3	0
BSU_34440	GO:0005886	6	0.3	0
BSU_30380	GO:0030001	6	0.3	0
BSU_11540	GO:0016740	6	0.3	0
BSU_03040	GO:0000287	6	0.3	0
BSU_35750	GO:0004850	6	0.3	0
BSU_24290	GO:0004850	6	0.3	0
BSU_02850	GO:0000287	6	0.3	0
BSU_01010	GO:0004850	6	0.3	0
BSU_32000	GO:0000166	6	0.3	0
BSU_16600	GO:0004359	6	0.3	0
BSU_32690	GO:0005886	6	0.3	0
BSU_07630	GO:0000166	6	0.3	0
BSU_09440	GO:0006434	6	0.3	0
BSU_07710	GO:0006434	6	0.3	0
BSU_07260	GO:0006434	6	0.3	0
BSU_12930	GO:0016887	6	0.3	0
BSU_02840	GO:0016765	6	0.3	0
BSU_03480	GO:0016887	6	0.3	0
BSU_25730	GO:0000166	6	0.3	0
BSU_11690	GO:0006434	6	0.3	0
BSU_19180	GO:0000166	6	0.3	0
BSU_28170	GO:0000166	6	0.3	0
BSU_32820	GO:0000166	6	0.3	0
BSU_09620	GO:0016740	6	0.3	0
BSU_33300	GO:0030001	6	0.3	0
BSU_40490	GO:0016765	6	0.3	0
BSU_17890	GO:0006434	6	0.3	0
BSU_21460	GO:0000166	6	0.3	0
BSU_11540	GO:0000287	6	0.3	0
BSU_02850	GO:0016740	6	0.3	0
BSU_12380	GO:0000166	6	0.3	0
BSU_03800	GO:0030001	6	0.3	0
BSU_10140	GO:0000166	6	0.3	0
BSU_09380	GO:0004850	6	0.3	0
BSU_37670	GO:0000166	6	0.3	0
BSU_03290	GO:0000287	6	0.3	0
BSU_03910	GO:0000166	6	0.3	0
BSU_01920	GO:0000166	6	0.3	0
BSU_03040	GO:0016740	6	0.3	0
BSU_16110	GO:0006355	6	0.3	0
BSU_22790	GO:0006355	6	0.3	0
BSU_09570	GO:0044780	6	0.3	0
BSU_24470	GO:0005737	6	0.3	0
BSU_02270	GO:0006434	6	0.3	0
BSU_27970	GO:0005737	6	0.3	0
BSU_17150	GO:0006434	6	0.3	0
BSU_41010	GO:0000105	6	0.3	0
BSU_33150	GO:0006434	6	0.3	0
BSU_23080	GO:0005737	6	0.3	0
BSU_37670	GO:0004497	6	0.3	0
BSU_22080	GO:0004497	6	0.3	0
BSU_17840	GO:0006434	6	0.3	0
BSU_32250	GO:0000105	6	0.3	0
BSU_13560	GO:0046872	6	0.3	0
BSU_03290	GO:0044780	6	0.3	0
BSU_36920	GO:0005737	6	0.3	0
BSU_23250	GO:0006434	6	0.3	0
BSU_37190	GO:0006434	6	0.3	0
BSU_37330	GO:0000105	6	0.3	0
BSU_08460	GO:0030001	6	0.3	0
BSU_08450	GO:0030001	6	0.3	0
BSU_34930	GO:0006434	6	0.3	0
BSU_28260	GO:0030436	6	0.3	0
BSU_31960	GO:0046872	6	0.3	0
BSU_22600	GO:0030436	6	0.3	0
BSU_30540	GO:0046872	6	0.3	0
BSU_11690	GO:0016765	6	0.3	0
BSU_10250	GO:0030163	6	0.3	0
BSU_06680	GO:0046872	6	0.3	0
BSU_03040	GO:0005737	6	0.3	0
BSU_02850	GO:0005737	6	0.3	0
BSU_12880	GO:0006434	6	0.3	0
BSU_40490	GO:0006434	6	0.3	0
BSU_33600	GO:0044780	6	0.3	0
BSU_34010	GO:0030001	6	0.3	0
BSU_16020	GO:0044780	6	0.3	0
BSU_30390	GO:0003677	6	0.3	0
BSU_09620	GO:0005737	6	0.3	0
BSU_22600	GO:0016765	6	0.3	0
BSU_30230	GO:0000105	6	0.3	0
BSU_11690	GO:0051301	6	0.3	0
BSU_25590	GO:0006355	6	0.3	0
BSU_25620	GO:0000105	6	0.3	0
BSU_15910	GO:0046872	6	0.3	0
BSU_16020	GO:0051301	6	0.3	0
BSU_37190	GO:0016765	6	0.3	0
BSU_33600	GO:0051301	6	0.3	0
BSU_00670	GO:0051301	6	0.3	0
BSU_06960	GO:0004359	6	0.3	0
BSU_32690	GO:0006355	6	0.3	0
BSU_23210	GO:0006355	6	0.3	0
BSU_11620	GO:0005737	6	0.3	0
BSU_31090	GO:0006355	6	0.3	0
BSU_16630	GO:0046872	6	0.3	0
BSU_29805	GO:0000105	6	0.3	0
BSU_06680	GO:0006355	6	0.3	0
BSU_27970	GO:0006355	6	0.3	0
BSU_25480	GO:0044780	6	0.3	0
BSU_03450	GO:0005737	6	0.3	0
BSU_34930	GO:0016765	6	0.3	0
BSU_37620	GO:0051301	6	0.3	0
BSU_16110	GO:0051301	6	0.3	0
BSU_15920	GO:0044780	6	0.3	0
BSU_10250	GO:0051301	6	0.3	0
BSU_11330	GO:0051301	6	0.3	0
BSU_10170	GO:0051301	6	0.3	0
BSU_30830	GO:0005737	6	0.3	0
BSU_07810	GO:0051301	6	0.3	0
BSU_07590	GO:0051301	6	0.3	0
BSU_29440	GO:0051301	6	0.3	0
BSU_06460	GO:0051301	6	0.3	0
BSU_02840	GO:0051301	6	0.3	0
BSU_25480	GO:0051301	6	0.3	0
BSU_15460	GO:0005737	6	0.3	0
BSU_11540	GO:0051301	6	0.3	0
BSU_03290	GO:0051301	6	0.3	0
BSU_26810	GO:0005737	6	0.3	0
BSU_31290	GO:0000105	6	0.3	0
BSU_32690	GO:0006434	6	0.3	0
BSU_03810	GO:0030001	6	0.3	0
BSU_01610	GO:0030001	6	0.3	0
BSU_01680	GO:0005215	6	0.3	0
BSU_24630	GO:0005215	6	0.3	0
BSU_27970	GO:0004177	6	0.3	0
BSU_14600	GO:0009229	6	0.3	0
BSU_28260	GO:0016740	6	0.3	0
BSU_25480	GO:0004312	6	0.3	0
BSU_03290	GO:0004312	6	0.3	0
BSU_16560	GO:0004177	6	0.3	0
BSU_16020	GO:0004312	6	0.3	0
BSU_33600	GO:0004312	6	0.3	0
BSU_36920	GO:0046872	6	0.3	0
BSU_23250	GO:0000287	6	0.3	0
BSU_28710	GO:0015293	6	0.3	0
BSU_16560	GO:0005215	6	0.3	0
BSU_01610	GO:0005215	6	0.3	0
BSU_03981	GO:0015293	6	0.3	0
BSU_15920	GO:0009229	6	0.3	0
BSU_03810	GO:0005215	6	0.3	0
BSU_32800	GO:0009229	6	0.3	0
BSU_04660	GO:0080090	6	0.3	0
BSU_33300	GO:0005215	6	0.3	0
BSU_07590	GO:0080090	6	0.3	0
BSU_10170	GO:0003677	6	0.3	0
BSU_08200	GO:0016887	6	0.3	0
BSU_11330	GO:0003677	6	0.3	0
BSU_16120	GO:0080090	6	0.3	0
BSU_13950	GO:0016887	6	0.3	0
BSU_22550	GO:0016740	6	0.3	0
BSU_10250	GO:0003677	6	0.3	0
BSU_09380	GO:0008253	6	0.3	0
BSU_23310	GO:0005215	6	0.3	0
BSU_06812	GO:0080090	6	0.3	0
BSU_33600	GO:0019344	6	0.3	0
BSU_13180	GO:0005886	6	0.3	0
BSU_09380	GO:0009229	6	0.3	0
BSU_31190	GO:0046872	6	0.3	0
BSU_14410	GO:0005215	6	0.3	0
BSU_13560	GO:0005886	6	0.3	0
BSU_03800	GO:0005215	6	0.3	0
BSU_24630	GO:0004177	6	0.3	0
BSU_29440	GO:0019344	6	0.3	0
BSU_24290	GO:0009229	6	0.3	0
BSU_37620	GO:0004177	6	0.3	0
BSU_08460	GO:0005215	6	0.3	0
BSU_08450	GO:0005215	6	0.3	0
BSU_34010	GO:0005215	6	0.3	0
BSU_07510	GO:0005215	6	0.3	0
BSU_07500	GO:0005215	6	0.3	0
BSU_15910	GO:0005886	6	0.3	0
BSU_03981	GO:0005215	6	0.3	0
BSU_30540	GO:0005737	6	0.3	0
BSU_03290	GO:0004177	6	0.3	0
BSU_19360	GO:0005737	6	0.3	0
BSU_27510	GO:0000287	6	0.3	0
BSU_02980	GO:0005215	6	0.3	0
BSU_17710	GO:0005215	6	0.3	0
BSU_34470	GO:0030001	6	0.3	0
BSU_30830	GO:0016740	6	0.3	0
BSU_02840	GO:0046872	6	0.3	0
BSU_03480	GO:0005737	6	0.3	0
BSU_35900	GO:0005215	6	0.3	0
BSU_34880	GO:0046872	6	0.3	0
BSU_16560	GO:0016887	6	0.3	0
BSU_37190	GO:0000287	6	0.3	0
BSU_24290	GO:0004177	6	0.3	0
BSU_00670	GO:0004177	6	0.3	0
BSU_34010	GO:0015293	6	0.3	0
BSU_27440	GO:0005215	6	0.3	0
BSU_34930	GO:0000287	6	0.3	0
BSU_32690	GO:0000287	6	0.3	0
BSU_22960	GO:0005737	6	0.3	0
BSU_22550	GO:0005215	6	0.3	0
BSU_11690	GO:0003677	6	0.3	0
BSU_33600	GO:0004177	6	0.3	0
BSU_16020	GO:0004177	6	0.3	0
BSU_30050	GO:0005215	6	0.3	0
BSU_30050	GO:0015293	6	0.3	0
BSU_13840	GO:0005215	6	0.3	0
BSU_05830	GO:0016887	6	0.3	0
BSU_38390	GO:0016887	6	0.3	0
BSU_05860	GO:0016740	6	0.3	0
BSU_21460	GO:0019344	6	0.3	0
BSU_27970	GO:0000287	6	0.3	0
BSU_14470	GO:0016887	6	0.3	0
BSU_17100	GO:0019344	6	0.3	0
BSU_07590	GO:0016765	6	0.3	0
BSU_22370	GO:0004359	6	0.3	0
BSU_07810	GO:0016765	6	0.3	0
BSU_03450	GO:0046872	6	0.3	0
BSU_35750	GO:0008253	6	0.3	0
BSU_04460	GO:0006414	6	0.3	0
BSU_12380	GO:0019344	6	0.3	0
BSU_10540	GO:0019344	6	0.3	0
BSU_10170	GO:0016765	6	0.3	0
BSU_11330	GO:0016765	6	0.3	0
BSU_16650	GO:0019344	6	0.3	0
BSU_10250	GO:0016765	6	0.3	0
BSU_16590	GO:0019344	6	0.3	0
BSU_03930	GO:0000166	6	0.3	0
BSU_16110	GO:0044780	6	0.3	0
BSU_18930	GO:0019344	6	0.3	0
BSU_13840	GO:0000166	6	0.3	0
BSU_22550	GO:0000166	6	0.3	0
BSU_11540	GO:0003677	6	0.3	0
BSU_09620	GO:0000287	6	0.3	0
BSU_11540	GO:0016765	6	0.3	0
BSU_22370	GO:0044780	6	0.3	0
BSU_15630	GO:0000166	6	0.3	0
BSU_13960	GO:0000166	6	0.3	0
BSU_06680	GO:0005886	6	0.3	0
BSU_31960	GO:0005886	6	0.3	0
BSU_11540	GO:0005886	6	0.3	0
BSU_33040	GO:0009229	6	0.3	0
BSU_05830	GO:0016887	6	0.3	0
BSU_02750	GO:0005886	6	0.3	0
BSU_37780	GO:0000166	6	0.3	0
BSU_34950	GO:0016740	6	0.3	0
BSU_08180	GO:0016740	6	0.3	0
BSU_15760	GO:0016740	6	0.3	0
BSU_30540	GO:0016887	6	0.3	0
BSU_33150	GO:0000287	6	0.3	0
BSU_13180	GO:0008253	6	0.3	0
BSU_17150	GO:0000287	6	0.3	0
BSU_32800	GO:0004359	6	0.3	0
BSU_22790	GO:0019344	6	0.3	0
BSU_01610	GO:0016887	6	0.3	0
BSU_07810	GO:0003677	6	0.3	0
BSU_04460	GO:0080090	6	0.3	0
BSU_15460	GO:0046872	6	0.3	0
BSU_22690	GO:0046872	6	0.3	0
BSU_26810	GO:0046872	6	0.3	0
BSU_03310	GO:0008253	6	0.3	0
BSU_15550	GO:0019344	6	0.3	0
BSU_17890	GO:0019344	6	0.3	0
BSU_16600	GO:0009229	6	0.3	0
BSU_14600	GO:0004359	6	0.3	0
BSU_17710	GO:0016887	6	0.3	0
BSU_29805	GO:0080090	6	0.3	0
BSU_33300	GO:0016887	6	0.3	0
BSU_41010	GO:0019344	6	0.3	0
BSU_06680	GO:0005886	6	0.3	0
BSU_07510	GO:0016887	6	0.3	0
BSU_38620	GO:0080090	6	0.3	0
BSU_06450	GO:0005886	6	0.3	0
BSU_40490	GO:0000287	6	0.3	0
BSU_39390	GO:0030001	6	0.3	0
BSU_37970	GO:0006414	6	0.3	0
BSU_07500	GO:0016887	6	0.3	0
BSU_05880	GO:0008253	6	0.3	0
BSU_34120	GO:0008253	6	0.3	0
BSU_06370	GO:0030001	6	0.3	0
BSU_12880	GO:0000287	6	0.3	0
BSU_12940	GO:0016887	6	0.3	0
BSU_12930	GO:0016887	6	0.3	0
BSU_23250	GO:0019344	6	0.3	0
BSU_35740	GO:0006414	6	0.3	0
BSU_16120	GO:0016740	6	0.3	0
BSU_11620	GO:0046872	6	0.3	0
BSU_03290	GO:0006281	6	0.3	0
BSU_00670	GO:0000310	6	0.3	0
BSU_40970	GO:0005886	6	0.3	0
BSU_27970	GO:0055085	6	0.3	0
BSU_24080	GO:0003756	6	0.3	0
BSU_34120	GO:0009089	6	0.3	0
BSU_05860	GO:0008840	6	0.3	0
BSU_14600	GO:0005524	6	0.3	0
BSU_32800	GO:0005524	6	0.3	0
BSU_26810	GO:0016757	6	0.3	0
BSU_11540	GO:0008840	6	0.3	0
BSU_22370	GO:0005524	6	0.3	0
BSU_22550	GO:0005737	6	0.3	0
BSU_03040	GO:0008840	6	0.3	0
BSU_05830	GO:0009089	6	0.3	0
BSU_09620	GO:0008840	6	0.3	0
BSU_16600	GO:0005524	6	0.3	0
BSU_08100	GO:0009089	6	0.3	0
BSU_35750	GO:0005829	6	0.3	0
BSU_15630	GO:0008840	6	0.3	0
BSU_06450	GO:0008840	6	0.3	0
BSU_09620	GO:0005886	6	0.3	0
BSU_17100	GO:0009231	6	0.3	0
BSU_05880	GO:0009089	6	0.3	0
BSU_06460	GO:0015969	6	0.3	0
BSU_08200	GO:0009089	6	0.3	0
BSU_03930	GO:0003756	6	0.3	0
BSU_19590	GO:0005886	6	0.3	0
BSU_06960	GO:0005524	6	0.3	0
BSU_28260	GO:0005737	6	0.3	0
BSU_00670	GO:0015969	6	0.3	0
BSU_12380	GO:0009231	6	0.3	0
BSU_24290	GO:0006541	6	0.3	0
BSU_21460	GO:0009231	6	0.3	0
BSU_33040	GO:0006541	6	0.3	0
BSU_01750	GO:0015969	6	0.3	0
BSU_27510	GO:0005737	6	0.3	0
BSU_02980	GO:0055085	6	0.3	0
BSU_39920	GO:0015969	6	0.3	0
BSU_17710	GO:0055085	6	0.3	0
BSU_12970	GO:0005886	6	0.3	0
BSU_02980	GO:0015969	6	0.3	0
BSU_03590	GO:0015969	6	0.3	0
BSU_22550	GO:0005524	6	0.3	0
BSU_06450	GO:0015969	6	0.3	0
BSU_15920	GO:0005524	6	0.3	0
BSU_03450	GO:0008840	6	0.3	0
BSU_27970	GO:0006826	6	0.3	0
BSU_04970	GO:0005886	6	0.3	0
BSU_16110	GO:0009380	6	0.3	0
BSU_03480	GO:0005524	6	0.3	0
BSU_24130	GO:0008840	6	0.3	0
BSU_08200	GO:0006826	6	0.3	0
BSU_23080	GO:0008840	6	0.3	0
BSU_12940	GO:0006826	6	0.3	0
BSU_05970	GO:0005515	6	0.3	0
BSU_22370	GO:0009380	6	0.3	0
BSU_08180	GO:0005737	6	0.3	0
BSU_34950	GO:0005737	6	0.3	0
BSU_09570	GO:0009380	6	0.3	0
BSU_24470	GO:0008840	6	0.3	0
BSU_31440	GO:0008840	6	0.3	0
BSU_13840	GO:0006826	6	0.3	0
BSU_07710	GO:0005737	6	0.3	0
BSU_34950	GO:0008840	6	0.3	0
BSU_10250	GO:0006083	6	0.3	0
BSU_40970	GO:0016020	6	0.3	0
BSU_22550	GO:0006826	6	0.3	0
BSU_11330	GO:0006083	6	0.3	0
BSU_32250	GO:0008840	6	0.3	0
BSU_05860	GO:0005886	6	0.3	0
BSU_22690	GO:0008840	6	0.3	0
BSU_17890	GO:0005737	6	0.3	0
BSU_16560	GO:0009401	6	0.3	0
BSU_06960	GO:0005524	6	0.3	0
BSU_03040	GO:0005886	6	0.3	0
BSU_28710	GO:0006826	6	0.3	0
BSU_01680	GO:0006826	6	0.3	0
BSU_17710	GO:0006826	6	0.3	0
BSU_27900	GO:0008840	6	0.3	0
BSU_02980	GO:0006826	6	0.3	0
BSU_16120	GO:0005737	6	0.3	0
BSU_11690	GO:0006083	6	0.3	0
BSU_11520	GO:0005524	6	0.3	0
BSU_18230	GO:0008840	6	0.3	0
BSU_00780	GO:0008840	6	0.3	0
BSU_01010	GO:0097588	6	0.3	0
BSU_03981	GO:0006826	6	0.3	0
BSU_12340	GO:0008840	6	0.3	0
BSU_38390	GO:0006826	6	0.3	0
BSU_36370	GO:0008840	6	0.3	0
BSU_00910	GO:0008840	6	0.3	0
BSU_38390	GO:0055085	6	0.3	0
BSU_05830	GO:0055085	6	0.3	0
BSU_40960	GO:0005886	6	0.3	0
BSU_16630	GO:0015969	6	0.3	0
BSU_18230	GO:0005829	6	0.3	0
BSU_33600	GO:0003677	6	0.3	0
BSU_37620	GO:0033014	6	0.3	0
BSU_24080	GO:0050661	6	0.3	0
BSU_27900	GO:0005829	6	0.3	0
BSU_01680	GO:0015969	6	0.3	0
BSU_18930	GO:0009231	6	0.3	0
BSU_03981	GO:0015969	6	0.3	0
BSU_27970	GO:0005829	6	0.3	0
BSU_00670	GO:0003677	6	0.3	0
BSU_27620	GO:0005515	6	0.3	0
BSU_06680	GO:0009089	6	0.3	0
BSU_16180	GO:0097588	6	0.3	0
BSU_24630	GO:0055085	6	0.3	0
BSU_16290	GO:0097588	6	0.3	0
BSU_16560	GO:0055085	6	0.3	0
BSU_05860	GO:0015969	6	0.3	0
BSU_09620	GO:0005829	6	0.3	0
BSU_02750	GO:0003677	6	0.3	0
BSU_00780	GO:0005829	6	0.3	0
BSU_02490	GO:0005829	6	0.3	0
BSU_38520	GO:0006541	6	0.3	0
BSU_02460	GO:0005829	6	0.3	0
BSU_32000	GO:0008270	6	0.3	0
BSU_23080	GO:0005829	6	0.3	0
BSU_24130	GO:0005829	6	0.3	0
BSU_03040	GO:0008270	6	0.3	0
BSU_34120	GO:0008270	6	0.3	0
BSU_28260	GO:0005829	6	0.3	0
BSU_33600	GO:0033014	6	0.3	0
BSU_32250	GO:0005829	6	0.3	0
BSU_16020	GO:0033014	6	0.3	0
BSU_02840	GO:0003677	6	0.3	0
BSU_40970	GO:0019556	6	0.3	0
BSU_00910	GO:0005829	6	0.3	0
BSU_28710	GO:0090729	6	0.3	0
BSU_36370	GO:0005829	6	0.3	0
BSU_03930	GO:0050661	6	0.3	0
BSU_23210	GO:0006083	6	0.3	0
BSU_12340	GO:0005829	6	0.3	0
BSU_32750	GO:0055085	6	0.3	0
BSU_16020	GO:0003677	6	0.3	0
BSU_16590	GO:0009231	6	0.3	0
BSU_02850	GO:0005829	6	0.3	0
BSU_15690	GO:0005829	6	0.3	0
BSU_13950	GO:0055085	6	0.3	0
BSU_39270	GO:0015969	6	0.3	0
BSU_09570	GO:0006541	6	0.3	0
BSU_11540	GO:0033014	6	0.3	0
BSU_32800	GO:0006541	6	0.3	0
BSU_14600	GO:0006541	6	0.3	0
BSU_07630	GO:0005737	6	0.3	0
BSU_15760	GO:0005829	6	0.3	0
BSU_11540	GO:0005886	6	0.3	0
BSU_24070	GO:0015969	6	0.3	0
BSU_25480	GO:0006541	6	0.3	0
BSU_22080	GO:0005886	6	0.3	0
BSU_08200	GO:0055085	6	0.3	0
BSU_16650	GO:0009231	6	0.3	0
BSU_33040	GO:0005524	6	0.3	0
BSU_30830	GO:0005737	6	0.3	0
BSU_15920	GO:0006541	6	0.3	0
BSU_10540	GO:0009231	6	0.3	0
BSU_36100	GO:0005886	6	0.3	0
BSU_24290	GO:0005524	6	0.3	0
BSU_22370	GO:0006541	6	0.3	0
BSU_08180	GO:0005829	6	0.3	0
BSU_03040	GO:0005829	6	0.3	0
BSU_07710	GO:0005829	6	0.3	0
BSU_30540	GO:0009089	6	0.3	0
BSU_03290	GO:0005829	6	0.3	0
BSU_08200	GO:0015969	6	0.3	0
BSU_31960	GO:0009089	6	0.3	0
BSU_11540	GO:0005829	6	0.3	0
BSU_32750	GO:0009089	6	0.3	0
BSU_16600	GO:0006541	6	0.3	0
BSU_17860	GO:0006541	6	0.3	0
BSU_05860	GO:0005829	6	0.3	0
BSU_13560	GO:0015969	6	0.3	0
BSU_32750	GO:0009401	6	0.3	0
BSU_03290	GO:0033014	6	0.3	0
BSU_16190	GO:0097588	6	0.3	0
BSU_30190	GO:0005737	6	0.3	0
BSU_22080	GO:0005737	6	0.3	0
BSU_03290	GO:0003756	6	0.3	0
BSU_37780	GO:0003756	6	0.3	0
BSU_04450	GO:0015969	6	0.3	0
BSU_07260	GO:0005829	6	0.3	0
BSU_02490	GO:0008840	6	0.3	0
BSU_08100	GO:0016020	6	0.3	0
BSU_10170	GO:0006083	6	0.3	0
BSU_15460	GO:0016757	6	0.3	0
BSU_09620	GO:0016740	6	0.3	0
BSU_05830	GO:0006814	6	0.3	0
BSU_39650	GO:0005975	6	0.3	0
BSU_33600	GO:0004644	6	0.3	0
BSU_16020	GO:0004644	6	0.3	0
BSU_08180	GO:0003723	6	0.3	0
BSU_07500	GO:0006814	6	0.3	0
BSU_07510	GO:0006814	6	0.3	0
BSU_34950	GO:0003723	6	0.3	0
BSU_03290	GO:0032993	6	0.3	0
BSU_37620	GO:0004644	6	0.3	0
BSU_08200	GO:0006814	6	0.3	0
BSU_08450	GO:0006814	6	0.3	0
BSU_24150	GO:0005975	6	0.3	0
BSU_33040	GO:0009380	6	0.3	0
BSU_08460	GO:0006814	6	0.3	0
BSU_07710	GO:0003723	6	0.3	0
BSU_03290	GO:0004644	6	0.3	0
BSU_07260	GO:0003723	6	0.3	0
BSU_24290	GO:0009380	6	0.3	0
BSU_15550	GO:0016757	6	0.3	0
BSU_11540	GO:0004644	6	0.3	0
BSU_34930	GO:0016757	6	0.3	0
BSU_17710	GO:0006814	6	0.3	0
BSU_40770	GO:0016757	6	0.3	0
BSU_24150	GO:0003677	6	0.3	0
BSU_37620	GO:0032993	6	0.3	0
BSU_02840	GO:0032993	6	0.3	0
BSU_02850	GO:0006814	6	0.3	0
BSU_26590	GO:0016757	6	0.3	0
BSU_17840	GO:0016757	6	0.3	0
BSU_30380	GO:0016757	6	0.3	0
BSU_04230	GO:0016757	6	0.3	0
BSU_03590	GO:0006814	6	0.3	0
BSU_34440	GO:0016757	6	0.3	0
BSU_30050	GO:0016757	6	0.3	0
BSU_00670	GO:0009380	6	0.3	0
BSU_19590	GO:0016757	6	0.3	0
BSU_16020	GO:0006083	6	0.3	0
BSU_38390	GO:0006814	6	0.3	0
BSU_00670	GO:0004644	6	0.3	0
BSU_29805	GO:0016757	6	0.3	0
BSU_12940	GO:0006814	6	0.3	0
BSU_28710	GO:0055085	6	0.3	0
BSU_34950	GO:0005886	6	0.3	0
BSU_11330	GO:0004644	6	0.3	0
BSU_10250	GO:0004644	6	0.3	0
BSU_29440	GO:0032993	6	0.3	0
BSU_07590	GO:0032993	6	0.3	0
BSU_03981	GO:0055085	6	0.3	0
BSU_07810	GO:0032993	6	0.3	0
BSU_16110	GO:0004644	6	0.3	0
BSU_40230	GO:0004521	6	0.3	0
BSU_13180	GO:0005524	6	0.3	0
BSU_03310	GO:0016788	6	0.3	0
BSU_10170	GO:0032993	6	0.3	0
BSU_11690	GO:0004644	6	0.3	0
BSU_13180	GO:0016788	6	0.3	0
BSU_11540	GO:0003723	6	0.3	0
BSU_34920	GO:0004672	6	0.3	0
BSU_33290	GO:0004672	6	0.3	0
BSU_30830	GO:0016740	6	0.3	0
BSU_22550	GO:0006814	6	0.3	0
BSU_03040	GO:0003723	6	0.3	0
BSU_07630	GO:0016740	6	0.3	0
BSU_06460	GO:0032993	6	0.3	0
BSU_16120	GO:0016740	6	0.3	0
BSU_13960	GO:0005975	6	0.3	0
BSU_09570	GO:0004644	6	0.3	0
BSU_08200	GO:0035999	6	0.3	0
BSU_14180	GO:0005975	6	0.3	0
BSU_08100	GO:0035999	6	0.3	0
BSU_03040	GO:0016740	6	0.3	0
BSU_12930	GO:0006814	6	0.3	0
BSU_05830	GO:0035999	6	0.3	0
BSU_25480	GO:0004644	6	0.3	0
BSU_06460	GO:0004644	6	0.3	0
BSU_11540	GO:0032993	6	0.3	0
BSU_29440	GO:0004644	6	0.3	0
BSU_07590	GO:0004644	6	0.3	0
BSU_31960	GO:0005524	6	0.3	0
BSU_34950	GO:0016740	6	0.3	0
BSU_07810	GO:0004644	6	0.3	0
BSU_08180	GO:0016740	6	0.3	0
BSU_05860	GO:0003723	6	0.3	0
BSU_09380	GO:0016788	6	0.3	0
BSU_34120	GO:0035999	6	0.3	0
BSU_05880	GO:0035999	6	0.3	0
BSU_29760	GO:0016757	6	0.3	0
BSU_22080	GO:0016757	6	0.3	0
BSU_12970	GO:0016757	6	0.3	0
BSU_30830	GO:0016301	6	0.3	0
BSU_29440	GO:0009380	6	0.3	0
BSU_30540	GO:0016020	6	0.3	0
BSU_08200	GO:0005524	6	0.3	0
BSU_35900	GO:0006826	6	0.3	0
BSU_12930	GO:0009401	6	0.3	0
BSU_01680	GO:0016757	6	0.3	0
BSU_00670	GO:0016020	6	0.3	0
BSU_12940	GO:0009401	6	0.3	0
BSU_07590	GO:0006083	6	0.3	0
BSU_16120	GO:0016301	6	0.3	0
BSU_01750	GO:0016757	6	0.3	0
BSU_29440	GO:0006083	6	0.3	0
BSU_16560	GO:0006826	6	0.3	0
BSU_06460	GO:0006083	6	0.3	0
BSU_25480	GO:0009380	6	0.3	0
BSU_11540	GO:0006083	6	0.3	0
BSU_24630	GO:0006826	6	0.3	0
BSU_03290	GO:0006083	6	0.3	0
BSU_04230	GO:0005737	6	0.3	0
BSU_13950	GO:0009401	6	0.3	0
BSU_09620	GO:0005737	6	0.3	0
BSU_36100	GO:0016757	6	0.3	0
BSU_16120	GO:0005886	6	0.3	0
BSU_08180	GO:0005886	6	0.3	0
BSU_31530	GO:0005515	6	0.3	0
BSU_06960	GO:0005515	6	0.3	0
BSU_32750	GO:0016020	6	0.3	0
BSU_05860	GO:0005737	6	0.3	0
BSU_16110	GO:0005524	6	0.3	0
BSU_03520	GO:0016757	6	0.3	0
BSU_07810	GO:0006083	6	0.3	0
BSU_27440	GO:0006826	6	0.3	0
BSU_01920	GO:0016301	6	0.3	0
BSU_03040	GO:0005737	6	0.3	0
BSU_35740	GO:0016301	6	0.3	0
BSU_22080	GO:0016301	6	0.3	0
BSU_32800	GO:0009380	6	0.3	0
BSU_14600	GO:0009380	6	0.3	0
BSU_07630	GO:0016301	6	0.3	0
BSU_29340	GO:0016020	6	0.3	0
BSU_33290	GO:0016020	6	0.3	0
BSU_02850	GO:0005737	6	0.3	0
BSU_39920	GO:0016020	6	0.3	0
BSU_02980	GO:0009401	6	0.3	0
BSU_08180	GO:0016301	6	0.3	0
BSU_34440	GO:0005737	6	0.3	0
BSU_02840	GO:0006083	6	0.3	0
BSU_13300	GO:0006826	6	0.3	0
BSU_09620	GO:0016301	6	0.3	0
BSU_32750	GO:0006814	6	0.3	0
BSU_34120	GO:0005524	6	0.3	0
BSU_33600	GO:0032993	6	0.3	0
BSU_02270	GO:0016301	6	0.3	0
BSU_16020	GO:0032993	6	0.3	0
BSU_13950	GO:0006814	6	0.3	0
BSU_01680	GO:0006814	6	0.3	0
BSU_01750	GO:0006814	6	0.3	0
BSU_10490	GO:0016757	6	0.3	0
BSU_13490	GO:0016757	6	0.3	0
BSU_04970	GO:0016757	6	0.3	0
BSU_14410	GO:0016757	6	0.3	0
BSU_23310	GO:0016757	6	0.3	0
BSU_05880	GO:0005524	6	0.3	0
BSU_37620	GO:0006083	6	0.3	0
BSU_33600	GO:0009380	6	0.3	0
BSU_38480	GO:0016020	6	0.3	0
BSU_03040	GO:0016301	6	0.3	0
BSU_16120	GO:0003723	6	0.3	0
BSU_30050	GO:0005737	6	0.3	0
BSU_34950	GO:0016301	6	0.3	0
BSU_17710	GO:0009401	6	0.3	0
BSU_07710	GO:0016301	6	0.3	0
BSU_07260	GO:0016301	6	0.3	0
BSU_30830	GO:0005886	6	0.3	0
BSU_28710	GO:0015700	6	0.3	0
BSU_17710	GO:0016757	6	0.3	0
BSU_27970	GO:0009401	6	0.3	0
BSU_06680	GO:0016020	6	0.3	0
BSU_15760	GO:0005737	6	0.3	0
BSU_26810	GO:0005737	6	0.3	0
BSU_02850	GO:0016757	6	0.3	0
BSU_07260	GO:0005737	6	0.3	0
BSU_03590	GO:0016757	6	0.3	0
BSU_07630	GO:0005886	6	0.3	0
BSU_11540	GO:0016301	6	0.3	0
BSU_15920	GO:0009380	6	0.3	0
BSU_05830	GO:0005524	6	0.3	0
BSU_32690	GO:0008270	6	0.3	0
BSU_13560	GO:0030152	6	0.3	0
BSU_37780	GO:0050661	6	0.3	0
BSU_29760	GO:0050661	6	0.3	0
BSU_00670	GO:0004657	6	0.3	0
BSU_25730	GO:0050660	6	0.3	0
BSU_28170	GO:0050660	6	0.3	0
BSU_13840	GO:0031160	6	0.3	0
BSU_24150	GO:0050661	6	0.3	0
BSU_24080	GO:0050660	6	0.3	0
BSU_22790	GO:0006354	6	0.3	0
BSU_24150	GO:0003756	6	0.3	0
BSU_03930	GO:0050660	6	0.3	0
BSU_33540	GO:0003756	6	0.3	0
BSU_25480	GO:0030145	6	0.3	0
BSU_06150	GO:0003756	6	0.3	0
BSU_33540	GO:0050661	6	0.3	0
BSU_06460	GO:0030145	6	0.3	0
BSU_11690	GO:0003677	6	0.3	0
BSU_10170	GO:0004180	6	0.3	0
BSU_29440	GO:0030145	6	0.3	0
BSU_15760	GO:0031160	6	0.3	0
BSU_07590	GO:0030145	6	0.3	0
BSU_11540	GO:0030145	6	0.3	0
BSU_00810	GO:0050661	6	0.3	0
BSU_37780	GO:0050660	6	0.3	0
BSU_03290	GO:0030145	6	0.3	0
BSU_18440	GO:0016020	6	0.3	0
BSU_22600	GO:0009231	6	0.3	0
BSU_09380	GO:0016020	6	0.3	0
BSU_11690	GO:0009231	6	0.3	0
BSU_33600	GO:0030145	6	0.3	0
BSU_16020	GO:0030145	6	0.3	0
BSU_07710	GO:0009231	6	0.3	0
BSU_07260	GO:0009231	6	0.3	0
BSU_19230	GO:0050661	6	0.3	0
BSU_16600	GO:0006364	6	0.3	0
BSU_37620	GO:0030145	6	0.3	0
BSU_39760	GO:0050661	6	0.3	0
BSU_22140	GO:0050661	6	0.3	0
BSU_07590	GO:0004180	6	0.3	0
BSU_17860	GO:0003677	6	0.3	0
BSU_13960	GO:0050660	6	0.3	0
BSU_37170	GO:0050661	6	0.3	0
BSU_07810	GO:0004180	6	0.3	0
BSU_24290	GO:0004657	6	0.3	0
BSU_33600	GO:0004657	6	0.3	0
BSU_16020	GO:0004657	6	0.3	0
BSU_32820	GO:0003756	6	0.3	0
BSU_16110	GO:0030145	6	0.3	0
BSU_26810	GO:0033014	6	0.3	0
BSU_25480	GO:0003677	6	0.3	0
BSU_11690	GO:0030145	6	0.3	0
BSU_37620	GO:0031160	6	0.3	0
BSU_09380	GO:0006354	6	0.3	0
BSU_33600	GO:0031160	6	0.3	0
BSU_13840	GO:0050660	6	0.3	0
BSU_32800	GO:0006354	6	0.3	0
BSU_15630	GO:0050660	6	0.3	0
BSU_11690	GO:0004180	6	0.3	0
BSU_27970	GO:0031160	6	0.3	0
BSU_29440	GO:0006354	6	0.3	0
BSU_11540	GO:0003677	6	0.3	0
BSU_03290	GO:0003677	6	0.3	0
BSU_22550	GO:0050660	6	0.3	0
BSU_21460	GO:0003756	6	0.3	0
BSU_22690	GO:0033014	6	0.3	0
BSU_40960	GO:0031160	6	0.3	0
BSU_15920	GO:0006354	6	0.3	0
BSU_06460	GO:0003677	6	0.3	0
BSU_32820	GO:0050661	6	0.3	0
BSU_06150	GO:0050661	6	0.3	0
BSU_24080	GO:0004657	6	0.3	0
BSU_07810	GO:0030145	6	0.3	0
BSU_12940	GO:0031160	6	0.3	0
BSU_03310	GO:0004657	6	0.3	0
BSU_28170	GO:0003756	6	0.3	0
BSU_10250	GO:0003677	6	0.3	0
BSU_11330	GO:0003677	6	0.3	0
BSU_10170	GO:0003677	6	0.3	0
BSU_03290	GO:0050660	6	0.3	0
BSU_17890	GO:0006354	6	0.3	0
BSU_09570	GO:0030145	6	0.3	0
BSU_07810	GO:0003677	6	0.3	0
BSU_11330	GO:0030145	6	0.3	0
BSU_10250	GO:0030145	6	0.3	0
BSU_11330	GO:0004180	6	0.3	0
BSU_21460	GO:0050661	6	0.3	0
BSU_03290	GO:0004657	6	0.3	0
BSU_10250	GO:0004180	6	0.3	0
BSU_29440	GO:0003677	6	0.3	0
BSU_37780	GO:0004657	6	0.3	0
BSU_22760	GO:0009231	6	0.3	0
BSU_19360	GO:0006364	6	0.3	0
BSU_24560	GO:0004657	6	0.3	0
BSU_14410	GO:0004180	6	0.3	0
BSU_29805	GO:0005886	6	0.3	0
BSU_07260	GO:0015295	6	0.3	0
BSU_07710	GO:0015295	6	0.3	0
BSU_22550	GO:0004657	6	0.3	0
BSU_30540	GO:0009055	6	0.3	0
BSU_17840	GO:0009231	6	0.3	0
BSU_33040	GO:0009055	6	0.3	0
BSU_02270	GO:0009231	6	0.3	0
BSU_34010	GO:0015295	6	0.3	0
BSU_17150	GO:0009231	6	0.3	0
BSU_04970	GO:0004180	6	0.3	0
BSU_08200	GO:0065002	6	0.3	0
BSU_31090	GO:0090729	6	0.3	0
BSU_08450	GO:0015295	6	0.3	0
BSU_08460	GO:0015295	6	0.3	0
BSU_03480	GO:0009055	6	0.3	0
BSU_33150	GO:0009231	6	0.3	0
BSU_32000	GO:0004657	6	0.3	0
BSU_13490	GO:0004180	6	0.3	0
BSU_34920	GO:0005886	6	0.3	0
BSU_37330	GO:0005886	6	0.3	0
BSU_00670	GO:0030145	6	0.3	0
BSU_12880	GO:0009231	6	0.3	0
BSU_02850	GO:0015295	6	0.3	0
BSU_38480	GO:0005886	6	0.3	0
BSU_08460	GO:0090729	6	0.3	0
BSU_13560	GO:0005886	6	0.3	0
BSU_15550	GO:0009231	6	0.3	0
BSU_03590	GO:0015295	6	0.3	0
BSU_18440	GO:0004657	6	0.3	0
BSU_15910	GO:0004657	6	0.3	0
BSU_16110	GO:0019877	6	0.3	0
BSU_05830	GO:0009055	6	0.3	0
BSU_03981	GO:0015295	6	0.3	0
BSU_36100	GO:0004180	6	0.3	0
BSU_23920	GO:0005886	6	0.3	0
BSU_05880	GO:0009055	6	0.3	0
BSU_40490	GO:0009231	6	0.3	0
BSU_23310	GO:0004180	6	0.3	0
BSU_07710	GO:0090729	6	0.3	0
BSU_06812	GO:0015295	6	0.3	0
BSU_07260	GO:0090729	6	0.3	0
BSU_24070	GO:0005886	6	0.3	0
BSU_15690	GO:0006364	6	0.3	0
BSU_00460	GO:0005886	6	0.3	0
BSU_13720	GO:0005886	6	0.3	0
BSU_15920	GO:0005576	6	0.3	0
BSU_32470	GO:0004657	6	0.3	0
BSU_13960	GO:0090729	6	0.3	0
BSU_11330	GO:0019877	6	0.3	0
BSU_10170	GO:0019877	6	0.3	0
BSU_33600	GO:0005576	6	0.3	0
BSU_00670	GO:0005576	6	0.3	0
BSU_24290	GO:0005576	6	0.3	0
BSU_33040	GO:0005576	6	0.3	0
BSU_02840	GO:0004180	6	0.3	0
BSU_32480	GO:0004657	6	0.3	0
BSU_02030	GO:0006364	6	0.3	0
BSU_19180	GO:0004657	6	0.3	0
BSU_30050	GO:0090729	6	0.3	0
BSU_14470	GO:0006364	6	0.3	0
BSU_40970	GO:0005576	6	0.3	0
BSU_22960	GO:0016020	6	0.3	0
BSU_23220	GO:0006364	6	0.3	0
BSU_03520	GO:0031160	6	0.3	0
BSU_22550	GO:0015295	6	0.3	0
BSU_25480	GO:0005576	6	0.3	0
BSU_14600	GO:0005576	6	0.3	0
BSU_22960	GO:0009055	6	0.3	0
BSU_37190	GO:0009231	6	0.3	0
BSU_05830	GO:0065002	6	0.3	0
BSU_38390	GO:0065002	6	0.3	0
BSU_16600	GO:0009055	6	0.3	0
BSU_10490	GO:0004180	6	0.3	0
BSU_18440	GO:0009055	6	0.3	0
BSU_22370	GO:0009055	6	0.3	0
BSU_31090	GO:0015295	6	0.3	0
BSU_11690	GO:0031160	6	0.3	0
BSU_32800	GO:0005576	6	0.3	0
BSU_09440	GO:0031160	6	0.3	0
BSU_34930	GO:0009231	6	0.3	0
BSU_13960	GO:0015295	6	0.3	0
BSU_22370	GO:0005576	6	0.3	0
BSU_09570	GO:0005576	6	0.3	0
BSU_30050	GO:0015295	6	0.3	0
BSU_10250	GO:0019877	6	0.3	0
BSU_38390	GO:0031160	6	0.3	0
BSU_07810	GO:0019877	6	0.3	0
BSU_12380	GO:0050661	6	0.3	0
BSU_24470	GO:0005829	6	0.3	0
BSU_05830	GO:0055085	6	0.3	0
BSU_37620	GO:0019877	6	0.3	0
BSU_03590	GO:0055085	6	0.3	0
BSU_02850	GO:0055085	6	0.3	0
BSU_13180	GO:0009089	6	0.3	0
BSU_17710	GO:0055085	6	0.3	0
BSU_22550	GO:0016787	6	0.3	0
BSU_22550	GO:0003756	6	0.3	0
BSU_34120	GO:0019556	6	0.3	0
BSU_13180	GO:0019556	6	0.3	0
BSU_01680	GO:0055085	6	0.3	0
BSU_27510	GO:0016787	6	0.3	0
BSU_16020	GO:0019877	6	0.3	0
BSU_17890	GO:0008270	6	0.3	0
BSU_28260	GO:0016787	6	0.3	0
BSU_01750	GO:0090729	6	0.3	0
BSU_39650	GO:0016020	6	0.3	0
BSU_33600	GO:0019877	6	0.3	0
BSU_16630	GO:0008270	6	0.3	0
BSU_15630	GO:0050661	6	0.3	0
BSU_25730	GO:0003756	6	0.3	0
BSU_03290	GO:0019556	6	0.3	0
BSU_15910	GO:0008270	6	0.3	0
BSU_22550	GO:0050661	6	0.3	0
BSU_38390	GO:0050440	6	0.3	0
BSU_34950	GO:0016787	6	0.3	0
BSU_08180	GO:0016787	6	0.3	0
BSU_06812	GO:0016020	6	0.3	0
BSU_07710	GO:0016020	6	0.3	0
BSU_33040	GO:0050440	6	0.3	0
BSU_15760	GO:0016787	6	0.3	0
BSU_15910	GO:0009089	6	0.3	0
BSU_28260	GO:0008270	6	0.3	0
BSU_13950	GO:0055085	6	0.3	0
BSU_02840	GO:0019877	6	0.3	0
BSU_17890	GO:0016787	6	0.3	0
BSU_24080	GO:0008270	6	0.3	0
BSU_32750	GO:0055085	6	0.3	0
BSU_08200	GO:0055085	6	0.3	0
BSU_13960	GO:0016020	6	0.3	0
BSU_22790	GO:0008270	6	0.3	0
BSU_16120	GO:0016787	6	0.3	0
BSU_03310	GO:0019556	6	0.3	0
BSU_15630	GO:0003756	6	0.3	0
BSU_30830	GO:0016787	6	0.3	0
BSU_32000	GO:0050660	6	0.3	0
BSU_38390	GO:0055085	6	0.3	0
BSU_39920	GO:0030152	6	0.3	0
BSU_06680	GO:0008270	6	0.3	0
BSU_01680	GO:0090729	6	0.3	0
BSU_31960	GO:0008270	6	0.3	0
BSU_06450	GO:0030152	6	0.3	0
BSU_06460	GO:0030152	6	0.3	0
BSU_06680	GO:0030152	6	0.3	0
BSU_32750	GO:0008270	6	0.3	0
BSU_33290	GO:0055085	6	0.3	0
BSU_00670	GO:0033014	6	0.3	0
BSU_16630	GO:0006083	6	0.3	0
BSU_29340	GO:0055085	6	0.3	0
BSU_41010	GO:0008270	6	0.3	0
BSU_32250	GO:0008270	6	0.3	0
BSU_03290	GO:0050661	6	0.3	0
BSU_34950	GO:0005829	6	0.3	0
BSU_38480	GO:0030152	6	0.3	0
BSU_05880	GO:0019556	6	0.3	0
BSU_31440	GO:0005829	6	0.3	0
BSU_00670	GO:0030152	6	0.3	0
BSU_06450	GO:0008270	6	0.3	0
BSU_13840	GO:0050661	6	0.3	0
BSU_09440	GO:0055085	6	0.3	0
BSU_27970	GO:0019556	6	0.3	0
BSU_23250	GO:0055085	6	0.3	0
BSU_32480	GO:0016787	6	0.3	0
BSU_13560	GO:0008270	6	0.3	0
BSU_32690	GO:0055085	6	0.3	0
BSU_11690	GO:0008270	6	0.3	0
BSU_02980	GO:0030152	6	0.3	0
BSU_03590	GO:0030152	6	0.3	0
BSU_11540	GO:0008270	6	0.3	0
BSU_08100	GO:0030152	6	0.3	0
BSU_32750	GO:0030152	6	0.3	0
BSU_10250	GO:0008270	6	0.3	0
BSU_27510	GO:0055085	6	0.3	0
BSU_27430	GO:0030152	6	0.3	0
BSU_29340	GO:0030152	6	0.3	0
BSU_17890	GO:0055085	6	0.3	0
BSU_33290	GO:0030152	6	0.3	0
BSU_13960	GO:0003756	6	0.3	0
BSU_13840	GO:0003756	6	0.3	0
BSU_30540	GO:0015833	6	0.3	0
BSU_07710	GO:0016787	6	0.3	0
BSU_07260	GO:0016787	6	0.3	0
BSU_03910	GO:0003756	6	0.3	0
BSU_33540	GO:0050660	6	0.3	0
BSU_10140	GO:0050661	6	0.3	0
BSU_29760	GO:0050660	6	0.3	0
BSU_22140	GO:0050660	6	0.3	0
BSU_24290	GO:0033592	6	0.3	0
BSU_37670	GO:0050661	6	0.3	0
BSU_03910	GO:0050661	6	0.3	0
BSU_01920	GO:0050661	6	0.3	0
BSU_15920	GO:0033592	6	0.3	0
BSU_14600	GO:0033592	6	0.3	0
BSU_32800	GO:0033592	6	0.3	0
BSU_30380	GO:0016020	6	0.3	0
BSU_09380	GO:0033592	6	0.3	0
BSU_38520	GO:0031160	6	0.3	0
BSU_19180	GO:0050661	6	0.3	0
BSU_01920	GO:0003756	6	0.3	0
BSU_07630	GO:0050661	6	0.3	0
BSU_16600	GO:0033592	6	0.3	0
BSU_14600	GO:0050440	6	0.3	0
BSU_06150	GO:0050660	6	0.3	0
BSU_21460	GO:0050660	6	0.3	0
BSU_17890	GO:0009089	6	0.3	0
BSU_29440	GO:0019877	6	0.3	0
BSU_32480	GO:0050660	6	0.3	0
BSU_12380	GO:0003756	6	0.3	0
BSU_33600	GO:0006354	6	0.3	0
BSU_06812	GO:0016020	6	0.3	0
BSU_30830	GO:0033014	6	0.3	0
BSU_24290	GO:0006354	6	0.3	0
BSU_07710	GO:0016020	6	0.3	0
BSU_07630	GO:0050660	6	0.3	0
BSU_19180	GO:0050660	6	0.3	0
BSU_01920	GO:0050660	6	0.3	0
BSU_10140	GO:0003756	6	0.3	0
BSU_03910	GO:0050660	6	0.3	0
BSU_37670	GO:0050660	6	0.3	0
BSU_10140	GO:0050660	6	0.3	0
BSU_07590	GO:0019877	6	0.3	0
BSU_13960	GO:0016020	6	0.3	0
BSU_37670	GO:0003756	6	0.3	0
BSU_03981	GO:0090729	6	0.3	0
BSU_12380	GO:0050660	6	0.3	0
BSU_41010	GO:0009231	6	0.3	0
BSU_39650	GO:0016020	6	0.3	0
BSU_33040	GO:0033592	6	0.3	0
BSU_26810	GO:0031160	6	0.3	0
BSU_02850	GO:0016787	6	0.3	0
BSU_03480	GO:0050440	6	0.3	0
BSU_28720	GO:0006083	6	0.3	0
BSU_40960	GO:0050440	6	0.3	0
BSU_40970	GO:0050440	6	0.3	0
BSU_03040	GO:0016787	6	0.3	0
BSU_03290	GO:0019877	6	0.3	0
BSU_03290	GO:0016787	6	0.3	0
BSU_11540	GO:0016787	6	0.3	0
BSU_09380	GO:0019556	6	0.3	0
BSU_28510	GO:0006083	6	0.3	0
BSU_22370	GO:0009089	6	0.3	0
BSU_27510	GO:0033014	6	0.3	0
BSU_05860	GO:0016787	6	0.3	0
BSU_32690	GO:0033014	6	0.3	0
BSU_22790	GO:0009089	6	0.3	0
BSU_01920	GO:0033014	6	0.3	0
BSU_32000	GO:0003756	6	0.3	0
BSU_18440	GO:0009089	6	0.3	0
BSU_11520	GO:0050440	6	0.3	0
BSU_33600	GO:0050440	6	0.3	0
BSU_14470	GO:0015833	6	0.3	0
BSU_03480	GO:0015833	6	0.3	0
BSU_06460	GO:0019877	6	0.3	0
BSU_31960	GO:0033014	6	0.3	0
BSU_07260	GO:0031160	6	0.3	0
BSU_24560	GO:0033014	6	0.3	0
BSU_40970	GO:0015833	6	0.3	0
BSU_19180	GO:0003756	6	0.3	0
BSU_09570	GO:0033014	6	0.3	0
BSU_22370	GO:0033592	6	0.3	0
BSU_07630	GO:0003756	6	0.3	0
BSU_11540	GO:0019877	6	0.3	0
BSU_12930	GO:0050440	6	0.3	0
BSU_11520	GO:0015833	6	0.3	0
BSU_12940	GO:0050440	6	0.3	0
BSU_32480	GO:0050661	6	0.3	0
BSU_31440	GO:0033014	6	0.3	0
BSU_27970	GO:0016787	6	0.3	0
BSU_32000	GO:0050661	6	0.3	0
BSU_24080	GO:0009089	6	0.3	0
BSU_30380	GO:0004672	6	0.3	0
BSU_11330	GO:0032993	6	0.3	0
BSU_37330	GO:0004672	6	0.3	0
BSU_39650	GO:0046872	6	0.3	0
BSU_39920	GO:0005737	6	0.3	0
BSU_05830	GO:0005737	6	0.3	0
BSU_31960	GO:0005737	6	0.3	0
BSU_00910	GO:0005737	6	0.3	0
BSU_11620	GO:0008881	6	0.3	0
BSU_07260	GO:0016020	6	0.3	0
BSU_06812	GO:0016020	6	0.3	0
BSU_29440	GO:0006541	6	0.3	0
BSU_13300	GO:0005737	6	0.3	0
BSU_29805	GO:0030435	6	0.3	0
BSU_27580	GO:0005737	6	0.3	0
BSU_04450	GO:0046872	6	0.3	0
BSU_40230	GO:0006281	6	0.3	0
BSU_32370	GO:0005737	6	0.3	0
BSU_13720	GO:0005737	6	0.3	0
BSU_39270	GO:0046872	6	0.3	0
BSU_08200	GO:0008514	6	0.3	0
BSU_25440	GO:0006281	6	0.3	0
BSU_10540	GO:0005737	6	0.3	0
BSU_28260	GO:0006541	6	0.3	0
BSU_07710	GO:0016020	6	0.3	0
BSU_24290	GO:0000310	6	0.3	0
BSU_39650	GO:0030435	6	0.3	0
BSU_07630	GO:0005737	6	0.3	0
BSU_31090	GO:0016020	6	0.3	0
BSU_38480	GO:0005737	6	0.3	0
BSU_27510	GO:0006541	6	0.3	0
BSU_17890	GO:0006541	6	0.3	0
BSU_22080	GO:0005737	6	0.3	0
BSU_22600	GO:0004521	6	0.3	0
BSU_40970	GO:0005737	6	0.3	0
BSU_30380	GO:0030435	6	0.3	0
BSU_35780	GO:0016051	6	0.3	0
BSU_09440	GO:0006541	6	0.3	0
BSU_32750	GO:0016020	6	0.3	0
BSU_02840	GO:0006281	6	0.3	0
BSU_05880	GO:0005737	6	0.3	0
BSU_37620	GO:0006281	6	0.3	0
BSU_38390	GO:0006541	6	0.3	0
BSU_13560	GO:0006400	6	0.3	0
BSU_37670	GO:0005737	6	0.3	0
BSU_34920	GO:0030435	6	0.3	0
BSU_38390	GO:0008514	6	0.3	0
BSU_03981	GO:0008514	6	0.3	0
BSU_02750	GO:0005886	6	0.3	0
BSU_06060	GO:0006281	6	0.3	0
BSU_18230	GO:0005737	6	0.3	0
BSU_15610	GO:0006281	6	0.3	0
BSU_34920	GO:0004521	6	0.3	0
BSU_22140	GO:0006571	6	0.3	0
BSU_34930	GO:0004521	6	0.3	0
BSU_06680	GO:0030435	6	0.3	0
BSU_22140	GO:0006979	6	0.3	0
BSU_03290	GO:0000310	6	0.3	0
BSU_04460	GO:0051537	6	0.3	0
BSU_06150	GO:0005737	6	0.3	0
BSU_02490	GO:0005737	6	0.3	0
BSU_13490	GO:0005737	6	0.3	0
BSU_11540	GO:0000310	6	0.3	0
BSU_16110	GO:0030435	6	0.3	0
BSU_37170	GO:0006571	6	0.3	0
BSU_37970	GO:0051537	6	0.3	0
BSU_35740	GO:0051537	6	0.3	0
BSU_00810	GO:0006571	6	0.3	0
BSU_06812	GO:0055085	6	0.3	0
BSU_30230	GO:0004521	6	0.3	0
BSU_37330	GO:0004521	6	0.3	0
BSU_13490	GO:0005737	6	0.3	0
BSU_02980	GO:0016051	6	0.3	0
BSU_34010	GO:0003700	6	0.3	0
BSU_25450	GO:0006281	6	0.3	0
BSU_03590	GO:0016020	6	0.3	0
BSU_02850	GO:0016020	6	0.3	0
BSU_02980	GO:0008514	6	0.3	0
BSU_17710	GO:0008514	6	0.3	0
BSU_01750	GO:0016020	6	0.3	0
BSU_38480	GO:0006400	6	0.3	0
BSU_17890	GO:0006281	6	0.3	0
BSU_09620	GO:0016051	6	0.3	0
BSU_33600	GO:0000310	6	0.3	0
BSU_16020	GO:0000310	6	0.3	0
BSU_01680	GO:0008514	6	0.3	0
BSU_28710	GO:0008514	6	0.3	0
BSU_15760	GO:0006281	6	0.3	0
BSU_14470	GO:0015293	6	0.3	0
BSU_27970	GO:0008514	6	0.3	0
BSU_07130	GO:0005737	6	0.3	0
BSU_37620	GO:0000310	6	0.3	0
BSU_37970	GO:0016051	6	0.3	0
BSU_13960	GO:0016020	6	0.3	0
BSU_13560	GO:0046872	6	0.3	0
BSU_02270	GO:0055085	6	0.3	0
BSU_39480	GO:0016020	6	0.3	0
BSU_34950	GO:0005737	6	0.3	0
BSU_08180	GO:0005737	6	0.3	0
BSU_37190	GO:0016020	6	0.3	0
BSU_33290	GO:0016020	6	0.3	0
BSU_02750	GO:0030435	6	0.3	0
BSU_03520	GO:0016051	6	0.3	0
BSU_05880	GO:0016779	6	0.3	0
BSU_25580	GO:0016051	6	0.3	0
BSU_13180	GO:0005737	6	0.3	0
BSU_34120	GO:0005737	6	0.3	0
BSU_16120	GO:0005737	6	0.3	0
BSU_34120	GO:0016779	6	0.3	0
BSU_38620	GO:0016051	6	0.3	0
BSU_03310	GO:0005737	6	0.3	0
BSU_34440	GO:0055085	6	0.3	0
BSU_16600	GO:0000049	6	0.3	0
BSU_05830	GO:0016779	6	0.3	0
BSU_32800	GO:0000049	6	0.3	0
BSU_07710	GO:0005737	6	0.3	0
BSU_29340	GO:0097588	6	0.3	0
BSU_16020	GO:0005829	6	0.3	0
BSU_32750	GO:0016779	6	0.3	0
BSU_13950	GO:0097588	6	0.3	0
BSU_15910	GO:0016779	6	0.3	0
BSU_06460	GO:0005829	6	0.3	0
BSU_22690	GO:0003723	6	0.3	0
BSU_13560	GO:0016779	6	0.3	0
BSU_13180	GO:0016779	6	0.3	0
BSU_33040	GO:0000049	6	0.3	0
BSU_26810	GO:0003723	6	0.3	0
BSU_19180	GO:0016020	6	0.3	0
BSU_05860	GO:0005737	6	0.3	0
BSU_39270	GO:0016020	6	0.3	0
BSU_30380	GO:0015700	6	0.3	0
BSU_04450	GO:0016020	6	0.3	0
BSU_39650	GO:0016020	6	0.3	0
BSU_07260	GO:0005737	6	0.3	0
BSU_06680	GO:0016779	6	0.3	0
BSU_30540	GO:0016779	6	0.3	0
BSU_31960	GO:0016779	6	0.3	0
BSU_27970	GO:0005737	6	0.3	0
BSU_19360	GO:0000049	6	0.3	0
BSU_14600	GO:0000049	6	0.3	0
BSU_30380	GO:0016020	6	0.3	0
BSU_29340	GO:0016020	6	0.3	0
BSU_01680	GO:0046872	6	0.3	0
BSU_11620	GO:0005886	6	0.3	0
BSU_11690	GO:0006281	6	0.3	0
BSU_02840	GO:0005829	6	0.3	0
BSU_32470	GO:0005737	6	0.3	0
BSU_32480	GO:0005737	6	0.3	0
BSU_10250	GO:0006281	6	0.3	0
BSU_16560	GO:0005737	6	0.3	0
BSU_11330	GO:0006281	6	0.3	0
BSU_10170	GO:0006281	6	0.3	0
BSU_30190	GO:0005737	6	0.3	0
BSU_30050	GO:0055085	6	0.3	0
BSU_03981	GO:0046872	6	0.3	0
BSU_07810	GO:0006281	6	0.3	0
BSU_07590	GO:0006281	6	0.3	0
BSU_06460	GO:0006281	6	0.3	0
BSU_37620	GO:0005829	6	0.3	0
BSU_11540	GO:0006281	6	0.3	0
BSU_30830	GO:0005737	6	0.3	0
BSU_40230	GO:0005886	6	0.3	0
BSU_23210	GO:0006281	6	0.3	0
BSU_21460	GO:0005886	6	0.3	0
BSU_03450	GO:0003723	6	0.3	0
BSU_15920	GO:0000049	6	0.3	0
BSU_09380	GO:0005737	6	0.3	0
BSU_37190	GO:0015700	6	0.3	0
BSU_27430	GO:0016020	6	0.3	0
BSU_34440	GO:0005886	6	0.3	0
BSU_10540	GO:0016051	6	0.3	0
BSU_25590	GO:0016020	6	0.3	0
BSU_32370	GO:0016051	6	0.3	0
BSU_27580	GO:0016051	6	0.3	0
BSU_39650	GO:0015700	6	0.3	0
BSU_24290	GO:0000049	6	0.3	0
BSU_22600	GO:0006281	6	0.3	0
BSU_11540	GO:0005829	6	0.3	0
BSU_03290	GO:0005829	6	0.3	0
BSU_28720	GO:0006281	6	0.3	0
BSU_17890	GO:0005737	6	0.3	0
BSU_28510	GO:0006281	6	0.3	0
BSU_16630	GO:0006281	6	0.3	0
BSU_10540	GO:0005737	6	0.3	0
BSU_29760	GO:0006571	6	0.3	0
BSU_16630	GO:0016779	6	0.3	0
BSU_22790	GO:0009102	6	0.3	0
BSU_34120	GO:0004324	6	0.3	0
BSU_39650	GO:0016757	6	0.3	0
BSU_24080	GO:0009102	6	0.3	0
BSU_11540	GO:0006281	6	0.3	0
BSU_11330	GO:0030435	6	0.3	0
BSU_29805	GO:0016757	6	0.3	0
BSU_10140	GO:0006979	6	0.3	0
BSU_29440	GO:0005975	6	0.3	0
BSU_37670	GO:0006979	6	0.3	0
BSU_32800	GO:0005975	6	0.3	0
BSU_28260	GO:0009102	6	0.3	0
BSU_09570	GO:0005975	6	0.3	0
BSU_22370	GO:0005975	6	0.3	0
BSU_03290	GO:0030170	6	0.3	0
BSU_16110	GO:0005975	6	0.3	0
BSU_03040	GO:0004324	6	0.3	0
BSU_03910	GO:0006979	6	0.3	0
BSU_38480	GO:0005886	6	0.3	0
BSU_07510	GO:0008514	6	0.3	0
BSU_22370	GO:0009102	6	0.3	0
BSU_37620	GO:0030170	6	0.3	0
BSU_11690	GO:0051537	6	0.3	0
BSU_27970	GO:0042802	6	0.3	0
BSU_29760	GO:0016757	6	0.3	0
BSU_33600	GO:0005975	6	0.3	0
BSU_16020	GO:0005975	6	0.3	0
BSU_34950	GO:0005737	6	0.3	0
BSU_10170	GO:0030435	6	0.3	0
BSU_00670	GO:0030170	6	0.3	0
BSU_15910	GO:0009102	6	0.3	0
BSU_07710	GO:0005737	6	0.3	0
BSU_22600	GO:0051537	6	0.3	0
BSU_16630	GO:0009102	6	0.3	0
BSU_33600	GO:0030170	6	0.3	0
BSU_03290	GO:0005975	6	0.3	0
BSU_15920	GO:0005975	6	0.3	0
BSU_27620	GO:0032357	6	0.3	0
BSU_17890	GO:0009102	6	0.3	0
BSU_16020	GO:0030170	6	0.3	0
BSU_18440	GO:0009102	6	0.3	0
BSU_05860	GO:0006281	6	0.3	0
BSU_25480	GO:0005975	6	0.3	0
BSU_17860	GO:0032357	6	0.3	0
BSU_28710	GO:0004324	6	0.3	0
BSU_13720	GO:0005737	6	0.3	0
BSU_37330	GO:0004324	6	0.3	0
BSU_07500	GO:0046942	6	0.3	0
BSU_07510	GO:0046942	6	0.3	0
BSU_07630	GO:0006979	6	0.3	0
BSU_25480	GO:0030170	6	0.3	0
BSU_06460	GO:0030170	6	0.3	0
BSU_12940	GO:0046942	6	0.3	0
BSU_17890	GO:0005886	6	0.3	0
BSU_12930	GO:0046942	6	0.3	0
BSU_32250	GO:0004324	6	0.3	0
BSU_13180	GO:0042802	6	0.3	0
BSU_05860	GO:0005886	6	0.3	0
BSU_30540	GO:0005886	6	0.3	0
BSU_29440	GO:0030170	6	0.3	0
BSU_41010	GO:0004324	6	0.3	0
BSU_06450	GO:0005886	6	0.3	0
BSU_07810	GO:0030170	6	0.3	0
BSU_09380	GO:0005886	6	0.3	0
BSU_11520	GO:0005886	6	0.3	0
BSU_06460	GO:0005886	6	0.3	0
BSU_02980	GO:0005886	6	0.3	0
BSU_39920	GO:0005886	6	0.3	0
BSU_17860	GO:0005975	6	0.3	0
BSU_02980	GO:0006400	6	0.3	0
BSU_11540	GO:0030170	6	0.3	0
BSU_13720	GO:0016757	6	0.3	0
BSU_01920	GO:0006979	6	0.3	0
BSU_11330	GO:0051537	6	0.3	0
BSU_18440	GO:0005886	6	0.3	0
BSU_10170	GO:0051537	6	0.3	0
BSU_33150	GO:0016757	6	0.3	0
BSU_03590	GO:0006400	6	0.3	0
BSU_03290	GO:0005886	6	0.3	0
BSU_03280	GO:0005886	6	0.3	0
BSU_40960	GO:0032357	6	0.3	0
BSU_32000	GO:0004324	6	0.3	0
BSU_00670	GO:0005886	6	0.3	0
BSU_30230	GO:0004324	6	0.3	0
BSU_09620	GO:0042802	6	0.3	0
BSU_03310	GO:0006281	6	0.3	0
BSU_07500	GO:0008514	6	0.3	0
BSU_07590	GO:0051537	6	0.3	0
BSU_32690	GO:0004324	6	0.3	0
BSU_12380	GO:0006979	6	0.3	0
BSU_13560	GO:0009102	6	0.3	0
BSU_13180	GO:0009102	6	0.3	0
BSU_37670	GO:0005737	6	0.3	0
BSU_37170	GO:0006979	6	0.3	0
BSU_32820	GO:0006571	6	0.3	0
BSU_12380	GO:0006571	6	0.3	0
BSU_23210	GO:0030435	6	0.3	0
BSU_09570	GO:0000310	6	0.3	0
BSU_22370	GO:0000310	6	0.3	0
BSU_10140	GO:0006571	6	0.3	0
BSU_10250	GO:0000310	6	0.3	0
BSU_37670	GO:0006571	6	0.3	0
BSU_18460	GO:0030435	6	0.3	0
BSU_03910	GO:0006571	6	0.3	0
BSU_01920	GO:0006571	6	0.3	0
BSU_07630	GO:0006571	6	0.3	0
BSU_16110	GO:0000310	6	0.3	0
BSU_00810	GO:0006979	6	0.3	0
BSU_32690	GO:0030435	6	0.3	0
BSU_22080	GO:0005737	6	0.3	0
BSU_03310	GO:0032357	6	0.3	0
BSU_12940	GO:0008514	6	0.3	0
BSU_21460	GO:0006571	6	0.3	0
BSU_33300	GO:0008514	6	0.3	0
BSU_30830	GO:0042802	6	0.3	0
BSU_28170	GO:0006571	6	0.3	0
BSU_39390	GO:0008514	6	0.3	0
BSU_32370	GO:0005737	6	0.3	0
BSU_25480	GO:0000310	6	0.3	0
BSU_27580	GO:0005737	6	0.3	0
BSU_06460	GO:0000310	6	0.3	0
BSU_09380	GO:0006281	6	0.3	0
BSU_00910	GO:0005737	6	0.3	0
BSU_24150	GO:0006571	6	0.3	0
BSU_33540	GO:0006571	6	0.3	0
BSU_29440	GO:0000310	6	0.3	0
BSU_01610	GO:0008514	6	0.3	0
BSU_06150	GO:0006571	6	0.3	0
BSU_07810	GO:0000310	6	0.3	0
BSU_03810	GO:0008514	6	0.3	0
BSU_29805	GO:0051537	6	0.3	0
BSU_03800	GO:0008514	6	0.3	0
BSU_25620	GO:0051537	6	0.3	0
BSU_31090	GO:0030435	6	0.3	0
BSU_32800	GO:0000310	6	0.3	0
BSU_25730	GO:0006571	6	0.3	0
BSU_34930	GO:0051537	6	0.3	0
BSU_15630	GO:0006571	6	0.3	0
BSU_34920	GO:0051537	6	0.3	0
BSU_34120	GO:0032357	6	0.3	0
BSU_32750	GO:0009102	6	0.3	0
BSU_31960	GO:0009102	6	0.3	0
BSU_30050	GO:0016757	6	0.3	0
BSU_36920	GO:0005886	6	0.3	0
BSU_06680	GO:0009102	6	0.3	0
BSU_06450	GO:0009102	6	0.3	0
BSU_32240	GO:0005886	6	0.3	0
BSU_21460	GO:0006979	6	0.3	0
BSU_02980	GO:0005975	6	0.3	0
BSU_10250	GO:0009102	6	0.3	0
BSU_32820	GO:0006979	6	0.3	0
BSU_30230	GO:0051537	6	0.3	0
BSU_24290	GO:0005975	6	0.3	0
BSU_37330	GO:0051537	6	0.3	0
BSU_11540	GO:0009102	6	0.3	0
BSU_08100	GO:0006400	6	0.3	0
BSU_00670	GO:0005975	6	0.3	0
BSU_32250	GO:0051537	6	0.3	0
BSU_32250	GO:0005886	6	0.3	0
BSU_41010	GO:0009102	6	0.3	0
BSU_36100	GO:0005886	6	0.3	0
BSU_03930	GO:0006571	6	0.3	0
BSU_08460	GO:0008514	6	0.3	0
BSU_08450	GO:0008514	6	0.3	0
BSU_13960	GO:0006571	6	0.3	0
BSU_13840	GO:0006571	6	0.3	0
BSU_24150	GO:0006979	6	0.3	0
BSU_33540	GO:0006979	6	0.3	0
BSU_06150	GO:0006979	6	0.3	0
BSU_29760	GO:0030435	6	0.3	0
BSU_32750	GO:0006400	6	0.3	0
BSU_15460	GO:0016757	6	0.3	0
BSU_28170	GO:0006979	6	0.3	0
BSU_07630	GO:0005737	6	0.3	0
BSU_34120	GO:0009102	6	0.3	0
BSU_05880	GO:0009102	6	0.3	0
BSU_32000	GO:0009102	6	0.3	0
BSU_31290	GO:0051537	6	0.3	0
BSU_05880	GO:0032357	6	0.3	0
BSU_32690	GO:0009102	6	0.3	0
BSU_07590	GO:0005829	6	0.3	0
BSU_17890	GO:0016779	6	0.3	0
BSU_04660	GO:0003735	6	0.3	0
BSU_14470	GO:0030435	6	0.3	0
BSU_13560	GO:0004672	6	0.3	0
BSU_27580	GO:0071793	6	0.3	0
BSU_38480	GO:0004672	6	0.3	0
BSU_06460	GO:0016765	6	0.3	0
BSU_13300	GO:0071793	6	0.3	0
BSU_19180	GO:0006635	6	0.3	0
BSU_00910	GO:0071793	6	0.3	0
BSU_37670	GO:0071793	6	0.3	0
BSU_09620	GO:0016042	6	0.3	0
BSU_25480	GO:0016765	6	0.3	0
BSU_10250	GO:0004672	6	0.3	0
BSU_32750	GO:0004672	6	0.3	0
BSU_08100	GO:0004672	6	0.3	0
BSU_18150	GO:0016042	6	0.3	0
BSU_14470	GO:1902600	6	0.3	0
BSU_06680	GO:0004672	6	0.3	0
BSU_06460	GO:0004672	6	0.3	0
BSU_06450	GO:0004672	6	0.3	0
BSU_05860	GO:0004672	6	0.3	0
BSU_37970	GO:0004521	6	0.3	0
BSU_29440	GO:0016765	6	0.3	0
BSU_21460	GO:0016042	6	0.3	0
BSU_32370	GO:0071793	6	0.3	0
BSU_15910	GO:0035999	6	0.3	0
BSU_03590	GO:0008643	6	0.3	0
BSU_02850	GO:0008643	6	0.3	0
BSU_17840	GO:0005886	6	0.3	0
BSU_27430	GO:0004672	6	0.3	0
BSU_01750	GO:0008643	6	0.3	0
BSU_01680	GO:0008643	6	0.3	0
BSU_14180	GO:0003677	6	0.3	0
BSU_23920	GO:0004672	6	0.3	0
BSU_37970	GO:0016042	6	0.3	0
BSU_32800	GO:0016765	6	0.3	0
BSU_34010	GO:0015700	6	0.3	0
BSU_25450	GO:0004521	6	0.3	0
BSU_40230	GO:0003677	6	0.3	0
BSU_33200	GO:0005886	6	0.3	0
BSU_07810	GO:0016765	6	0.3	0
BSU_28710	GO:0008643	6	0.3	0
BSU_25440	GO:0004521	6	0.3	0
BSU_02030	GO:1902600	6	0.3	0
BSU_17890	GO:0035999	6	0.3	0
BSU_27580	GO:0016042	6	0.3	0
BSU_33040	GO:1902600	6	0.3	0
BSU_22080	GO:0071793	6	0.3	0
BSU_07260	GO:0016042	6	0.3	0
BSU_22960	GO:0051287	6	0.3	0
BSU_02750	GO:0005886	6	0.3	0
BSU_16600	GO:0051287	6	0.3	0
BSU_07630	GO:0071793	6	0.3	0
BSU_03040	GO:0016042	6	0.3	0
BSU_22790	GO:0035999	6	0.3	0
BSU_17890	GO:0015633	6	0.3	0
BSU_11540	GO:0003700	6	0.3	0
BSU_22370	GO:0035999	6	0.3	0
BSU_15760	GO:0015633	6	0.3	0
BSU_03290	GO:0003700	6	0.3	0
BSU_09380	GO:0015633	6	0.3	0
BSU_30830	GO:0071793	6	0.3	0
BSU_07130	GO:0005886	6	0.3	0
BSU_03310	GO:0015633	6	0.3	0
BSU_24080	GO:0035999	6	0.3	0
BSU_03290	GO:0015633	6	0.3	0
BSU_40070	GO:0055085	6	0.3	0
BSU_18230	GO:0005886	6	0.3	0
BSU_07710	GO:0016042	6	0.3	0
BSU_04970	GO:0016042	6	0.3	0
BSU_03290	GO:0016765	6	0.3	0
BSU_03590	GO:0004672	6	0.3	0
BSU_02980	GO:0004672	6	0.3	0
BSU_02750	GO:0004672	6	0.3	0
BSU_33770	GO:0016042	6	0.3	0
BSU_11540	GO:0016765	6	0.3	0
BSU_39920	GO:0004672	6	0.3	0
BSU_01750	GO:0004672	6	0.3	0
BSU_18440	GO:0035999	6	0.3	0
BSU_30540	GO:0030435	6	0.3	0
BSU_02840	GO:0004521	6	0.3	0
BSU_00670	GO:0004672	6	0.3	0
BSU_13960	GO:0015700	6	0.3	0
BSU_35780	GO:0016042	6	0.3	0
BSU_28260	GO:0015633	6	0.3	0
BSU_27510	GO:0015633	6	0.3	0
BSU_22550	GO:0015633	6	0.3	0
BSU_35740	GO:0071793	6	0.3	0
BSU_34950	GO:0016042	6	0.3	0
BSU_19360	GO:0051287	6	0.3	0
BSU_03981	GO:0008643	6	0.3	0
BSU_13720	GO:0005886	6	0.3	0
BSU_04460	GO:0003735	6	0.3	0
BSU_35750	GO:0016788	6	0.3	0
BSU_30380	GO:0015648	6	0.3	0
BSU_17890	GO:0005524	6	0.3	0
BSU_27440	GO:0006814	6	0.3	0
BSU_27580	GO:0016740	6	0.3	0
BSU_22600	GO:0003735	6	0.3	0
BSU_32370	GO:0016740	6	0.3	0
BSU_22660	GO:0003735	6	0.3	0
BSU_18440	GO:0005524	6	0.3	0
BSU_09620	GO:0003723	6	0.3	0
BSU_06812	GO:0015700	6	0.3	0
BSU_30050	GO:0015648	6	0.3	0
BSU_15550	GO:0003735	6	0.3	0
BSU_13960	GO:0015648	6	0.3	0
BSU_31090	GO:0015648	6	0.3	0
BSU_22790	GO:0005524	6	0.3	0
BSU_39390	GO:0003735	6	0.3	0
BSU_25620	GO:0003735	6	0.3	0
BSU_22370	GO:0005524	6	0.3	0
BSU_37330	GO:0003735	6	0.3	0
BSU_27430	GO:0006814	6	0.3	0
BSU_11690	GO:0032993	6	0.3	0
BSU_07710	GO:0015700	6	0.3	0
BSU_13300	GO:0016740	6	0.3	0
BSU_11620	GO:0003735	6	0.3	0
BSU_15460	GO:0003735	6	0.3	0
BSU_32750	GO:0035999	6	0.3	0
BSU_31960	GO:0035999	6	0.3	0
BSU_34120	GO:0016788	6	0.3	0
BSU_30540	GO:0035999	6	0.3	0
BSU_10250	GO:0032993	6	0.3	0
BSU_16110	GO:0016765	6	0.3	0
BSU_05880	GO:0016788	6	0.3	0
BSU_22080	GO:0016740	6	0.3	0
BSU_15910	GO:0005524	6	0.3	0
BSU_35740	GO:0016740	6	0.3	0
BSU_25590	GO:0006814	6	0.3	0
BSU_30050	GO:0055085	6	0.3	0
BSU_37670	GO:0016740	6	0.3	0
BSU_00910	GO:0016740	6	0.3	0
BSU_16110	GO:0032993	6	0.3	0
BSU_16630	GO:0005524	6	0.3	0
BSU_06680	GO:0035999	6	0.3	0
BSU_24080	GO:0005524	6	0.3	0
BSU_34010	GO:0015648	6	0.3	0
BSU_25450	GO:0003735	6	0.3	0
BSU_28260	GO:0005524	6	0.3	0
BSU_16120	GO:0003735	6	0.3	0
BSU_13960	GO:0008643	6	0.3	0
BSU_30050	GO:0004521	6	0.3	0
BSU_10540	GO:0016042	6	0.3	0
BSU_31090	GO:0008643	6	0.3	0
BSU_14410	GO:0055085	6	0.3	0
BSU_13300	GO:0055085	6	0.3	0
BSU_32370	GO:0016042	6	0.3	0
BSU_08460	GO:0008643	6	0.3	0
BSU_22370	GO:0016765	6	0.3	0
BSU_09570	GO:0016765	6	0.3	0
BSU_08450	GO:0008643	6	0.3	0
BSU_29805	GO:0003735	6	0.3	0
BSU_34010	GO:0008643	6	0.3	0
BSU_37670	GO:0005886	6	0.3	0
BSU_07710	GO:0008643	6	0.3	0
BSU_13960	GO:0003677	6	0.3	0
BSU_07260	GO:0008643	6	0.3	0
BSU_06812	GO:0008643	6	0.3	0
BSU_22080	GO:0005886	6	0.3	0
BSU_10250	GO:0016765	6	0.3	0
BSU_30050	GO:0008643	6	0.3	0
BSU_38620	GO:0016042	6	0.3	0
BSU_07710	GO:0015648	6	0.3	0
BSU_00460	GO:0003735	6	0.3	0
BSU_29340	GO:0004672	6	0.3	0
BSU_07260	GO:0015648	6	0.3	0
BSU_06812	GO:0015648	6	0.3	0
BSU_03981	GO:0015648	6	0.3	0
BSU_01750	GO:0015648	6	0.3	0
BSU_28710	GO:0015648	6	0.3	0
BSU_40230	GO:0003735	6	0.3	0
BSU_34440	GO:0016042	6	0.3	0
BSU_25590	GO:0008643	6	0.3	0
BSU_13180	GO:0035999	6	0.3	0
BSU_13720	GO:0016740	6	0.3	0
BSU_22550	GO:0008643	6	0.3	0
BSU_06812	GO:0003735	6	0.3	0
BSU_23210	GO:0032993	6	0.3	0
BSU_07590	GO:0003735	6	0.3	0
BSU_23310	GO:0055085	6	0.3	0
BSU_34120	GO:0015633	6	0.3	0
BSU_02850	GO:0015633	6	0.3	0
BSU_18440	GO:0016779	6	0.3	0
BSU_12940	GO:0004108	6	0.3	0
BSU_12380	GO:0006635	6	0.3	0
BSU_31190	GO:0003723	6	0.3	0
BSU_21460	GO:0006635	6	0.3	0
BSU_12380	GO:0046872	6	0.3	0
BSU_21460	GO:0046872	6	0.3	0
BSU_25590	GO:0003700	6	0.3	0
BSU_22790	GO:0003700	6	0.3	0
BSU_16120	GO:0003700	6	0.3	0
BSU_07130	GO:0005886	6	0.3	0
BSU_08200	GO:0097588	6	0.3	0
BSU_31440	GO:0016765	6	0.3	0
BSU_34120	GO:0003677	6	0.3	0
BSU_05880	GO:0003677	6	0.3	0
BSU_33600	GO:0004108	6	0.3	0
BSU_11520	GO:0004108	6	0.3	0
BSU_33040	GO:0003677	6	0.3	0
BSU_03480	GO:0004108	6	0.3	0
BSU_13790	GO:0005886	6	0.3	0
BSU_24290	GO:0003677	6	0.3	0
BSU_29805	GO:0003700	6	0.3	0
BSU_11690	GO:0005829	6	0.3	0
BSU_40970	GO:0004108	6	0.3	0
BSU_12930	GO:0004108	6	0.3	0
BSU_41010	GO:0005886	6	0.3	0
BSU_24290	GO:0016765	6	0.3	0
BSU_34550	GO:0005886	6	0.3	0
BSU_32000	GO:0006635	6	0.3	0
BSU_38620	GO:0003700	6	0.3	0
BSU_14600	GO:0004108	6	0.3	0
BSU_10170	GO:0004521	6	0.3	0
BSU_36920	GO:0005886	6	0.3	0
BSU_18930	GO:0046872	6	0.3	0
BSU_16590	GO:0046872	6	0.3	0
BSU_07630	GO:0006635	6	0.3	0
BSU_01920	GO:0006635	6	0.3	0
BSU_38390	GO:0097588	6	0.3	0
BSU_03910	GO:0006635	6	0.3	0
BSU_36920	GO:0003723	6	0.3	0
BSU_37670	GO:0006635	6	0.3	0
BSU_10140	GO:0006635	6	0.3	0
BSU_05830	GO:0097588	6	0.3	0
BSU_16650	GO:0046872	6	0.3	0
BSU_40960	GO:0004108	6	0.3	0
BSU_00670	GO:0003677	6	0.3	0
BSU_30050	GO:0015700	6	0.3	0
BSU_18150	GO:0005886	6	0.3	0
BSU_37620	GO:0003700	6	0.3	0
BSU_15690	GO:0051287	6	0.3	0
BSU_33040	GO:0004108	6	0.3	0
BSU_30830	GO:0003723	6	0.3	0
BSU_17860	GO:0003677	6	0.3	0
BSU_12930	GO:0097588	6	0.3	0
BSU_30390	GO:0016020	6	0.3	0
BSU_09620	GO:0005737	6	0.3	0
BSU_22370	GO:0000049	6	0.3	0
BSU_14470	GO:0000049	6	0.3	0
BSU_17100	GO:0046872	6	0.3	0
BSU_28260	GO:0016779	6	0.3	0
BSU_07810	GO:0005829	6	0.3	0
BSU_03930	GO:0016051	6	0.3	0
BSU_24080	GO:0016779	6	0.3	0
BSU_22370	GO:0016779	6	0.3	0
BSU_22790	GO:0016779	6	0.3	0
BSU_24080	GO:0016051	6	0.3	0
BSU_03040	GO:0005737	6	0.3	0
BSU_22370	GO:0003677	6	0.3	0
BSU_09570	GO:0003677	6	0.3	0
BSU_33600	GO:0003677	6	0.3	0
BSU_04660	GO:0003700	6	0.3	0
BSU_31290	GO:0005886	6	0.3	0
BSU_15920	GO:0003677	6	0.3	0
BSU_06812	GO:0003700	6	0.3	0
BSU_28720	GO:0005886	6	0.3	0
BSU_28510	GO:0005886	6	0.3	0
BSU_25480	GO:0003677	6	0.3	0
BSU_08180	GO:0005886	6	0.3	0
BSU_07810	GO:0005886	6	0.3	0
BSU_10250	GO:0005829	6	0.3	0
BSU_11330	GO:0005829	6	0.3	0
BSU_29440	GO:0003677	6	0.3	0
BSU_10170	GO:0005829	6	0.3	0
BSU_14600	GO:0003677	6	0.3	0
BSU_06060	GO:0003700	6	0.3	0
BSU_03040	GO:0005886	6	0.3	0
BSU_32800	GO:0003677	6	0.3	0
BSU_12940	GO:0097588	6	0.3	0
BSU_38390	GO:0004108	6	0.3	0
BSU_02840	GO:0005886	6	0.3	0
BSU_00670	GO:0016765	6	0.3	0
BSU_07590	GO:0004521	6	0.3	0
BSU_25730	GO:0006635	6	0.3	0
BSU_32250	GO:0005829	6	0.3	0
BSU_03040	GO:0071793	6	0.3	0
BSU_09620	GO:0009055	6	0.3	0
BSU_09620	GO:0071793	6	0.3	0
BSU_15550	GO:0046872	6	0.3	0
BSU_02850	GO:0009055	6	0.3	0
BSU_03040	GO:0009055	6	0.3	0
BSU_03290	GO:0009055	6	0.3	0
BSU_19180	GO:0016020	6	0.3	0
BSU_11620	GO:0005886	6	0.3	0
BSU_39270	GO:0016020	6	0.3	0
BSU_23220	GO:0051287	6	0.3	0
BSU_11540	GO:0009055	6	0.3	0
BSU_22690	GO:0005829	6	0.3	0
BSU_31290	GO:0003723	6	0.3	0
BSU_22600	GO:0005829	6	0.3	0
BSU_39480	GO:0016020	6	0.3	0
BSU_37190	GO:0016020	6	0.3	0
BSU_33290	GO:0016020	6	0.3	0
BSU_10490	GO:0055085	6	0.3	0
BSU_16020	GO:0003700	6	0.3	0
BSU_11690	GO:0046872	6	0.3	0
BSU_22550	GO:0006635	6	0.3	0
BSU_16020	GO:0016765	6	0.3	0
BSU_03480	GO:0051287	6	0.3	0
BSU_13180	GO:0015633	6	0.3	0
BSU_11540	GO:0005886	6	0.3	0
BSU_27970	GO:0015633	6	0.3	0
BSU_24080	GO:0006635	6	0.3	0
BSU_34440	GO:0055085	6	0.3	0
BSU_16120	GO:0071793	6	0.3	0
BSU_03930	GO:0006635	6	0.3	0
BSU_02270	GO:0055085	6	0.3	0
BSU_02840	GO:0003700	6	0.3	0
BSU_22090	GO:0055085	6	0.3	0
BSU_37620	GO:0016765	6	0.3	0
BSU_08180	GO:0071793	6	0.3	0
BSU_34950	GO:0071793	6	0.3	0
BSU_19180	GO:0009055	6	0.3	0
BSU_30190	GO:0009055	6	0.3	0
BSU_07710	GO:0071793	6	0.3	0
BSU_07260	GO:0071793	6	0.3	0
BSU_34550	GO:0005886	6	0.3	0
BSU_05860	GO:0009055	6	0.3	0
BSU_30380	GO:0016020	6	0.3	0
BSU_29340	GO:0016020	6	0.3	0
BSU_37780	GO:0006635	6	0.3	0
BSU_03590	GO:0016020	6	0.3	0
BSU_02850	GO:0016020	6	0.3	0
BSU_16120	GO:0009055	6	0.3	0
BSU_40230	GO:0005886	6	0.3	0
BSU_16630	GO:0005829	6	0.3	0
BSU_01750	GO:0016020	6	0.3	0
BSU_23250	GO:0046872	6	0.3	0
BSU_30390	GO:0016020	6	0.3	0
BSU_04450	GO:0016020	6	0.3	0
BSU_39650	GO:0016020	6	0.3	0
BSU_23210	GO:0005829	6	0.3	0
BSU_13840	GO:0006635	6	0.3	0
BSU_13960	GO:0006635	6	0.3	0
BSU_27510	GO:0009055	6	0.3	0
BSU_15630	GO:0006635	6	0.3	0
BSU_34550	GO:0003723	6	0.3	0
BSU_21460	GO:0005886	6	0.3	0
BSU_28260	GO:0009055	6	0.3	0
BSU_34880	GO:0003723	6	0.3	0
BSU_17890	GO:0009055	6	0.3	0
BSU_28510	GO:0005829	6	0.3	0
BSU_10490	GO:0055085	6	0.3	0
BSU_34950	GO:0009055	6	0.3	0
BSU_03290	GO:0006635	6	0.3	0
BSU_27430	GO:0016020	6	0.3	0
BSU_25590	GO:0016020	6	0.3	0
BSU_22790	GO:0046872	6	0.3	0
BSU_02030	GO:0051287	6	0.3	0
BSU_07260	GO:0009055	6	0.3	0
BSU_07710	GO:0009055	6	0.3	0
BSU_13960	GO:0016020	6	0.3	0
BSU_08180	GO:0009055	6	0.3	0
BSU_15760	GO:0009055	6	0.3	0
BSU_31090	GO:0016020	6	0.3	0
BSU_41010	GO:0046872	6	0.3	0
BSU_32750	GO:0016020	6	0.3	0
BSU_07710	GO:0016020	6	0.3	0
BSU_07260	GO:0016020	6	0.3	0
BSU_06812	GO:0016020	6	0.3	0
BSU_33600	GO:0016765	6	0.3	0
BSU_28720	GO:0005829	6	0.3	0
BSU_15460	GO:0008881	6	0.3	0
BSU_22550	GO:0030152	6	0.3	0
BSU_22370	GO:0006546	6	0.3	0
BSU_10140	GO:0045454	6	0.3	0
BSU_04460	GO:0045454	6	0.3	0
BSU_22370	GO:0009361	6	0.3	0
BSU_22790	GO:0009361	6	0.3	0
BSU_11540	GO:0016791	6	0.3	0
BSU_18440	GO:0009361	6	0.3	0
BSU_17890	GO:0009361	6	0.3	0
BSU_15910	GO:0009361	6	0.3	0
BSU_00670	GO:0005886	6	0.3	0
BSU_36370	GO:0045454	6	0.3	0
BSU_03310	GO:0016791	6	0.3	0
BSU_32240	GO:0003677	6	0.3	0
BSU_13180	GO:0009361	6	0.3	0
BSU_03290	GO:0016791	6	0.3	0
BSU_34120	GO:0016791	6	0.3	0
BSU_03040	GO:0016791	6	0.3	0
BSU_02850	GO:0016791	6	0.3	0
BSU_13180	GO:0016791	6	0.3	0
BSU_01010	GO:0003723	6	0.3	0
BSU_35900	GO:0005886	6	0.3	0
BSU_39920	GO:0005886	6	0.3	0
BSU_24080	GO:0009361	6	0.3	0
BSU_22960	GO:0003924	6	0.3	0
BSU_22370	GO:0003924	6	0.3	0
BSU_22600	GO:0005829	6	0.3	0
BSU_38390	GO:0003677	6	0.3	0
BSU_29440	GO:0005886	6	0.3	0
BSU_39650	GO:0016887	6	0.3	0
BSU_06450	GO:0046872	6	0.3	0
BSU_35900	GO:0005886	6	0.3	0
BSU_28260	GO:0003677	6	0.3	0
BSU_35900	GO:0016887	6	0.3	0
BSU_13180	GO:0003924	6	0.3	0
BSU_34920	GO:0005886	6	0.3	0
BSU_21460	GO:0005886	6	0.3	0
BSU_35900	GO:0005886	6	0.3	0
BSU_24080	GO:0003677	6	0.3	0
BSU_29805	GO:0045454	6	0.3	0
BSU_41010	GO:0005886	6	0.3	0
BSU_15910	GO:0003924	6	0.3	0
BSU_22600	GO:0003677	6	0.3	0
BSU_22690	GO:0005829	6	0.3	0
BSU_37970	GO:0045454	6	0.3	0
BSU_18440	GO:0003924	6	0.3	0
BSU_30050	GO:0006779	6	0.3	0
BSU_34920	GO:0016887	6	0.3	0
BSU_13960	GO:0006779	6	0.3	0
BSU_27970	GO:0016791	6	0.3	0
BSU_06680	GO:0009361	6	0.3	0
BSU_06060	GO:0005737	6	0.3	0
BSU_04660	GO:0005737	6	0.3	0
BSU_03890	GO:0005737	6	0.3	0
BSU_32750	GO:0046872	6	0.3	0
BSU_27620	GO:0005737	6	0.3	0
BSU_01750	GO:0006779	6	0.3	0
BSU_24290	GO:0003723	6	0.3	0
BSU_01680	GO:0006779	6	0.3	0
BSU_16630	GO:0005829	6	0.3	0
BSU_00670	GO:0003723	6	0.3	0
BSU_28710	GO:0006779	6	0.3	0
BSU_08100	GO:0005886	6	0.3	0
BSU_10250	GO:0005886	6	0.3	0
BSU_30540	GO:0009361	6	0.3	0
BSU_16020	GO:0003723	6	0.3	0
BSU_31960	GO:0009361	6	0.3	0
BSU_32750	GO:0009361	6	0.3	0
BSU_37620	GO:0003723	6	0.3	0
BSU_06812	GO:0005737	6	0.3	0
BSU_08100	GO:0005737	6	0.3	0
BSU_31090	GO:0006779	6	0.3	0
BSU_06680	GO:0005886	6	0.3	0
BSU_35750	GO:0003723	6	0.3	0
BSU_08460	GO:0006779	6	0.3	0
BSU_08450	GO:0006779	6	0.3	0
BSU_34010	GO:0006779	6	0.3	0
BSU_06680	GO:0046872	6	0.3	0
BSU_07710	GO:0006779	6	0.3	0
BSU_07260	GO:0006779	6	0.3	0
BSU_37330	GO:0016887	6	0.3	0
BSU_28720	GO:0005829	6	0.3	0
BSU_25590	GO:0005737	6	0.3	0
BSU_28510	GO:0005829	6	0.3	0
BSU_06812	GO:0006779	6	0.3	0
BSU_05860	GO:0005886	6	0.3	0
BSU_18460	GO:0005737	6	0.3	0
BSU_06450	GO:0005886	6	0.3	0
BSU_16120	GO:0005737	6	0.3	0
BSU_03981	GO:0006779	6	0.3	0
BSU_13840	GO:0005886	6	0.3	0
BSU_06460	GO:0005886	6	0.3	0
BSU_11210	GO:0003677	6	0.3	0
BSU_40060	GO:0003677	6	0.3	0
BSU_03040	GO:0004823	6	0.3	0
BSU_06460	GO:0140098	6	0.3	0
BSU_39920	GO:0140098	6	0.3	0
BSU_17890	GO:0005886	6	0.3	0
BSU_02750	GO:0140098	6	0.3	0
BSU_02980	GO:0140098	6	0.3	0
BSU_03590	GO:0140098	6	0.3	0
BSU_05860	GO:0140098	6	0.3	0
BSU_09570	GO:0000156	6	0.3	0
BSU_22370	GO:0000156	6	0.3	0
BSU_06450	GO:0140098	6	0.3	0
BSU_16120	GO:0000976	6	0.3	0
BSU_04450	GO:0016887	6	0.3	0
BSU_06680	GO:0140098	6	0.3	0
BSU_16110	GO:0000156	6	0.3	0
BSU_16110	GO:0000976	6	0.3	0
BSU_14180	GO:0046872	6	0.3	0
BSU_38620	GO:0005737	6	0.3	0
BSU_23920	GO:0005886	6	0.3	0
BSU_08100	GO:0140098	6	0.3	0
BSU_32750	GO:0140098	6	0.3	0
BSU_13560	GO:0046872	6	0.3	0
BSU_18460	GO:0000976	6	0.3	0
BSU_01750	GO:0140098	6	0.3	0
BSU_38390	GO:0036440	6	0.3	0
BSU_22790	GO:0000976	6	0.3	0
BSU_15920	GO:0000156	6	0.3	0
BSU_22600	GO:0046872	6	0.3	0
BSU_33600	GO:0140098	6	0.3	0
BSU_04660	GO:0140098	6	0.3	0
BSU_22790	GO:0046872	6	0.3	0
BSU_25480	GO:0000156	6	0.3	0
BSU_05970	GO:0000976	6	0.3	0
BSU_29440	GO:0000156	6	0.3	0
BSU_17890	GO:0036440	6	0.3	0
BSU_33600	GO:0047810	6	0.3	0
BSU_31530	GO:0000976	6	0.3	0
BSU_32800	GO:0000156	6	0.3	0
BSU_16630	GO:0046872	6	0.3	0
BSU_15550	GO:0046872	6	0.3	0
BSU_13560	GO:0005886	6	0.3	0
BSU_01010	GO:0047810	6	0.3	0
BSU_11690	GO:0036440	6	0.3	0
BSU_07260	GO:0036440	6	0.3	0
BSU_25590	GO:0000976	6	0.3	0
BSU_08100	GO:0000976	6	0.3	0
BSU_07590	GO:0000976	6	0.3	0
BSU_10250	GO:0140098	6	0.3	0
BSU_05830	GO:0003924	6	0.3	0
BSU_34120	GO:0003924	6	0.3	0
BSU_05880	GO:0003924	6	0.3	0
BSU_03981	GO:0003677	6	0.3	0
BSU_05860	GO:0003677	6	0.3	0
BSU_37330	GO:0005886	6	0.3	0
BSU_08200	GO:0003677	6	0.3	0
BSU_09570	GO:0047810	6	0.3	0
BSU_38480	GO:0003677	6	0.3	0
BSU_31960	GO:0003924	6	0.3	0
BSU_30540	GO:0003924	6	0.3	0
BSU_33040	GO:0003924	6	0.3	0
BSU_13560	GO:0003677	6	0.3	0
BSU_11620	GO:0005886	6	0.3	0
BSU_05860	GO:0016791	6	0.3	0
BSU_03480	GO:0003924	6	0.3	0
BSU_04450	GO:0003677	6	0.3	0
BSU_30390	GO:0003677	6	0.3	0
BSU_24070	GO:0003677	6	0.3	0
BSU_00460	GO:0003677	6	0.3	0
BSU_22370	GO:0047810	6	0.3	0
BSU_10250	GO:0046872	6	0.3	0
BSU_13960	GO:0046872	6	0.3	0
BSU_32750	GO:0016020	6	0.3	0
BSU_06060	GO:0000976	6	0.3	0
BSU_03890	GO:0000976	6	0.3	0
BSU_37620	GO:0000976	6	0.3	0
BSU_24290	GO:0047810	6	0.3	0
BSU_27620	GO:0000976	6	0.3	0
BSU_40960	GO:0000976	6	0.3	0
BSU_02750	GO:0000976	6	0.3	0
BSU_01680	GO:0003677	6	0.3	0
BSU_27970	GO:0005886	6	0.3	0
BSU_10540	GO:0045454	6	0.3	0
BSU_39270	GO:0003677	6	0.3	0
BSU_17100	GO:0045454	6	0.3	0
BSU_02980	GO:0005886	6	0.3	0
BSU_11690	GO:0046872	6	0.3	0
BSU_07260	GO:0016791	6	0.3	0
BSU_28260	GO:0047810	6	0.3	0
BSU_11540	GO:0005886	6	0.3	0
BSU_18440	GO:0047810	6	0.3	0
BSU_13840	GO:0005886	6	0.3	0
BSU_34120	GO:0004823	6	0.3	0
BSU_32000	GO:0004823	6	0.3	0
BSU_30390	GO:0016887	6	0.3	0
BSU_24130	GO:0046872	6	0.3	0
BSU_09620	GO:0016791	6	0.3	0
BSU_03890	GO:0009252	6	0.3	0
BSU_10140	GO:0006355	6	0.3	0
BSU_03310	GO:0005737	6	0.3	0
BSU_37780	GO:0005737	6	0.3	0
BSU_03930	GO:0005737	6	0.3	0
BSU_09570	GO:0009252	6	0.3	0
BSU_24080	GO:0005737	6	0.3	0
BSU_15550	GO:0005737	6	0.3	0
BSU_15760	GO:0009697	6	0.3	0
BSU_01750	GO:0032218	6	0.3	0
BSU_13560	GO:0016887	6	0.3	0
BSU_31440	GO:0009252	6	0.3	0
BSU_28170	GO:0006355	6	0.3	0
BSU_31960	GO:0005524	6	0.3	0
BSU_08200	GO:0006096	6	0.3	0
BSU_10250	GO:0004823	6	0.3	0
BSU_32250	GO:0009252	6	0.3	0
BSU_32690	GO:0009252	6	0.3	0
BSU_00670	GO:0006096	6	0.3	0
BSU_37670	GO:0006355	6	0.3	0
BSU_06460	GO:0005829	6	0.3	0
BSU_24560	GO:0005737	6	0.3	0
BSU_07630	GO:0006355	6	0.3	0
BSU_32470	GO:0005737	6	0.3	0
BSU_05880	GO:0000287	6	0.3	0
BSU_13960	GO:0006355	6	0.3	0
BSU_25730	GO:0005737	6	0.3	0
BSU_28260	GO:0017118	6	0.3	0
BSU_07810	GO:0005829	6	0.3	0
BSU_22550	GO:0005737	6	0.3	0
BSU_03290	GO:0009027	6	0.3	0
BSU_22600	GO:0003677	6	0.3	0
BSU_14180	GO:0003677	6	0.3	0
BSU_16110	GO:0046872	6	0.3	0
BSU_28510	GO:0046872	6	0.3	0
BSU_15630	GO:0005737	6	0.3	0
BSU_13840	GO:0005737	6	0.3	0
BSU_28720	GO:0046872	6	0.3	0
BSU_07590	GO:0005829	6	0.3	0
BSU_37780	GO:0009027	6	0.3	0
BSU_15910	GO:0005737	6	0.3	0
BSU_13960	GO:0003677	6	0.3	0
BSU_11540	GO:0004823	6	0.3	0
BSU_11690	GO:0004823	6	0.3	0
BSU_15760	GO:0016791	6	0.3	0
BSU_08180	GO:0009697	6	0.3	0
BSU_17890	GO:0004823	6	0.3	0
BSU_08100	GO:0006096	6	0.3	0
BSU_32750	GO:0006096	6	0.3	0
BSU_13960	GO:0042906	6	0.3	0
BSU_22790	GO:0004823	6	0.3	0
BSU_24080	GO:0004823	6	0.3	0
BSU_10250	GO:0006096	6	0.3	0
BSU_33600	GO:0009252	6	0.3	0
BSU_14600	GO:0005515	6	0.3	0
BSU_31090	GO:0042906	6	0.3	0
BSU_34950	GO:0009697	6	0.3	0
BSU_32750	GO:0042906	6	0.3	0
BSU_08460	GO:0042906	6	0.3	0
BSU_02840	GO:0005829	6	0.3	0
BSU_38480	GO:0006096	6	0.3	0
BSU_30050	GO:0055085	6	0.3	0
BSU_28260	GO:0004823	6	0.3	0
BSU_37970	GO:0009432	6	0.3	0
BSU_08450	GO:0042906	6	0.3	0
BSU_32800	GO:0005515	6	0.3	0
BSU_06680	GO:0006096	6	0.3	0
BSU_01750	GO:0006096	6	0.3	0
BSU_16630	GO:0004823	6	0.3	0
BSU_37690	GO:0009252	6	0.3	0
BSU_11540	GO:0005829	6	0.3	0
BSU_24080	GO:0017118	6	0.3	0
BSU_13180	GO:0004823	6	0.3	0
BSU_39920	GO:0006096	6	0.3	0
BSU_13560	GO:0004823	6	0.3	0
BSU_02750	GO:0006096	6	0.3	0
BSU_02980	GO:0006096	6	0.3	0
BSU_03290	GO:0005829	6	0.3	0
BSU_25590	GO:0009432	6	0.3	0
BSU_03590	GO:0006096	6	0.3	0
BSU_03981	GO:0032218	6	0.3	0
BSU_22550	GO:0042906	6	0.3	0
BSU_05860	GO:0006096	6	0.3	0
BSU_15910	GO:0004823	6	0.3	0
BSU_01010	GO:0009252	6	0.3	0
BSU_30050	GO:0042906	6	0.3	0
BSU_06450	GO:0006096	6	0.3	0
BSU_06460	GO:0006096	6	0.3	0
BSU_32480	GO:0005737	6	0.3	0
BSU_08200	GO:0046872	6	0.3	0
BSU_23210	GO:0005829	6	0.3	0
BSU_36920	GO:0003824	6	0.3	0
BSU_27970	GO:0005886	6	0.3	0
BSU_06680	GO:0004823	6	0.3	0
BSU_34550	GO:0003824	6	0.3	0
BSU_06450	GO:0004823	6	0.3	0
BSU_07130	GO:0003824	6	0.3	0
BSU_09570	GO:0003723	6	0.3	0
BSU_22370	GO:0003723	6	0.3	0
BSU_13960	GO:0055085	6	0.3	0
BSU_13790	GO:0003824	6	0.3	0
BSU_40060	GO:0005886	6	0.3	0
BSU_19180	GO:0005737	6	0.3	0
BSU_03520	GO:0071555	6	0.3	0
BSU_04660	GO:0006355	6	0.3	0
BSU_24150	GO:0071555	6	0.3	0
BSU_37710	GO:0005886	6	0.3	0
BSU_05830	GO:0009361	6	0.3	0
BSU_06812	GO:0006355	6	0.3	0
BSU_41010	GO:0046872	6	0.3	0
BSU_11690	GO:0005829	6	0.3	0
BSU_29805	GO:0006355	6	0.3	0
BSU_09620	GO:0071555	6	0.3	0
BSU_32800	GO:0003723	6	0.3	0
BSU_31960	GO:0004823	6	0.3	0
BSU_32750	GO:0004823	6	0.3	0
BSU_03290	GO:0003723	6	0.3	0
BSU_32690	GO:0004823	6	0.3	0
BSU_09380	GO:0000287	6	0.3	0
BSU_24070	GO:0005886	6	0.3	0
BSU_00460	GO:0005886	6	0.3	0
BSU_05880	GO:0009361	6	0.3	0
BSU_34120	GO:0009361	6	0.3	0
BSU_16120	GO:0009697	6	0.3	0
BSU_02980	GO:0005886	6	0.3	0
BSU_32250	GO:0004823	6	0.3	0
BSU_41010	GO:0004823	6	0.3	0
BSU_03520	GO:0016791	6	0.3	0
BSU_25480	GO:0003723	6	0.3	0
BSU_13720	GO:0005886	6	0.3	0
BSU_06460	GO:0003723	6	0.3	0
BSU_38480	GO:0005886	6	0.3	0
BSU_13560	GO:0005886	6	0.3	0
BSU_29440	GO:0003723	6	0.3	0
BSU_33150	GO:0005886	6	0.3	0
BSU_24130	GO:0071555	6	0.3	0
BSU_23920	GO:0005886	6	0.3	0
BSU_32250	GO:0046872	6	0.3	0
BSU_34120	GO:0005737	6	0.3	0
BSU_02850	GO:0005737	6	0.3	0
BSU_28710	GO:0046872	6	0.3	0
BSU_10170	GO:0005829	6	0.3	0
BSU_13180	GO:0005737	6	0.3	0
BSU_17890	GO:0009697	6	0.3	0
BSU_09620	GO:0005737	6	0.3	0
BSU_27970	GO:0005737	6	0.3	0
BSU_40230	GO:0003677	6	0.3	0
BSU_40970	GO:0000287	6	0.3	0
BSU_39760	GO:0005737	6	0.3	0
BSU_22140	GO:0005737	6	0.3	0
BSU_28710	GO:0032218	6	0.3	0
BSU_33540	GO:0005737	6	0.3	0
BSU_07810	GO:0046872	6	0.3	0
BSU_01680	GO:0032218	6	0.3	0
BSU_32820	GO:0005737	6	0.3	0
BSU_12380	GO:0005737	6	0.3	0
BSU_08100	GO:0046872	6	0.3	0
BSU_03910	GO:0005737	6	0.3	0
BSU_03040	GO:0005737	6	0.3	0
BSU_32000	GO:0046872	6	0.3	0
BSU_22760	GO:0071555	6	0.3	0
BSU_11330	GO:0005829	6	0.3	0
BSU_08100	GO:0009361	6	0.3	0
BSU_13840	GO:0071555	6	0.3	0
BSU_38620	GO:0006355	6	0.3	0
BSU_08200	GO:0009361	6	0.3	0
BSU_15760	GO:0071555	6	0.3	0
BSU_16110	GO:0005829	6	0.3	0
BSU_37330	GO:0046872	6	0.3	0
BSU_32690	GO:0046872	6	0.3	0
BSU_23920	GO:0016887	6	0.3	0
BSU_00790	GO:0005886	6	0.3	0
BSU_03930	GO:0071555	6	0.3	0
BSU_37620	GO:0071555	6	0.3	0
BSU_33600	GO:0071555	6	0.3	0
BSU_27970	GO:0071555	6	0.3	0
BSU_30230	GO:0046872	6	0.3	0
BSU_05860	GO:0005737	6	0.3	0
BSU_25440	GO:0003677	6	0.3	0
BSU_24150	GO:0003824	6	0.3	0
BSU_10250	GO:0005829	6	0.3	0
BSU_03290	GO:0000156	6	0.3	0
BSU_19230	GO:0043878	6	0.3	0
BSU_05860	GO:0009401	6	0.3	0
BSU_24560	GO:0005737	6	0.3	0
BSU_25590	GO:0016020	6	0.3	0
BSU_32250	GO:0005829	6	0.3	0
BSU_32690	GO:0016491	6	0.3	0
BSU_37330	GO:0016491	6	0.3	0
BSU_33330	GO:0008324	6	0.3	0
BSU_38060	GO:0008324	6	0.3	0
BSU_32690	GO:0042823	6	0.3	0
BSU_31960	GO:0005737	6	0.3	0
BSU_24130	GO:0005829	6	0.3	0
BSU_32250	GO:0016491	6	0.3	0
BSU_40770	GO:0008324	6	0.3	0
BSU_32000	GO:0042823	6	0.3	0
BSU_41010	GO:0016491	6	0.3	0
BSU_34930	GO:0016829	6	0.3	0
BSU_23080	GO:0005829	6	0.3	0
BSU_03290	GO:0005886	6	0.3	0
BSU_05880	GO:0042823	6	0.3	0
BSU_34120	GO:0042823	6	0.3	0
BSU_27970	GO:0005737	6	0.3	0
BSU_03280	GO:0005886	6	0.3	0
BSU_30230	GO:0016491	6	0.3	0
BSU_28710	GO:0016491	6	0.3	0
BSU_36100	GO:0005886	6	0.3	0
BSU_03040	GO:0016491	6	0.3	0
BSU_27970	GO:0005737	6	0.3	0
BSU_29805	GO:0016829	6	0.3	0
BSU_25620	GO:0016829	6	0.3	0
BSU_02490	GO:0005829	6	0.3	0
BSU_02460	GO:0005829	6	0.3	0
BSU_39390	GO:0072488	6	0.3	0
BSU_29990	GO:0008324	6	0.3	0
BSU_12340	GO:0005829	6	0.3	0
BSU_06450	GO:0042823	6	0.3	0
BSU_36370	GO:0005829	6	0.3	0
BSU_32250	GO:0005886	6	0.3	0
BSU_28260	GO:0005886	6	0.3	0
BSU_06680	GO:0042823	6	0.3	0
BSU_30070	GO:0008324	6	0.3	0
BSU_27430	GO:0016020	6	0.3	0
BSU_34120	GO:0016491	6	0.3	0
BSU_31960	GO:0042823	6	0.3	0
BSU_32750	GO:0042823	6	0.3	0
BSU_00910	GO:0005829	6	0.3	0
BSU_27510	GO:0005737	6	0.3	0
BSU_24470	GO:0005829	6	0.3	0
BSU_28710	GO:0008324	6	0.3	0
BSU_11690	GO:0016491	6	0.3	0
BSU_13180	GO:0016491	6	0.3	0
BSU_29805	GO:0003700	6	0.3	0
BSU_13180	GO:0005737	6	0.3	0
BSU_13560	GO:0016491	6	0.3	0
BSU_22790	GO:0005198	6	0.3	0
BSU_09440	GO:0005737	6	0.3	0
BSU_05880	GO:0005737	6	0.3	0
BSU_17890	GO:0005737	6	0.3	0
BSU_15550	GO:0016491	6	0.3	0
BSU_41010	GO:0016829	6	0.3	0
BSU_17890	GO:0005198	6	0.3	0
BSU_32750	GO:0016020	6	0.3	0
BSU_08180	GO:0036440	6	0.3	0
BSU_16630	GO:0016491	6	0.3	0
BSU_16630	GO:0005198	6	0.3	0
BSU_30390	GO:0003677	6	0.3	0
BSU_38620	GO:0003700	6	0.3	0
BSU_22690	GO:0016829	6	0.3	0
BSU_07260	GO:0016020	6	0.3	0
BSU_24080	GO:0005198	6	0.3	0
BSU_11540	GO:0016491	6	0.3	0
BSU_34920	GO:0016829	6	0.3	0
BSU_37330	GO:0016829	6	0.3	0
BSU_04660	GO:0003700	6	0.3	0
BSU_13950	GO:0034220	6	0.3	0
BSU_34950	GO:0005829	6	0.3	0
BSU_22090	GO:0005737	6	0.3	0
BSU_32750	GO:0016491	6	0.3	0
BSU_31960	GO:0016491	6	0.3	0
BSU_22140	GO:0005737	6	0.3	0
BSU_35750	GO:0005737	6	0.3	0
BSU_06680	GO:0016491	6	0.3	0
BSU_06450	GO:0016491	6	0.3	0
BSU_31090	GO:0016020	6	0.3	0
BSU_28260	GO:0005198	6	0.3	0
BSU_06812	GO:0003700	6	0.3	0
BSU_38390	GO:0005737	6	0.3	0
BSU_16120	GO:0003700	6	0.3	0
BSU_31290	GO:0016829	6	0.3	0
BSU_31290	GO:0036440	6	0.3	0
BSU_30230	GO:0016829	6	0.3	0
BSU_10250	GO:0016491	6	0.3	0
BSU_12930	GO:0034220	6	0.3	0
BSU_00780	GO:0005829	6	0.3	0
BSU_15550	GO:0005198	6	0.3	0
BSU_06812	GO:0055085	6	0.3	0
BSU_18440	GO:0042126	6	0.3	0
BSU_22960	GO:0042126	6	0.3	0
BSU_22960	GO:0003824	6	0.3	0
BSU_07710	GO:0050845	6	0.3	0
BSU_16600	GO:0005778	6	0.3	0
BSU_16600	GO:0032993	6	0.3	0
BSU_16120	GO:0005737	6	0.3	0
BSU_17890	GO:0005737	6	0.3	0
BSU_18460	GO:0005737	6	0.3	0
BSU_22960	GO:0005778	6	0.3	0
BSU_05860	GO:0016491	6	0.3	0
BSU_28260	GO:0042823	6	0.3	0
BSU_25590	GO:0005737	6	0.3	0
BSU_15760	GO:0005737	6	0.3	0
BSU_03040	GO:0005829	6	0.3	0
BSU_07260	GO:0055085	6	0.3	0
BSU_07710	GO:0055085	6	0.3	0
BSU_28710	GO:0005829	6	0.3	0
BSU_39390	GO:0008324	6	0.3	0
BSU_24080	GO:0042823	6	0.3	0
BSU_01610	GO:0008324	6	0.3	0
BSU_06812	GO:0050845	6	0.3	0
BSU_03480	GO:0005778	6	0.3	0
BSU_03810	GO:0008324	6	0.3	0
BSU_09380	GO:0042126	6	0.3	0
BSU_32240	GO:0046316	6	0.3	0
BSU_30380	GO:0008324	6	0.3	0
BSU_40960	GO:0005737	6	0.3	0
BSU_27620	GO:0005737	6	0.3	0
BSU_11210	GO:0046316	6	0.3	0
BSU_28260	GO:0005737	6	0.3	0
BSU_27510	GO:0005737	6	0.3	0
BSU_19360	GO:0005778	6	0.3	0
BSU_16600	GO:0003824	6	0.3	0
BSU_33300	GO:0008324	6	0.3	0
BSU_22550	GO:0005737	6	0.3	0
BSU_33290	GO:0016020	6	0.3	0
BSU_30540	GO:0005778	6	0.3	0
BSU_03890	GO:0005737	6	0.3	0
BSU_06060	GO:0005737	6	0.3	0
BSU_33040	GO:0005778	6	0.3	0
BSU_03800	GO:0008324	6	0.3	0
BSU_08100	GO:0005737	6	0.3	0
BSU_26810	GO:0005886	6	0.3	0
BSU_30230	GO:0005829	6	0.3	0
BSU_05830	GO:0034220	6	0.3	0
BSU_12940	GO:0034220	6	0.3	0
BSU_32800	GO:0008705	6	0.3	0
BSU_22600	GO:0005829	6	0.3	0
BSU_19360	GO:0008705	6	0.3	0
BSU_13960	GO:0050845	6	0.3	0
BSU_14600	GO:0008705	6	0.3	0
BSU_34120	GO:0005737	6	0.3	0
BSU_15920	GO:0008705	6	0.3	0
BSU_14410	GO:0072488	6	0.3	0
BSU_02850	GO:0005737	6	0.3	0
BSU_24290	GO:0008705	6	0.3	0
BSU_13560	GO:0042823	6	0.3	0
BSU_13180	GO:0042823	6	0.3	0
BSU_30050	GO:0050845	6	0.3	0
BSU_27900	GO:0005829	6	0.3	0
BSU_13180	GO:0005737	6	0.3	0
BSU_13300	GO:0072488	6	0.3	0
BSU_29340	GO:0016020	6	0.3	0
BSU_32240	GO:0005886	6	0.3	0
BSU_18230	GO:0005829	6	0.3	0
BSU_15910	GO:0042823	6	0.3	0
BSU_14180	GO:0005829	6	0.3	0
BSU_37330	GO:0005829	6	0.3	0
BSU_26590	GO:0008324	6	0.3	0
BSU_22370	GO:0042823	6	0.3	0
BSU_22790	GO:0042823	6	0.3	0
BSU_09380	GO:0005737	6	0.3	0
BSU_18440	GO:0042823	6	0.3	0
BSU_06370	GO:0008324	6	0.3	0
BSU_37970	GO:0016829	6	0.3	0
BSU_01920	GO:0016829	6	0.3	0
BSU_07590	GO:0005886	6	0.3	0
BSU_17890	GO:0042823	6	0.3	0
BSU_16600	GO:0008705	6	0.3	0
BSU_35740	GO:0016829	6	0.3	0
BSU_05860	GO:0005737	6	0.3	0
BSU_38480	GO:0005886	6	0.3	0
BSU_34470	GO:0008324	6	0.3	0
BSU_11690	GO:0005829	6	0.3	0
BSU_13960	GO:0005829	6	0.3	0
BSU_16630	GO:0042823	6	0.3	0
BSU_23310	GO:0072488	6	0.3	0
BSU_03310	GO:0005737	6	0.3	0
BSU_15910	GO:0005198	6	0.3	0
BSU_17890	GO:0016491	6	0.3	0
BSU_00670	GO:0000976	6	0.3	0
BSU_03290	GO:0009435	6	0.3	0
BSU_11540	GO:0009435	6	0.3	0
BSU_38480	GO:0000156	6	0.3	0
BSU_13960	GO:0043878	6	0.3	0
BSU_40960	GO:0006281	6	0.3	0
BSU_24070	GO:0016887	6	0.3	0
BSU_16110	GO:0006281	6	0.3	0
BSU_09570	GO:0008168	6	0.3	0
BSU_22370	GO:0008168	6	0.3	0
BSU_33600	GO:0016020	6	0.3	0
BSU_11520	GO:0016020	6	0.3	0
BSU_11690	GO:0009435	6	0.3	0
BSU_01010	GO:0005737	6	0.3	0
BSU_17890	GO:0047810	6	0.3	0
BSU_40960	GO:0016020	6	0.3	0
BSU_40970	GO:0016020	6	0.3	0
BSU_05830	GO:0005737	6	0.3	0
BSU_16110	GO:0008168	6	0.3	0
BSU_02840	GO:0016829	6	0.3	0
BSU_40970	GO:0140581	6	0.3	0
BSU_02840	GO:0009435	6	0.3	0
BSU_32690	GO:0036440	6	0.3	0
BSU_08100	GO:0006281	6	0.3	0
BSU_32800	GO:0008168	6	0.3	0
BSU_06460	GO:0009435	6	0.3	0
BSU_06960	GO:0006281	6	0.3	0
BSU_16110	GO:0009435	6	0.3	0
BSU_00460	GO:0016887	6	0.3	0
BSU_10250	GO:0009435	6	0.3	0
BSU_07590	GO:0016829	6	0.3	0
BSU_11330	GO:0009435	6	0.3	0
BSU_10170	GO:0009435	6	0.3	0
BSU_23250	GO:0036440	6	0.3	0
BSU_25480	GO:0008168	6	0.3	0
BSU_18440	GO:0005737	6	0.3	0
BSU_11540	GO:0016829	6	0.3	0
BSU_06460	GO:0008168	6	0.3	0
BSU_22790	GO:0006281	6	0.3	0
BSU_18460	GO:0006281	6	0.3	0
BSU_07810	GO:0009435	6	0.3	0
BSU_07590	GO:0009435	6	0.3	0
BSU_29440	GO:0008168	6	0.3	0
BSU_29440	GO:0009435	6	0.3	0
BSU_09380	GO:0006281	6	0.3	0
BSU_09380	GO:0047810	6	0.3	0
BSU_37620	GO:0009435	6	0.3	0
BSU_30190	GO:0005737	6	0.3	0
BSU_00670	GO:0000156	6	0.3	0
BSU_01750	GO:0005737	6	0.3	0
BSU_29760	GO:0043878	6	0.3	0
BSU_16020	GO:0000976	6	0.3	0
BSU_01680	GO:0005737	6	0.3	0
BSU_26810	GO:0140098	6	0.3	0
BSU_22690	GO:0140098	6	0.3	0
BSU_33290	GO:0016020	6	0.3	0
BSU_33600	GO:0000976	6	0.3	0
BSU_00810	GO:0043878	6	0.3	0
BSU_33600	GO:0000156	6	0.3	0
BSU_37170	GO:0043878	6	0.3	0
BSU_30830	GO:0140098	6	0.3	0
BSU_24080	GO:0046872	6	0.3	0
BSU_29340	GO:0016020	6	0.3	0
BSU_16020	GO:0000156	6	0.3	0
BSU_10250	GO:0005886	6	0.3	0
BSU_28710	GO:0005737	6	0.3	0
BSU_31190	GO:0140098	6	0.3	0
BSU_31090	GO:0055085	6	0.3	0
BSU_24150	GO:0043878	6	0.3	0
BSU_24290	GO:0000156	6	0.3	0
BSU_07630	GO:0043878	6	0.3	0
BSU_06150	GO:0043878	6	0.3	0
BSU_32800	GO:0047810	6	0.3	0
BSU_37670	GO:0043878	6	0.3	0
BSU_10140	GO:0043878	6	0.3	0
BSU_17860	GO:0008168	6	0.3	0
BSU_16020	GO:0009435	6	0.3	0
BSU_05860	GO:0005886	6	0.3	0
BSU_33600	GO:0009435	6	0.3	0
BSU_00670	GO:0140098	6	0.3	0
BSU_14470	GO:0140581	6	0.3	0
BSU_08100	GO:0000156	6	0.3	0
BSU_41010	GO:0140098	6	0.3	0
BSU_06450	GO:0005886	6	0.3	0
BSU_29440	GO:0047810	6	0.3	0
BSU_06460	GO:0005886	6	0.3	0
BSU_27510	GO:0036440	6	0.3	0
BSU_28170	GO:0043878	6	0.3	0
BSU_15460	GO:0140098	6	0.3	0
BSU_06960	GO:0000156	6	0.3	0
BSU_03450	GO:0140098	6	0.3	0
BSU_29805	GO:0005886	6	0.3	0
BSU_22790	GO:0047810	6	0.3	0
BSU_04450	GO:0003677	6	0.3	0
BSU_18930	GO:0003700	6	0.3	0
BSU_10250	GO:0016829	6	0.3	0
BSU_22370	GO:0032259	6	0.3	0
BSU_06450	GO:0005198	6	0.3	0
BSU_09570	GO:0032259	6	0.3	0
BSU_06680	GO:0005198	6	0.3	0
BSU_02850	GO:0016020	6	0.3	0
BSU_31960	GO:0005198	6	0.3	0
BSU_32750	GO:0005198	6	0.3	0
BSU_11330	GO:0016829	6	0.3	0
BSU_32800	GO:0032259	6	0.3	0
BSU_03290	GO:0008168	6	0.3	0
BSU_14600	GO:0032259	6	0.3	0
BSU_03040	GO:0036440	6	0.3	0
BSU_40960	GO:0005737	6	0.3	0
BSU_10250	GO:0003677	6	0.3	0
BSU_41010	GO:0005198	6	0.3	0
BSU_32250	GO:0005198	6	0.3	0
BSU_01750	GO:0016020	6	0.3	0
BSU_06460	GO:0003677	6	0.3	0
BSU_15920	GO:0032259	6	0.3	0
BSU_06680	GO:0005737	6	0.3	0
BSU_16600	GO:0032259	6	0.3	0
BSU_23920	GO:0003677	6	0.3	0
BSU_37330	GO:0003677	6	0.3	0
BSU_15760	GO:0005737	6	0.3	0
BSU_39650	GO:0003677	6	0.3	0
BSU_22790	GO:0016491	6	0.3	0
BSU_22600	GO:0016829	6	0.3	0
BSU_13560	GO:0005198	6	0.3	0
BSU_22600	GO:0016491	6	0.3	0
BSU_13180	GO:0005198	6	0.3	0
BSU_00460	GO:0005737	6	0.3	0
BSU_34920	GO:0003677	6	0.3	0
BSU_11690	GO:0005198	6	0.3	0
BSU_11540	GO:0005198	6	0.3	0
BSU_28260	GO:0016491	6	0.3	0
BSU_15550	GO:0003700	6	0.3	0
BSU_30380	GO:0003677	6	0.3	0
BSU_31960	GO:0016020	6	0.3	0
BSU_10250	GO:0005198	6	0.3	0
BSU_30190	GO:0016491	6	0.3	0
BSU_03590	GO:0016020	6	0.3	0
BSU_11690	GO:0016829	6	0.3	0
BSU_37330	GO:0005198	6	0.3	0
BSU_32690	GO:0005198	6	0.3	0
BSU_06450	GO:0003677	6	0.3	0
BSU_24290	GO:0008168	6	0.3	0
BSU_02750	GO:0005886	6	0.3	0
BSU_07810	GO:0016829	6	0.3	0
BSU_33150	GO:0016887	6	0.3	0
BSU_39480	GO:0003677	6	0.3	0
BSU_00670	GO:0008168	6	0.3	0
BSU_35900	GO:0005737	6	0.3	0
BSU_34120	GO:0006281	6	0.3	0
BSU_23250	GO:0047810	6	0.3	0
BSU_13180	GO:0006281	6	0.3	0
BSU_13720	GO:0016887	6	0.3	0
BSU_13180	GO:0005737	6	0.3	0
BSU_33600	GO:0008168	6	0.3	0
BSU_27970	GO:0006281	6	0.3	0
BSU_16630	GO:0009435	6	0.3	0
BSU_08100	GO:0005737	6	0.3	0
BSU_37620	GO:0008168	6	0.3	0
BSU_23210	GO:0009435	6	0.3	0
BSU_05970	GO:0006281	6	0.3	0
BSU_39650	GO:0050845	6	0.3	0
BSU_03290	GO:0006281	6	0.3	0
BSU_03310	GO:0006281	6	0.3	0
BSU_13560	GO:0005737	6	0.3	0
BSU_02750	GO:0005886	6	0.3	0
BSU_05860	GO:0003677	6	0.3	0
BSU_10540	GO:0003700	6	0.3	0
BSU_32000	GO:0005198	6	0.3	0
BSU_29440	GO:0016020	6	0.3	0
BSU_28710	GO:0005198	6	0.3	0
BSU_02750	GO:0003677	6	0.3	0
BSU_03040	GO:0005198	6	0.3	0
BSU_34120	GO:0005198	6	0.3	0
BSU_01750	GO:0003677	6	0.3	0
BSU_30540	GO:0005737	6	0.3	0
BSU_39920	GO:0005737	6	0.3	0
BSU_06680	GO:0005737	6	0.3	0
BSU_12380	GO:0003700	6	0.3	0
BSU_24290	GO:0032259	6	0.3	0
BSU_16020	GO:0008168	6	0.3	0
BSU_17100	GO:0003700	6	0.3	0
BSU_33040	GO:0032259	6	0.3	0
BSU_18440	GO:0032259	6	0.3	0
BSU_10170	GO:0016829	6	0.3	0
BSU_37620	GO:0005829	6	0.3	0
BSU_29440	GO:0009252	6	0.3	0
BSU_08200	GO:0042906	6	0.3	0
BSU_06450	GO:0006177	6	0.3	0
BSU_33290	GO:0016020	6	0.3	0
BSU_32750	GO:0006177	6	0.3	0
BSU_30540	GO:0003824	6	0.3	0
BSU_31960	GO:0006177	6	0.3	0
BSU_33040	GO:0003824	6	0.3	0
BSU_27970	GO:0016787	6	0.3	0
BSU_06680	GO:0006177	6	0.3	0
BSU_29440	GO:0006289	6	0.3	0
BSU_05860	GO:0017118	6	0.3	0
BSU_16590	GO:0016787	6	0.3	0
BSU_28710	GO:0017118	6	0.3	0
BSU_10250	GO:0006177	6	0.3	0
BSU_37330	GO:0016787	6	0.3	0
BSU_29440	GO:0016020	6	0.3	0
BSU_11540	GO:0006177	6	0.3	0
BSU_27970	GO:1990169	6	0.3	0
BSU_17890	GO:0017018	6	0.3	0
BSU_13180	GO:0006177	6	0.3	0
BSU_13560	GO:0006177	6	0.3	0
BSU_17890	GO:0006650	6	0.3	0
BSU_00780	GO:0030420	6	0.3	0
BSU_08180	GO:0017018	6	0.3	0
BSU_29340	GO:0016020	6	0.3	0
BSU_14600	GO:0006289	6	0.3	0
BSU_34120	GO:0006177	6	0.3	0
BSU_05880	GO:0006177	6	0.3	0
BSU_03040	GO:0016787	6	0.3	0
BSU_32000	GO:0006177	6	0.3	0
BSU_22370	GO:0006289	6	0.3	0
BSU_02850	GO:0016787	6	0.3	0
BSU_05860	GO:0017018	6	0.3	0
BSU_09570	GO:0006289	6	0.3	0
BSU_05880	GO:0003824	6	0.3	0
BSU_08180	GO:0016301	6	0.3	0
BSU_03040	GO:0017118	6	0.3	0
BSU_32690	GO:0006177	6	0.3	0
BSU_41010	GO:0006177	6	0.3	0
BSU_22600	GO:0006650	6	0.3	0
BSU_00910	GO:0009027	6	0.3	0
BSU_22550	GO:0045333	6	0.3	0
BSU_32800	GO:0006289	6	0.3	0
BSU_07260	GO:0017018	6	0.3	0
BSU_39650	GO:0055085	6	0.3	0
BSU_07810	GO:0017118	6	0.3	0
BSU_25480	GO:0006289	6	0.3	0
BSU_16120	GO:0017018	6	0.3	0
BSU_33040	GO:0016020	6	0.3	0
BSU_24290	GO:1990169	6	0.3	0
BSU_01010	GO:0006777	6	0.3	0
BSU_32250	GO:0009027	6	0.3	0
BSU_01010	GO:1990169	6	0.3	0
BSU_33600	GO:0006777	6	0.3	0
BSU_06812	GO:0043565	6	0.3	0
BSU_33600	GO:1990169	6	0.3	0
BSU_24290	GO:0016020	6	0.3	0
BSU_24130	GO:0005737	6	0.3	0
BSU_15920	GO:1990169	6	0.3	0
BSU_16120	GO:0043565	6	0.3	0
BSU_29440	GO:1990169	6	0.3	0
BSU_11690	GO:0006650	6	0.3	0
BSU_09440	GO:0006650	6	0.3	0
BSU_33600	GO:0006289	6	0.3	0
BSU_32800	GO:1990169	6	0.3	0
BSU_09380	GO:1990169	6	0.3	0
BSU_17890	GO:1990169	6	0.3	0
BSU_07710	GO:0006650	6	0.3	0
BSU_28260	GO:0006177	6	0.3	0
BSU_24080	GO:0006177	6	0.3	0
BSU_16590	GO:0009432	6	0.3	0
BSU_22370	GO:0006177	6	0.3	0
BSU_08180	GO:0017118	6	0.3	0
BSU_15760	GO:0016301	6	0.3	0
BSU_15910	GO:0006177	6	0.3	0
BSU_16560	GO:1990169	6	0.3	0
BSU_16110	GO:0016020	6	0.3	0
BSU_16600	GO:0003824	6	0.3	0
BSU_16630	GO:0016787	6	0.3	0
BSU_24630	GO:1990169	6	0.3	0
BSU_16630	GO:0006177	6	0.3	0
BSU_04660	GO:0043565	6	0.3	0
BSU_13180	GO:1990169	6	0.3	0
BSU_17890	GO:0006177	6	0.3	0
BSU_18440	GO:0006177	6	0.3	0
BSU_18440	GO:0003824	6	0.3	0
BSU_22960	GO:0003824	6	0.3	0
BSU_22550	GO:0017018	6	0.3	0
BSU_15920	GO:0006289	6	0.3	0
BSU_06680	GO:0016787	6	0.3	0
BSU_22790	GO:0006177	6	0.3	0
BSU_21910	GO:0030420	6	0.3	0
BSU_05830	GO:0003824	6	0.3	0
BSU_00670	GO:0016020	6	0.3	0
BSU_32480	GO:0045333	6	0.3	0
BSU_06680	GO:0017118	6	0.3	0
BSU_19180	GO:0045333	6	0.3	0
BSU_29805	GO:0030420	6	0.3	0
BSU_09380	GO:0003924	6	0.3	0
BSU_36370	GO:0009027	6	0.3	0
BSU_07710	GO:0016787	6	0.3	0
BSU_32750	GO:0017118	6	0.3	0
BSU_37970	GO:0030420	6	0.3	0
BSU_25480	GO:0009252	6	0.3	0
BSU_04460	GO:0030420	6	0.3	0
BSU_25580	GO:0030420	6	0.3	0
BSU_32470	GO:0045333	6	0.3	0
BSU_36370	GO:0030420	6	0.3	0
BSU_15920	GO:0009252	6	0.3	0
BSU_11520	GO:0003824	6	0.3	0
BSU_07260	GO:0016787	6	0.3	0
BSU_22550	GO:0006071	6	0.3	0
BSU_10140	GO:0030420	6	0.3	0
BSU_39920	GO:0016887	6	0.3	0
BSU_03310	GO:0003924	6	0.3	0
BSU_31090	GO:0006071	6	0.3	0
BSU_06450	GO:0017118	6	0.3	0
BSU_14600	GO:0009252	6	0.3	0
BSU_32800	GO:0009252	6	0.3	0
BSU_07510	GO:0006071	6	0.3	0
BSU_34010	GO:0006071	6	0.3	0
BSU_03040	GO:0016301	6	0.3	0
BSU_22370	GO:0009252	6	0.3	0
BSU_08200	GO:0006071	6	0.3	0
BSU_08450	GO:0006071	6	0.3	0
BSU_08460	GO:0006071	6	0.3	0
BSU_03290	GO:0016301	6	0.3	0
BSU_37190	GO:0006650	6	0.3	0
BSU_32750	GO:0006071	6	0.3	0
BSU_08180	GO:0016787	6	0.3	0
BSU_09570	GO:0009252	6	0.3	0
BSU_34950	GO:0016787	6	0.3	0
BSU_17890	GO:0003924	6	0.3	0
BSU_11540	GO:0016301	6	0.3	0
BSU_12930	GO:0003824	6	0.3	0
BSU_34930	GO:0006650	6	0.3	0
BSU_32690	GO:0006650	6	0.3	0
BSU_05860	GO:0016887	6	0.3	0
BSU_03290	GO:0003924	6	0.3	0
BSU_01750	GO:0016887	6	0.3	0
BSU_34120	GO:0003924	6	0.3	0
BSU_32690	GO:0017118	6	0.3	0
BSU_07260	GO:0016301	6	0.3	0
BSU_07710	GO:0016301	6	0.3	0
BSU_16110	GO:0006289	6	0.3	0
BSU_03290	GO:0016787	6	0.3	0
BSU_30230	GO:0017118	6	0.3	0
BSU_17840	GO:0030420	6	0.3	0
BSU_09620	GO:0017018	6	0.3	0
BSU_32000	GO:0017118	6	0.3	0
BSU_13180	GO:0017018	6	0.3	0
BSU_02850	GO:0017018	6	0.3	0
BSU_03040	GO:0017018	6	0.3	0
BSU_34120	GO:0017018	6	0.3	0
BSU_03290	GO:0017018	6	0.3	0
BSU_03310	GO:0017018	6	0.3	0
BSU_33200	GO:0030420	6	0.3	0
BSU_34950	GO:0016301	6	0.3	0
BSU_24150	GO:0030420	6	0.3	0
BSU_19360	GO:0003824	6	0.3	0
BSU_11540	GO:0017018	6	0.3	0
BSU_33040	GO:0009252	6	0.3	0
BSU_27970	GO:0017018	6	0.3	0
BSU_40970	GO:0003824	6	0.3	0
BSU_11540	GO:0016787	6	0.3	0
BSU_13180	GO:0003924	6	0.3	0
BSU_32000	GO:0045333	6	0.3	0
BSU_04210	GO:0030420	6	0.3	0
BSU_33150	GO:0030420	6	0.3	0
BSU_27510	GO:0006650	6	0.3	0
BSU_27860	GO:0030420	6	0.3	0
BSU_25590	GO:0006071	6	0.3	0
BSU_27430	GO:0006071	6	0.3	0
BSU_27440	GO:0006071	6	0.3	0
BSU_41010	GO:0017118	6	0.3	0
BSU_27970	GO:0003924	6	0.3	0
BSU_17100	GO:0030420	6	0.3	0
BSU_32250	GO:0017118	6	0.3	0
BSU_05860	GO:0016787	6	0.3	0
BSU_33600	GO:0017018	6	0.3	0
BSU_17150	GO:0030420	6	0.3	0
BSU_25440	GO:0030420	6	0.3	0
BSU_37330	GO:0017118	6	0.3	0
BSU_24290	GO:0009252	6	0.3	0
BSU_15920	GO:0003824	6	0.3	0
BSU_00670	GO:0006289	6	0.3	0
BSU_13560	GO:0006096	6	0.3	0
BSU_34120	GO:0004170	6	0.3	0
BSU_31960	GO:0005829	6	0.3	0
BSU_32750	GO:0005829	6	0.3	0
BSU_37190	GO:0016020	6	0.3	0
BSU_33290	GO:0016020	6	0.3	0
BSU_03040	GO:0004170	6	0.3	0
BSU_32750	GO:0005737	6	0.3	0
BSU_31960	GO:0005737	6	0.3	0
BSU_29340	GO:0016020	6	0.3	0
BSU_06680	GO:0005737	6	0.3	0
BSU_32250	GO:0005829	6	0.3	0
BSU_13180	GO:0004170	6	0.3	0
BSU_03290	GO:0004170	6	0.3	0
BSU_27430	GO:0016020	6	0.3	0
BSU_25590	GO:0016020	6	0.3	0
BSU_27510	GO:0016301	6	0.3	0
BSU_32690	GO:0005829	6	0.3	0
BSU_03310	GO:0004170	6	0.3	0
BSU_06450	GO:0005737	6	0.3	0
BSU_32000	GO:0005829	6	0.3	0
BSU_11540	GO:0004170	6	0.3	0
BSU_39480	GO:0016020	6	0.3	0
BSU_39650	GO:0016020	6	0.3	0
BSU_13180	GO:0005737	6	0.3	0
BSU_17100	GO:0009432	6	0.3	0
BSU_13180	GO:0005829	6	0.3	0
BSU_03310	GO:0045333	6	0.3	0
BSU_38620	GO:0043565	6	0.3	0
BSU_28710	GO:0005737	6	0.3	0
BSU_32690	GO:0005737	6	0.3	0
BSU_11690	GO:0005829	6	0.3	0
BSU_11540	GO:0005829	6	0.3	0
BSU_02850	GO:0004170	6	0.3	0
BSU_10250	GO:0005829	6	0.3	0
BSU_03290	GO:0045333	6	0.3	0
BSU_30390	GO:0016020	6	0.3	0
BSU_19180	GO:0016020	6	0.3	0
BSU_39270	GO:0016020	6	0.3	0
BSU_04450	GO:0016020	6	0.3	0
BSU_03480	GO:0005737	6	0.3	0
BSU_37780	GO:0045333	6	0.3	0
BSU_30830	GO:0006650	6	0.3	0
BSU_06450	GO:0005829	6	0.3	0
BSU_06680	GO:0005829	6	0.3	0
BSU_13960	GO:0016020	6	0.3	0
BSU_03040	GO:0005829	6	0.3	0
BSU_34120	GO:0005829	6	0.3	0
BSU_30380	GO:0016020	6	0.3	0
BSU_24290	GO:0016746	6	0.3	0
BSU_15550	GO:0005737	6	0.3	0
BSU_01010	GO:0016746	6	0.3	0
BSU_17840	GO:0006650	6	0.3	0
BSU_09380	GO:0016746	6	0.3	0
BSU_28510	GO:0005829	6	0.3	0
BSU_28720	GO:0005829	6	0.3	0
BSU_15910	GO:0005737	6	0.3	0
BSU_22760	GO:0006650	6	0.3	0
BSU_32800	GO:0016746	6	0.3	0
BSU_07260	GO:0004170	6	0.3	0
BSU_29440	GO:0016746	6	0.3	0
BSU_08180	GO:0004170	6	0.3	0
BSU_17890	GO:0005737	6	0.3	0
BSU_01010	GO:0005737	6	0.3	0
BSU_34950	GO:0009027	6	0.3	0
BSU_29440	GO:0009027	6	0.3	0
BSU_09380	GO:0005737	6	0.3	0
BSU_28260	GO:0005737	6	0.3	0
BSU_31440	GO:0009027	6	0.3	0
BSU_16110	GO:0005829	6	0.3	0
BSU_24080	GO:0045333	6	0.3	0
BSU_13560	GO:0005737	6	0.3	0
BSU_31090	GO:0016020	6	0.3	0
BSU_32750	GO:0016020	6	0.3	0
BSU_07710	GO:0016020	6	0.3	0
BSU_07260	GO:0016020	6	0.3	0
BSU_06812	GO:0016020	6	0.3	0
BSU_15760	GO:0045333	6	0.3	0
BSU_03590	GO:0016020	6	0.3	0
BSU_02850	GO:0016020	6	0.3	0
BSU_03520	GO:0016746	6	0.3	0
BSU_28260	GO:0016301	6	0.3	0
BSU_05860	GO:0005829	6	0.3	0
BSU_01750	GO:0016020	6	0.3	0
BSU_05860	GO:0004170	6	0.3	0
BSU_07810	GO:0005829	6	0.3	0
BSU_08180	GO:0005829	6	0.3	0
BSU_24470	GO:0009027	6	0.3	0
BSU_08100	GO:0005829	6	0.3	0
BSU_13180	GO:0005737	6	0.3	0
BSU_08200	GO:0005829	6	0.3	0
BSU_13560	GO:0005829	6	0.3	0
BSU_09620	GO:0004170	6	0.3	0
BSU_29440	GO:0006777	6	0.3	0
BSU_08100	GO:0016491	6	0.3	0
BSU_08100	GO:0005737	6	0.3	0
BSU_34120	GO:0016491	6	0.3	0
BSU_07260	GO:0006650	6	0.3	0
BSU_10540	GO:0009432	6	0.3	0
BSU_15910	GO:0045333	6	0.3	0
BSU_04460	GO:0043565	6	0.3	0
BSU_05830	GO:0016491	6	0.3	0
BSU_03310	GO:0005737	6	0.3	0
BSU_11690	GO:0003677	6	0.3	0
BSU_08200	GO:0016491	6	0.3	0
BSU_03040	GO:0005737	6	0.3	0
BSU_41010	GO:0006777	6	0.3	0
BSU_16110	GO:0016491	6	0.3	0
BSU_08180	GO:0005737	6	0.3	0
BSU_34120	GO:0005737	6	0.3	0
BSU_16120	GO:0016301	6	0.3	0
BSU_10250	GO:0003677	6	0.3	0
BSU_11330	GO:0003677	6	0.3	0
BSU_10170	GO:0003677	6	0.3	0
BSU_18440	GO:0045333	6	0.3	0
BSU_05880	GO:0016491	6	0.3	0
BSU_08200	GO:0005737	6	0.3	0
BSU_22790	GO:0006777	6	0.3	0
BSU_28260	GO:0009027	6	0.3	0
BSU_22790	GO:1990169	6	0.3	0
BSU_24290	GO:0006289	6	0.3	0
BSU_09570	GO:0016491	6	0.3	0
BSU_22370	GO:0016491	6	0.3	0
BSU_09380	GO:0006777	6	0.3	0
BSU_22550	GO:0005737	6	0.3	0
BSU_16650	GO:0009432	6	0.3	0
BSU_33040	GO:0006289	6	0.3	0
BSU_13180	GO:0016491	6	0.3	0
BSU_17890	GO:0016301	6	0.3	0
BSU_03480	GO:0016491	6	0.3	0
BSU_17890	GO:0006777	6	0.3	0
BSU_33600	GO:0016020	6	0.3	0
BSU_23210	GO:0003677	6	0.3	0
BSU_29805	GO:0043565	6	0.3	0
BSU_33040	GO:0016491	6	0.3	0
BSU_30540	GO:0016491	6	0.3	0
BSU_31960	GO:0016491	6	0.3	0
BSU_17860	GO:0003677	6	0.3	0
BSU_06960	GO:0016491	6	0.3	0
BSU_23250	GO:0006777	6	0.3	0
BSU_07810	GO:0003677	6	0.3	0
BSU_05860	GO:0005737	6	0.3	0
BSU_28260	GO:0005829	6	0.3	0
BSU_34120	GO:0005737	6	0.3	0
BSU_12940	GO:0016746	6	0.3	0
BSU_12930	GO:0016746	6	0.3	0
BSU_16020	GO:0003677	6	0.3	0
BSU_33600	GO:0003677	6	0.3	0
BSU_31090	GO:0004170	6	0.3	0
BSU_24080	GO:0005829	6	0.3	0
BSU_23080	GO:0009027	6	0.3	0
BSU_24560	GO:0045333	6	0.3	0
BSU_31960	GO:0005737	6	0.3	0
BSU_22550	GO:0016301	6	0.3	0
BSU_10540	GO:0006650	6	0.3	0
BSU_16630	GO:0005829	6	0.3	0
BSU_00670	GO:0003677	6	0.3	0
BSU_27970	GO:0004170	6	0.3	0
BSU_15910	GO:0005829	6	0.3	0
BSU_02270	GO:0006650	6	0.3	0
BSU_15760	GO:0016746	6	0.3	0
BSU_02840	GO:0003677	6	0.3	0
BSU_30540	GO:0005737	6	0.3	0
BSU_15920	GO:0016020	6	0.3	0
BSU_02490	GO:0006650	6	0.3	0
BSU_29440	GO:0003677	6	0.3	0
BSU_34550	GO:0006650	6	0.3	0
BSU_12380	GO:0009432	6	0.3	0
BSU_21460	GO:0009432	6	0.3	0
BSU_06460	GO:0003677	6	0.3	0
BSU_24130	GO:0009027	6	0.3	0
BSU_35750	GO:0005737	6	0.3	0
BSU_25480	GO:0003677	6	0.3	0
BSU_40960	GO:0016746	6	0.3	0
BSU_27970	GO:0016746	6	0.3	0
BSU_33600	GO:0016746	6	0.3	0
BSU_37620	GO:0016746	6	0.3	0
BSU_40970	GO:0005737	6	0.3	0
BSU_11540	GO:0003677	6	0.3	0
BSU_30830	GO:0004170	6	0.3	0
BSU_03290	GO:0003677	6	0.3	0
BSU_40960	GO:0005737	6	0.3	0
BSU_16590	GO:0006777	6	0.3	0
BSU_16650	GO:0006777	6	0.3	0
BSU_02850	GO:0016301	6	0.3	0
BSU_07500	GO:0006071	6	0.3	0
BSU_39270	GO:0016787	6	0.3	0
BSU_02850	GO:0009697	6	0.3	0
BSU_03040	GO:0009697	6	0.3	0
BSU_27440	GO:0015878	6	0.3	0
BSU_27430	GO:0015878	6	0.3	0
BSU_05860	GO:0030488	6	0.3	0
BSU_25590	GO:0015878	6	0.3	0
BSU_33040	GO:0005515	6	0.3	0
BSU_31960	GO:0004315	6	0.3	0
BSU_22550	GO:0015878	6	0.3	0
BSU_31090	GO:0032218	6	0.3	0
BSU_07810	GO:0030488	6	0.3	0
BSU_34010	GO:0032218	6	0.3	0
BSU_08180	GO:0030488	6	0.3	0
BSU_30050	GO:0035435	6	0.3	0
BSU_35750	GO:0005515	6	0.3	0
BSU_31090	GO:0015878	6	0.3	0
BSU_12940	GO:0015878	6	0.3	0
BSU_32750	GO:0015878	6	0.3	0
BSU_08460	GO:0015878	6	0.3	0
BSU_34950	GO:0042838	6	0.3	0
BSU_08450	GO:0015878	6	0.3	0
BSU_03290	GO:0009697	6	0.3	0
BSU_24290	GO:0005515	6	0.3	0
BSU_11540	GO:0009697	6	0.3	0
BSU_13960	GO:0010181	6	0.3	0
BSU_38390	GO:0022857	6	0.3	0
BSU_37670	GO:0010181	6	0.3	0
BSU_03930	GO:0009027	6	0.3	0
BSU_24080	GO:0009027	6	0.3	0
BSU_08450	GO:0032218	6	0.3	0
BSU_32250	GO:0030488	6	0.3	0
BSU_07630	GO:0010181	6	0.3	0
BSU_08460	GO:0032218	6	0.3	0
BSU_03310	GO:0005524	6	0.3	0
BSU_37330	GO:0030488	6	0.3	0
BSU_03981	GO:0022857	6	0.3	0
BSU_32690	GO:0030488	6	0.3	0
BSU_22550	GO:0035435	6	0.3	0
BSU_05860	GO:0009697	6	0.3	0
BSU_30230	GO:0030488	6	0.3	0
BSU_32000	GO:0030488	6	0.3	0
BSU_28710	GO:0030488	6	0.3	0
BSU_03040	GO:0030488	6	0.3	0
BSU_03480	GO:0004315	6	0.3	0
BSU_31440	GO:0042838	6	0.3	0
BSU_24470	GO:0042838	6	0.3	0
BSU_08200	GO:0015878	6	0.3	0
BSU_13960	GO:0035435	6	0.3	0
BSU_00910	GO:0042838	6	0.3	0
BSU_34920	GO:0005886	6	0.3	0
BSU_36370	GO:0042838	6	0.3	0
BSU_10170	GO:0005886	6	0.3	0
BSU_29760	GO:0005886	6	0.3	0
BSU_10540	GO:0009027	6	0.3	0
BSU_12340	GO:0042838	6	0.3	0
BSU_34440	GO:0005886	6	0.3	0
BSU_24560	GO:0004315	6	0.3	0
BSU_03480	GO:0005515	6	0.3	0
BSU_15760	GO:0005524	6	0.3	0
BSU_30830	GO:0009027	6	0.3	0
BSU_01750	GO:0022857	6	0.3	0
BSU_31090	GO:0035435	6	0.3	0
BSU_01680	GO:0022857	6	0.3	0
BSU_00780	GO:0042838	6	0.3	0
BSU_22960	GO:0004315	6	0.3	0
BSU_18440	GO:0004315	6	0.3	0
BSU_27970	GO:0009697	6	0.3	0
BSU_17710	GO:0022857	6	0.3	0
BSU_30050	GO:0032218	6	0.3	0
BSU_07510	GO:0015878	6	0.3	0
BSU_28710	GO:0015878	6	0.3	0
BSU_07500	GO:0015878	6	0.3	0
BSU_07260	GO:0015878	6	0.3	0
BSU_38390	GO:0015878	6	0.3	0
BSU_13960	GO:0032218	6	0.3	0
BSU_03981	GO:0015878	6	0.3	0
BSU_23080	GO:0042838	6	0.3	0
BSU_03590	GO:0015878	6	0.3	0
BSU_03590	GO:0022857	6	0.3	0
BSU_24130	GO:0042838	6	0.3	0
BSU_09620	GO:0009697	6	0.3	0
BSU_02850	GO:0015878	6	0.3	0
BSU_32250	GO:0042838	6	0.3	0
BSU_17710	GO:0015878	6	0.3	0
BSU_09380	GO:0005524	6	0.3	0
BSU_01750	GO:0015878	6	0.3	0
BSU_03310	GO:0004315	6	0.3	0
BSU_01680	GO:0015878	6	0.3	0
BSU_02840	GO:0046872	6	0.3	0
BSU_02850	GO:0022857	6	0.3	0
BSU_10140	GO:0010181	6	0.3	0
BSU_03290	GO:0005524	6	0.3	0
BSU_11540	GO:0017118	6	0.3	0
BSU_30380	GO:0006096	6	0.3	0
BSU_31960	GO:0008615	6	0.3	0
BSU_06680	GO:0008615	6	0.3	0
BSU_06450	GO:0008615	6	0.3	0
BSU_29340	GO:0006096	6	0.3	0
BSU_03590	GO:0042906	6	0.3	0
BSU_37330	GO:0006096	6	0.3	0
BSU_13960	GO:0003824	6	0.3	0
BSU_30230	GO:0003677	6	0.3	0
BSU_22790	GO:0017118	6	0.3	0
BSU_02850	GO:0042906	6	0.3	0
BSU_32750	GO:0030488	6	0.3	0
BSU_17710	GO:0042906	6	0.3	0
BSU_13180	GO:0008615	6	0.3	0
BSU_13560	GO:0008615	6	0.3	0
BSU_17890	GO:0017118	6	0.3	0
BSU_01750	GO:0042906	6	0.3	0
BSU_28260	GO:0030488	6	0.3	0
BSU_01680	GO:0042906	6	0.3	0
BSU_28710	GO:0042906	6	0.3	0
BSU_17890	GO:0009252	6	0.3	0
BSU_32750	GO:0008615	6	0.3	0
BSU_27430	GO:0006096	6	0.3	0
BSU_06812	GO:0032218	6	0.3	0
BSU_38480	GO:0016887	6	0.3	0
BSU_27970	GO:0005524	6	0.3	0
BSU_34010	GO:0042906	6	0.3	0
BSU_22600	GO:0017118	6	0.3	0
BSU_07510	GO:0042906	6	0.3	0
BSU_07500	GO:0042906	6	0.3	0
BSU_07710	GO:0042906	6	0.3	0
BSU_34120	GO:0008615	6	0.3	0
BSU_05880	GO:0008615	6	0.3	0
BSU_07260	GO:0042906	6	0.3	0
BSU_16020	GO:0005829	6	0.3	0
BSU_06812	GO:0042906	6	0.3	0
BSU_32000	GO:0008615	6	0.3	0
BSU_38390	GO:0042906	6	0.3	0
BSU_32690	GO:0008615	6	0.3	0
BSU_07710	GO:0009697	6	0.3	0
BSU_23920	GO:0006096	6	0.3	0
BSU_38620	GO:0009432	6	0.3	0
BSU_07260	GO:0009697	6	0.3	0
BSU_03981	GO:0042906	6	0.3	0
BSU_15910	GO:0008615	6	0.3	0
BSU_15550	GO:0009252	6	0.3	0
BSU_24080	GO:0030488	6	0.3	0
BSU_37170	GO:0010181	6	0.3	0
BSU_11690	GO:0030488	6	0.3	0
BSU_11540	GO:0030488	6	0.3	0
BSU_22790	GO:0008615	6	0.3	0
BSU_22370	GO:0008615	6	0.3	0
BSU_24080	GO:0008615	6	0.3	0
BSU_08200	GO:0022857	6	0.3	0
BSU_07710	GO:0022857	6	0.3	0
BSU_10250	GO:0030488	6	0.3	0
BSU_07260	GO:0022857	6	0.3	0
BSU_29760	GO:0010181	6	0.3	0
BSU_28260	GO:0008615	6	0.3	0
BSU_24150	GO:0010181	6	0.3	0
BSU_06150	GO:0010181	6	0.3	0
BSU_06450	GO:0030488	6	0.3	0
BSU_06812	GO:0022857	6	0.3	0
BSU_41010	GO:0009252	6	0.3	0
BSU_06680	GO:0030488	6	0.3	0
BSU_34120	GO:0005524	6	0.3	0
BSU_28170	GO:0010181	6	0.3	0
BSU_00810	GO:0010181	6	0.3	0
BSU_13960	GO:0030488	6	0.3	0
BSU_14180	GO:0003824	6	0.3	0
BSU_32750	GO:0022857	6	0.3	0
BSU_22600	GO:0030488	6	0.3	0
BSU_16630	GO:0017118	6	0.3	0
BSU_22790	GO:0030488	6	0.3	0
BSU_22790	GO:0009252	6	0.3	0
BSU_15920	GO:0005515	6	0.3	0
BSU_13180	GO:0005524	6	0.3	0
BSU_16630	GO:0008615	6	0.3	0
BSU_17890	GO:0030488	6	0.3	0
BSU_39760	GO:0010181	6	0.3	0
BSU_16630	GO:0030488	6	0.3	0
BSU_22140	GO:0010181	6	0.3	0
BSU_15550	GO:0030488	6	0.3	0
BSU_17890	GO:0008615	6	0.3	0
BSU_02850	GO:0005524	6	0.3	0
BSU_07260	GO:0032218	6	0.3	0
BSU_14180	GO:0030488	6	0.3	0
BSU_07710	GO:0032218	6	0.3	0
BSU_18440	GO:0008615	6	0.3	0
BSU_13560	GO:0030488	6	0.3	0
BSU_15910	GO:0004315	6	0.3	0
BSU_37170	GO:0005886	6	0.3	0
BSU_18230	GO:0042838	6	0.3	0
BSU_24130	GO:0046872	6	0.3	0
BSU_03040	GO:0016787	6	0.3	0
BSU_16020	GO:0005524	6	0.3	0
BSU_33600	GO:0005524	6	0.3	0
BSU_05860	GO:0016787	6	0.3	0
BSU_02850	GO:0035435	6	0.3	0
BSU_27970	GO:0006650	6	0.3	0
BSU_17710	GO:0035435	6	0.3	0
BSU_40490	GO:0006650	6	0.3	0
BSU_01750	GO:0035435	6	0.3	0
BSU_32470	GO:0005524	6	0.3	0
BSU_00810	GO:0005886	6	0.3	0
BSU_01680	GO:0035435	6	0.3	0
BSU_23080	GO:0046872	6	0.3	0
BSU_32480	GO:0005524	6	0.3	0
BSU_23210	GO:0004315	6	0.3	0
BSU_07810	GO:0016787	6	0.3	0
BSU_16110	GO:0005524	6	0.3	0
BSU_08180	GO:0016787	6	0.3	0
BSU_12880	GO:0006650	6	0.3	0
BSU_34120	GO:0045333	6	0.3	0
BSU_28710	GO:0016787	6	0.3	0
BSU_03290	GO:0005524	6	0.3	0
BSU_32000	GO:0016787	6	0.3	0
BSU_03590	GO:0035435	6	0.3	0
BSU_17890	GO:0016787	6	0.3	0
BSU_22960	GO:0005515	6	0.3	0
BSU_12340	GO:0046872	6	0.3	0
BSU_32800	GO:0005524	6	0.3	0
BSU_22370	GO:0005515	6	0.3	0
BSU_36370	GO:0046872	6	0.3	0
BSU_02460	GO:0009027	6	0.3	0
BSU_10250	GO:0004315	6	0.3	0
BSU_25480	GO:0005524	6	0.3	0
BSU_37330	GO:0016787	6	0.3	0
BSU_03981	GO:0035435	6	0.3	0
BSU_15760	GO:0016787	6	0.3	0
BSU_18440	GO:0005515	6	0.3	0
BSU_32690	GO:0016787	6	0.3	0
BSU_16110	GO:0004315	6	0.3	0
BSU_09570	GO:0005515	6	0.3	0
BSU_15920	GO:0005524	6	0.3	0
BSU_11690	GO:0004315	6	0.3	0
BSU_30230	GO:0016787	6	0.3	0
BSU_28710	GO:0035435	6	0.3	0
BSU_16630	GO:0004315	6	0.3	0
BSU_02850	GO:0045333	6	0.3	0
BSU_17860	GO:0009252	6	0.3	0
BSU_03590	GO:0006071	6	0.3	0
BSU_32750	GO:0016020	6	0.3	0
BSU_12340	GO:0009027	6	0.3	0
BSU_09620	GO:0016301	6	0.3	0
BSU_14180	GO:0017118	6	0.3	0
BSU_23250	GO:0009432	6	0.3	0
BSU_03981	GO:0006071	6	0.3	0
BSU_24130	GO:0016787	6	0.3	0
BSU_27620	GO:0005524	6	0.3	0
BSU_27970	GO:0045333	6	0.3	0
BSU_13560	GO:0017118	6	0.3	0
BSU_38390	GO:0006071	6	0.3	0
BSU_29440	GO:0005524	6	0.3	0
BSU_13960	GO:0017118	6	0.3	0
BSU_32470	GO:0003924	6	0.3	0
BSU_39480	GO:0055085	6	0.3	0
BSU_23250	GO:0006650	6	0.3	0
BSU_07260	GO:0006071	6	0.3	0
BSU_11690	GO:0017118	6	0.3	0
BSU_28720	GO:0016787	6	0.3	0
BSU_02850	GO:0006071	6	0.3	0
BSU_41010	GO:0009432	6	0.3	0
BSU_28510	GO:0016787	6	0.3	0
BSU_40960	GO:0005524	6	0.3	0
BSU_16560	GO:0005524	6	0.3	0
BSU_13180	GO:0045333	6	0.3	0
BSU_01010	GO:0005524	6	0.3	0
BSU_28710	GO:0006071	6	0.3	0
BSU_33600	GO:0004315	6	0.3	0
BSU_27970	GO:0016301	6	0.3	0
BSU_17150	GO:0006650	6	0.3	0
BSU_06450	GO:0016887	6	0.3	0
BSU_16120	GO:0016787	6	0.3	0
BSU_17890	GO:0005524	6	0.3	0
BSU_33150	GO:0006650	6	0.3	0
BSU_24470	GO:0046872	6	0.3	0
BSU_01680	GO:0006071	6	0.3	0
BSU_01750	GO:0006071	6	0.3	0
BSU_37190	GO:0055085	6	0.3	0
BSU_24290	GO:0005524	6	0.3	0
BSU_16600	GO:0009252	6	0.3	0
BSU_17710	GO:0006071	6	0.3	0
BSU_00670	GO:0004315	6	0.3	0
BSU_07810	GO:0004315	6	0.3	0
BSU_32250	GO:0016787	6	0.3	0
BSU_17890	GO:0005524	6	0.3	0
BSU_14180	GO:0016787	6	0.3	0
BSU_37670	GO:0005886	6	0.3	0
BSU_17840	GO:0009697	6	0.3	0
BSU_03040	GO:0042838	6	0.3	0
BSU_03910	GO:0005886	6	0.3	0
BSU_02490	GO:0009697	6	0.3	0
BSU_11540	GO:0042838	6	0.3	0
BSU_01920	GO:0005886	6	0.3	0
BSU_26590	GO:0022857	6	0.3	0
BSU_07630	GO:0005886	6	0.3	0
BSU_08460	GO:0035435	6	0.3	0
BSU_10540	GO:0009697	6	0.3	0
BSU_05860	GO:0042838	6	0.3	0
BSU_13960	GO:0016787	6	0.3	0
BSU_08450	GO:0035435	6	0.3	0
BSU_39390	GO:0022857	6	0.3	0
BSU_11690	GO:0016787	6	0.3	0
BSU_32000	GO:0005886	6	0.3	0
BSU_34010	GO:0035435	6	0.3	0
BSU_09620	GO:0042838	6	0.3	0
BSU_15550	GO:0016787	6	0.3	0
BSU_07510	GO:0035435	6	0.3	0
BSU_15550	GO:0009432	6	0.3	0
BSU_24150	GO:0005886	6	0.3	0
BSU_28710	GO:0022857	6	0.3	0
BSU_00810	GO:0005886	6	0.3	0
BSU_29760	GO:0005886	6	0.3	0
BSU_27900	GO:0042838	6	0.3	0
BSU_24150	GO:0005886	6	0.3	0
BSU_33540	GO:0005886	6	0.3	0
BSU_06150	GO:0005886	6	0.3	0
BSU_34550	GO:0009697	6	0.3	0
BSU_22690	GO:0042838	6	0.3	0
BSU_28170	GO:0005886	6	0.3	0
BSU_03450	GO:0042838	6	0.3	0
BSU_22600	GO:0016787	6	0.3	0
BSU_06450	GO:0042838	6	0.3	0
BSU_15630	GO:0042838	6	0.3	0
BSU_21460	GO:0005886	6	0.3	0
BSU_32820	GO:0005886	6	0.3	0
BSU_32750	GO:0035435	6	0.3	0
BSU_12380	GO:0005886	6	0.3	0
BSU_11540	GO:0016787	6	0.3	0
BSU_10250	GO:0016787	6	0.3	0
BSU_07590	GO:0004315	6	0.3	0
BSU_03290	GO:0004315	6	0.3	0
BSU_11540	GO:0004315	6	0.3	0
BSU_37780	GO:0005886	6	0.3	0
BSU_02490	GO:0009027	6	0.3	0
BSU_16120	GO:0016787	6	0.3	0
BSU_27510	GO:0005524	6	0.3	0
BSU_03930	GO:0005886	6	0.3	0
BSU_00780	GO:0046872	6	0.3	0
BSU_06680	GO:0016887	6	0.3	0
BSU_16600	GO:0005515	6	0.3	0
BSU_22370	GO:0005524	6	0.3	0
BSU_24290	GO:0004315	6	0.3	0
BSU_06460	GO:0016887	6	0.3	0
BSU_06812	GO:0035435	6	0.3	0
BSU_09570	GO:0005524	6	0.3	0
BSU_06460	GO:0004315	6	0.3	0
BSU_28260	GO:0005524	6	0.3	0
BSU_41010	GO:0016787	6	0.3	0
BSU_29440	GO:0004315	6	0.3	0
BSU_02460	GO:0046872	6	0.3	0
BSU_15550	GO:0017118	6	0.3	0
BSU_06370	GO:0022857	6	0.3	0
BSU_07500	GO:0035435	6	0.3	0
BSU_22550	GO:0005524	6	0.3	0
BSU_07710	GO:0035435	6	0.3	0
BSU_07260	GO:0035435	6	0.3	0
BSU_32470	GO:0004315	6	0.3	0
BSU_25730	GO:0005886	6	0.3	0
BSU_33600	GO:0004315	6	0.3	0
BSU_09570	GO:0004315	6	0.3	0
BSU_22370	GO:0004315	6	0.3	0
BSU_16020	GO:0004315	6	0.3	0
BSU_11620	GO:0046872	6	0.3	0
BSU_37620	GO:0004315	6	0.3	0
BSU_15630	GO:0005886	6	0.3	0
BSU_10250	GO:0016887	6	0.3	0
BSU_34010	GO:0022857	6	0.3	0
BSU_02840	GO:0004315	6	0.3	0
BSU_06450	GO:0016787	6	0.3	0
BSU_14600	GO:0004315	6	0.3	0
BSU_13840	GO:0005886	6	0.3	0
BSU_33040	GO:0004315	6	0.3	0
BSU_27900	GO:0046872	6	0.3	0
BSU_12940	GO:0065002	6	0.3	0
BSU_00790	GO:0046316	6	0.3	0
BSU_24290	GO:0004359	6	0.3	0
BSU_13790	GO:0004553	6	0.3	0
BSU_06450	GO:0051287	6	0.3	0
BSU_34920	GO:0042802	6	0.3	0
BSU_40960	GO:0005515	6	0.3	0
BSU_23080	GO:0032259	6	0.3	0
BSU_22550	GO:0000162	6	0.3	0
BSU_03981	GO:0030435	6	0.3	0
BSU_01610	GO:0140359	6	0.3	0
BSU_24130	GO:0032259	6	0.3	0
BSU_28260	GO:0032259	6	0.3	0
BSU_32250	GO:0032259	6	0.3	0
BSU_28710	GO:0030435	6	0.3	0
BSU_00910	GO:0032259	6	0.3	0
BSU_30230	GO:0042802	6	0.3	0
BSU_18150	GO:0004553	6	0.3	0
BSU_06812	GO:0030435	6	0.3	0
BSU_13960	GO:0030497	6	0.3	0
BSU_01010	GO:0005515	6	0.3	0
BSU_36370	GO:0032259	6	0.3	0
BSU_12340	GO:0032259	6	0.3	0
BSU_22370	GO:0002131	6	0.3	0
BSU_15920	GO:0046872	6	0.3	0
BSU_06680	GO:0051287	6	0.3	0
BSU_03590	GO:0030435	6	0.3	0
BSU_34930	GO:0042802	6	0.3	0
BSU_03040	GO:0004553	6	0.3	0
BSU_32750	GO:0051287	6	0.3	0
BSU_31960	GO:0051287	6	0.3	0
BSU_37970	GO:0042802	6	0.3	0
BSU_34950	GO:0032259	6	0.3	0
BSU_35740	GO:0042802	6	0.3	0
BSU_07810	GO:0004553	6	0.3	0
BSU_01680	GO:0030435	6	0.3	0
BSU_29440	GO:0032259	6	0.3	0
BSU_01750	GO:0030435	6	0.3	0
BSU_28510	GO:0004553	6	0.3	0
BSU_25480	GO:0046872	6	0.3	0
BSU_28720	GO:0004553	6	0.3	0
BSU_17710	GO:0030435	6	0.3	0
BSU_31440	GO:0032259	6	0.3	0
BSU_02850	GO:0030435	6	0.3	0
BSU_24470	GO:0032259	6	0.3	0
BSU_29805	GO:0042802	6	0.3	0
BSU_31290	GO:0004553	6	0.3	0
BSU_07260	GO:0030435	6	0.3	0
BSU_07710	GO:0030435	6	0.3	0
BSU_03810	GO:0140359	6	0.3	0
BSU_34950	GO:0004553	6	0.3	0
BSU_10170	GO:0042802	6	0.3	0
BSU_31440	GO:0004553	6	0.3	0
BSU_31090	GO:0030435	6	0.3	0
BSU_24470	GO:0004553	6	0.3	0
BSU_22790	GO:0006546	6	0.3	0
BSU_24080	GO:0032259	6	0.3	0
BSU_15690	GO:0005737	6	0.3	0
BSU_23080	GO:0004553	6	0.3	0
BSU_19360	GO:0005737	6	0.3	0
BSU_13960	GO:0030435	6	0.3	0
BSU_22600	GO:0032259	6	0.3	0
BSU_22790	GO:0032259	6	0.3	0
BSU_30050	GO:0030435	6	0.3	0
BSU_28260	GO:0000162	6	0.3	0
BSU_24130	GO:0004553	6	0.3	0
BSU_17890	GO:0032259	6	0.3	0
BSU_28260	GO:0004553	6	0.3	0
BSU_09620	GO:0005829	6	0.3	0
BSU_22550	GO:0030435	6	0.3	0
BSU_15920	GO:0002131	6	0.3	0
BSU_27900	GO:0032259	6	0.3	0
BSU_07500	GO:0030435	6	0.3	0
BSU_17890	GO:0006546	6	0.3	0
BSU_14470	GO:0002131	6	0.3	0
BSU_07510	GO:0030435	6	0.3	0
BSU_03800	GO:0140359	6	0.3	0
BSU_34010	GO:0030435	6	0.3	0
BSU_33300	GO:0140359	6	0.3	0
BSU_02460	GO:0032259	6	0.3	0
BSU_32800	GO:0002131	6	0.3	0
BSU_08200	GO:0030435	6	0.3	0
BSU_08450	GO:0030435	6	0.3	0
BSU_36920	GO:0004553	6	0.3	0
BSU_08460	GO:0030435	6	0.3	0
BSU_14600	GO:0002131	6	0.3	0
BSU_02490	GO:0032259	6	0.3	0
BSU_32750	GO:0030435	6	0.3	0
BSU_27510	GO:0000162	6	0.3	0
BSU_15920	GO:0016887	6	0.3	0
BSU_00780	GO:0032259	6	0.3	0
BSU_18230	GO:0032259	6	0.3	0
BSU_34550	GO:0004553	6	0.3	0
BSU_14600	GO:0046872	6	0.3	0
BSU_02840	GO:0004553	6	0.3	0
BSU_14600	GO:0016887	6	0.3	0
BSU_22370	GO:0008137	6	0.3	0
BSU_03040	GO:0003933	6	0.3	0
BSU_28710	GO:0003933	6	0.3	0
BSU_30230	GO:0003933	6	0.3	0
BSU_37330	GO:0003933	6	0.3	0
BSU_37170	GO:0003824	6	0.3	0
BSU_32250	GO:0003933	6	0.3	0
BSU_03040	GO:0051287	6	0.3	0
BSU_04210	GO:0042802	6	0.3	0
BSU_18440	GO:0008137	6	0.3	0
BSU_11690	GO:0003933	6	0.3	0
BSU_25620	GO:0032259	6	0.3	0
BSU_22960	GO:0008137	6	0.3	0
BSU_13960	GO:0003933	6	0.3	0
BSU_12940	GO:0005515	6	0.3	0
BSU_14180	GO:0003933	6	0.3	0
BSU_15550	GO:0003933	6	0.3	0
BSU_22600	GO:0003933	6	0.3	0
BSU_28710	GO:0051287	6	0.3	0
BSU_39650	GO:0005829	6	0.3	0
BSU_32000	GO:0051287	6	0.3	0
BSU_16600	GO:0008137	6	0.3	0
BSU_13950	GO:0009401	6	0.3	0
BSU_33150	GO:0042802	6	0.3	0
BSU_07630	GO:0030497	6	0.3	0
BSU_24130	GO:0003933	6	0.3	0
BSU_17150	GO:0042802	6	0.3	0
BSU_15760	GO:0005515	6	0.3	0
BSU_03480	GO:0016887	6	0.3	0
BSU_05830	GO:0016787	6	0.3	0
BSU_02460	GO:0003824	6	0.3	0
BSU_17100	GO:0042802	6	0.3	0
BSU_02490	GO:0003824	6	0.3	0
BSU_16120	GO:0003933	6	0.3	0
BSU_27860	GO:0042802	6	0.3	0
BSU_33040	GO:0016887	6	0.3	0
BSU_05860	GO:0000162	6	0.3	0
BSU_00780	GO:0003824	6	0.3	0
BSU_12940	GO:0009401	6	0.3	0
BSU_12930	GO:0009401	6	0.3	0
BSU_08180	GO:0003933	6	0.3	0
BSU_30540	GO:0016887	6	0.3	0
BSU_18230	GO:0003824	6	0.3	0
BSU_34120	GO:0051287	6	0.3	0
BSU_30230	GO:0051287	6	0.3	0
BSU_40490	GO:0005829	6	0.3	0
BSU_12880	GO:0005829	6	0.3	0
BSU_32690	GO:0006222	6	0.3	0
BSU_10140	GO:0032259	6	0.3	0
BSU_28170	GO:0032259	6	0.3	0
BSU_23310	GO:0140359	6	0.3	0
BSU_18460	GO:0006222	6	0.3	0
BSU_04460	GO:0042802	6	0.3	0
BSU_23210	GO:0006222	6	0.3	0
BSU_24630	GO:0140359	6	0.3	0
BSU_16020	GO:0032259	6	0.3	0
BSU_22370	GO:0046872	6	0.3	0
BSU_06960	GO:0016787	6	0.3	0
BSU_31090	GO:0006222	6	0.3	0
BSU_09570	GO:0046872	6	0.3	0
BSU_16110	GO:0006222	6	0.3	0
BSU_06680	GO:0006222	6	0.3	0
BSU_16560	GO:0140359	6	0.3	0
BSU_27970	GO:0006222	6	0.3	0
BSU_16120	GO:0000162	6	0.3	0
BSU_33600	GO:0005515	6	0.3	0
BSU_32800	GO:0046872	6	0.3	0
BSU_14410	GO:0140359	6	0.3	0
BSU_41010	GO:0051287	6	0.3	0
BSU_14180	GO:0003824	6	0.3	0
BSU_32250	GO:0051287	6	0.3	0
BSU_07260	GO:0000162	6	0.3	0
BSU_07710	GO:0000162	6	0.3	0
BSU_19360	GO:0016887	6	0.3	0
BSU_13960	GO:0003824	6	0.3	0
BSU_34950	GO:0000162	6	0.3	0
BSU_08180	GO:0000162	6	0.3	0
BSU_32690	GO:0051287	6	0.3	0
BSU_37330	GO:0051287	6	0.3	0
BSU_10140	GO:0042802	6	0.3	0
BSU_34920	GO:0006222	6	0.3	0
BSU_15550	GO:0006222	6	0.3	0
BSU_30830	GO:0006222	6	0.3	0
BSU_15760	GO:0000162	6	0.3	0
BSU_36370	GO:0042802	6	0.3	0
BSU_37620	GO:0005515	6	0.3	0
BSU_06450	GO:0032259	6	0.3	0
BSU_15630	GO:0032259	6	0.3	0
BSU_33150	GO:0032259	6	0.3	0
BSU_13300	GO:0140359	6	0.3	0
BSU_40970	GO:0005737	6	0.3	0
BSU_32250	GO:0004553	6	0.3	0
BSU_25440	GO:0042802	6	0.3	0
BSU_11330	GO:0010468	6	0.3	0
BSU_41010	GO:0005886	6	0.3	0
BSU_07810	GO:0010468	6	0.3	0
BSU_15550	GO:0005886	6	0.3	0
BSU_21460	GO:0005886	6	0.3	0
BSU_13560	GO:0005886	6	0.3	0
BSU_32750	GO:0005829	6	0.3	0
BSU_11690	GO:0006355	6	0.3	0
BSU_17890	GO:0005886	6	0.3	0
BSU_10170	GO:0010468	6	0.3	0
BSU_22790	GO:0005886	6	0.3	0
BSU_10250	GO:0005886	6	0.3	0
BSU_10250	GO:0010468	6	0.3	0
BSU_16630	GO:0051287	6	0.3	0
BSU_22600	GO:0005886	6	0.3	0
BSU_40230	GO:0005886	6	0.3	0
BSU_24080	GO:0005886	6	0.3	0
BSU_02840	GO:0030435	6	0.3	0
BSU_03520	GO:0030288	6	0.3	0
BSU_09380	GO:0008081	6	0.3	0
BSU_40960	GO:0030288	6	0.3	0
BSU_02750	GO:0005886	6	0.3	0
BSU_10250	GO:0006355	6	0.3	0
BSU_11330	GO:0006355	6	0.3	0
BSU_14180	GO:0005886	6	0.3	0
BSU_11540	GO:0006355	6	0.3	0
BSU_29440	GO:0010468	6	0.3	0
BSU_11540	GO:0005886	6	0.3	0
BSU_16110	GO:0030288	6	0.3	0
BSU_15550	GO:0051287	6	0.3	0
BSU_25590	GO:0030288	6	0.3	0
BSU_11690	GO:0005886	6	0.3	0
BSU_06680	GO:0005829	6	0.3	0
BSU_07590	GO:0010468	6	0.3	0
BSU_34440	GO:0005886	6	0.3	0
BSU_06460	GO:0006355	6	0.3	0
BSU_05880	GO:0046872	6	0.3	0
BSU_13560	GO:0005886	6	0.3	0
BSU_07810	GO:0006355	6	0.3	0
BSU_31960	GO:0005829	6	0.3	0
BSU_05880	GO:0030288	6	0.3	0
BSU_03480	GO:0005737	6	0.3	0
BSU_17890	GO:0008081	6	0.3	0
BSU_10170	GO:0006355	6	0.3	0
BSU_27970	GO:0030288	6	0.3	0
BSU_33600	GO:0030288	6	0.3	0
BSU_37620	GO:0030288	6	0.3	0
BSU_22790	GO:0044550	6	0.3	0
BSU_18440	GO:0044550	6	0.3	0
BSU_17890	GO:0044550	6	0.3	0
BSU_16630	GO:0044550	6	0.3	0
BSU_37330	GO:0030435	6	0.3	0
BSU_30230	GO:0030435	6	0.3	0
BSU_35900	GO:0005886	6	0.3	0
BSU_27970	GO:0008081	6	0.3	0
BSU_15910	GO:0044550	6	0.3	0
BSU_11540	GO:0005886	6	0.3	0
BSU_13840	GO:0005886	6	0.3	0
BSU_34920	GO:0030435	6	0.3	0
BSU_34930	GO:0030435	6	0.3	0
BSU_35750	GO:0046872	6	0.3	0
BSU_25620	GO:0030435	6	0.3	0
BSU_29805	GO:0030435	6	0.3	0
BSU_32000	GO:0005829	6	0.3	0
BSU_27970	GO:0005886	6	0.3	0
BSU_22790	GO:0051287	6	0.3	0
BSU_36100	GO:0005886	6	0.3	0
BSU_38480	GO:0005886	6	0.3	0
BSU_13180	GO:0008081	6	0.3	0
BSU_17890	GO:0051287	6	0.3	0
BSU_22600	GO:0030435	6	0.3	0
BSU_07590	GO:0030435	6	0.3	0
BSU_16110	GO:0010468	6	0.3	0
BSU_12940	GO:0030288	6	0.3	0
BSU_12930	GO:0030288	6	0.3	0
BSU_28260	GO:0005886	6	0.3	0
BSU_10170	GO:0030435	6	0.3	0
BSU_15760	GO:0030288	6	0.3	0
BSU_11690	GO:0010468	6	0.3	0
BSU_28260	GO:0044550	6	0.3	0
BSU_11620	GO:0005886	6	0.3	0
BSU_16630	GO:0005886	6	0.3	0
BSU_24080	GO:0044550	6	0.3	0
BSU_22550	GO:0140359	6	0.3	0
BSU_03310	GO:0008081	6	0.3	0
BSU_22370	GO:0044550	6	0.3	0
BSU_03290	GO:0008081	6	0.3	0
BSU_32690	GO:0005829	6	0.3	0
BSU_34120	GO:0008081	6	0.3	0
BSU_34440	GO:0005886	6	0.3	0
BSU_06450	GO:0005829	6	0.3	0
BSU_06460	GO:0010468	6	0.3	0
BSU_24290	GO:0002131	6	0.3	0
BSU_18440	GO:0005829	6	0.3	0
BSU_03040	GO:0005886	6	0.3	0
BSU_06060	GO:0006355	6	0.3	0
BSU_22370	GO:0005829	6	0.3	0
BSU_32000	GO:0005886	6	0.3	0
BSU_10250	GO:0051287	6	0.3	0
BSU_06812	GO:0006355	6	0.3	0
BSU_12930	GO:0046872	6	0.3	0
BSU_30230	GO:0005886	6	0.3	0
BSU_33290	GO:0042802	6	0.3	0
BSU_37970	GO:0005829	6	0.3	0
BSU_05860	GO:0005829	6	0.3	0
BSU_16120	GO:0006355	6	0.3	0
BSU_12940	GO:0046872	6	0.3	0
BSU_29340	GO:0042802	6	0.3	0
BSU_27580	GO:0005829	6	0.3	0
BSU_01610	GO:0009401	6	0.3	0
BSU_32370	GO:0005829	6	0.3	0
BSU_00780	GO:0004553	6	0.3	0
BSU_32690	GO:0005886	6	0.3	0
BSU_25590	GO:0006355	6	0.3	0
BSU_04660	GO:0006355	6	0.3	0
BSU_37620	GO:0006355	6	0.3	0
BSU_24080	GO:0005829	6	0.3	0
BSU_02490	GO:0004553	6	0.3	0
BSU_24290	GO:0046872	6	0.3	0
BSU_02840	GO:0042802	6	0.3	0
BSU_35900	GO:0140359	6	0.3	0
BSU_00910	GO:0004553	6	0.3	0
BSU_02840	GO:0010468	6	0.3	0
BSU_33040	GO:0002131	6	0.3	0
BSU_28260	GO:0005829	6	0.3	0
BSU_22660	GO:0042802	6	0.3	0
BSU_36370	GO:0004553	6	0.3	0
BSU_22600	GO:0042802	6	0.3	0
BSU_12340	GO:0004553	6	0.3	0
BSU_16600	GO:0002131	6	0.3	0
BSU_25590	GO:0030435	6	0.3	0
BSU_33300	GO:0009401	6	0.3	0
BSU_27430	GO:0030435	6	0.3	0
BSU_27440	GO:0030435	6	0.3	0
BSU_02460	GO:0004553	6	0.3	0
BSU_33040	GO:0046872	6	0.3	0
BSU_35780	GO:0005829	6	0.3	0
BSU_16630	GO:0005829	6	0.3	0
BSU_37330	GO:0005886	6	0.3	0
BSU_29805	GO:0006355	6	0.3	0
BSU_11520	GO:0046872	6	0.3	0
BSU_13180	GO:0051287	6	0.3	0
BSU_07260	GO:0004553	6	0.3	0
BSU_05830	GO:0042802	6	0.3	0
BSU_38390	GO:0042802	6	0.3	0
BSU_24630	GO:0009401	6	0.3	0
BSU_03480	GO:0046872	6	0.3	0
BSU_11520	GO:0005737	6	0.3	0
BSU_06680	GO:0005886	6	0.3	0
BSU_40960	GO:0046872	6	0.3	0
BSU_40970	GO:0046872	6	0.3	0
BSU_13560	GO:0051287	6	0.3	0
BSU_06450	GO:0005886	6	0.3	0
BSU_13840	GO:0005886	6	0.3	0
BSU_03040	GO:0005829	6	0.3	0
BSU_02840	GO:0006355	6	0.3	0
BSU_11540	GO:0005829	6	0.3	0
BSU_22960	GO:0005737	6	0.3	0
BSU_25480	GO:0010468	6	0.3	0
BSU_35900	GO:0005886	6	0.3	0
BSU_08200	GO:0042802	6	0.3	0
BSU_13180	GO:0005829	6	0.3	0
BSU_18230	GO:0004553	6	0.3	0
BSU_13560	GO:0005829	6	0.3	0
BSU_34440	GO:0005829	6	0.3	0
BSU_38620	GO:0005829	6	0.3	0
BSU_03290	GO:0010468	6	0.3	0
BSU_27900	GO:0004553	6	0.3	0
BSU_15910	GO:0005829	6	0.3	0
BSU_32250	GO:0005886	6	0.3	0
BSU_11540	GO:0051287	6	0.3	0
BSU_41010	GO:0005886	6	0.3	0
BSU_16560	GO:0009401	6	0.3	0
BSU_33200	GO:0005829	6	0.3	0
BSU_25580	GO:0005829	6	0.3	0
BSU_03520	GO:0005829	6	0.3	0
BSU_38620	GO:0006355	6	0.3	0
BSU_13950	GO:0042802	6	0.3	0
BSU_11690	GO:0051287	6	0.3	0
BSU_11540	GO:0010468	6	0.3	0
BSU_27440	GO:0140359	6	0.3	0
BSU_12930	GO:0042802	6	0.3	0
BSU_12940	GO:0042802	6	0.3	0
BSU_00910	GO:0003824	6	0.3	0
BSU_31190	GO:0042802	6	0.3	0
BSU_03981	GO:0055085	6	0.3	0
BSU_19230	GO:0030497	6	0.3	0
BSU_07130	GO:0030497	6	0.3	0
BSU_27970	GO:0030152	6	0.3	0
BSU_25480	GO:0008311	6	0.3	0
BSU_16630	GO:0005524	6	0.3	0
BSU_41010	GO:0005886	6	0.3	0
BSU_28510	GO:0005524	6	0.3	0
BSU_28720	GO:0005524	6	0.3	0
BSU_35900	GO:0005886	6	0.3	0
BSU_00670	GO:1902210	6	0.3	0
BSU_34120	GO:0071555	6	0.3	0
BSU_10170	GO:0005524	6	0.3	0
BSU_13840	GO:0005886	6	0.3	0
BSU_03450	GO:0016835	6	0.3	0
BSU_24290	GO:0020037	6	0.3	0
BSU_32800	GO:0008137	6	0.3	0
BSU_11540	GO:0015293	6	0.3	0
BSU_11540	GO:0008311	6	0.3	0
BSU_22600	GO:0005524	6	0.3	0
BSU_05880	GO:0071555	6	0.3	0
BSU_33600	GO:1902210	6	0.3	0
BSU_24290	GO:1902210	6	0.3	0
BSU_23210	GO:0005524	6	0.3	0
BSU_06460	GO:0008311	6	0.3	0
BSU_34440	GO:0005886	6	0.3	0
BSU_39390	GO:0006811	6	0.3	0
BSU_10250	GO:0008311	6	0.3	0
BSU_41010	GO:0005886	6	0.3	0
BSU_11330	GO:0008311	6	0.3	0
BSU_09570	GO:0008311	6	0.3	0
BSU_11690	GO:0005524	6	0.3	0
BSU_06370	GO:0006811	6	0.3	0
BSU_08200	GO:0005524	6	0.3	0
BSU_16300	GO:1902210	6	0.3	0
BSU_22790	GO:0071555	6	0.3	0
BSU_11690	GO:0006414	6	0.3	0
BSU_22370	GO:0071555	6	0.3	0
BSU_09440	GO:0005524	6	0.3	0
BSU_07810	GO:0008311	6	0.3	0
BSU_24080	GO:0071555	6	0.3	0
BSU_07590	GO:0008311	6	0.3	0
BSU_05860	GO:0015293	6	0.3	0
BSU_29440	GO:0008311	6	0.3	0
BSU_28260	GO:0071555	6	0.3	0
BSU_22690	GO:0005524	6	0.3	0
BSU_16020	GO:1902210	6	0.3	0
BSU_22790	GO:0005524	6	0.3	0
BSU_03040	GO:0030152	6	0.3	0
BSU_11330	GO:0006414	6	0.3	0
BSU_24630	GO:0015093	6	0.3	0
BSU_32800	GO:0020037	6	0.3	0
BSU_03290	GO:1902210	6	0.3	0
BSU_16560	GO:0015093	6	0.3	0
BSU_03290	GO:0030152	6	0.3	0
BSU_27970	GO:0071555	6	0.3	0
BSU_01610	GO:0015093	6	0.3	0
BSU_03810	GO:0015093	6	0.3	0
BSU_17860	GO:0071555	6	0.3	0
BSU_03800	GO:0015093	6	0.3	0
BSU_33300	GO:0015093	6	0.3	0
BSU_15920	GO:1902210	6	0.3	0
BSU_08100	GO:0005515	6	0.3	0
BSU_25480	GO:1902210	6	0.3	0
BSU_08100	GO:0009401	6	0.3	0
BSU_11540	GO:0030152	6	0.3	0
BSU_35900	GO:0015093	6	0.3	0
BSU_00670	GO:0008311	6	0.3	0
BSU_21460	GO:0005886	6	0.3	0
BSU_16600	GO:0019344	6	0.3	0
BSU_01010	GO:0020037	6	0.3	0
BSU_02850	GO:0030152	6	0.3	0
BSU_03290	GO:0008311	6	0.3	0
BSU_14600	GO:0008137	6	0.3	0
BSU_33600	GO:0020037	6	0.3	0
BSU_03040	GO:0015293	6	0.3	0
BSU_09620	GO:0030152	6	0.3	0
BSU_15920	GO:0020037	6	0.3	0
BSU_02850	GO:0015293	6	0.3	0
BSU_37620	GO:0008311	6	0.3	0
BSU_09620	GO:0015293	6	0.3	0
BSU_24630	GO:0071555	6	0.3	0
BSU_15920	GO:0008137	6	0.3	0
BSU_29440	GO:0020037	6	0.3	0
BSU_14600	GO:0020037	6	0.3	0
BSU_16020	GO:0008311	6	0.3	0
BSU_33600	GO:0008311	6	0.3	0
BSU_22960	GO:0019344	6	0.3	0
BSU_22370	GO:0019344	6	0.3	0
BSU_18440	GO:0019344	6	0.3	0
BSU_16560	GO:0071555	6	0.3	0
BSU_11330	GO:0005524	6	0.3	0
BSU_16190	GO:1902210	6	0.3	0
BSU_29440	GO:1902210	6	0.3	0
BSU_39270	GO:0000976	6	0.3	0
BSU_33600	GO:0006546	6	0.3	0
BSU_10170	GO:0050660	6	0.3	0
BSU_11330	GO:0050660	6	0.3	0
BSU_10250	GO:0050660	6	0.3	0
BSU_02750	GO:0005886	6	0.3	0
BSU_04450	GO:0016020	6	0.3	0
BSU_33040	GO:0004359	6	0.3	0
BSU_34440	GO:0008881	6	0.3	0
BSU_16110	GO:0050660	6	0.3	0
BSU_11690	GO:0050660	6	0.3	0
BSU_21460	GO:0005886	6	0.3	0
BSU_39270	GO:0016020	6	0.3	0
BSU_19180	GO:0016020	6	0.3	0
BSU_30390	GO:0016020	6	0.3	0
BSU_31440	GO:0016835	6	0.3	0
BSU_15920	GO:0006546	6	0.3	0
BSU_27580	GO:0008881	6	0.3	0
BSU_15760	GO:0015293	6	0.3	0
BSU_11540	GO:0005886	6	0.3	0
BSU_13180	GO:0071555	6	0.3	0
BSU_01010	GO:0006546	6	0.3	0
BSU_24470	GO:0016835	6	0.3	0
BSU_04660	GO:0000976	6	0.3	0
BSU_04230	GO:0008881	6	0.3	0
BSU_07590	GO:0000976	6	0.3	0
BSU_33300	GO:0006811	6	0.3	0
BSU_06812	GO:0000976	6	0.3	0
BSU_06460	GO:0050660	6	0.3	0
BSU_23080	GO:0016835	6	0.3	0
BSU_03800	GO:0006811	6	0.3	0
BSU_33290	GO:0016020	6	0.3	0
BSU_37190	GO:0016020	6	0.3	0
BSU_03810	GO:0006811	6	0.3	0
BSU_39480	GO:0016020	6	0.3	0
BSU_29440	GO:0050660	6	0.3	0
BSU_07590	GO:0050660	6	0.3	0
BSU_39650	GO:0016020	6	0.3	0
BSU_07810	GO:0050660	6	0.3	0
BSU_03450	GO:0008881	6	0.3	0
BSU_01610	GO:0006811	6	0.3	0
BSU_12970	GO:0008881	6	0.3	0
BSU_24130	GO:0003677	6	0.3	0
BSU_24290	GO:0006546	6	0.3	0
BSU_24290	GO:0005524	6	0.3	0
BSU_04970	GO:0008881	6	0.3	0
BSU_35740	GO:0008881	6	0.3	0
BSU_07260	GO:0008881	6	0.3	0
BSU_32800	GO:0005524	6	0.3	0
BSU_16630	GO:0071555	6	0.3	0
BSU_09380	GO:0005524	6	0.3	0
BSU_17890	GO:0071555	6	0.3	0
BSU_11690	GO:0008311	6	0.3	0
BSU_17890	GO:0005524	6	0.3	0
BSU_18440	GO:0071555	6	0.3	0
BSU_09380	GO:0006546	6	0.3	0
BSU_07710	GO:0015293	6	0.3	0
BSU_07260	GO:0015293	6	0.3	0
BSU_40230	GO:0005886	6	0.3	0
BSU_29440	GO:0005524	6	0.3	0
BSU_16180	GO:1902210	6	0.3	0
BSU_07590	GO:0005524	6	0.3	0
BSU_16110	GO:0008311	6	0.3	0
BSU_07810	GO:0005524	6	0.3	0
BSU_16290	GO:1902210	6	0.3	0
BSU_37620	GO:0010468	6	0.3	0
BSU_22790	GO:0005524	6	0.3	0
BSU_29440	GO:0005524	6	0.3	0
BSU_07710	GO:0008881	6	0.3	0
BSU_01010	GO:0005524	6	0.3	0
BSU_11540	GO:0005524	6	0.3	0
BSU_16020	GO:0005524	6	0.3	0
BSU_13560	GO:0071555	6	0.3	0
BSU_29440	GO:0006546	6	0.3	0
BSU_33600	GO:0010468	6	0.3	0
BSU_09380	GO:0005515	6	0.3	0
BSU_29440	GO:0016835	6	0.3	0
BSU_35780	GO:0008881	6	0.3	0
BSU_37620	GO:0005524	6	0.3	0
BSU_34950	GO:0016835	6	0.3	0
BSU_33600	GO:0005524	6	0.3	0
BSU_16020	GO:0010468	6	0.3	0
BSU_02840	GO:0005524	6	0.3	0
BSU_15910	GO:0071555	6	0.3	0
BSU_08180	GO:0015293	6	0.3	0
BSU_11620	GO:0005886	6	0.3	0
BSU_15920	GO:0005524	6	0.3	0
BSU_30050	GO:0008881	6	0.3	0
BSU_03290	GO:0005524	6	0.3	0
BSU_34950	GO:0015293	6	0.3	0
BSU_39760	GO:0030497	6	0.3	0
BSU_03890	GO:0005515	6	0.3	0
BSU_37330	GO:0006414	6	0.3	0
BSU_34010	GO:0071555	6	0.3	0
BSU_30050	GO:0015727	6	0.3	0
BSU_38390	GO:0071555	6	0.3	0
BSU_30070	GO:0006811	6	0.3	0
BSU_13960	GO:0015727	6	0.3	0
BSU_31090	GO:0015727	6	0.3	0
BSU_25590	GO:0003700	6	0.3	0
BSU_17710	GO:0009401	6	0.3	0
BSU_07500	GO:0071555	6	0.3	0
BSU_07510	GO:0071555	6	0.3	0
BSU_08460	GO:0015727	6	0.3	0
BSU_38620	GO:0003700	6	0.3	0
BSU_08450	GO:0015727	6	0.3	0
BSU_08200	GO:0071555	6	0.3	0
BSU_08450	GO:0071555	6	0.3	0
BSU_08460	GO:0071555	6	0.3	0
BSU_34010	GO:0015727	6	0.3	0
BSU_22790	GO:0003700	6	0.3	0
BSU_07710	GO:0015727	6	0.3	0
BSU_07260	GO:0015727	6	0.3	0
BSU_06812	GO:0015727	6	0.3	0
BSU_05880	GO:0008137	6	0.3	0
BSU_03981	GO:0071555	6	0.3	0
BSU_13180	GO:0016787	6	0.3	0
BSU_05830	GO:0008137	6	0.3	0
BSU_31530	GO:0071555	6	0.3	0
BSU_29990	GO:0006811	6	0.3	0
BSU_15910	GO:0016787	6	0.3	0
BSU_23250	GO:0016597	6	0.3	0
BSU_32690	GO:0016597	6	0.3	0
BSU_27510	GO:0016597	6	0.3	0
BSU_17890	GO:0016597	6	0.3	0
BSU_29805	GO:0003700	6	0.3	0
BSU_11690	GO:0016597	6	0.3	0
BSU_27970	GO:0071555	6	0.3	0
BSU_09440	GO:0016597	6	0.3	0
BSU_07260	GO:0016597	6	0.3	0
BSU_28710	GO:0071555	6	0.3	0
BSU_28170	GO:0030497	6	0.3	0
BSU_38390	GO:0016597	6	0.3	0
BSU_29440	GO:0016597	6	0.3	0
BSU_01680	GO:0071555	6	0.3	0
BSU_17710	GO:0071555	6	0.3	0
BSU_02980	GO:0071555	6	0.3	0
BSU_03981	GO:0015727	6	0.3	0
BSU_16120	GO:0003700	6	0.3	0
BSU_02980	GO:0009401	6	0.3	0
BSU_24470	GO:0005524	6	0.3	0
BSU_36370	GO:0003824	6	0.3	0
BSU_10140	GO:0030497	6	0.3	0
BSU_40230	GO:0005524	6	0.3	0
BSU_33040	GO:0016787	6	0.3	0
BSU_30540	GO:0016787	6	0.3	0
BSU_27900	GO:0003824	6	0.3	0
BSU_11540	GO:0000162	6	0.3	0
BSU_31960	GO:0016787	6	0.3	0
BSU_34950	GO:0003824	6	0.3	0
BSU_37670	GO:0030497	6	0.3	0
BSU_07500	GO:0009401	6	0.3	0
BSU_07510	GO:0009401	6	0.3	0
BSU_35740	GO:0005524	6	0.3	0
BSU_23080	GO:0003824	6	0.3	0
BSU_13840	GO:0005515	6	0.3	0
BSU_12380	GO:0003933	6	0.3	0
BSU_12340	GO:0003933	6	0.3	0
BSU_39390	GO:0003933	6	0.3	0
BSU_34120	GO:0016787	6	0.3	0
BSU_16600	GO:0016887	6	0.3	0
BSU_03040	GO:0000162	6	0.3	0
BSU_02840	GO:0006414	6	0.3	0
BSU_37620	GO:0003700	6	0.3	0
BSU_06812	GO:0003700	6	0.3	0
BSU_13840	GO:0071555	6	0.3	0
BSU_09620	GO:0000162	6	0.3	0
BSU_30540	GO:0008137	6	0.3	0
BSU_01750	GO:0015727	6	0.3	0
BSU_01680	GO:0015727	6	0.3	0
BSU_33040	GO:0008137	6	0.3	0
BSU_22550	GO:0071555	6	0.3	0
BSU_06060	GO:0003700	6	0.3	0
BSU_28710	GO:0015727	6	0.3	0
BSU_04660	GO:0003700	6	0.3	0
BSU_40770	GO:0015727	6	0.3	0
BSU_22960	GO:0016887	6	0.3	0
BSU_03480	GO:0016787	6	0.3	0
BSU_27440	GO:0071555	6	0.3	0
BSU_07590	GO:0005524	6	0.3	0
BSU_34010	GO:0005524	6	0.3	0
BSU_02850	GO:0000162	6	0.3	0
BSU_03480	GO:0008137	6	0.3	0
BSU_18440	GO:0016787	6	0.3	0
BSU_28260	GO:0030152	6	0.3	0
BSU_32800	GO:1902210	6	0.3	0
BSU_22550	GO:0015093	6	0.3	0
BSU_27440	GO:0015093	6	0.3	0
BSU_05830	GO:0019344	6	0.3	0
BSU_37170	GO:0030497	6	0.3	0
BSU_11540	GO:0016597	6	0.3	0
BSU_34950	GO:0030152	6	0.3	0
BSU_08180	GO:0030152	6	0.3	0
BSU_03290	GO:0016597	6	0.3	0
BSU_26590	GO:0006811	6	0.3	0
BSU_16600	GO:0006417	6	0.3	0
BSU_27970	GO:0020037	6	0.3	0
BSU_22370	GO:0016787	6	0.3	0
BSU_06960	GO:0008137	6	0.3	0
BSU_12880	GO:0000162	6	0.3	0
BSU_40490	GO:0000162	6	0.3	0
BSU_13840	GO:0015093	6	0.3	0
BSU_00810	GO:0030497	6	0.3	0
BSU_37620	GO:0016597	6	0.3	0
BSU_03520	GO:0005515	6	0.3	0
BSU_06960	GO:0019344	6	0.3	0
BSU_11620	GO:0005886	6	0.3	0
BSU_07710	GO:0030152	6	0.3	0
BSU_09380	GO:0006417	6	0.3	0
BSU_07260	GO:0030152	6	0.3	0
BSU_05880	GO:0019344	6	0.3	0
BSU_03480	GO:0019344	6	0.3	0
BSU_24080	GO:0009401	6	0.3	0
BSU_09570	GO:1902210	6	0.3	0
BSU_22370	GO:1902210	6	0.3	0
BSU_05860	GO:0030152	6	0.3	0
BSU_33040	GO:0019344	6	0.3	0
BSU_22140	GO:0030497	6	0.3	0
BSU_30540	GO:0019344	6	0.3	0
BSU_16110	GO:1902210	6	0.3	0
BSU_24290	GO:0006417	6	0.3	0
BSU_01010	GO:0006417	6	0.3	0
BSU_09380	GO:0020037	6	0.3	0
BSU_10170	GO:0006414	6	0.3	0
BSU_36920	GO:0005886	6	0.3	0
BSU_15920	GO:0006417	6	0.3	0
BSU_14600	GO:0006417	6	0.3	0
BSU_34470	GO:0006811	6	0.3	0
BSU_32800	GO:0006417	6	0.3	0
BSU_24290	GO:0008137	6	0.3	0
BSU_40230	GO:0005886	6	0.3	0
BSU_33040	GO:0006417	6	0.3	0
BSU_08460	GO:0015093	6	0.3	0
BSU_17710	GO:0015093	6	0.3	0
BSU_16120	GO:0030152	6	0.3	0
BSU_28710	GO:0015093	6	0.3	0
BSU_27970	GO:0015093	6	0.3	0
BSU_05860	GO:0003700	6	0.3	0
BSU_04450	GO:0071555	6	0.3	0
BSU_24150	GO:0030497	6	0.3	0
BSU_03590	GO:0003700	6	0.3	0
BSU_02980	GO:0003700	6	0.3	0
BSU_30390	GO:0071555	6	0.3	0
BSU_02750	GO:0003700	6	0.3	0
BSU_01750	GO:0003700	6	0.3	0
BSU_33540	GO:0030497	6	0.3	0
BSU_40770	GO:0006811	6	0.3	0
BSU_06150	GO:0030497	6	0.3	0
BSU_27510	GO:0030152	6	0.3	0
BSU_24470	GO:0003700	6	0.3	0
BSU_22960	GO:0016787	6	0.3	0
BSU_07590	GO:0006414	6	0.3	0
BSU_27860	GO:0000162	6	0.3	0
BSU_01680	GO:0015093	6	0.3	0
BSU_08100	GO:0071555	6	0.3	0
BSU_08450	GO:0015093	6	0.3	0
BSU_07590	GO:0071555	6	0.3	0
BSU_08200	GO:0015093	6	0.3	0
BSU_34010	GO:0015093	6	0.3	0
BSU_07510	GO:0015093	6	0.3	0
BSU_07500	GO:0015093	6	0.3	0
BSU_16020	GO:0016597	6	0.3	0
BSU_33600	GO:0016597	6	0.3	0
BSU_15760	GO:0030152	6	0.3	0
BSU_27970	GO:0009401	6	0.3	0
BSU_32750	GO:0003700	6	0.3	0
BSU_38390	GO:0015093	6	0.3	0
BSU_17890	GO:0030152	6	0.3	0
BSU_03981	GO:0015093	6	0.3	0
BSU_06680	GO:0003700	6	0.3	0
BSU_00670	GO:0016597	6	0.3	0
BSU_29760	GO:0030497	6	0.3	0
BSU_34920	GO:0000162	6	0.3	0
BSU_06460	GO:0003700	6	0.3	0
BSU_06450	GO:0003700	6	0.3	0
BSU_02980	GO:0015093	6	0.3	0
BSU_02980	GO:0005886	6	0.3	0
BSU_40960	GO:0008081	6	0.3	0
BSU_28260	GO:0005886	6	0.3	0
BSU_35740	GO:0016746	6	0.3	0
BSU_29340	GO:0004747	6	0.3	0
BSU_37620	GO:0051301	6	0.3	0
BSU_37190	GO:0016020	6	0.3	0
BSU_02840	GO:0051301	6	0.3	0
BSU_33290	GO:0016020	6	0.3	0
BSU_10250	GO:0003677	6	0.3	0
BSU_37970	GO:0000287	6	0.3	0
BSU_29440	GO:0008270	6	0.3	0
BSU_13560	GO:0005886	6	0.3	0
BSU_11540	GO:0003677	6	0.3	0
BSU_32250	GO:0003677	6	0.3	0
BSU_01920	GO:0016746	6	0.3	0
BSU_03290	GO:0051301	6	0.3	0
BSU_11540	GO:0051301	6	0.3	0
BSU_35780	GO:0000287	6	0.3	0
BSU_37970	GO:0016746	6	0.3	0
BSU_11690	GO:0003677	6	0.3	0
BSU_23920	GO:0005886	6	0.3	0
BSU_13960	GO:0003677	6	0.3	0
BSU_06460	GO:0051301	6	0.3	0
BSU_10250	GO:0005886	6	0.3	0
BSU_33290	GO:0004747	6	0.3	0
BSU_29805	GO:0016746	6	0.3	0
BSU_25620	GO:0016746	6	0.3	0
BSU_34930	GO:0016746	6	0.3	0
BSU_33600	GO:0008270	6	0.3	0
BSU_35900	GO:0005886	6	0.3	0
BSU_24290	GO:0019346	6	0.3	0
BSU_00670	GO:0051301	6	0.3	0
BSU_33040	GO:0019346	6	0.3	0
BSU_34440	GO:0005886	6	0.3	0
BSU_06450	GO:0003677	6	0.3	0
BSU_39650	GO:0016020	6	0.3	0
BSU_39480	GO:0016020	6	0.3	0
BSU_22370	GO:0019346	6	0.3	0
BSU_32370	GO:0000287	6	0.3	0
BSU_27580	GO:0000287	6	0.3	0
BSU_05830	GO:0005524	6	0.3	0
BSU_33600	GO:0051301	6	0.3	0
BSU_05860	GO:0005886	6	0.3	0
BSU_16020	GO:0051301	6	0.3	0
BSU_06450	GO:0005886	6	0.3	0
BSU_06460	GO:0005886	6	0.3	0
BSU_37330	GO:0005886	6	0.3	0
BSU_30380	GO:0016020	6	0.3	0
BSU_29440	GO:0051301	6	0.3	0
BSU_32250	GO:0072488	6	0.3	0
BSU_22790	GO:0008270	6	0.3	0
BSU_33150	GO:0005886	6	0.3	0
BSU_22370	GO:0032993	6	0.3	0
BSU_40230	GO:0003677	6	0.3	0
BSU_21460	GO:0003677	6	0.3	0
BSU_14470	GO:0032993	6	0.3	0
BSU_09620	GO:0000287	6	0.3	0
BSU_31440	GO:0046316	6	0.3	0
BSU_41010	GO:0008270	6	0.3	0
BSU_39920	GO:0004747	6	0.3	0
BSU_13960	GO:0016020	6	0.3	0
BSU_27510	GO:0046316	6	0.3	0
BSU_36920	GO:0072488	6	0.3	0
BSU_24290	GO:0051082	6	0.3	0
BSU_32240	GO:0072488	6	0.3	0
BSU_34120	GO:0006418	6	0.3	0
BSU_41010	GO:0003677	6	0.3	0
BSU_00670	GO:0051082	6	0.3	0
BSU_05880	GO:0006418	6	0.3	0
BSU_13720	GO:0005886	6	0.3	0
BSU_00460	GO:0005886	6	0.3	0
BSU_07590	GO:0051301	6	0.3	0
BSU_24070	GO:0005886	6	0.3	0
BSU_34920	GO:0005886	6	0.3	0
BSU_17890	GO:0008270	6	0.3	0
BSU_14180	GO:0003677	6	0.3	0
BSU_15550	GO:0008270	6	0.3	0
BSU_07810	GO:0051301	6	0.3	0
BSU_36100	GO:0072488	6	0.3	0
BSU_10170	GO:0051301	6	0.3	0
BSU_29340	GO:0016020	6	0.3	0
BSU_11330	GO:0051301	6	0.3	0
BSU_23210	GO:0006633	6	0.3	0
BSU_10250	GO:0051301	6	0.3	0
BSU_27430	GO:0016020	6	0.3	0
BSU_25590	GO:0016020	6	0.3	0
BSU_38620	GO:0003700	6	0.3	0
BSU_15550	GO:0003677	6	0.3	0
BSU_22600	GO:0003677	6	0.3	0
BSU_16110	GO:0051301	6	0.3	0
BSU_11690	GO:0051301	6	0.3	0
BSU_08100	GO:0004747	6	0.3	0
BSU_13840	GO:0005886	6	0.3	0
BSU_09260	GO:0016052	6	0.3	0
BSU_32000	GO:0006418	6	0.3	0
BSU_31190	GO:0003949	6	0.3	0
BSU_31960	GO:0000287	6	0.3	0
BSU_24130	GO:0016052	6	0.3	0
BSU_28260	GO:0016052	6	0.3	0
BSU_16630	GO:0003824	6	0.3	0
BSU_22690	GO:0016746	6	0.3	0
BSU_15550	GO:0000287	6	0.3	0
BSU_16600	GO:0019346	6	0.3	0
BSU_32250	GO:0016052	6	0.3	0
BSU_19180	GO:0016020	6	0.3	0
BSU_00910	GO:0016052	6	0.3	0
BSU_34920	GO:0016746	6	0.3	0
BSU_22600	GO:0003824	6	0.3	0
BSU_39270	GO:0016020	6	0.3	0
BSU_36370	GO:0016052	6	0.3	0
BSU_36920	GO:0003949	6	0.3	0
BSU_05880	GO:0000287	6	0.3	0
BSU_06812	GO:0000150	6	0.3	0
BSU_34120	GO:0000287	6	0.3	0
BSU_12340	GO:0016052	6	0.3	0
BSU_04660	GO:0000150	6	0.3	0
BSU_15550	GO:0003824	6	0.3	0
BSU_14180	GO:0003824	6	0.3	0
BSU_30540	GO:0000287	6	0.3	0
BSU_07590	GO:0000150	6	0.3	0
BSU_09380	GO:0016746	6	0.3	0
BSU_10250	GO:0003824	6	0.3	0
BSU_15920	GO:0016746	6	0.3	0
BSU_13180	GO:0000287	6	0.3	0
BSU_30830	GO:0003949	6	0.3	0
BSU_01010	GO:0016746	6	0.3	0
BSU_24290	GO:0016746	6	0.3	0
BSU_11540	GO:0003824	6	0.3	0
BSU_11690	GO:0003824	6	0.3	0
BSU_33040	GO:0016746	6	0.3	0
BSU_32800	GO:0016746	6	0.3	0
BSU_37690	GO:0043041	6	0.3	0
BSU_23080	GO:0016052	6	0.3	0
BSU_13960	GO:0003824	6	0.3	0
BSU_03480	GO:0000287	6	0.3	0
BSU_22600	GO:0016746	6	0.3	0
BSU_12930	GO:0005524	6	0.3	0
BSU_13560	GO:0003824	6	0.3	0
BSU_33040	GO:0000287	6	0.3	0
BSU_28260	GO:0003824	6	0.3	0
BSU_05830	GO:0000287	6	0.3	0
BSU_02490	GO:0016052	6	0.3	0
BSU_25580	GO:0000287	6	0.3	0
BSU_06960	GO:0000287	6	0.3	0
BSU_27510	GO:0016052	6	0.3	0
BSU_19180	GO:0016020	6	0.3	0
BSU_38620	GO:0000287	6	0.3	0
BSU_34440	GO:0000287	6	0.3	0
BSU_39270	GO:0016020	6	0.3	0
BSU_31290	GO:0016746	6	0.3	0
BSU_02750	GO:0005886	6	0.3	0
BSU_32690	GO:0016052	6	0.3	0
BSU_30230	GO:0016052	6	0.3	0
BSU_29805	GO:0005886	6	0.3	0
BSU_13580	GO:0016052	6	0.3	0
BSU_17890	GO:0043041	6	0.3	0
BSU_01920	GO:0016052	6	0.3	0
BSU_40060	GO:0016052	6	0.3	0
BSU_08240	GO:0016052	6	0.3	0
BSU_04450	GO:0016020	6	0.3	0
BSU_37710	GO:0016052	6	0.3	0
BSU_37690	GO:0016052	6	0.3	0
BSU_33200	GO:0000287	6	0.3	0
BSU_03520	GO:0000287	6	0.3	0
BSU_14470	GO:0019346	6	0.3	0
BSU_15920	GO:0019346	6	0.3	0
BSU_00780	GO:0016052	6	0.3	0
BSU_18230	GO:0016052	6	0.3	0
BSU_32800	GO:0019346	6	0.3	0
BSU_14600	GO:0019346	6	0.3	0
BSU_04450	GO:0016020	6	0.3	0
BSU_34550	GO:0003949	6	0.3	0
BSU_03480	GO:0005524	6	0.3	0
BSU_38390	GO:0043041	6	0.3	0
BSU_27900	GO:0016052	6	0.3	0
BSU_41010	GO:0016746	6	0.3	0
BSU_07260	GO:0043041	6	0.3	0
BSU_32250	GO:0016746	6	0.3	0
BSU_09440	GO:0043041	6	0.3	0
BSU_37330	GO:0016746	6	0.3	0
BSU_11690	GO:0043041	6	0.3	0
BSU_30390	GO:0016020	6	0.3	0
BSU_30230	GO:0016746	6	0.3	0
BSU_32690	GO:0003677	6	0.3	0
BSU_37330	GO:0003677	6	0.3	0
BSU_16630	GO:0006633	6	0.3	0
BSU_23250	GO:0008270	6	0.3	0
BSU_32250	GO:0005886	6	0.3	0
BSU_24070	GO:0009401	6	0.3	0
BSU_32240	GO:0009401	6	0.3	0
BSU_01680	GO:0005515	6	0.3	0
BSU_14600	GO:0005778	6	0.3	0
BSU_01750	GO:0005515	6	0.3	0
BSU_40060	GO:0009401	6	0.3	0
BSU_17710	GO:0005515	6	0.3	0
BSU_00460	GO:0009401	6	0.3	0
BSU_33600	GO:0005524	6	0.3	0
BSU_01010	GO:0005524	6	0.3	0
BSU_04660	GO:0003700	6	0.3	0
BSU_16650	GO:0005524	6	0.3	0
BSU_14470	GO:0006284	6	0.3	0
BSU_28260	GO:0005886	6	0.3	0
BSU_02850	GO:0005515	6	0.3	0
BSU_28710	GO:0055085	6	0.3	0
BSU_03590	GO:0005515	6	0.3	0
BSU_27510	GO:0005886	6	0.3	0
BSU_16600	GO:0006284	6	0.3	0
BSU_01680	GO:0055085	6	0.3	0
BSU_07590	GO:0003949	6	0.3	0
BSU_19360	GO:0003824	6	0.3	0
BSU_29440	GO:0005524	6	0.3	0
BSU_11210	GO:0009401	6	0.3	0
BSU_28710	GO:0005515	6	0.3	0
BSU_16590	GO:0005524	6	0.3	0
BSU_23250	GO:0005524	6	0.3	0
BSU_11520	GO:0003824	6	0.3	0
BSU_41010	GO:0005524	6	0.3	0
BSU_24150	GO:0005515	6	0.3	0
BSU_18460	GO:0009401	6	0.3	0
BSU_03520	GO:0005515	6	0.3	0
BSU_40970	GO:0005778	6	0.3	0
BSU_11540	GO:0003949	6	0.3	0
BSU_08100	GO:0009401	6	0.3	0
BSU_40970	GO:0003824	6	0.3	0
BSU_07590	GO:0009401	6	0.3	0
BSU_22790	GO:0005524	6	0.3	0
BSU_15920	GO:0003824	6	0.3	0
BSU_03890	GO:0009401	6	0.3	0
BSU_23220	GO:0006284	6	0.3	0
BSU_15550	GO:0005524	6	0.3	0
BSU_17890	GO:0005524	6	0.3	0
BSU_13840	GO:0072488	6	0.3	0
BSU_24290	GO:0032993	6	0.3	0
BSU_15920	GO:0005778	6	0.3	0
BSU_07810	GO:0003949	6	0.3	0
BSU_04450	GO:0046316	6	0.3	0
BSU_39480	GO:0016020	6	0.3	0
BSU_33040	GO:0003824	6	0.3	0
BSU_02850	GO:0008324	6	0.3	0
BSU_13560	GO:0009401	6	0.3	0
BSU_03290	GO:0005886	6	0.3	0
BSU_30390	GO:0046316	6	0.3	0
BSU_34120	GO:0005886	6	0.3	0
BSU_33040	GO:0032993	6	0.3	0
BSU_13180	GO:0005886	6	0.3	0
BSU_24070	GO:0046316	6	0.3	0
BSU_27970	GO:0005886	6	0.3	0
BSU_00460	GO:0046316	6	0.3	0
BSU_07500	GO:0008324	6	0.3	0
BSU_38480	GO:0009401	6	0.3	0
BSU_07510	GO:0008324	6	0.3	0
BSU_34010	GO:0008324	6	0.3	0
BSU_08450	GO:0008324	6	0.3	0
BSU_19360	GO:0006284	6	0.3	0
BSU_08460	GO:0008324	6	0.3	0
BSU_39270	GO:0046316	6	0.3	0
BSU_03310	GO:0005886	6	0.3	0
BSU_03981	GO:0005515	6	0.3	0
BSU_07260	GO:0005515	6	0.3	0
BSU_10170	GO:0003949	6	0.3	0
BSU_11330	GO:0003949	6	0.3	0
BSU_10250	GO:0003949	6	0.3	0
BSU_17890	GO:0005886	6	0.3	0
BSU_13560	GO:0046316	6	0.3	0
BSU_03480	GO:0006284	6	0.3	0
BSU_15690	GO:0006284	6	0.3	0
BSU_15760	GO:0005886	6	0.3	0
BSU_02030	GO:0006284	6	0.3	0
BSU_30050	GO:0072488	6	0.3	0
BSU_30390	GO:0009401	6	0.3	0
BSU_09380	GO:0005886	6	0.3	0
BSU_04450	GO:0009401	6	0.3	0
BSU_39650	GO:0009401	6	0.3	0
BSU_01750	GO:0055085	6	0.3	0
BSU_39650	GO:0046316	6	0.3	0
BSU_06812	GO:0005515	6	0.3	0
BSU_11690	GO:0003949	6	0.3	0
BSU_30540	GO:0003824	6	0.3	0
BSU_05860	GO:0046316	6	0.3	0
BSU_12380	GO:0005524	6	0.3	0
BSU_40490	GO:0072488	6	0.3	0
BSU_06460	GO:0051082	6	0.3	0
BSU_06680	GO:0006418	6	0.3	0
BSU_30540	GO:0004747	6	0.3	0
BSU_07260	GO:0016020	6	0.3	0
BSU_29805	GO:0003700	6	0.3	0
BSU_06812	GO:0016020	6	0.3	0
BSU_06450	GO:0006418	6	0.3	0
BSU_16590	GO:0008270	6	0.3	0
BSU_16650	GO:0008270	6	0.3	0
BSU_10540	GO:0008270	6	0.3	0
BSU_12380	GO:0008270	6	0.3	0
BSU_21460	GO:0005524	6	0.3	0
BSU_21460	GO:0008270	6	0.3	0
BSU_03590	GO:0016020	6	0.3	0
BSU_03981	GO:0072488	6	0.3	0
BSU_02850	GO:0016020	6	0.3	0
BSU_29440	GO:0051082	6	0.3	0
BSU_10250	GO:0006418	6	0.3	0
BSU_08240	GO:0046316	6	0.3	0
BSU_40960	GO:0004747	6	0.3	0
BSU_32800	GO:0051082	6	0.3	0
BSU_07710	GO:0016020	6	0.3	0
BSU_18930	GO:0008270	6	0.3	0
BSU_01920	GO:0046316	6	0.3	0
BSU_31960	GO:0006418	6	0.3	0
BSU_32690	GO:0046316	6	0.3	0
BSU_31090	GO:0016020	6	0.3	0
BSU_33600	GO:0051082	6	0.3	0
BSU_16020	GO:0051082	6	0.3	0
BSU_32690	GO:0006418	6	0.3	0
BSU_28510	GO:0006633	6	0.3	0
BSU_37620	GO:0051082	6	0.3	0
BSU_41010	GO:0006418	6	0.3	0
BSU_30230	GO:0046316	6	0.3	0
BSU_31090	GO:0003677	6	0.3	0
BSU_28720	GO:0006633	6	0.3	0
BSU_00670	GO:0004747	6	0.3	0
BSU_28710	GO:0072488	6	0.3	0
BSU_32750	GO:0016020	6	0.3	0
BSU_03290	GO:0051082	6	0.3	0
BSU_13580	GO:0046316	6	0.3	0
BSU_32750	GO:0006418	6	0.3	0
BSU_32800	GO:0032993	6	0.3	0
BSU_14600	GO:0032993	6	0.3	0
BSU_11540	GO:0006418	6	0.3	0
BSU_15460	GO:0003677	6	0.3	0
BSU_01750	GO:0016020	6	0.3	0
BSU_16110	GO:0051082	6	0.3	0
BSU_18440	GO:0006418	6	0.3	0
BSU_13840	GO:0005515	6	0.3	0
BSU_02840	GO:0003949	6	0.3	0
BSU_22790	GO:0006418	6	0.3	0
BSU_22370	GO:0006418	6	0.3	0
BSU_24080	GO:0006418	6	0.3	0
BSU_04460	GO:0009401	6	0.3	0
BSU_34010	GO:0072488	6	0.3	0
BSU_01680	GO:0046316	6	0.3	0
BSU_22760	GO:0005515	6	0.3	0
BSU_24130	GO:0005515	6	0.3	0
BSU_28260	GO:0006418	6	0.3	0
BSU_03981	GO:0046316	6	0.3	0
BSU_35750	GO:0005524	6	0.3	0
BSU_15920	GO:0005524	6	0.3	0
BSU_06812	GO:0003700	6	0.3	0
BSU_11520	GO:0005524	6	0.3	0
BSU_34440	GO:0005515	6	0.3	0
BSU_17860	GO:0051082	6	0.3	0
BSU_31530	GO:0009401	6	0.3	0
BSU_15920	GO:0032993	6	0.3	0
BSU_11620	GO:0003677	6	0.3	0
BSU_17890	GO:0006418	6	0.3	0
BSU_40970	GO:0004747	6	0.3	0
BSU_13180	GO:0006418	6	0.3	0
BSU_13560	GO:0006418	6	0.3	0
BSU_17100	GO:0008270	6	0.3	0
BSU_37710	GO:0046316	6	0.3	0
BSU_22600	GO:0006633	6	0.3	0
BSU_37690	GO:0046316	6	0.3	0
BSU_22690	GO:0006633	6	0.3	0
BSU_09260	GO:0046316	6	0.3	0
BSU_22790	GO:0006633	6	0.3	0
BSU_09570	GO:0051082	6	0.3	0
BSU_22370	GO:0051082	6	0.3	0
BSU_33600	GO:0005515	6	0.3	0
BSU_15910	GO:0006418	6	0.3	0
BSU_37620	GO:0005515	6	0.3	0
BSU_03930	GO:0005515	6	0.3	0
BSU_15760	GO:0005515	6	0.3	0
BSU_16120	GO:0003700	6	0.3	0
BSU_16630	GO:0006418	6	0.3	0
BSU_08240	GO:0043041	6	0.3	0
BSU_16120	GO:0000150	6	0.3	0
BSU_40060	GO:0043041	6	0.3	0
BSU_19230	GO:0045454	6	0.3	0
BSU_38480	GO:0005737	6	0.3	0
BSU_33300	GO:0016887	6	0.3	0
BSU_03800	GO:0016887	6	0.3	0
BSU_03810	GO:0016887	6	0.3	0
BSU_13560	GO:0005737	6	0.3	0
BSU_01610	GO:0016887	6	0.3	0
BSU_16600	GO:0042802	6	0.3	0
BSU_16560	GO:0016887	6	0.3	0
BSU_08450	GO:0016301	6	0.3	0
BSU_39650	GO:0005737	6	0.3	0
BSU_08100	GO:0005829	6	0.3	0
BSU_16110	GO:0005829	6	0.3	0
BSU_04450	GO:0005737	6	0.3	0
BSU_39270	GO:0005737	6	0.3	0
BSU_24630	GO:0016887	6	0.3	0
BSU_03290	GO:0006633	6	0.3	0
BSU_30390	GO:0005737	6	0.3	0
BSU_34010	GO:0016301	6	0.3	0
BSU_32800	GO:0042802	6	0.3	0
BSU_07510	GO:0016301	6	0.3	0
BSU_08460	GO:0016301	6	0.3	0
BSU_35900	GO:0016887	6	0.3	0
BSU_00670	GO:0005886	6	0.3	0
BSU_08200	GO:0005829	6	0.3	0
BSU_37190	GO:0030366	6	0.3	0
BSU_27440	GO:0016887	6	0.3	0
BSU_34930	GO:0030366	6	0.3	0
BSU_16560	GO:0015658	6	0.3	0
BSU_37170	GO:0045454	6	0.3	0
BSU_22760	GO:0030366	6	0.3	0
BSU_22600	GO:0030366	6	0.3	0
BSU_11690	GO:0030366	6	0.3	0
BSU_07710	GO:0030366	6	0.3	0
BSU_07260	GO:0030366	6	0.3	0
BSU_34120	GO:0005524	6	0.3	0
BSU_01680	GO:0005737	6	0.3	0
BSU_03981	GO:0005737	6	0.3	0
BSU_05860	GO:0005737	6	0.3	0
BSU_39920	GO:0005886	6	0.3	0
BSU_22600	GO:0003949	6	0.3	0
BSU_22690	GO:0003949	6	0.3	0
BSU_05880	GO:0005524	6	0.3	0
BSU_32750	GO:0016301	6	0.3	0
BSU_07500	GO:0016301	6	0.3	0
BSU_19360	GO:0042802	6	0.3	0
BSU_11540	GO:0006633	6	0.3	0
BSU_13840	GO:0140359	6	0.3	0
BSU_28510	GO:0005829	6	0.3	0
BSU_28720	GO:0005829	6	0.3	0
BSU_23080	GO:0003949	6	0.3	0
BSU_22960	GO:0016887	6	0.3	0
BSU_23920	GO:0005737	6	0.3	0
BSU_32800	GO:0005524	6	0.3	0
BSU_22080	GO:0005886	6	0.3	0
BSU_27430	GO:0005737	6	0.3	0
BSU_22370	GO:0016887	6	0.3	0
BSU_30380	GO:0005737	6	0.3	0
BSU_31960	GO:0005524	6	0.3	0
BSU_35900	GO:0005737	6	0.3	0
BSU_39480	GO:0005737	6	0.3	0
BSU_37670	GO:0005886	6	0.3	0
BSU_22550	GO:0005829	6	0.3	0
BSU_08460	GO:0140359	6	0.3	0
BSU_24290	GO:0043754	6	0.3	0
BSU_08450	GO:0140359	6	0.3	0
BSU_08200	GO:0140359	6	0.3	0
BSU_32750	GO:0005737	6	0.3	0
BSU_05880	GO:0042802	6	0.3	0
BSU_07710	GO:0016301	6	0.3	0
BSU_22370	GO:0042802	6	0.3	0
BSU_07260	GO:0016301	6	0.3	0
BSU_14600	GO:0042802	6	0.3	0
BSU_29440	GO:0005524	6	0.3	0
BSU_14600	GO:0043754	6	0.3	0
BSU_32800	GO:0043754	6	0.3	0
BSU_00460	GO:0005737	6	0.3	0
BSU_06812	GO:0016301	6	0.3	0
BSU_15920	GO:0042802	6	0.3	0
BSU_40060	GO:0005737	6	0.3	0
BSU_33040	GO:0043754	6	0.3	0
BSU_00790	GO:0005737	6	0.3	0
BSU_01750	GO:0005737	6	0.3	0
BSU_02750	GO:0005737	6	0.3	0
BSU_02980	GO:0005737	6	0.3	0
BSU_03590	GO:0005737	6	0.3	0
BSU_06450	GO:0005737	6	0.3	0
BSU_38390	GO:0016301	6	0.3	0
BSU_06680	GO:0005737	6	0.3	0
BSU_24290	GO:0042802	6	0.3	0
BSU_33150	GO:0030366	6	0.3	0
BSU_34120	GO:0044550	6	0.3	0
BSU_11690	GO:0006633	6	0.3	0
BSU_27860	GO:0030435	6	0.3	0
BSU_05830	GO:0005829	6	0.3	0
BSU_22550	GO:0005524	6	0.3	0
BSU_25450	GO:0030435	6	0.3	0
BSU_16020	GO:0006633	6	0.3	0
BSU_04210	GO:0030435	6	0.3	0
BSU_06450	GO:0005886	6	0.3	0
BSU_33150	GO:0030435	6	0.3	0
BSU_13560	GO:0044550	6	0.3	0
BSU_13180	GO:0044550	6	0.3	0
BSU_17100	GO:0030435	6	0.3	0
BSU_22550	GO:0016887	6	0.3	0
BSU_24290	GO:0005524	6	0.3	0
BSU_13960	GO:0045454	6	0.3	0
BSU_16110	GO:0005524	6	0.3	0
BSU_30540	GO:0016887	6	0.3	0
BSU_17150	GO:0030435	6	0.3	0
BSU_33600	GO:0005524	6	0.3	0
BSU_22550	GO:0016301	6	0.3	0
BSU_17100	GO:0030366	6	0.3	0
BSU_37620	GO:0006633	6	0.3	0
BSU_10140	GO:0030435	6	0.3	0
BSU_36370	GO:0030435	6	0.3	0
BSU_28260	GO:0051287	6	0.3	0
BSU_06460	GO:0005886	6	0.3	0
BSU_14470	GO:0016887	6	0.3	0
BSU_27440	GO:0016301	6	0.3	0
BSU_05880	GO:0005829	6	0.3	0
BSU_34120	GO:0005829	6	0.3	0
BSU_35740	GO:0030435	6	0.3	0
BSU_37970	GO:0030435	6	0.3	0
BSU_27430	GO:0016301	6	0.3	0
BSU_06960	GO:0005524	6	0.3	0
BSU_22600	GO:0051287	6	0.3	0
BSU_24080	GO:0051287	6	0.3	0
BSU_33200	GO:0000034	6	0.3	0
BSU_04460	GO:0030435	6	0.3	0
BSU_25590	GO:0016301	6	0.3	0
BSU_08100	GO:0005886	6	0.3	0
BSU_06680	GO:0005886	6	0.3	0
BSU_34440	GO:0000034	6	0.3	0
BSU_36920	GO:0005886	6	0.3	0
BSU_25480	GO:0005524	6	0.3	0
BSU_32240	GO:0005886	6	0.3	0
BSU_07630	GO:0045454	6	0.3	0
BSU_06680	GO:0044550	6	0.3	0
BSU_21460	GO:0030366	6	0.3	0
BSU_31090	GO:0016301	6	0.3	0
BSU_08450	GO:0016887	6	0.3	0
BSU_08460	GO:0016887	6	0.3	0
BSU_24470	GO:0003949	6	0.3	0
BSU_05830	GO:0005524	6	0.3	0
BSU_15550	GO:0030366	6	0.3	0
BSU_12940	GO:0016887	6	0.3	0
BSU_06150	GO:0045454	6	0.3	0
BSU_40490	GO:0030366	6	0.3	0
BSU_24150	GO:0045454	6	0.3	0
BSU_12880	GO:0030366	6	0.3	0
BSU_03290	GO:0005524	6	0.3	0
BSU_13840	GO:0016887	6	0.3	0
BSU_13950	GO:0016887	6	0.3	0
BSU_17840	GO:0030366	6	0.3	0
BSU_02270	GO:0030366	6	0.3	0
BSU_21910	GO:0016747	6	0.3	0
BSU_17150	GO:0030366	6	0.3	0
BSU_05880	GO:0044550	6	0.3	0
BSU_00810	GO:0045454	6	0.3	0
BSU_08200	GO:0016887	6	0.3	0
BSU_07510	GO:0016887	6	0.3	0
BSU_12380	GO:0030366	6	0.3	0
BSU_28170	GO:0045454	6	0.3	0
BSU_27970	GO:0016887	6	0.3	0
BSU_10540	GO:0030366	6	0.3	0
BSU_30050	GO:0016301	6	0.3	0
BSU_18930	GO:0030366	6	0.3	0
BSU_01680	GO:0016887	6	0.3	0
BSU_17710	GO:0016887	6	0.3	0
BSU_30540	GO:0044550	6	0.3	0
BSU_32750	GO:0044550	6	0.3	0
BSU_37670	GO:0045454	6	0.3	0
BSU_16020	GO:0005524	6	0.3	0
BSU_17860	GO:0010468	6	0.3	0
BSU_10140	GO:0045454	6	0.3	0
BSU_13960	GO:0016301	6	0.3	0
BSU_03981	GO:0016887	6	0.3	0
BSU_08200	GO:0005524	6	0.3	0
BSU_38390	GO:0016887	6	0.3	0
BSU_02840	GO:0006633	6	0.3	0
BSU_37620	GO:0005524	6	0.3	0
BSU_07500	GO:0016887	6	0.3	0
BSU_03590	GO:0016301	6	0.3	0
BSU_01010	GO:0043754	6	0.3	0
BSU_34920	GO:0003949	6	0.3	0
BSU_10250	GO:0043041	6	0.3	0
BSU_02980	GO:0015658	6	0.3	0
BSU_06450	GO:0043041	6	0.3	0
BSU_05860	GO:0016020	6	0.3	0
BSU_05830	GO:0004088	6	0.3	0
BSU_03520	GO:0005506	6	0.3	0
BSU_06460	GO:0043041	6	0.3	0
BSU_06680	GO:0043041	6	0.3	0
BSU_05860	GO:0003824	6	0.3	0
BSU_31960	GO:0043041	6	0.3	0
BSU_02840	GO:0016746	6	0.3	0
BSU_02850	GO:0016301	6	0.3	0
BSU_27970	GO:0005886	6	0.3	0
BSU_24630	GO:0006751	6	0.3	0
BSU_23310	GO:0006751	6	0.3	0
BSU_14410	GO:0006751	6	0.3	0
BSU_27970	GO:0006751	6	0.3	0
BSU_06960	GO:0004088	6	0.3	0
BSU_23920	GO:0043041	6	0.3	0
BSU_11540	GO:0006751	6	0.3	0
BSU_16560	GO:0006751	6	0.3	0
BSU_05880	GO:0004088	6	0.3	0
BSU_11330	GO:0006751	6	0.3	0
BSU_10170	GO:0006751	6	0.3	0
BSU_38620	GO:0000150	6	0.3	0
BSU_02850	GO:0005506	6	0.3	0
BSU_13180	GO:0005506	6	0.3	0
BSU_07810	GO:0006633	6	0.3	0
BSU_08180	GO:0003824	6	0.3	0
BSU_07810	GO:0003824	6	0.3	0
BSU_03480	GO:0004088	6	0.3	0
BSU_07710	GO:0003700	6	0.3	0
BSU_35780	GO:0006751	6	0.3	0
BSU_28720	GO:0005524	6	0.3	0
BSU_29340	GO:0015658	6	0.3	0
BSU_33040	GO:0004088	6	0.3	0
BSU_30540	GO:0004088	6	0.3	0
BSU_33770	GO:0006751	6	0.3	0
BSU_04970	GO:0006751	6	0.3	0
BSU_21460	GO:0006751	6	0.3	0
BSU_27970	GO:0005506	6	0.3	0
BSU_00670	GO:0043041	6	0.3	0
BSU_39920	GO:0043041	6	0.3	0
BSU_32750	GO:0015658	6	0.3	0
BSU_03480	GO:0016887	6	0.3	0
BSU_24290	GO:0004088	6	0.3	0
BSU_03040	GO:0003824	6	0.3	0
BSU_26810	GO:0003949	6	0.3	0
BSU_15460	GO:0003949	6	0.3	0
BSU_16300	GO:0016020	6	0.3	0
BSU_29805	GO:0000150	6	0.3	0
BSU_09570	GO:0043041	6	0.3	0
BSU_34950	GO:0016052	6	0.3	0
BSU_29440	GO:0016052	6	0.3	0
BSU_05880	GO:0016887	6	0.3	0
BSU_31440	GO:0043041	6	0.3	0
BSU_22960	GO:0000287	6	0.3	0
BSU_22370	GO:0000287	6	0.3	0
BSU_27510	GO:0043041	6	0.3	0
BSU_31440	GO:0016052	6	0.3	0
BSU_18440	GO:0000287	6	0.3	0
BSU_06450	GO:0003824	6	0.3	0
BSU_32690	GO:0043041	6	0.3	0
BSU_01920	GO:0043041	6	0.3	0
BSU_16600	GO:0016746	6	0.3	0
BSU_24470	GO:0016052	6	0.3	0
BSU_15910	GO:0000287	6	0.3	0
BSU_11690	GO:0016746	6	0.3	0
BSU_24560	GO:0043041	6	0.3	0
BSU_28710	GO:0003824	6	0.3	0
BSU_41010	GO:0003824	6	0.3	0
BSU_32000	GO:0003824	6	0.3	0
BSU_10250	GO:0006633	6	0.3	0
BSU_11540	GO:0016746	6	0.3	0
BSU_05880	GO:0005506	6	0.3	0
BSU_35900	GO:0043041	6	0.3	0
BSU_34010	GO:0003700	6	0.3	0
BSU_07590	GO:0016746	6	0.3	0
BSU_07810	GO:0016746	6	0.3	0
BSU_16020	GO:0006751	6	0.3	0
BSU_25480	GO:0006751	6	0.3	0
BSU_04460	GO:0000150	6	0.3	0
BSU_37330	GO:0003824	6	0.3	0
BSU_11620	GO:0003949	6	0.3	0
BSU_09620	GO:0006751	6	0.3	0
BSU_37710	GO:0043041	6	0.3	0
BSU_03480	GO:0019346	6	0.3	0
BSU_33040	GO:0016887	6	0.3	0
BSU_32250	GO:0003824	6	0.3	0
BSU_10250	GO:0016746	6	0.3	0
BSU_34120	GO:0005506	6	0.3	0
BSU_02980	GO:0005886	6	0.3	0
BSU_07590	GO:0006633	6	0.3	0
BSU_33200	GO:0005886	6	0.3	0
BSU_03890	GO:0005737	6	0.3	0
BSU_06060	GO:0005737	6	0.3	0
BSU_08100	GO:0005737	6	0.3	0
BSU_09380	GO:0005737	6	0.3	0
BSU_13950	GO:0015658	6	0.3	0
BSU_03981	GO:0140359	6	0.3	0
BSU_28710	GO:0016301	6	0.3	0
BSU_18460	GO:0005737	6	0.3	0
BSU_16110	GO:0005524	6	0.3	0
BSU_25590	GO:0005737	6	0.3	0
BSU_12930	GO:0015658	6	0.3	0
BSU_12940	GO:0015658	6	0.3	0
BSU_18230	GO:0005886	6	0.3	0
BSU_15910	GO:0005524	6	0.3	0
BSU_08200	GO:0015658	6	0.3	0
BSU_16630	GO:0005524	6	0.3	0
BSU_07130	GO:0005886	6	0.3	0
BSU_17890	GO:0005524	6	0.3	0
BSU_18440	GO:0005524	6	0.3	0
BSU_35900	GO:0005886	6	0.3	0
BSU_17840	GO:0005886	6	0.3	0
BSU_38390	GO:0015658	6	0.3	0
BSU_40970	GO:0042802	6	0.3	0
BSU_09570	GO:0005524	6	0.3	0
BSU_34010	GO:0140359	6	0.3	0
BSU_12930	GO:0042802	6	0.3	0
BSU_17710	GO:0016301	6	0.3	0
BSU_07510	GO:0140359	6	0.3	0
BSU_13720	GO:0005886	6	0.3	0
BSU_01750	GO:0016301	6	0.3	0
BSU_34930	GO:0003949	6	0.3	0
BSU_07500	GO:0140359	6	0.3	0
BSU_22370	GO:0005524	6	0.3	0
BSU_05860	GO:0005737	6	0.3	0
BSU_38390	GO:0140359	6	0.3	0
BSU_34120	GO:0005737	6	0.3	0
BSU_38390	GO:0005737	6	0.3	0
BSU_11520	GO:0042802	6	0.3	0
BSU_13180	GO:0005524	6	0.3	0
BSU_40960	GO:0005737	6	0.3	0
BSU_03480	GO:0042802	6	0.3	0
BSU_27620	GO:0005737	6	0.3	0
BSU_05830	GO:0015658	6	0.3	0
BSU_03450	GO:0003949	6	0.3	0
BSU_03290	GO:0005506	6	0.3	0
BSU_16600	GO:0043754	6	0.3	0
BSU_22960	GO:0004088	6	0.3	0
BSU_22370	GO:0004088	6	0.3	0
BSU_18440	GO:0004088	6	0.3	0
BSU_27970	GO:0015658	6	0.3	0
BSU_28720	GO:0003824	6	0.3	0
BSU_16600	GO:0004088	6	0.3	0
BSU_28510	GO:0003824	6	0.3	0
BSU_28260	GO:0005524	6	0.3	0
BSU_16600	GO:0016887	6	0.3	0
BSU_03040	GO:0006751	6	0.3	0
BSU_34120	GO:0006751	6	0.3	0
BSU_16120	GO:0003824	6	0.3	0
BSU_06460	GO:0006633	6	0.3	0
BSU_16630	GO:0005524	6	0.3	0
BSU_07260	GO:0006751	6	0.3	0
BSU_05860	GO:0005506	6	0.3	0
BSU_11540	GO:0005506	6	0.3	0
BSU_28510	GO:0005524	6	0.3	0
BSU_03310	GO:0005506	6	0.3	0
BSU_18440	GO:0016887	6	0.3	0
BSU_22550	GO:0003824	6	0.3	0
BSU_03040	GO:0005737	6	0.3	0
BSU_23210	GO:0005524	6	0.3	0
BSU_07260	GO:0005737	6	0.3	0
BSU_13950	GO:0030435	6	0.3	0
BSU_34550	GO:0005886	6	0.3	0
BSU_17860	GO:0005524	6	0.3	0
BSU_15920	GO:0043754	6	0.3	0
BSU_02980	GO:0140359	6	0.3	0
BSU_17710	GO:0140359	6	0.3	0
BSU_01680	GO:0140359	6	0.3	0
BSU_22790	GO:0005524	6	0.3	0
BSU_05830	GO:0030435	6	0.3	0
BSU_28710	GO:0140359	6	0.3	0
BSU_38390	GO:0030435	6	0.3	0
BSU_22370	GO:0005524	6	0.3	0
BSU_17710	GO:0015658	6	0.3	0
BSU_24130	GO:0003824	6	0.3	0
BSU_24080	GO:0005524	6	0.3	0
BSU_33770	GO:0005737	6	0.3	0
BSU_27970	GO:0140359	6	0.3	0
BSU_09380	GO:0043754	6	0.3	0
BSU_29340	GO:0006814	6	0.3	0
BSU_07260	GO:0015112	6	0.3	0
BSU_01750	GO:0015295	6	0.3	0
BSU_36370	GO:0006508	6	0.3	0
BSU_28510	GO:0046872	6	0.3	0
BSU_28720	GO:0046872	6	0.3	0
BSU_15920	GO:0005515	6	0.3	0
BSU_04460	GO:0006508	6	0.3	0
BSU_14470	GO:0044780	6	0.3	0
BSU_05880	GO:0036402	6	0.3	0
BSU_13840	GO:0005886	6	0.3	0
BSU_34120	GO:0036402	6	0.3	0
BSU_03290	GO:0008233	6	0.3	0
BSU_34440	GO:0005886	6	0.3	0
BSU_11210	GO:0005829	6	0.3	0
BSU_10140	GO:0006508	6	0.3	0
BSU_16110	GO:0046872	6	0.3	0
BSU_32240	GO:0005829	6	0.3	0
BSU_22760	GO:0016887	6	0.3	0
BSU_11540	GO:0008233	6	0.3	0
BSU_04210	GO:0006508	6	0.3	0
BSU_00790	GO:0005829	6	0.3	0
BSU_33150	GO:0006508	6	0.3	0
BSU_40060	GO:0005829	6	0.3	0
BSU_00460	GO:0005829	6	0.3	0
BSU_32240	GO:0016887	6	0.3	0
BSU_24070	GO:0005829	6	0.3	0
BSU_27860	GO:0006508	6	0.3	0
BSU_03040	GO:0008233	6	0.3	0
BSU_37970	GO:0006508	6	0.3	0
BSU_00790	GO:0016887	6	0.3	0
BSU_14600	GO:0005515	6	0.3	0
BSU_19360	GO:0005515	6	0.3	0
BSU_41010	GO:0046872	6	0.3	0
BSU_32690	GO:0046872	6	0.3	0
BSU_32000	GO:0046872	6	0.3	0
BSU_02030	GO:0044780	6	0.3	0
BSU_05880	GO:0046872	6	0.3	0
BSU_22600	GO:0006508	6	0.3	0
BSU_23220	GO:0044780	6	0.3	0
BSU_06460	GO:0005829	6	0.3	0
BSU_06450	GO:0005829	6	0.3	0
BSU_02850	GO:0008233	6	0.3	0
BSU_05830	GO:0046872	6	0.3	0
BSU_35740	GO:0006508	6	0.3	0
BSU_30230	GO:0006508	6	0.3	0
BSU_03590	GO:0005829	6	0.3	0
BSU_02980	GO:0005829	6	0.3	0
BSU_34920	GO:0006508	6	0.3	0
BSU_34930	GO:0006508	6	0.3	0
BSU_07810	GO:0046872	6	0.3	0
BSU_29805	GO:0006508	6	0.3	0
BSU_02750	GO:0005829	6	0.3	0
BSU_01750	GO:0005829	6	0.3	0
BSU_08100	GO:0046872	6	0.3	0
BSU_08200	GO:0046872	6	0.3	0
BSU_17100	GO:0006508	6	0.3	0
BSU_17150	GO:0006508	6	0.3	0
BSU_16020	GO:0046872	6	0.3	0
BSU_13560	GO:0005829	6	0.3	0
BSU_33300	GO:0015711	6	0.3	0
BSU_09570	GO:0003677	6	0.3	0
BSU_03800	GO:0015711	6	0.3	0
BSU_03810	GO:0015711	6	0.3	0
BSU_34120	GO:0005524	6	0.3	0
BSU_01610	GO:0015711	6	0.3	0
BSU_05880	GO:0005524	6	0.3	0
BSU_31960	GO:0005524	6	0.3	0
BSU_33040	GO:0005524	6	0.3	0
BSU_39390	GO:0015711	6	0.3	0
BSU_10250	GO:0005886	6	0.3	0
BSU_13180	GO:0005524	6	0.3	0
BSU_06460	GO:0005886	6	0.3	0
BSU_07260	GO:0008233	6	0.3	0
BSU_15910	GO:0005524	6	0.3	0
BSU_07710	GO:0008233	6	0.3	0
BSU_18440	GO:0005524	6	0.3	0
BSU_22370	GO:0005524	6	0.3	0
BSU_32800	GO:0003677	6	0.3	0
BSU_14600	GO:0003677	6	0.3	0
BSU_23920	GO:0005886	6	0.3	0
BSU_29440	GO:0003677	6	0.3	0
BSU_37330	GO:0005886	6	0.3	0
BSU_38480	GO:0005829	6	0.3	0
BSU_22370	GO:0003677	6	0.3	0
BSU_06450	GO:0005886	6	0.3	0
BSU_25440	GO:0006508	6	0.3	0
BSU_08450	GO:0015711	6	0.3	0
BSU_31190	GO:0006508	6	0.3	0
BSU_33150	GO:0016887	6	0.3	0
BSU_13720	GO:0016887	6	0.3	0
BSU_00460	GO:0016887	6	0.3	0
BSU_05830	GO:0036402	6	0.3	0
BSU_05860	GO:0008233	6	0.3	0
BSU_39650	GO:0016887	6	0.3	0
BSU_34920	GO:0016887	6	0.3	0
BSU_08100	GO:0036402	6	0.3	0
BSU_07500	GO:0015711	6	0.3	0
BSU_07510	GO:0015711	6	0.3	0
BSU_08460	GO:0015711	6	0.3	0
BSU_05860	GO:0005886	6	0.3	0
BSU_30390	GO:0005829	6	0.3	0
BSU_05830	GO:0005524	6	0.3	0
BSU_08200	GO:0036402	6	0.3	0
BSU_12940	GO:0015711	6	0.3	0
BSU_39270	GO:0005829	6	0.3	0
BSU_02750	GO:0005886	6	0.3	0
BSU_17860	GO:0003677	6	0.3	0
BSU_29805	GO:0005886	6	0.3	0
BSU_04450	GO:0005829	6	0.3	0
BSU_39650	GO:0005829	6	0.3	0
BSU_16110	GO:0036402	6	0.3	0
BSU_32750	GO:0046872	6	0.3	0
BSU_31960	GO:0046872	6	0.3	0
BSU_06680	GO:0046872	6	0.3	0
BSU_17890	GO:0005978	6	0.3	0
BSU_23250	GO:0005978	6	0.3	0
BSU_37330	GO:0005829	6	0.3	0
BSU_13950	GO:0000160	6	0.3	0
BSU_41010	GO:0005978	6	0.3	0
BSU_27970	GO:0008233	6	0.3	0
BSU_22790	GO:0005978	6	0.3	0
BSU_22550	GO:0000160	6	0.3	0
BSU_27430	GO:0005829	6	0.3	0
BSU_16630	GO:0046872	6	0.3	0
BSU_23210	GO:0046872	6	0.3	0
BSU_15550	GO:0005978	6	0.3	0
BSU_33600	GO:0005524	6	0.3	0
BSU_12940	GO:0000160	6	0.3	0
BSU_23920	GO:0005829	6	0.3	0
BSU_03480	GO:0036402	6	0.3	0
BSU_29440	GO:0005978	6	0.3	0
BSU_11690	GO:0046872	6	0.3	0
BSU_16110	GO:0046872	6	0.3	0
BSU_29440	GO:0005524	6	0.3	0
BSU_14470	GO:0005515	6	0.3	0
BSU_25590	GO:0000160	6	0.3	0
BSU_27430	GO:0000160	6	0.3	0
BSU_27440	GO:0000160	6	0.3	0
BSU_10250	GO:0046872	6	0.3	0
BSU_12930	GO:0000160	6	0.3	0
BSU_32750	GO:0000160	6	0.3	0
BSU_10170	GO:0006508	6	0.3	0
BSU_12940	GO:0005737	6	0.3	0
BSU_34120	GO:0005737	6	0.3	0
BSU_05880	GO:0005737	6	0.3	0
BSU_19360	GO:0046872	6	0.3	0
BSU_14600	GO:0046872	6	0.3	0
BSU_15920	GO:0046872	6	0.3	0
BSU_01680	GO:0000160	6	0.3	0
BSU_17710	GO:0000160	6	0.3	0
BSU_02850	GO:0000160	6	0.3	0
BSU_03590	GO:0000160	6	0.3	0
BSU_24290	GO:0046872	6	0.3	0
BSU_12930	GO:0005737	6	0.3	0
BSU_38390	GO:0000160	6	0.3	0
BSU_08460	GO:0000160	6	0.3	0
BSU_05830	GO:0000160	6	0.3	0
BSU_11520	GO:0005737	6	0.3	0
BSU_07500	GO:0000160	6	0.3	0
BSU_27970	GO:0005737	6	0.3	0
BSU_40960	GO:0005737	6	0.3	0
BSU_40970	GO:0005737	6	0.3	0
BSU_16590	GO:0005978	6	0.3	0
BSU_07510	GO:0000160	6	0.3	0
BSU_18930	GO:0005978	6	0.3	0
BSU_08200	GO:0000160	6	0.3	0
BSU_08450	GO:0000160	6	0.3	0
BSU_11330	GO:0046872	6	0.3	0
BSU_17890	GO:0005524	6	0.3	0
BSU_15550	GO:0005524	6	0.3	0
BSU_10250	GO:0005829	6	0.3	0
BSU_12380	GO:0005524	6	0.3	0
BSU_21460	GO:0005524	6	0.3	0
BSU_22370	GO:0046872	6	0.3	0
BSU_04660	GO:0046872	6	0.3	0
BSU_22790	GO:0046872	6	0.3	0
BSU_30540	GO:0005515	6	0.3	0
BSU_03040	GO:0005978	6	0.3	0
BSU_06960	GO:0005524	6	0.3	0
BSU_18440	GO:0046872	6	0.3	0
BSU_16630	GO:0046872	6	0.3	0
BSU_15910	GO:0046872	6	0.3	0
BSU_16110	GO:0005524	6	0.3	0
BSU_10170	GO:0046872	6	0.3	0
BSU_08200	GO:0005524	6	0.3	0
BSU_16600	GO:0005515	6	0.3	0
BSU_13560	GO:0046872	6	0.3	0
BSU_02840	GO:0006508	6	0.3	0
BSU_19360	GO:0044780	6	0.3	0
BSU_32750	GO:0005829	6	0.3	0
BSU_10250	GO:0046872	6	0.3	0
BSU_16600	GO:0044780	6	0.3	0
BSU_15690	GO:0044780	6	0.3	0
BSU_06450	GO:0046872	6	0.3	0
BSU_06680	GO:0005829	6	0.3	0
BSU_16650	GO:0005524	6	0.3	0
BSU_24080	GO:0046872	6	0.3	0
BSU_16590	GO:0005524	6	0.3	0
BSU_18930	GO:0005524	6	0.3	0
BSU_29340	GO:0000160	6	0.3	0
BSU_07810	GO:0046872	6	0.3	0
BSU_07590	GO:0046872	6	0.3	0
BSU_07130	GO:0005978	6	0.3	0
BSU_29440	GO:0046872	6	0.3	0
BSU_22790	GO:0005524	6	0.3	0
BSU_17580	GO:0005978	6	0.3	0
BSU_06460	GO:0046872	6	0.3	0
BSU_08180	GO:0005978	6	0.3	0
BSU_41010	GO:0005524	6	0.3	0
BSU_09620	GO:0008233	6	0.3	0
BSU_33040	GO:0036402	6	0.3	0
BSU_30540	GO:0036402	6	0.3	0
BSU_40490	GO:0005978	6	0.3	0
BSU_23250	GO:0005524	6	0.3	0
BSU_12880	GO:0005978	6	0.3	0
BSU_02840	GO:0046872	6	0.3	0
BSU_27860	GO:0005978	6	0.3	0
BSU_37620	GO:0046872	6	0.3	0
BSU_31960	GO:0036402	6	0.3	0
BSU_16020	GO:0046872	6	0.3	0
BSU_33600	GO:0046872	6	0.3	0
BSU_34920	GO:0005978	6	0.3	0
BSU_34950	GO:0008233	6	0.3	0
BSU_25480	GO:0003677	6	0.3	0
BSU_27970	GO:0015711	6	0.3	0
BSU_27430	GO:0016020	6	0.3	0
BSU_22550	GO:0042906	6	0.3	0
BSU_24630	GO:0006813	6	0.3	0
BSU_10170	GO:0009972	6	0.3	0
BSU_16560	GO:0006813	6	0.3	0
BSU_03520	GO:0006537	6	0.3	0
BSU_25580	GO:0006537	6	0.3	0
BSU_33200	GO:0006537	6	0.3	0
BSU_01610	GO:0006813	6	0.3	0
BSU_03810	GO:0006813	6	0.3	0
BSU_03800	GO:0006813	6	0.3	0
BSU_25590	GO:0016020	6	0.3	0
BSU_33300	GO:0006813	6	0.3	0
BSU_10250	GO:0009972	6	0.3	0
BSU_29340	GO:0016020	6	0.3	0
BSU_38620	GO:0006537	6	0.3	0
BSU_08180	GO:0004181	6	0.3	0
BSU_34440	GO:0006537	6	0.3	0
BSU_35900	GO:0006813	6	0.3	0
BSU_07810	GO:0009972	6	0.3	0
BSU_02850	GO:0005515	6	0.3	0
BSU_07590	GO:0009972	6	0.3	0
BSU_10540	GO:0006537	6	0.3	0
BSU_27440	GO:0006813	6	0.3	0
BSU_32370	GO:0006537	6	0.3	0
BSU_11330	GO:0009972	6	0.3	0
BSU_30050	GO:0042906	6	0.3	0
BSU_07710	GO:0042906	6	0.3	0
BSU_06460	GO:0006826	6	0.3	0
BSU_11690	GO:0009972	6	0.3	0
BSU_23920	GO:0006537	6	0.3	0
BSU_10250	GO:0006826	6	0.3	0
BSU_34010	GO:0042906	6	0.3	0
BSU_10250	GO:0006537	6	0.3	0
BSU_08450	GO:0042906	6	0.3	0
BSU_32750	GO:0006826	6	0.3	0
BSU_08100	GO:0006826	6	0.3	0
BSU_08460	GO:0042906	6	0.3	0
BSU_06680	GO:0006826	6	0.3	0
BSU_06450	GO:0006537	6	0.3	0
BSU_06450	GO:0006826	6	0.3	0
BSU_34950	GO:0004181	6	0.3	0
BSU_05860	GO:0006826	6	0.3	0
BSU_03590	GO:0006826	6	0.3	0
BSU_02980	GO:0006826	6	0.3	0
BSU_02850	GO:0016020	6	0.3	0
BSU_03590	GO:0016020	6	0.3	0
BSU_39920	GO:0006826	6	0.3	0
BSU_01750	GO:0006826	6	0.3	0
BSU_31090	GO:0042906	6	0.3	0
BSU_32750	GO:0016020	6	0.3	0
BSU_00670	GO:0006826	6	0.3	0
BSU_13960	GO:0042906	6	0.3	0
BSU_27580	GO:0006537	6	0.3	0
BSU_28710	GO:0005515	6	0.3	0
BSU_06460	GO:0009972	6	0.3	0
BSU_02850	GO:0006813	6	0.3	0
BSU_35780	GO:0006537	6	0.3	0
BSU_22370	GO:0006412	6	0.3	0
BSU_22550	GO:0005515	6	0.3	0
BSU_18440	GO:0006412	6	0.3	0
BSU_02980	GO:0006813	6	0.3	0
BSU_27440	GO:0005515	6	0.3	0
BSU_17710	GO:0006813	6	0.3	0
BSU_01680	GO:0006813	6	0.3	0
BSU_28710	GO:0006813	6	0.3	0
BSU_15910	GO:0006412	6	0.3	0
BSU_27970	GO:0006813	6	0.3	0
BSU_13180	GO:0006412	6	0.3	0
BSU_01680	GO:0005515	6	0.3	0
BSU_11540	GO:0009972	6	0.3	0
BSU_00670	GO:0051775	6	0.3	0
BSU_35900	GO:0005515	6	0.3	0
BSU_24290	GO:0051775	6	0.3	0
BSU_03480	GO:0006412	6	0.3	0
BSU_33300	GO:0005515	6	0.3	0
BSU_03800	GO:0005515	6	0.3	0
BSU_03810	GO:0005515	6	0.3	0
BSU_01610	GO:0005515	6	0.3	0
BSU_33040	GO:0006412	6	0.3	0
BSU_16560	GO:0005515	6	0.3	0
BSU_03981	GO:0006813	6	0.3	0
BSU_30050	GO:0005515	6	0.3	0
BSU_22960	GO:0006412	6	0.3	0
BSU_38390	GO:0006813	6	0.3	0
BSU_17710	GO:0005515	6	0.3	0
BSU_02980	GO:0005515	6	0.3	0
BSU_22550	GO:0006813	6	0.3	0
BSU_03981	GO:0005515	6	0.3	0
BSU_16120	GO:0004181	6	0.3	0
BSU_38390	GO:0005515	6	0.3	0
BSU_37970	GO:0006537	6	0.3	0
BSU_30050	GO:0006813	6	0.3	0
BSU_13840	GO:0006813	6	0.3	0
BSU_07500	GO:0005515	6	0.3	0
BSU_07510	GO:0005515	6	0.3	0
BSU_34010	GO:0005515	6	0.3	0
BSU_25590	GO:0042906	6	0.3	0
BSU_08200	GO:0005515	6	0.3	0
BSU_08450	GO:0005515	6	0.3	0
BSU_08460	GO:0005515	6	0.3	0
BSU_08460	GO:0006813	6	0.3	0
BSU_08450	GO:0006813	6	0.3	0
BSU_08200	GO:0006813	6	0.3	0
BSU_34010	GO:0006813	6	0.3	0
BSU_07510	GO:0006813	6	0.3	0
BSU_07500	GO:0006813	6	0.3	0
BSU_13840	GO:0005515	6	0.3	0
BSU_07710	GO:0004181	6	0.3	0
BSU_38480	GO:0006826	6	0.3	0
BSU_28710	GO:0015711	6	0.3	0
BSU_14180	GO:0016740	6	0.3	0
BSU_03981	GO:0005829	6	0.3	0
BSU_24080	GO:0016740	6	0.3	0
BSU_22790	GO:0016740	6	0.3	0
BSU_01680	GO:0005829	6	0.3	0
BSU_39920	GO:0003677	6	0.3	0
BSU_02850	GO:0003677	6	0.3	0
BSU_02980	GO:0003677	6	0.3	0
BSU_05880	GO:0003677	6	0.3	0
BSU_34120	GO:0003677	6	0.3	0
BSU_16630	GO:0016740	6	0.3	0
BSU_15550	GO:0016740	6	0.3	0
BSU_03280	GO:0003677	6	0.3	0
BSU_33040	GO:0003677	6	0.3	0
BSU_03290	GO:0003677	6	0.3	0
BSU_13560	GO:0016740	6	0.3	0
BSU_03310	GO:0003677	6	0.3	0
BSU_13960	GO:0016740	6	0.3	0
BSU_15760	GO:0008233	6	0.3	0
BSU_11540	GO:0016740	6	0.3	0
BSU_10250	GO:0016740	6	0.3	0
BSU_02030	GO:0003677	6	0.3	0
BSU_05830	GO:0003677	6	0.3	0
BSU_22690	GO:0009972	6	0.3	0
BSU_06450	GO:0016740	6	0.3	0
BSU_28260	GO:0016740	6	0.3	0
BSU_24290	GO:0003677	6	0.3	0
BSU_23250	GO:0016020	6	0.3	0
BSU_00460	GO:0005886	6	0.3	0
BSU_34920	GO:0005886	6	0.3	0
BSU_01680	GO:0015711	6	0.3	0
BSU_17710	GO:0015711	6	0.3	0
BSU_02980	GO:0015711	6	0.3	0
BSU_08180	GO:0008233	6	0.3	0
BSU_03981	GO:0015711	6	0.3	0
BSU_38390	GO:0015711	6	0.3	0
BSU_15920	GO:0003677	6	0.3	0
BSU_08200	GO:0015711	6	0.3	0
BSU_24070	GO:0005886	6	0.3	0
BSU_01010	GO:0003677	6	0.3	0
BSU_13720	GO:0005886	6	0.3	0
BSU_00790	GO:0005886	6	0.3	0
BSU_33150	GO:0005886	6	0.3	0
BSU_00670	GO:0003677	6	0.3	0
BSU_15690	GO:0003676	6	0.3	0
BSU_40060	GO:0005886	6	0.3	0
BSU_13490	GO:0004181	6	0.3	0
BSU_33600	GO:0003677	6	0.3	0
BSU_05860	GO:0005829	6	0.3	0
BSU_37710	GO:0005886	6	0.3	0
BSU_16020	GO:0003677	6	0.3	0
BSU_00670	GO:0003677	6	0.3	0
BSU_01750	GO:0003677	6	0.3	0
BSU_05860	GO:0003677	6	0.3	0
BSU_06680	GO:0016740	6	0.3	0
BSU_25480	GO:0003677	6	0.3	0
BSU_01750	GO:0042906	6	0.3	0
BSU_08180	GO:0016740	6	0.3	0
BSU_22960	GO:0003677	6	0.3	0
BSU_16120	GO:0016740	6	0.3	0
BSU_28510	GO:0016740	6	0.3	0
BSU_28720	GO:0016740	6	0.3	0
BSU_09440	GO:0016020	6	0.3	0
BSU_29340	GO:0006826	6	0.3	0
BSU_28710	GO:0042906	6	0.3	0
BSU_27430	GO:0006826	6	0.3	0
BSU_01680	GO:0042906	6	0.3	0
BSU_17890	GO:0016020	6	0.3	0
BSU_23920	GO:0006826	6	0.3	0
BSU_32750	GO:0016740	6	0.3	0
BSU_23210	GO:0009972	6	0.3	0
BSU_02850	GO:0042906	6	0.3	0
BSU_03590	GO:0042906	6	0.3	0
BSU_27510	GO:0016020	6	0.3	0
BSU_17890	GO:0008233	6	0.3	0
BSU_03981	GO:0042906	6	0.3	0
BSU_07260	GO:0004181	6	0.3	0
BSU_06812	GO:0042906	6	0.3	0
BSU_32690	GO:0016020	6	0.3	0
BSU_13560	GO:0006826	6	0.3	0
BSU_07260	GO:0042906	6	0.3	0
BSU_16600	GO:0003677	6	0.3	0
BSU_07810	GO:0016740	6	0.3	0
BSU_28510	GO:0009972	6	0.3	0
BSU_28720	GO:0009972	6	0.3	0
BSU_14470	GO:0003677	6	0.3	0
BSU_06450	GO:0003677	6	0.3	0
BSU_06460	GO:0003677	6	0.3	0
BSU_14600	GO:0003677	6	0.3	0
BSU_22600	GO:0009972	6	0.3	0
BSU_09620	GO:0004181	6	0.3	0
BSU_31960	GO:0003677	6	0.3	0
BSU_41010	GO:0016740	6	0.3	0
BSU_32250	GO:0016740	6	0.3	0
BSU_07810	GO:0003677	6	0.3	0
BSU_37330	GO:0016740	6	0.3	0
BSU_03040	GO:0004181	6	0.3	0
BSU_08200	GO:0003677	6	0.3	0
BSU_30230	GO:0016740	6	0.3	0
BSU_32000	GO:0016740	6	0.3	0
BSU_28710	GO:0016740	6	0.3	0
BSU_03040	GO:0016740	6	0.3	0
BSU_19360	GO:0003677	6	0.3	0
BSU_09440	GO:0003677	6	0.3	0
BSU_33040	GO:0003677	6	0.3	0
BSU_18440	GO:0003677	6	0.3	0
BSU_03480	GO:0003677	6	0.3	0
BSU_05860	GO:0016740	6	0.3	0
BSU_38620	GO:0003690	6	0.3	0
BSU_40970	GO:0005886	6	0.3	0
BSU_40960	GO:0005886	6	0.3	0
BSU_24290	GO:0006096	6	0.3	0
BSU_00670	GO:0051156	6	0.3	0
BSU_11520	GO:0140663	6	0.3	0
BSU_08200	GO:0051156	6	0.3	0
BSU_00670	GO:0005886	6	0.3	0
BSU_03480	GO:0006520	6	0.3	0
BSU_40970	GO:0140663	6	0.3	0
BSU_17860	GO:0016787	6	0.3	0
BSU_33040	GO:0006096	6	0.3	0
BSU_14600	GO:0006096	6	0.3	0
BSU_11540	GO:0008270	6	0.3	0
BSU_32800	GO:0006096	6	0.3	0
BSU_15920	GO:0006096	6	0.3	0
BSU_01750	GO:0051156	6	0.3	0
BSU_09380	GO:0006096	6	0.3	0
BSU_16110	GO:0004525	6	0.3	0
BSU_16600	GO:0006096	6	0.3	0
BSU_22960	GO:0006096	6	0.3	0
BSU_18440	GO:0006096	6	0.3	0
BSU_22370	GO:0006096	6	0.3	0
BSU_03480	GO:0006096	6	0.3	0
BSU_19360	GO:0140663	6	0.3	0
BSU_05830	GO:0140663	6	0.3	0
BSU_05880	GO:0140663	6	0.3	0
BSU_18440	GO:0006520	6	0.3	0
BSU_02840	GO:0008270	6	0.3	0
BSU_39920	GO:0051156	6	0.3	0
BSU_38480	GO:0051156	6	0.3	0
BSU_33600	GO:0005886	6	0.3	0
BSU_29440	GO:0016787	6	0.3	0
BSU_09570	GO:0004525	6	0.3	0
BSU_14600	GO:0016787	6	0.3	0
BSU_22370	GO:0004525	6	0.3	0
BSU_32800	GO:0016787	6	0.3	0
BSU_33040	GO:0006520	6	0.3	0
BSU_09570	GO:0016787	6	0.3	0
BSU_10250	GO:0051156	6	0.3	0
BSU_32750	GO:0051156	6	0.3	0
BSU_08100	GO:0051156	6	0.3	0
BSU_22370	GO:0016787	6	0.3	0
BSU_11520	GO:0005886	6	0.3	0
BSU_02750	GO:0051156	6	0.3	0
BSU_06680	GO:0051156	6	0.3	0
BSU_06460	GO:0051156	6	0.3	0
BSU_16560	GO:1902475	6	0.3	0
BSU_06450	GO:0051156	6	0.3	0
BSU_03480	GO:0005886	6	0.3	0
BSU_16110	GO:0016787	6	0.3	0
BSU_40960	GO:0005886	6	0.3	0
BSU_40970	GO:0005886	6	0.3	0
BSU_05860	GO:0051156	6	0.3	0
BSU_03590	GO:0051156	6	0.3	0
BSU_02980	GO:0051156	6	0.3	0
BSU_22370	GO:0006520	6	0.3	0
BSU_30540	GO:0140663	6	0.3	0
BSU_33040	GO:0140663	6	0.3	0
BSU_07710	GO:0000271	6	0.3	0
BSU_10140	GO:0000271	6	0.3	0
BSU_40490	GO:0000271	6	0.3	0
BSU_12880	GO:0000271	6	0.3	0
BSU_17840	GO:0000271	6	0.3	0
BSU_02270	GO:0000271	6	0.3	0
BSU_17150	GO:0000271	6	0.3	0
BSU_11540	GO:0005886	6	0.3	0
BSU_33150	GO:0000271	6	0.3	0
BSU_22760	GO:0000271	6	0.3	0
BSU_02750	GO:0005886	6	0.3	0
BSU_36100	GO:0005886	6	0.3	0
BSU_13300	GO:0005737	6	0.3	0
BSU_38390	GO:0016887	6	0.3	0
BSU_00910	GO:0005737	6	0.3	0
BSU_07590	GO:0008270	6	0.3	0
BSU_41010	GO:0005886	6	0.3	0
BSU_01920	GO:0005576	6	0.3	0
BSU_37670	GO:0005737	6	0.3	0
BSU_21460	GO:0005886	6	0.3	0
BSU_07630	GO:0005737	6	0.3	0
BSU_11540	GO:0005886	6	0.3	0
BSU_27970	GO:0005886	6	0.3	0
BSU_30830	GO:0005737	6	0.3	0
BSU_07810	GO:0008270	6	0.3	0
BSU_06460	GO:0008270	6	0.3	0
BSU_30050	GO:0000271	6	0.3	0
BSU_34440	GO:0000271	6	0.3	0
BSU_04970	GO:0005886	6	0.3	0
BSU_05830	GO:0016887	6	0.3	0
BSU_03480	GO:0140663	6	0.3	0
BSU_16600	GO:0006520	6	0.3	0
BSU_08200	GO:0016887	6	0.3	0
BSU_12940	GO:0016887	6	0.3	0
BSU_12930	GO:0016887	6	0.3	0
BSU_13950	GO:0016887	6	0.3	0
BSU_25450	GO:0005886	6	0.3	0
BSU_12930	GO:0046872	6	0.3	0
BSU_16600	GO:0140663	6	0.3	0
BSU_18440	GO:0140663	6	0.3	0
BSU_22370	GO:0140663	6	0.3	0
BSU_22960	GO:0140663	6	0.3	0
BSU_17860	GO:0004525	6	0.3	0
BSU_25480	GO:0005886	6	0.3	0
BSU_13840	GO:0005886	6	0.3	0
BSU_34440	GO:0005886	6	0.3	0
BSU_12970	GO:0000271	6	0.3	0
BSU_22370	GO:0046872	6	0.3	0
BSU_18440	GO:0046872	6	0.3	0
BSU_27580	GO:0000271	6	0.3	0
BSU_29805	GO:0000271	6	0.3	0
BSU_04230	GO:0000271	6	0.3	0
BSU_30540	GO:0006520	6	0.3	0
BSU_05880	GO:0006520	6	0.3	0
BSU_09620	GO:0005576	6	0.3	0
BSU_06460	GO:0016740	6	0.3	0
BSU_10250	GO:0016740	6	0.3	0
BSU_22760	GO:0005737	6	0.3	0
BSU_11330	GO:0016740	6	0.3	0
BSU_10170	GO:0016740	6	0.3	0
BSU_07590	GO:0005886	6	0.3	0
BSU_24130	GO:0005737	6	0.3	0
BSU_15920	GO:0006520	6	0.3	0
BSU_07810	GO:0016740	6	0.3	0
BSU_07590	GO:0016740	6	0.3	0
BSU_29440	GO:0016740	6	0.3	0
BSU_29440	GO:0005886	6	0.3	0
BSU_35900	GO:0042626	6	0.3	0
BSU_27440	GO:0042626	6	0.3	0
BSU_06460	GO:0005886	6	0.3	0
BSU_11540	GO:0016740	6	0.3	0
BSU_03290	GO:0016740	6	0.3	0
BSU_11520	GO:0006520	6	0.3	0
BSU_33300	GO:0042626	6	0.3	0
BSU_02840	GO:0016740	6	0.3	0
BSU_37620	GO:0016740	6	0.3	0
BSU_25480	GO:0004525	6	0.3	0
BSU_03800	GO:0042626	6	0.3	0
BSU_16020	GO:0016740	6	0.3	0
BSU_03810	GO:0042626	6	0.3	0
BSU_24290	GO:0006520	6	0.3	0
BSU_07810	GO:0005886	6	0.3	0
BSU_13560	GO:0051156	6	0.3	0
BSU_22370	GO:0003746	6	0.3	0
BSU_24560	GO:0003700	6	0.3	0
BSU_13840	GO:0042626	6	0.3	0
BSU_02840	GO:0003677	6	0.3	0
BSU_40960	GO:0008889	6	0.3	0
BSU_22790	GO:0016740	6	0.3	0
BSU_22690	GO:0016740	6	0.3	0
BSU_16020	GO:0003677	6	0.3	0
BSU_15910	GO:0003700	6	0.3	0
BSU_11330	GO:0005886	6	0.3	0
BSU_10170	GO:0005886	6	0.3	0
BSU_13840	GO:0003700	6	0.3	0
BSU_28720	GO:0016740	6	0.3	0
BSU_15920	GO:0004525	6	0.3	0
BSU_28510	GO:0016740	6	0.3	0
BSU_30830	GO:0003824	6	0.3	0
BSU_22960	GO:0003746	6	0.3	0
BSU_16630	GO:0016740	6	0.3	0
BSU_03930	GO:0005737	6	0.3	0
BSU_30050	GO:0042626	6	0.3	0
BSU_23210	GO:0016740	6	0.3	0
BSU_22550	GO:0042626	6	0.3	0
BSU_30540	GO:0003746	6	0.3	0
BSU_15760	GO:0005737	6	0.3	0
BSU_13840	GO:0005737	6	0.3	0
BSU_34440	GO:0005737	6	0.3	0
BSU_01610	GO:0042626	6	0.3	0
BSU_37330	GO:0016740	6	0.3	0
BSU_17710	GO:1902475	6	0.3	0
BSU_05830	GO:0006520	6	0.3	0
BSU_05880	GO:0005886	6	0.3	0
BSU_39920	GO:0005886	6	0.3	0
BSU_30380	GO:0051156	6	0.3	0
BSU_27970	GO:1902475	6	0.3	0
BSU_37330	GO:0051156	6	0.3	0
BSU_33600	GO:0016787	6	0.3	0
BSU_31960	GO:0005886	6	0.3	0
BSU_37620	GO:0008270	6	0.3	0
BSU_29340	GO:0051156	6	0.3	0
BSU_27430	GO:0051156	6	0.3	0
BSU_23920	GO:0051156	6	0.3	0
BSU_24630	GO:0042626	6	0.3	0
BSU_16020	GO:0005886	6	0.3	0
BSU_38390	GO:1902475	6	0.3	0
BSU_05830	GO:1902475	6	0.3	0
BSU_15920	GO:0016787	6	0.3	0
BSU_08200	GO:1902475	6	0.3	0
BSU_33600	GO:0005886	6	0.3	0
BSU_12940	GO:1902475	6	0.3	0
BSU_12930	GO:1902475	6	0.3	0
BSU_25480	GO:0016787	6	0.3	0
BSU_16110	GO:0005886	6	0.3	0
BSU_13950	GO:1902475	6	0.3	0
BSU_00670	GO:0016787	6	0.3	0
BSU_24290	GO:0016787	6	0.3	0
BSU_33040	GO:0016787	6	0.3	0
BSU_29340	GO:1902475	6	0.3	0
BSU_03290	GO:0005886	6	0.3	0
BSU_23310	GO:0042626	6	0.3	0
BSU_23210	GO:0003677	6	0.3	0
BSU_14410	GO:0042626	6	0.3	0
BSU_14180	GO:0005737	6	0.3	0
BSU_30050	GO:0003677	6	0.3	0
BSU_36100	GO:0005737	6	0.3	0
BSU_13300	GO:0042626	6	0.3	0
BSU_39390	GO:0042626	6	0.3	0
BSU_32820	GO:0005737	6	0.3	0
BSU_19360	GO:0006520	6	0.3	0
BSU_37170	GO:0005737	6	0.3	0
BSU_02840	GO:0005886	6	0.3	0
BSU_19180	GO:0005737	6	0.3	0
BSU_01010	GO:0005886	6	0.3	0
BSU_40970	GO:0030152	6	0.3	0
BSU_14600	GO:0004525	6	0.3	0
BSU_32800	GO:0004525	6	0.3	0
BSU_37620	GO:0005886	6	0.3	0
BSU_09380	GO:0030152	6	0.3	0
BSU_09440	GO:0016787	6	0.3	0
BSU_02980	GO:1902475	6	0.3	0
BSU_32750	GO:1902475	6	0.3	0
BSU_40230	GO:0005886	6	0.3	0
BSU_38480	GO:0005886	6	0.3	0
BSU_32800	GO:0046872	6	0.3	0
BSU_15550	GO:0006637	6	0.3	0
BSU_12940	GO:0030420	6	0.3	0
BSU_32750	GO:0030420	6	0.3	0
BSU_15630	GO:0005886	6	0.3	0
BSU_29440	GO:0009089	6	0.3	0
BSU_07590	GO:0009089	6	0.3	0
BSU_08460	GO:0030420	6	0.3	0
BSU_08450	GO:0030420	6	0.3	0
BSU_08200	GO:0030420	6	0.3	0
BSU_13840	GO:0005886	6	0.3	0
BSU_17890	GO:0006637	6	0.3	0
BSU_07510	GO:0030420	6	0.3	0
BSU_37330	GO:0008270	6	0.3	0
BSU_05880	GO:0046872	6	0.3	0
BSU_07810	GO:0009089	6	0.3	0
BSU_07500	GO:0030420	6	0.3	0
BSU_40970	GO:0046872	6	0.3	0
BSU_07260	GO:0030420	6	0.3	0
BSU_33040	GO:0005886	6	0.3	0
BSU_16600	GO:0046872	6	0.3	0
BSU_03290	GO:0005886	6	0.3	0
BSU_37780	GO:0005886	6	0.3	0
BSU_30230	GO:0008270	6	0.3	0
BSU_22790	GO:0006637	6	0.3	0
BSU_32000	GO:0008270	6	0.3	0
BSU_32250	GO:0008270	6	0.3	0
BSU_29440	GO:0006637	6	0.3	0
BSU_28170	GO:0005886	6	0.3	0
BSU_31090	GO:0005737	6	0.3	0
BSU_37620	GO:0009089	6	0.3	0
BSU_21460	GO:0005886	6	0.3	0
BSU_32820	GO:0005886	6	0.3	0
BSU_12380	GO:0005886	6	0.3	0
BSU_32750	GO:0005737	6	0.3	0
BSU_02840	GO:0009089	6	0.3	0
BSU_03310	GO:0005886	6	0.3	0
BSU_03910	GO:0005886	6	0.3	0
BSU_30540	GO:0046872	6	0.3	0
BSU_03290	GO:0009089	6	0.3	0
BSU_07630	GO:0005886	6	0.3	0
BSU_18440	GO:0036402	6	0.3	0
BSU_06460	GO:0009089	6	0.3	0
BSU_11540	GO:0009089	6	0.3	0
BSU_22550	GO:0030420	6	0.3	0
BSU_17860	GO:0005886	6	0.3	0
BSU_33600	GO:0006637	6	0.3	0
BSU_32480	GO:0005886	6	0.3	0
BSU_32000	GO:0005886	6	0.3	0
BSU_31960	GO:0005886	6	0.3	0
BSU_15910	GO:0036402	6	0.3	0
BSU_25730	GO:0005886	6	0.3	0
BSU_41010	GO:0008270	6	0.3	0
BSU_31090	GO:0030420	6	0.3	0
BSU_31290	GO:0008270	6	0.3	0
BSU_38390	GO:0030420	6	0.3	0
BSU_03930	GO:0005886	6	0.3	0
BSU_15910	GO:0005737	6	0.3	0
BSU_12380	GO:0006637	6	0.3	0
BSU_16120	GO:0003690	6	0.3	0
BSU_04660	GO:0003690	6	0.3	0
BSU_03310	GO:0005737	6	0.3	0
BSU_13180	GO:0005737	6	0.3	0
BSU_23210	GO:0009089	6	0.3	0
BSU_25620	GO:0008270	6	0.3	0
BSU_06812	GO:0003690	6	0.3	0
BSU_16630	GO:0009089	6	0.3	0
BSU_38480	GO:0005737	6	0.3	0
BSU_15690	GO:0000725	6	0.3	0
BSU_29805	GO:0008270	6	0.3	0
BSU_03981	GO:0030420	6	0.3	0
BSU_29805	GO:0003690	6	0.3	0
BSU_14600	GO:0000725	6	0.3	0
BSU_19360	GO:0000725	6	0.3	0
BSU_16600	GO:0000725	6	0.3	0
BSU_04460	GO:0003690	6	0.3	0
BSU_33040	GO:0000725	6	0.3	0
BSU_11520	GO:0005886	6	0.3	0
BSU_14470	GO:0000725	6	0.3	0
BSU_06680	GO:0005737	6	0.3	0
BSU_40970	GO:0000725	6	0.3	0
BSU_03480	GO:0005886	6	0.3	0
BSU_28510	GO:0046872	6	0.3	0
BSU_28720	GO:0046872	6	0.3	0
BSU_16650	GO:0006637	6	0.3	0
BSU_16590	GO:0006637	6	0.3	0
BSU_24080	GO:0005886	6	0.3	0
BSU_10170	GO:0009089	6	0.3	0
BSU_11330	GO:0009089	6	0.3	0
BSU_10250	GO:0009089	6	0.3	0
BSU_41010	GO:0006637	6	0.3	0
BSU_03590	GO:0030420	6	0.3	0
BSU_02850	GO:0030420	6	0.3	0
BSU_17710	GO:0030420	6	0.3	0
BSU_01920	GO:0005886	6	0.3	0
BSU_01750	GO:0030420	6	0.3	0
BSU_23250	GO:0006637	6	0.3	0
BSU_01680	GO:0030420	6	0.3	0
BSU_28260	GO:0005886	6	0.3	0
BSU_16110	GO:0009089	6	0.3	0
BSU_11690	GO:0009089	6	0.3	0
BSU_28710	GO:0030420	6	0.3	0
BSU_34920	GO:0008270	6	0.3	0
BSU_34930	GO:0008270	6	0.3	0
BSU_13180	GO:0036402	6	0.3	0
BSU_22790	GO:0046872	6	0.3	0
BSU_22690	GO:0046872	6	0.3	0
BSU_22600	GO:0046872	6	0.3	0
BSU_18930	GO:0006637	6	0.3	0
BSU_22370	GO:0036402	6	0.3	0
BSU_34010	GO:0005737	6	0.3	0
BSU_11620	GO:0005886	6	0.3	0
BSU_28510	GO:0008270	6	0.3	0
BSU_24470	GO:0009098	6	0.3	0
BSU_13490	GO:0005737	6	0.3	0
BSU_13720	GO:0005737	6	0.3	0
BSU_23210	GO:0008270	6	0.3	0
BSU_36920	GO:0005886	6	0.3	0
BSU_22080	GO:0005737	6	0.3	0
BSU_30540	GO:0005886	6	0.3	0
BSU_32240	GO:0005886	6	0.3	0
BSU_09380	GO:0005886	6	0.3	0
BSU_23080	GO:0009098	6	0.3	0
BSU_34010	GO:0005576	6	0.3	0
BSU_28720	GO:0008270	6	0.3	0
BSU_06150	GO:0005737	6	0.3	0
BSU_24130	GO:0009098	6	0.3	0
BSU_32250	GO:0009098	6	0.3	0
BSU_00910	GO:0009098	6	0.3	0
BSU_36370	GO:0009098	6	0.3	0
BSU_12340	GO:0009098	6	0.3	0
BSU_31090	GO:0005576	6	0.3	0
BSU_22600	GO:0008270	6	0.3	0
BSU_02460	GO:0009098	6	0.3	0
BSU_02490	GO:0009098	6	0.3	0
BSU_13960	GO:0005576	6	0.3	0
BSU_24290	GO:0005886	6	0.3	0
BSU_03981	GO:0005576	6	0.3	0
BSU_31440	GO:0009098	6	0.3	0
BSU_07710	GO:0005737	6	0.3	0
BSU_04450	GO:0005576	6	0.3	0
BSU_14600	GO:0005886	6	0.3	0
BSU_16120	GO:0005737	6	0.3	0
BSU_22960	GO:0046872	6	0.3	0
BSU_25480	GO:0005886	6	0.3	0
BSU_38520	GO:0005886	6	0.3	0
BSU_08180	GO:0005737	6	0.3	0
BSU_34950	GO:0005737	6	0.3	0
BSU_10170	GO:0008270	6	0.3	0
BSU_07710	GO:0005737	6	0.3	0
BSU_36100	GO:0005576	6	0.3	0
BSU_07260	GO:0005737	6	0.3	0
BSU_11330	GO:0008270	6	0.3	0
BSU_34950	GO:0009098	6	0.3	0
BSU_10250	GO:0008270	6	0.3	0
BSU_05860	GO:0005737	6	0.3	0
BSU_06812	GO:0005576	6	0.3	0
BSU_28710	GO:0005576	6	0.3	0
BSU_11690	GO:0008270	6	0.3	0
BSU_01750	GO:0005576	6	0.3	0
BSU_18440	GO:0005886	6	0.3	0
BSU_03040	GO:0005737	6	0.3	0
BSU_36100	GO:0005886	6	0.3	0
BSU_32250	GO:0005886	6	0.3	0
BSU_09620	GO:0005737	6	0.3	0
BSU_00780	GO:0009098	6	0.3	0
BSU_18230	GO:0009098	6	0.3	0
BSU_30050	GO:0005576	6	0.3	0
BSU_35750	GO:0005886	6	0.3	0
BSU_10250	GO:0009098	6	0.3	0
BSU_01750	GO:0005737	6	0.3	0
BSU_30540	GO:0005886	6	0.3	0
BSU_27440	GO:0030420	6	0.3	0
BSU_17710	GO:0005737	6	0.3	0
BSU_27430	GO:0030420	6	0.3	0
BSU_33040	GO:0046872	6	0.3	0
BSU_22690	GO:0008270	6	0.3	0
BSU_06450	GO:0009098	6	0.3	0
BSU_03590	GO:0005737	6	0.3	0
BSU_16110	GO:0005886	6	0.3	0
BSU_11520	GO:0005886	6	0.3	0
BSU_08450	GO:0005737	6	0.3	0
BSU_03981	GO:0005737	6	0.3	0
BSU_40970	GO:0005886	6	0.3	0
BSU_15690	GO:0046872	6	0.3	0
BSU_22960	GO:0036402	6	0.3	0
BSU_33600	GO:0009089	6	0.3	0
BSU_16020	GO:0009089	6	0.3	0
BSU_29760	GO:0005886	6	0.3	0
BSU_24150	GO:0005886	6	0.3	0
BSU_33540	GO:0005886	6	0.3	0
BSU_06150	GO:0005886	6	0.3	0
BSU_07260	GO:0005737	6	0.3	0
BSU_01680	GO:0005737	6	0.3	0
BSU_00670	GO:0005886	6	0.3	0
BSU_11540	GO:0009098	6	0.3	0
BSU_11690	GO:0009098	6	0.3	0
BSU_08460	GO:0005737	6	0.3	0
BSU_01610	GO:0005737	6	0.3	0
BSU_07500	GO:0005737	6	0.3	0
BSU_27900	GO:0009098	6	0.3	0
BSU_07510	GO:0005737	6	0.3	0
BSU_33300	GO:0005737	6	0.3	0
BSU_08100	GO:0005886	6	0.3	0
BSU_06960	GO:0005886	6	0.3	0
BSU_03800	GO:0005737	6	0.3	0
BSU_03810	GO:0005737	6	0.3	0
BSU_29340	GO:0030420	6	0.3	0
BSU_02850	GO:0005737	6	0.3	0
BSU_06812	GO:0005737	6	0.3	0
BSU_13960	GO:0005737	6	0.3	0
BSU_22600	GO:0009098	6	0.3	0
BSU_16630	GO:0009098	6	0.3	0
BSU_15550	GO:0009098	6	0.3	0
BSU_14180	GO:0009098	6	0.3	0
BSU_11520	GO:0046872	6	0.3	0
BSU_13560	GO:0009098	6	0.3	0
BSU_39920	GO:0005886	6	0.3	0
BSU_13960	GO:0009098	6	0.3	0
BSU_28710	GO:0005737	6	0.3	0
BSU_30540	GO:0006412	6	0.3	0
BSU_31960	GO:0006412	6	0.3	0
BSU_24630	GO:0005515	6	0.3	0
BSU_00670	GO:0016020	6	0.3	0
BSU_35780	GO:0016491	6	0.3	0
BSU_34950	GO:0005829	6	0.3	0
BSU_24470	GO:0005829	6	0.3	0
BSU_38480	GO:0016020	6	0.3	0
BSU_33040	GO:0016020	6	0.3	0
BSU_21460	GO:0051537	6	0.3	0
BSU_32820	GO:0051537	6	0.3	0
BSU_12380	GO:0051537	6	0.3	0
BSU_23080	GO:0005829	6	0.3	0
BSU_24290	GO:0016020	6	0.3	0
BSU_24130	GO:0005829	6	0.3	0
BSU_03910	GO:0051537	6	0.3	0
BSU_29340	GO:0016020	6	0.3	0
BSU_00910	GO:0005829	6	0.3	0
BSU_01920	GO:0051537	6	0.3	0
BSU_36370	GO:0005829	6	0.3	0
BSU_12340	GO:0005829	6	0.3	0
BSU_33600	GO:0016020	6	0.3	0
BSU_17890	GO:0017000	6	0.3	0
BSU_19180	GO:0051537	6	0.3	0
BSU_02460	GO:0005829	6	0.3	0
BSU_02490	GO:0005829	6	0.3	0
BSU_00780	GO:0005829	6	0.3	0
BSU_32480	GO:0051537	6	0.3	0
BSU_33290	GO:0016020	6	0.3	0
BSU_08180	GO:0006782	6	0.3	0
BSU_29440	GO:0016798	6	0.3	0
BSU_03290	GO:0006782	6	0.3	0
BSU_06460	GO:0016798	6	0.3	0
BSU_27510	GO:0008033	6	0.3	0
BSU_11520	GO:0008233	6	0.3	0
BSU_37620	GO:0008652	6	0.3	0
BSU_11540	GO:0016798	6	0.3	0
BSU_03930	GO:0008652	6	0.3	0
BSU_03290	GO:0016798	6	0.3	0
BSU_09620	GO:0006782	6	0.3	0
BSU_02850	GO:0006782	6	0.3	0
BSU_03040	GO:0006782	6	0.3	0
BSU_37620	GO:0016798	6	0.3	0
BSU_40970	GO:0008233	6	0.3	0
BSU_07710	GO:0006782	6	0.3	0
BSU_11540	GO:0006782	6	0.3	0
BSU_16020	GO:0016798	6	0.3	0
BSU_33600	GO:0016798	6	0.3	0
BSU_16560	GO:0016301	6	0.3	0
BSU_23250	GO:0071555	6	0.3	0
BSU_00670	GO:0016798	6	0.3	0
BSU_33040	GO:0008233	6	0.3	0
BSU_05860	GO:0006782	6	0.3	0
BSU_32750	GO:0016020	6	0.3	0
BSU_11690	GO:0008033	6	0.3	0
BSU_07260	GO:0006782	6	0.3	0
BSU_18230	GO:0005829	6	0.3	0
BSU_32000	GO:0051537	6	0.3	0
BSU_27900	GO:0005829	6	0.3	0
BSU_33600	GO:0005576	6	0.3	0
BSU_03290	GO:0009234	6	0.3	0
BSU_03310	GO:0051537	6	0.3	0
BSU_33600	GO:0008033	6	0.3	0
BSU_22790	GO:0071555	6	0.3	0
BSU_12880	GO:0005829	6	0.3	0
BSU_40490	GO:0005829	6	0.3	0
BSU_11540	GO:0009234	6	0.3	0
BSU_32750	GO:0003700	6	0.3	0
BSU_27970	GO:0005576	6	0.3	0
BSU_24080	GO:0003824	6	0.3	0
BSU_05860	GO:0009234	6	0.3	0
BSU_37620	GO:0005576	6	0.3	0
BSU_22760	GO:0005829	6	0.3	0
BSU_07260	GO:0017000	6	0.3	0
BSU_06680	GO:0003700	6	0.3	0
BSU_03930	GO:0005576	6	0.3	0
BSU_22600	GO:0003824	6	0.3	0
BSU_22790	GO:0003824	6	0.3	0
BSU_16020	GO:0008033	6	0.3	0
BSU_17890	GO:0003824	6	0.3	0
BSU_07260	GO:0009234	6	0.3	0
BSU_07710	GO:0009234	6	0.3	0
BSU_15760	GO:0005576	6	0.3	0
BSU_17890	GO:0071555	6	0.3	0
BSU_24080	GO:0051537	6	0.3	0
BSU_03930	GO:0051537	6	0.3	0
BSU_03040	GO:0009234	6	0.3	0
BSU_28260	GO:0003824	6	0.3	0
BSU_03450	GO:0005829	6	0.3	0
BSU_40970	GO:0016301	6	0.3	0
BSU_10540	GO:0009234	6	0.3	0
BSU_02490	GO:0009234	6	0.3	0
BSU_17840	GO:0009234	6	0.3	0
BSU_25730	GO:0051537	6	0.3	0
BSU_34550	GO:0009234	6	0.3	0
BSU_22550	GO:0051537	6	0.3	0
BSU_27970	GO:0009234	6	0.3	0
BSU_30540	GO:0016301	6	0.3	0
BSU_41010	GO:0071555	6	0.3	0
BSU_00670	GO:0016301	6	0.3	0
BSU_15630	GO:0051537	6	0.3	0
BSU_13840	GO:0051537	6	0.3	0
BSU_15910	GO:0051537	6	0.3	0
BSU_11690	GO:0017000	6	0.3	0
BSU_26810	GO:0016491	6	0.3	0
BSU_09620	GO:0009234	6	0.3	0
BSU_39920	GO:0016301	6	0.3	0
BSU_24560	GO:0051537	6	0.3	0
BSU_09440	GO:0017000	6	0.3	0
BSU_02850	GO:0009234	6	0.3	0
BSU_37780	GO:0051537	6	0.3	0
BSU_27970	GO:0006782	6	0.3	0
BSU_27900	GO:0006782	6	0.3	0
BSU_13840	GO:0005576	6	0.3	0
BSU_38390	GO:0016301	6	0.3	0
BSU_31090	GO:0000160	6	0.3	0
BSU_33150	GO:0003677	6	0.3	0
BSU_00780	GO:0008652	6	0.3	0
BSU_22550	GO:0016616	6	0.3	0
BSU_17710	GO:0016301	6	0.3	0
BSU_13720	GO:0003677	6	0.3	0
BSU_02980	GO:0016301	6	0.3	0
BSU_22550	GO:0006465	6	0.3	0
BSU_00670	GO:0070929	6	0.3	0
BSU_13960	GO:0000160	6	0.3	0
BSU_30050	GO:0006465	6	0.3	0
BSU_13960	GO:0006465	6	0.3	0
BSU_27970	GO:0016301	6	0.3	0
BSU_31090	GO:0006465	6	0.3	0
BSU_18230	GO:0008652	6	0.3	0
BSU_32470	GO:0016616	6	0.3	0
BSU_32480	GO:0016616	6	0.3	0
BSU_24290	GO:0070929	6	0.3	0
BSU_08460	GO:0006465	6	0.3	0
BSU_19180	GO:0016616	6	0.3	0
BSU_08450	GO:0006465	6	0.3	0
BSU_34010	GO:0006465	6	0.3	0
BSU_01920	GO:0016616	6	0.3	0
BSU_05830	GO:0016301	6	0.3	0
BSU_02490	GO:0008652	6	0.3	0
BSU_15630	GO:0016616	6	0.3	0
BSU_07590	GO:0016798	6	0.3	0
BSU_37620	GO:0070929	6	0.3	0
BSU_40970	GO:0016020	6	0.3	0
BSU_16110	GO:0009314	6	0.3	0
BSU_34950	GO:0008652	6	0.3	0
BSU_08460	GO:0000160	6	0.3	0
BSU_24080	GO:0016616	6	0.3	0
BSU_31440	GO:0008652	6	0.3	0
BSU_32750	GO:0000160	6	0.3	0
BSU_33290	GO:0016020	6	0.3	0
BSU_37780	GO:0016616	6	0.3	0
BSU_03290	GO:0016616	6	0.3	0
BSU_03310	GO:0016616	6	0.3	0
BSU_29340	GO:0016020	6	0.3	0
BSU_02460	GO:0008652	6	0.3	0
BSU_15920	GO:0016301	6	0.3	0
BSU_24560	GO:0016616	6	0.3	0
BSU_24130	GO:0008652	6	0.3	0
BSU_15910	GO:0016301	6	0.3	0
BSU_32250	GO:0008652	6	0.3	0
BSU_00910	GO:0008652	6	0.3	0
BSU_16020	GO:0070929	6	0.3	0
BSU_36370	GO:0008652	6	0.3	0
BSU_00790	GO:0003677	6	0.3	0
BSU_12340	GO:0008652	6	0.3	0
BSU_13840	GO:0016616	6	0.3	0
BSU_03910	GO:0016616	6	0.3	0
BSU_07710	GO:0006465	6	0.3	0
BSU_07260	GO:0006465	6	0.3	0
BSU_11330	GO:0016798	6	0.3	0
BSU_24470	GO:0006782	6	0.3	0
BSU_22550	GO:0000160	6	0.3	0
BSU_06450	GO:0008652	6	0.3	0
BSU_15630	GO:0008652	6	0.3	0
BSU_34950	GO:0016491	6	0.3	0
BSU_11690	GO:0016798	6	0.3	0
BSU_23080	GO:0006782	6	0.3	0
BSU_16110	GO:0016798	6	0.3	0
BSU_24130	GO:0006782	6	0.3	0
BSU_10250	GO:0016798	6	0.3	0
BSU_28260	GO:0006782	6	0.3	0
BSU_32250	GO:0006782	6	0.3	0
BSU_06812	GO:0006465	6	0.3	0
BSU_10170	GO:0016798	6	0.3	0
BSU_31090	GO:0008652	6	0.3	0
BSU_00910	GO:0006782	6	0.3	0
BSU_36370	GO:0006782	6	0.3	0
BSU_11540	GO:0004180	6	0.3	0
BSU_12340	GO:0006782	6	0.3	0
BSU_02460	GO:0006782	6	0.3	0
BSU_02490	GO:0006782	6	0.3	0
BSU_00780	GO:0006782	6	0.3	0
BSU_18230	GO:0006782	6	0.3	0
BSU_03480	GO:0008233	6	0.3	0
BSU_31440	GO:0006782	6	0.3	0
BSU_14470	GO:0008233	6	0.3	0
BSU_03450	GO:0008652	6	0.3	0
BSU_29440	GO:0006782	6	0.3	0
BSU_21460	GO:0016616	6	0.3	0
BSU_12940	GO:0016301	6	0.3	0
BSU_03981	GO:0006465	6	0.3	0
BSU_27900	GO:0008652	6	0.3	0
BSU_12930	GO:0016301	6	0.3	0
BSU_03590	GO:0006465	6	0.3	0
BSU_13950	GO:0016301	6	0.3	0
BSU_02850	GO:0006465	6	0.3	0
BSU_24470	GO:0016491	6	0.3	0
BSU_01750	GO:0006465	6	0.3	0
BSU_01680	GO:0006465	6	0.3	0
BSU_28710	GO:0006465	6	0.3	0
BSU_30050	GO:0000160	6	0.3	0
BSU_31960	GO:0016616	6	0.3	0
BSU_15760	GO:0070929	6	0.3	0
BSU_09570	GO:0016616	6	0.3	0
BSU_31440	GO:0016616	6	0.3	0
BSU_36100	GO:0006465	6	0.3	0
BSU_23210	GO:0016798	6	0.3	0
BSU_27510	GO:0016616	6	0.3	0
BSU_16590	GO:0071555	6	0.3	0
BSU_31440	GO:0016491	6	0.3	0
BSU_34950	GO:0006782	6	0.3	0
BSU_38390	GO:0017000	6	0.3	0
BSU_03590	GO:0003700	6	0.3	0
BSU_08200	GO:0000160	6	0.3	0
BSU_02270	GO:0019344	6	0.3	0
BSU_23250	GO:0019344	6	0.3	0
BSU_17710	GO:0031460	6	0.3	0
BSU_03290	GO:0006096	6	0.3	0
BSU_32000	GO:0003824	6	0.3	0
BSU_28710	GO:0003824	6	0.3	0
BSU_03040	GO:0006096	6	0.3	0
BSU_33150	GO:0019344	6	0.3	0
BSU_03040	GO:0003824	6	0.3	0
BSU_02850	GO:0006096	6	0.3	0
BSU_17150	GO:0019344	6	0.3	0
BSU_07810	GO:0046872	6	0.3	0
BSU_07810	GO:0008033	6	0.3	0
BSU_37190	GO:0019344	6	0.3	0
BSU_39650	GO:0009847	6	0.3	0
BSU_12880	GO:0019344	6	0.3	0
BSU_29440	GO:0046872	6	0.3	0
BSU_40490	GO:0019344	6	0.3	0
BSU_09620	GO:0006096	6	0.3	0
BSU_06460	GO:0046872	6	0.3	0
BSU_34120	GO:0003824	6	0.3	0
BSU_30050	GO:0009847	6	0.3	0
BSU_13960	GO:0009847	6	0.3	0
BSU_25480	GO:0046872	6	0.3	0
BSU_07710	GO:0009847	6	0.3	0
BSU_01680	GO:0031460	6	0.3	0
BSU_34930	GO:0019344	6	0.3	0
BSU_29805	GO:0003824	6	0.3	0
BSU_29440	GO:0008033	6	0.3	0
BSU_07260	GO:0055085	6	0.3	0
BSU_35740	GO:0003824	6	0.3	0
BSU_37970	GO:0003824	6	0.3	0
BSU_11330	GO:0046872	6	0.3	0
BSU_32750	GO:0055085	6	0.3	0
BSU_09570	GO:0046872	6	0.3	0
BSU_34950	GO:0006096	6	0.3	0
BSU_22760	GO:0019344	6	0.3	0
BSU_17840	GO:0019344	6	0.3	0
BSU_07710	GO:0006096	6	0.3	0
BSU_07260	GO:0006096	6	0.3	0
BSU_07260	GO:0019344	6	0.3	0
BSU_11540	GO:0006096	6	0.3	0
BSU_07710	GO:0019344	6	0.3	0
BSU_11690	GO:0019344	6	0.3	0
BSU_09380	GO:0009097	6	0.3	0
BSU_17890	GO:0019344	6	0.3	0
BSU_05860	GO:0006096	6	0.3	0
BSU_22600	GO:0019344	6	0.3	0
BSU_27510	GO:0019344	6	0.3	0
BSU_24290	GO:0009097	6	0.3	0
BSU_07590	GO:0008033	6	0.3	0
BSU_32690	GO:0019344	6	0.3	0
BSU_27970	GO:0031460	6	0.3	0
BSU_06812	GO:0009847	6	0.3	0
BSU_15610	GO:0016491	6	0.3	0
BSU_03981	GO:0031460	6	0.3	0
BSU_13560	GO:0005886	6	0.3	0
BSU_28510	GO:0005524	6	0.3	0
BSU_37620	GO:0046872	6	0.3	0
BSU_27440	GO:0031460	6	0.3	0
BSU_03310	GO:0005886	6	0.3	0
BSU_03290	GO:0005886	6	0.3	0
BSU_34120	GO:0005886	6	0.3	0
BSU_03040	GO:0005886	6	0.3	0
BSU_16630	GO:0005524	6	0.3	0
BSU_13180	GO:0005886	6	0.3	0
BSU_13840	GO:0008360	6	0.3	0
BSU_27970	GO:0005886	6	0.3	0
BSU_22760	GO:0008360	6	0.3	0
BSU_16020	GO:0019344	6	0.3	0
BSU_16110	GO:0008033	6	0.3	0
BSU_35900	GO:0031460	6	0.3	0
BSU_24130	GO:0008360	6	0.3	0
BSU_33300	GO:0031460	6	0.3	0
BSU_03800	GO:0031460	6	0.3	0
BSU_23210	GO:0005886	6	0.3	0
BSU_40960	GO:0005886	6	0.3	0
BSU_17890	GO:0005886	6	0.3	0
BSU_03810	GO:0031460	6	0.3	0
BSU_17860	GO:0005886	6	0.3	0
BSU_01610	GO:0031460	6	0.3	0
BSU_03930	GO:0008360	6	0.3	0
BSU_28720	GO:0005524	6	0.3	0
BSU_22550	GO:0031460	6	0.3	0
BSU_05860	GO:0005886	6	0.3	0
BSU_15760	GO:0005886	6	0.3	0
BSU_37620	GO:0019344	6	0.3	0
BSU_38390	GO:0031460	6	0.3	0
BSU_02840	GO:0019344	6	0.3	0
BSU_07500	GO:0031460	6	0.3	0
BSU_07510	GO:0031460	6	0.3	0
BSU_03290	GO:0019344	6	0.3	0
BSU_27970	GO:0006096	6	0.3	0
BSU_11540	GO:0019344	6	0.3	0
BSU_08200	GO:0031460	6	0.3	0
BSU_08450	GO:0031460	6	0.3	0
BSU_08460	GO:0031460	6	0.3	0
BSU_09380	GO:0005886	6	0.3	0
BSU_12940	GO:0031460	6	0.3	0
BSU_10170	GO:0008033	6	0.3	0
BSU_08180	GO:0005886	6	0.3	0
BSU_13840	GO:0031460	6	0.3	0
BSU_06460	GO:0019344	6	0.3	0
BSU_07590	GO:0019344	6	0.3	0
BSU_13950	GO:0031460	6	0.3	0
BSU_07810	GO:0019344	6	0.3	0
BSU_11330	GO:0008033	6	0.3	0
BSU_10250	GO:0008033	6	0.3	0
BSU_37330	GO:0003824	6	0.3	0
BSU_34930	GO:0003824	6	0.3	0
BSU_02980	GO:0003700	6	0.3	0
BSU_13180	GO:0003824	6	0.3	0
BSU_10540	GO:0003824	6	0.3	0
BSU_17100	GO:0003824	6	0.3	0
BSU_17150	GO:0003824	6	0.3	0
BSU_09380	GO:0071555	6	0.3	0
BSU_25590	GO:0003700	6	0.3	0
BSU_13560	GO:0003824	6	0.3	0
BSU_31440	GO:0017000	6	0.3	0
BSU_09570	GO:0017000	6	0.3	0
BSU_17860	GO:0003700	6	0.3	0
BSU_34950	GO:0003824	6	0.3	0
BSU_24560	GO:0017000	6	0.3	0
BSU_29440	GO:0071555	6	0.3	0
BSU_09620	GO:0005576	6	0.3	0
BSU_11690	GO:0003824	6	0.3	0
BSU_11540	GO:0003824	6	0.3	0
BSU_27620	GO:0003700	6	0.3	0
BSU_35900	GO:0017000	6	0.3	0
BSU_23080	GO:0003824	6	0.3	0
BSU_23920	GO:0017000	6	0.3	0
BSU_27970	GO:0055085	6	0.3	0
BSU_28710	GO:0055085	6	0.3	0
BSU_01680	GO:0055085	6	0.3	0
BSU_17710	GO:0055085	6	0.3	0
BSU_02980	GO:0055085	6	0.3	0
BSU_27510	GO:0017000	6	0.3	0
BSU_03290	GO:0008033	6	0.3	0
BSU_09380	GO:0009099	6	0.3	0
BSU_22790	GO:0003700	6	0.3	0
BSU_34950	GO:0009234	6	0.3	0
BSU_39920	GO:0003700	6	0.3	0
BSU_08180	GO:0009234	6	0.3	0
BSU_22760	GO:0005576	6	0.3	0
BSU_16630	GO:0003824	6	0.3	0
BSU_37620	GO:0008033	6	0.3	0
BSU_00670	GO:0003700	6	0.3	0
BSU_24130	GO:0005576	6	0.3	0
BSU_15760	GO:0009234	6	0.3	0
BSU_30540	GO:0003700	6	0.3	0
BSU_02840	GO:0008033	6	0.3	0
BSU_17890	GO:0009234	6	0.3	0
BSU_16120	GO:0009234	6	0.3	0
BSU_15910	GO:0003824	6	0.3	0
BSU_16110	GO:0003700	6	0.3	0
BSU_15550	GO:0003824	6	0.3	0
BSU_40960	GO:0003700	6	0.3	0
BSU_08240	GO:0017000	6	0.3	0
BSU_34440	GO:0005576	6	0.3	0
BSU_40060	GO:0017000	6	0.3	0
BSU_01920	GO:0017000	6	0.3	0
BSU_24150	GO:0005576	6	0.3	0
BSU_03520	GO:0005576	6	0.3	0
BSU_32690	GO:0017000	6	0.3	0
BSU_10250	GO:0003824	6	0.3	0
BSU_03981	GO:0055085	6	0.3	0
BSU_38390	GO:0055085	6	0.3	0
BSU_15760	GO:0006096	6	0.3	0
BSU_27900	GO:0003824	6	0.3	0
BSU_25480	GO:0008033	6	0.3	0
BSU_01010	GO:0071555	6	0.3	0
BSU_23310	GO:0055085	6	0.3	0
BSU_14410	GO:0055085	6	0.3	0
BSU_17890	GO:0006096	6	0.3	0
BSU_13300	GO:0055085	6	0.3	0
BSU_32750	GO:0003824	6	0.3	0
BSU_02840	GO:0003824	6	0.3	0
BSU_33150	GO:0016491	6	0.3	0
BSU_40070	GO:0055085	6	0.3	0
BSU_22090	GO:0055085	6	0.3	0
BSU_08200	GO:0055085	6	0.3	0
BSU_10170	GO:0003824	6	0.3	0
BSU_06460	GO:0008033	6	0.3	0
BSU_41010	GO:0003824	6	0.3	0
BSU_32250	GO:0003824	6	0.3	0
BSU_22600	GO:0003824	6	0.3	0
BSU_01750	GO:0055085	6	0.3	0
BSU_16110	GO:0046872	6	0.3	0
BSU_08180	GO:0006096	6	0.3	0
BSU_02850	GO:0055085	6	0.3	0
BSU_03590	GO:0055085	6	0.3	0
BSU_34920	GO:0003824	6	0.3	0
BSU_16120	GO:0006096	6	0.3	0
BSU_33600	GO:0071555	6	0.3	0
BSU_24630	GO:0055085	6	0.3	0
BSU_18230	GO:0003824	6	0.3	0
BSU_11540	GO:0008033	6	0.3	0
BSU_08100	GO:0003700	6	0.3	0
BSU_06450	GO:0003824	6	0.3	0
BSU_10250	GO:0017000	6	0.3	0
BSU_31960	GO:0017000	6	0.3	0
BSU_13840	GO:0055085	6	0.3	0
BSU_00910	GO:0003824	6	0.3	0
BSU_06680	GO:0017000	6	0.3	0
BSU_06680	GO:0003824	6	0.3	0
BSU_06460	GO:0017000	6	0.3	0
BSU_36370	GO:0003824	6	0.3	0
BSU_06450	GO:0017000	6	0.3	0
BSU_22550	GO:0055085	6	0.3	0
BSU_02460	GO:0003824	6	0.3	0
BSU_02490	GO:0003824	6	0.3	0
BSU_27440	GO:0055085	6	0.3	0
BSU_39920	GO:0017000	6	0.3	0
BSU_00670	GO:0017000	6	0.3	0
BSU_00780	GO:0003824	6	0.3	0
BSU_35900	GO:0055085	6	0.3	0
BSU_22550	GO:0006096	6	0.3	0
BSU_24290	GO:0009099	6	0.3	0
BSU_16560	GO:0055085	6	0.3	0
BSU_08450	GO:0000160	6	0.3	0
BSU_34010	GO:0000160	6	0.3	0
BSU_05880	GO:0006412	6	0.3	0
BSU_23380	GO:0004425	6	0.3	0
BSU_33290	GO:0016020	6	0.3	0
BSU_15910	GO:0009090	6	0.3	0
BSU_30230	GO:0004425	6	0.3	0
BSU_31440	GO:0004425	6	0.3	0
BSU_05860	GO:0030435	6	0.3	0
BSU_11690	GO:0016491	6	0.3	0
BSU_07590	GO:0004425	6	0.3	0
BSU_34010	GO:0004425	6	0.3	0
BSU_07710	GO:0016491	6	0.3	0
BSU_22690	GO:0004425	6	0.3	0
BSU_34880	GO:0004425	6	0.3	0
BSU_07260	GO:0016491	6	0.3	0
BSU_13580	GO:0004425	6	0.3	0
BSU_15550	GO:0004425	6	0.3	0
BSU_11540	GO:0030435	6	0.3	0
BSU_00790	GO:0071555	6	0.3	0
BSU_13180	GO:0009090	6	0.3	0
BSU_33150	GO:0071555	6	0.3	0
BSU_13720	GO:0071555	6	0.3	0
BSU_03040	GO:0030435	6	0.3	0
BSU_09620	GO:0030435	6	0.3	0
BSU_27900	GO:0016491	6	0.3	0
BSU_39650	GO:0071555	6	0.3	0
BSU_29805	GO:0071555	6	0.3	0
BSU_37190	GO:0016020	6	0.3	0
BSU_39650	GO:0016020	6	0.3	0
BSU_22370	GO:0009090	6	0.3	0
BSU_19230	GO:0004425	6	0.3	0
BSU_05860	GO:0004425	6	0.3	0
BSU_11540	GO:0004425	6	0.3	0
BSU_19360	GO:0003676	6	0.3	0
BSU_03040	GO:0004425	6	0.3	0
BSU_08180	GO:0030435	6	0.3	0
BSU_09620	GO:0004425	6	0.3	0
BSU_34950	GO:0030435	6	0.3	0
BSU_30390	GO:0016020	6	0.3	0
BSU_40970	GO:0006221	6	0.3	0
BSU_19180	GO:0016020	6	0.3	0
BSU_18440	GO:0009090	6	0.3	0
BSU_39270	GO:0016020	6	0.3	0
BSU_01920	GO:0004425	6	0.3	0
BSU_33540	GO:0004425	6	0.3	0
BSU_11520	GO:0006221	6	0.3	0
BSU_17890	GO:0009090	6	0.3	0
BSU_04450	GO:0016020	6	0.3	0
BSU_03450	GO:0004425	6	0.3	0
BSU_09260	GO:0004425	6	0.3	0
BSU_37690	GO:0004425	6	0.3	0
BSU_37710	GO:0004425	6	0.3	0
BSU_08240	GO:0004425	6	0.3	0
BSU_40060	GO:0004425	6	0.3	0
BSU_03480	GO:0006221	6	0.3	0
BSU_15460	GO:0071555	6	0.3	0
BSU_40490	GO:0071555	6	0.3	0
BSU_12880	GO:0071555	6	0.3	0
BSU_00910	GO:0016491	6	0.3	0
BSU_22080	GO:0016829	6	0.3	0
BSU_17150	GO:0030435	6	0.3	0
BSU_07630	GO:0016829	6	0.3	0
BSU_11690	GO:0042371	6	0.3	0
BSU_12340	GO:0016491	6	0.3	0
BSU_30830	GO:0016829	6	0.3	0
BSU_33150	GO:0030435	6	0.3	0
BSU_17890	GO:0042371	6	0.3	0
BSU_36370	GO:0016491	6	0.3	0
BSU_23250	GO:0030435	6	0.3	0
BSU_16120	GO:0016829	6	0.3	0
BSU_05880	GO:0009090	6	0.3	0
BSU_27860	GO:0071555	6	0.3	0
BSU_08180	GO:0016829	6	0.3	0
BSU_07710	GO:0016829	6	0.3	0
BSU_07260	GO:0016829	6	0.3	0
BSU_37190	GO:0030435	6	0.3	0
BSU_34930	GO:0030435	6	0.3	0
BSU_32690	GO:0030435	6	0.3	0
BSU_34120	GO:0009090	6	0.3	0
BSU_22600	GO:0042371	6	0.3	0
BSU_05860	GO:0016829	6	0.3	0
BSU_11540	GO:0016829	6	0.3	0
BSU_30380	GO:0016020	6	0.3	0
BSU_35740	GO:0016829	6	0.3	0
BSU_01920	GO:0016829	6	0.3	0
BSU_09440	GO:0042371	6	0.3	0
BSU_02270	GO:0030435	6	0.3	0
BSU_18230	GO:0016491	6	0.3	0
BSU_07710	GO:0060187	6	0.3	0
BSU_06812	GO:0060187	6	0.3	0
BSU_00780	GO:0016491	6	0.3	0
BSU_30830	GO:0030435	6	0.3	0
BSU_06680	GO:0009090	6	0.3	0
BSU_02490	GO:0016491	6	0.3	0
BSU_00460	GO:0030435	6	0.3	0
BSU_00790	GO:0060187	6	0.3	0
BSU_00910	GO:0030435	6	0.3	0
BSU_02460	GO:0016491	6	0.3	0
BSU_33150	GO:0060187	6	0.3	0
BSU_13720	GO:0060187	6	0.3	0
BSU_38390	GO:0042371	6	0.3	0
BSU_40490	GO:0030435	6	0.3	0
BSU_30540	GO:0009090	6	0.3	0
BSU_31960	GO:0009090	6	0.3	0
BSU_32750	GO:0009090	6	0.3	0
BSU_12880	GO:0030435	6	0.3	0
BSU_29805	GO:0060187	6	0.3	0
BSU_39650	GO:0060187	6	0.3	0
BSU_07260	GO:0042371	6	0.3	0
BSU_17840	GO:0030435	6	0.3	0
BSU_22790	GO:0009090	6	0.3	0
BSU_16600	GO:0006221	6	0.3	0
BSU_15610	GO:0003677	6	0.3	0
BSU_11540	GO:0071555	6	0.3	0
BSU_06960	GO:0051775	6	0.3	0
BSU_25480	GO:0051539	6	0.3	0
BSU_18460	GO:0051775	6	0.3	0
BSU_06460	GO:0051539	6	0.3	0
BSU_35740	GO:0004181	6	0.3	0
BSU_09380	GO:0051775	6	0.3	0
BSU_08100	GO:0051775	6	0.3	0
BSU_16120	GO:0008233	6	0.3	0
BSU_29440	GO:0051539	6	0.3	0
BSU_07810	GO:0051539	6	0.3	0
BSU_03290	GO:0071555	6	0.3	0
BSU_32800	GO:0051539	6	0.3	0
BSU_37620	GO:0009972	6	0.3	0
BSU_37670	GO:0004181	6	0.3	0
BSU_22550	GO:0008233	6	0.3	0
BSU_00910	GO:0004181	6	0.3	0
BSU_39650	GO:0006813	6	0.3	0
BSU_24150	GO:0030436	6	0.3	0
BSU_06150	GO:0009972	6	0.3	0
BSU_09570	GO:0051539	6	0.3	0
BSU_22370	GO:0051539	6	0.3	0
BSU_34440	GO:0030436	6	0.3	0
BSU_10250	GO:0051539	6	0.3	0
BSU_13490	GO:0009972	6	0.3	0
BSU_37620	GO:0071555	6	0.3	0
BSU_11540	GO:0051539	6	0.3	0
BSU_03520	GO:0004312	6	0.3	0
BSU_06460	GO:0006537	6	0.3	0
BSU_34120	GO:0006412	6	0.3	0
BSU_05830	GO:0006412	6	0.3	0
BSU_25590	GO:0051775	6	0.3	0
BSU_22790	GO:0051775	6	0.3	0
BSU_09620	GO:0006537	6	0.3	0
BSU_30830	GO:0004181	6	0.3	0
BSU_08100	GO:0006412	6	0.3	0
BSU_24290	GO:0051539	6	0.3	0
BSU_08200	GO:0006412	6	0.3	0
BSU_00670	GO:0051539	6	0.3	0
BSU_16110	GO:0006412	6	0.3	0
BSU_16110	GO:0051775	6	0.3	0
BSU_16020	GO:0071555	6	0.3	0
BSU_02840	GO:0009972	6	0.3	0
BSU_01010	GO:0071555	6	0.3	0
BSU_33600	GO:0051539	6	0.3	0
BSU_16020	GO:0051539	6	0.3	0
BSU_27620	GO:0051775	6	0.3	0
BSU_37620	GO:0051539	6	0.3	0
BSU_40960	GO:0051775	6	0.3	0
BSU_07630	GO:0004181	6	0.3	0
BSU_00670	GO:0071555	6	0.3	0
BSU_03290	GO:0051539	6	0.3	0
BSU_33600	GO:0071555	6	0.3	0
BSU_22760	GO:0030436	6	0.3	0
BSU_16110	GO:0051539	6	0.3	0
BSU_25480	GO:0071555	6	0.3	0
BSU_07710	GO:0006813	6	0.3	0
BSU_09570	GO:0004312	6	0.3	0
BSU_32800	GO:0004312	6	0.3	0
BSU_23220	GO:0003676	6	0.3	0
BSU_29440	GO:0004312	6	0.3	0
BSU_06460	GO:0004312	6	0.3	0
BSU_25480	GO:0004312	6	0.3	0
BSU_14470	GO:0003676	6	0.3	0
BSU_28260	GO:0008233	6	0.3	0
BSU_03290	GO:0004312	6	0.3	0
BSU_24080	GO:0009090	6	0.3	0
BSU_37620	GO:0004312	6	0.3	0
BSU_16020	GO:0004312	6	0.3	0
BSU_06460	GO:0071555	6	0.3	0
BSU_14600	GO:0006221	6	0.3	0
BSU_33600	GO:0004312	6	0.3	0
BSU_00670	GO:0004312	6	0.3	0
BSU_14470	GO:0006221	6	0.3	0
BSU_06812	GO:0006813	6	0.3	0
BSU_24290	GO:0004312	6	0.3	0
BSU_19180	GO:0004312	6	0.3	0
BSU_15910	GO:0004312	6	0.3	0
BSU_02030	GO:0003676	6	0.3	0
BSU_16600	GO:0003676	6	0.3	0
BSU_31960	GO:0004312	6	0.3	0
BSU_22370	GO:0004312	6	0.3	0
BSU_16110	GO:0004312	6	0.3	0
BSU_22960	GO:0006526	6	0.3	0
BSU_22370	GO:0006526	6	0.3	0
BSU_13300	GO:0004181	6	0.3	0
BSU_29440	GO:0071555	6	0.3	0
BSU_13720	GO:0009972	6	0.3	0
BSU_07810	GO:0071555	6	0.3	0
BSU_27510	GO:0008233	6	0.3	0
BSU_09570	GO:0071555	6	0.3	0
BSU_11330	GO:0071555	6	0.3	0
BSU_10250	GO:0071555	6	0.3	0
BSU_24290	GO:0006526	6	0.3	0
BSU_16110	GO:0071555	6	0.3	0
BSU_11690	GO:0071555	6	0.3	0
BSU_06960	GO:0006526	6	0.3	0
BSU_33040	GO:0006221	6	0.3	0
BSU_05830	GO:0006526	6	0.3	0
BSU_05880	GO:0006526	6	0.3	0
BSU_30540	GO:0006526	6	0.3	0
BSU_33040	GO:0006526	6	0.3	0
BSU_03480	GO:0006526	6	0.3	0
BSU_22080	GO:0009972	6	0.3	0
BSU_30050	GO:0006813	6	0.3	0
BSU_16600	GO:0006526	6	0.3	0
BSU_13960	GO:0006813	6	0.3	0
BSU_18440	GO:0006526	6	0.3	0
BSU_03280	GO:0003677	6	0.3	0
BSU_05830	GO:0009090	6	0.3	0
BSU_03290	GO:0070929	6	0.3	0
BSU_06450	GO:0008360	6	0.3	0
BSU_13950	GO:0140359	6	0.3	0
BSU_02850	GO:0042371	6	0.3	0
BSU_04450	GO:0016020	6	0.3	0
BSU_07810	GO:0070929	6	0.3	0
BSU_27430	GO:0030420	6	0.3	0
BSU_27440	GO:0030420	6	0.3	0
BSU_17860	GO:0009314	6	0.3	0
BSU_40960	GO:0009314	6	0.3	0
BSU_27620	GO:0009314	6	0.3	0
BSU_06680	GO:0008360	6	0.3	0
BSU_06460	GO:0008360	6	0.3	0
BSU_03590	GO:0008360	6	0.3	0
BSU_02840	GO:0003677	6	0.3	0
BSU_02980	GO:0008360	6	0.3	0
BSU_25590	GO:0009314	6	0.3	0
BSU_39920	GO:0008360	6	0.3	0
BSU_00670	GO:0008360	6	0.3	0
BSU_23210	GO:0008360	6	0.3	0
BSU_39650	GO:0016020	6	0.3	0
BSU_17860	GO:0008360	6	0.3	0
BSU_33200	GO:0003677	6	0.3	0
BSU_39480	GO:0016020	6	0.3	0
BSU_37190	GO:0016020	6	0.3	0
BSU_29440	GO:0070929	6	0.3	0
BSU_02850	GO:0000160	6	0.3	0
BSU_32800	GO:0070929	6	0.3	0
BSU_28710	GO:0042371	6	0.3	0
BSU_01680	GO:0000160	6	0.3	0
BSU_31290	GO:0003677	6	0.3	0
BSU_32750	GO:0030420	6	0.3	0
BSU_38480	GO:0008360	6	0.3	0
BSU_30230	GO:0003677	6	0.3	0
BSU_37330	GO:0003677	6	0.3	0
BSU_32250	GO:0003677	6	0.3	0
BSU_22370	GO:0070929	6	0.3	0
BSU_09570	GO:0070929	6	0.3	0
BSU_13840	GO:0140359	6	0.3	0
BSU_31090	GO:0030420	6	0.3	0
BSU_22600	GO:0003677	6	0.3	0
BSU_01750	GO:0000160	6	0.3	0
BSU_08100	GO:0008360	6	0.3	0
BSU_13960	GO:0030420	6	0.3	0
BSU_01680	GO:0042371	6	0.3	0
BSU_11690	GO:0003677	6	0.3	0
BSU_30050	GO:0030420	6	0.3	0
BSU_01750	GO:0042371	6	0.3	0
BSU_11330	GO:0003677	6	0.3	0
BSU_10170	GO:0003677	6	0.3	0
BSU_17710	GO:0000160	6	0.3	0
BSU_22550	GO:0030420	6	0.3	0
BSU_17710	GO:0042371	6	0.3	0
BSU_32750	GO:0008360	6	0.3	0
BSU_03590	GO:0000160	6	0.3	0
BSU_30380	GO:0016020	6	0.3	0
BSU_34440	GO:0003677	6	0.3	0
BSU_33300	GO:0140359	6	0.3	0
BSU_27440	GO:0140359	6	0.3	0
BSU_07500	GO:0000160	6	0.3	0
BSU_11540	GO:0070929	6	0.3	0
BSU_39920	GO:0016020	6	0.3	0
BSU_25480	GO:0009314	6	0.3	0
BSU_07510	GO:0000160	6	0.3	0
BSU_06460	GO:0009314	6	0.3	0
BSU_35900	GO:0140359	6	0.3	0
BSU_00670	GO:0016020	6	0.3	0
BSU_29440	GO:0009314	6	0.3	0
BSU_07590	GO:0009314	6	0.3	0
BSU_30540	GO:0016020	6	0.3	0
BSU_03590	GO:0042371	6	0.3	0
BSU_07810	GO:0009314	6	0.3	0
BSU_03800	GO:0140359	6	0.3	0
BSU_03810	GO:0140359	6	0.3	0
BSU_01610	GO:0140359	6	0.3	0
BSU_16560	GO:0140359	6	0.3	0
BSU_24630	GO:0140359	6	0.3	0
BSU_09570	GO:0009314	6	0.3	0
BSU_08100	GO:0016020	6	0.3	0
BSU_11330	GO:0009314	6	0.3	0
BSU_10250	GO:0009314	6	0.3	0
BSU_13300	GO:0140359	6	0.3	0
BSU_07710	GO:0000160	6	0.3	0
BSU_07260	GO:0000160	6	0.3	0
BSU_06812	GO:0000160	6	0.3	0
BSU_38390	GO:0000160	6	0.3	0
BSU_00670	GO:0009314	6	0.3	0
BSU_27430	GO:0016020	6	0.3	0
BSU_25590	GO:0016020	6	0.3	0
BSU_06460	GO:0070929	6	0.3	0
BSU_23080	GO:0016491	6	0.3	0
BSU_25480	GO:0070929	6	0.3	0
BSU_03981	GO:0000160	6	0.3	0
BSU_13960	GO:0016020	6	0.3	0
BSU_33600	GO:0009314	6	0.3	0
BSU_16020	GO:0009314	6	0.3	0
BSU_31090	GO:0016020	6	0.3	0
BSU_22550	GO:0140359	6	0.3	0
BSU_32750	GO:0016020	6	0.3	0
BSU_07710	GO:0016020	6	0.3	0
BSU_37620	GO:0009314	6	0.3	0
BSU_07260	GO:0016020	6	0.3	0
BSU_06812	GO:0016020	6	0.3	0
BSU_03981	GO:0042371	6	0.3	0
BSU_03590	GO:0016020	6	0.3	0
BSU_02850	GO:0016020	6	0.3	0
BSU_03290	GO:0009314	6	0.3	0
BSU_01750	GO:0016020	6	0.3	0
BSU_11540	GO:0009314	6	0.3	0
BSU_28710	GO:0000160	6	0.3	0
BSU_08460	GO:0030420	6	0.3	0
BSU_25590	GO:0016020	6	0.3	0
BSU_03310	GO:0005886	6	0.3	0
BSU_15550	GO:0003677	6	0.3	0
BSU_07710	GO:0030435	6	0.3	0
BSU_07260	GO:0030435	6	0.3	0
BSU_24290	GO:0005886	6	0.3	0
BSU_06960	GO:0005886	6	0.3	0
BSU_07710	GO:0016020	6	0.3	0
BSU_07260	GO:0016020	6	0.3	0
BSU_35750	GO:0005886	6	0.3	0
BSU_06812	GO:0016020	6	0.3	0
BSU_27970	GO:0140359	6	0.3	0
BSU_11620	GO:0000160	6	0.3	0
BSU_01680	GO:0140359	6	0.3	0
BSU_17890	GO:0003677	6	0.3	0
BSU_41010	GO:0003677	6	0.3	0
BSU_17710	GO:0140359	6	0.3	0
BSU_02850	GO:0016020	6	0.3	0
BSU_17860	GO:0005886	6	0.3	0
BSU_31960	GO:0005886	6	0.3	0
BSU_01750	GO:0016020	6	0.3	0
BSU_02980	GO:0140359	6	0.3	0
BSU_32250	GO:0016491	6	0.3	0
BSU_23250	GO:0003677	6	0.3	0
BSU_03981	GO:0140359	6	0.3	0
BSU_33040	GO:0005886	6	0.3	0
BSU_40970	GO:0005886	6	0.3	0
BSU_40960	GO:0005886	6	0.3	0
BSU_08450	GO:0030420	6	0.3	0
BSU_22690	GO:0016829	6	0.3	0
BSU_25450	GO:0003677	6	0.3	0
BSU_03040	GO:0016829	6	0.3	0
BSU_25440	GO:0003677	6	0.3	0
BSU_09620	GO:0016829	6	0.3	0
BSU_22600	GO:0030435	6	0.3	0
BSU_27510	GO:0042371	6	0.3	0
BSU_15630	GO:0016829	6	0.3	0
BSU_33600	GO:0003677	6	0.3	0
BSU_06450	GO:0016829	6	0.3	0
BSU_03450	GO:0016829	6	0.3	0
BSU_08100	GO:0009090	6	0.3	0
BSU_08200	GO:0009090	6	0.3	0
BSU_11520	GO:0005886	6	0.3	0
BSU_14600	GO:0005886	6	0.3	0
BSU_25480	GO:0005886	6	0.3	0
BSU_13960	GO:0016020	6	0.3	0
BSU_29440	GO:0003677	6	0.3	0
BSU_38520	GO:0005886	6	0.3	0
BSU_18440	GO:0005886	6	0.3	0
BSU_11690	GO:0030435	6	0.3	0
BSU_31090	GO:0016020	6	0.3	0
BSU_03480	GO:0005886	6	0.3	0
BSU_30540	GO:0005886	6	0.3	0
BSU_09380	GO:0005886	6	0.3	0
BSU_32690	GO:0042371	6	0.3	0
BSU_39480	GO:0016020	6	0.3	0
BSU_38390	GO:0140359	6	0.3	0
BSU_06812	GO:0030420	6	0.3	0
BSU_02850	GO:0030420	6	0.3	0
BSU_24070	GO:0003677	6	0.3	0
BSU_03590	GO:0030420	6	0.3	0
BSU_16110	GO:0070929	6	0.3	0
BSU_10140	GO:0003677	6	0.3	0
BSU_36370	GO:0003677	6	0.3	0
BSU_03981	GO:0030420	6	0.3	0
BSU_12940	GO:0140359	6	0.3	0
BSU_37970	GO:0003677	6	0.3	0
BSU_38390	GO:0030420	6	0.3	0
BSU_35740	GO:0003677	6	0.3	0
BSU_25620	GO:0003677	6	0.3	0
BSU_29340	GO:0016020	6	0.3	0
BSU_24130	GO:0016491	6	0.3	0
BSU_07260	GO:0030420	6	0.3	0
BSU_07710	GO:0030420	6	0.3	0
BSU_10250	GO:0070929	6	0.3	0
BSU_07500	GO:0030420	6	0.3	0
BSU_34930	GO:0003677	6	0.3	0
BSU_07510	GO:0030420	6	0.3	0
BSU_34010	GO:0030420	6	0.3	0
BSU_34920	GO:0003677	6	0.3	0
BSU_13560	GO:0008360	6	0.3	0
BSU_08200	GO:0030420	6	0.3	0
BSU_17710	GO:0030420	6	0.3	0
BSU_25450	GO:0003677	6	0.3	0
BSU_08460	GO:0140359	6	0.3	0
BSU_01750	GO:0030420	6	0.3	0
BSU_27430	GO:0016020	6	0.3	0
BSU_32750	GO:0016020	6	0.3	0
BSU_18930	GO:0003677	6	0.3	0
BSU_16590	GO:0003677	6	0.3	0
BSU_16650	GO:0003677	6	0.3	0
BSU_03590	GO:0016020	6	0.3	0
BSU_07500	GO:0140359	6	0.3	0
BSU_10540	GO:0003677	6	0.3	0
BSU_12380	GO:0003677	6	0.3	0
BSU_21460	GO:0003677	6	0.3	0
BSU_34930	GO:0042371	6	0.3	0
BSU_29340	GO:0008360	6	0.3	0
BSU_27430	GO:0008360	6	0.3	0
BSU_37190	GO:0042371	6	0.3	0
BSU_07510	GO:0140359	6	0.3	0
BSU_28710	GO:0030420	6	0.3	0
BSU_23250	GO:0042371	6	0.3	0
BSU_08200	GO:0140359	6	0.3	0
BSU_08450	GO:0140359	6	0.3	0
BSU_33150	GO:0003677	6	0.3	0
BSU_04210	GO:0003677	6	0.3	0
BSU_21460	GO:0003677	6	0.3	0
BSU_01680	GO:0030420	6	0.3	0
BSU_27970	GO:0008889	6	0.3	0
BSU_18440	GO:0003746	6	0.3	0
BSU_08460	GO:0042626	6	0.3	0
BSU_07590	GO:0044205	6	0.3	0
BSU_33290	GO:0055085	6	0.3	0
BSU_00670	GO:0016616	6	0.3	0
BSU_01010	GO:0006354	6	0.3	1
BSU_29440	GO:0044205	6	0.3	0
BSU_01680	GO:0005524	6	0.3	0
BSU_03981	GO:0005524	6	0.3	0
BSU_05880	GO:0005576	6	0.3	1
BSU_28260	GO:0009229	6	0.3	0
BSU_24290	GO:0016616	6	0.3	0
BSU_27510	GO:0009229	6	0.3	0
BSU_08200	GO:0005524	6	0.3	0
BSU_39270	GO:0005524	6	0.3	0
BSU_29340	GO:0016020	6	0.3	0
BSU_22550	GO:0009229	6	0.3	0
BSU_07810	GO:0044205	6	0.3	0
BSU_27970	GO:0005524	6	0.3	0
BSU_16120	GO:0009229	6	0.3	0
BSU_17710	GO:0005524	6	0.3	0
BSU_15910	GO:0016491	6	0.3	1
BSU_38390	GO:0005524	6	0.3	0
BSU_03290	GO:0042128	6	0.3	1
BSU_07500	GO:0005524	6	0.3	0
BSU_07510	GO:0005524	6	0.3	0
BSU_15760	GO:0009229	6	0.3	0
BSU_02460	GO:0008840	6	0.3	1
BSU_30830	GO:0009229	6	0.3	0
BSU_03890	GO:0006259	6	0.3	0
BSU_09570	GO:0005515	6	0.3	0
BSU_37620	GO:0006259	6	0.3	0
BSU_25480	GO:0044205	6	0.3	0
BSU_40960	GO:0006259	6	0.3	0
BSU_18930	GO:0006259	6	0.3	0
BSU_35740	GO:0016853	6	0.3	0
BSU_37970	GO:0016853	6	0.3	0
BSU_22080	GO:0006508	6	0.3	1
BSU_25590	GO:0006259	6	0.3	0
BSU_17860	GO:0006259	6	0.3	0
BSU_37620	GO:0016616	6	0.3	0
BSU_04460	GO:0016853	6	0.3	0
BSU_22370	GO:0005515	6	0.3	0
BSU_23210	GO:0005524	6	0.3	0
BSU_16020	GO:0016616	6	0.3	0
BSU_22090	GO:0008643	6	0.3	1
BSU_04230	GO:0015648	6	0.3	1
BSU_33600	GO:0016616	6	0.3	0
BSU_36370	GO:0016853	6	0.3	0
BSU_10140	GO:0016853	6	0.3	0
BSU_06460	GO:0044205	6	0.3	0
BSU_27620	GO:0006259	6	0.3	0
BSU_25450	GO:0016853	6	0.3	0
BSU_04210	GO:0016853	6	0.3	0
BSU_32750	GO:0016020	6	0.3	0
BSU_08450	GO:0005524	6	0.3	0
BSU_08460	GO:0005524	6	0.3	0
BSU_29340	GO:0055085	6	0.3	0
BSU_32750	GO:0055085	6	0.3	0
BSU_33300	GO:0005524	6	0.3	0
BSU_03800	GO:0005524	6	0.3	0
BSU_03810	GO:0005524	6	0.3	0
BSU_30070	GO:0003723	6	0.3	0
BSU_01610	GO:0005524	6	0.3	0
BSU_16560	GO:0005524	6	0.3	0
BSU_33040	GO:0016020	6	0.3	0
BSU_13950	GO:0055085	6	0.3	0
BSU_22090	GO:0005886	6	0.3	1
BSU_38520	GO:0005829	6	0.3	0
BSU_29990	GO:0003723	6	0.3	0
BSU_33290	GO:0015625	6	0.3	1
BSU_12940	GO:0005524	6	0.3	0
BSU_08200	GO:0055085	6	0.3	0
BSU_06960	GO:0006355	6	0.3	1
BSU_14470	GO:0005524	6	0.3	1
BSU_38390	GO:0055085	6	0.3	0
BSU_03810	GO:0006826	6	0.3	1
BSU_03590	GO:0055085	6	0.3	0
BSU_24080	GO:0008966	6	0.3	0
BSU_02850	GO:0055085	6	0.3	0
BSU_17860	GO:0005737	6	0.3	1
BSU_22370	GO:0008966	6	0.3	0
BSU_22790	GO:0008966	6	0.3	0
BSU_09620	GO:0009229	6	0.3	0
BSU_02850	GO:0009229	6	0.3	0
BSU_03040	GO:0009229	6	0.3	0
BSU_29440	GO:0016020	6	0.3	0
BSU_08180	GO:0009229	6	0.3	0
BSU_13840	GO:0005524	6	0.3	0
BSU_34950	GO:0009229	6	0.3	0
BSU_13950	GO:0005524	6	0.3	0
BSU_10170	GO:0044205	6	0.3	0
BSU_27440	GO:0055085	6	0.3	0
BSU_07710	GO:0009229	6	0.3	0
BSU_07260	GO:0009229	6	0.3	0
BSU_27430	GO:0055085	6	0.3	0
BSU_22550	GO:0005524	6	0.3	0
BSU_25590	GO:0055085	6	0.3	0
BSU_11330	GO:0044205	6	0.3	0
BSU_33290	GO:0016020	6	0.3	0
BSU_27440	GO:0005524	6	0.3	0
BSU_10250	GO:0044205	6	0.3	0
BSU_16110	GO:0044205	6	0.3	0
BSU_11690	GO:0044205	6	0.3	0
BSU_05860	GO:0009229	6	0.3	0
BSU_38060	GO:0003723	6	0.3	0
BSU_02750	GO:0005524	6	0.3	1
BSU_33330	GO:0003723	6	0.3	0
BSU_22550	GO:0055085	6	0.3	0
BSU_11540	GO:0009229	6	0.3	0
BSU_16560	GO:0055085	6	0.3	0
BSU_29805	GO:0016853	6	0.3	0
BSU_17710	GO:0055085	6	0.3	0
BSU_30540	GO:0033554	6	0.3	0
BSU_33600	GO:0044205	6	0.3	0
BSU_11540	GO:0016836	6	0.3	0
BSU_25560	GO:0003887	6	0.3	1
BSU_11690	GO:0006556	6	0.3	0
BSU_11540	GO:0006556	6	0.3	0
BSU_34550	GO:0008801	6	0.3	1
BSU_10250	GO:0006556	6	0.3	0
BSU_14600	GO:0016746	6	0.3	1
BSU_02840	GO:0016836	6	0.3	0
BSU_33600	GO:0005515	6	0.3	0
BSU_31960	GO:0033554	6	0.3	0
BSU_37620	GO:0016836	6	0.3	0
BSU_10250	GO:0016979	6	0.3	1
BSU_33040	GO:0033554	6	0.3	0
BSU_06450	GO:0006556	6	0.3	0
BSU_06680	GO:0006556	6	0.3	0
BSU_12970	GO:0004180	6	0.3	1
BSU_31960	GO:0006556	6	0.3	0
BSU_32750	GO:0006556	6	0.3	0
BSU_07510	GO:0006826	6	0.3	1
BSU_03480	GO:0033554	6	0.3	0
BSU_06460	GO:0016616	6	0.3	0
BSU_41010	GO:0006556	6	0.3	0
BSU_32250	GO:0006556	6	0.3	0
BSU_13180	GO:0006556	6	0.3	0
BSU_13560	GO:0006556	6	0.3	0
BSU_25620	GO:0016853	6	0.3	0
BSU_37690	GO:0009058	6	0.3	1
BSU_33600	GO:0070929	6	0.3	1
BSU_10250	GO:0016836	6	0.3	0
BSU_11330	GO:0016836	6	0.3	0
BSU_10170	GO:0016836	6	0.3	0
BSU_22760	GO:0030435	6	0.3	1
BSU_25580	GO:0009972	6	0.3	1
BSU_24080	GO:0006556	6	0.3	0
BSU_07810	GO:0016836	6	0.3	0
BSU_07590	GO:0016836	6	0.3	0
BSU_22790	GO:0006556	6	0.3	0
BSU_39480	GO:0016887	6	0.3	1
BSU_06460	GO:0016836	6	0.3	0
BSU_05880	GO:0033554	6	0.3	0
BSU_17890	GO:0006556	6	0.3	0
BSU_14180	GO:0016407	6	0.3	1
BSU_00670	GO:0005515	6	0.3	0
BSU_16630	GO:0006556	6	0.3	0
BSU_34470	GO:0005886	6	0.3	1
BSU_22080	GO:0004181	6	0.3	1
BSU_15910	GO:0006556	6	0.3	0
BSU_15550	GO:0006556	6	0.3	0
BSU_05830	GO:0033554	6	0.3	0
BSU_29440	GO:0016616	6	0.3	0
BSU_34120	GO:0033554	6	0.3	0
BSU_04210	GO:0016746	6	0.3	1
BSU_11540	GO:0046872	6	0.3	1
BSU_37330	GO:0006556	6	0.3	0
BSU_03060	GO:0015727	6	0.3	1
BSU_10140	GO:0006779	6	0.3	1
BSU_05970	GO:0006259	6	0.3	0
BSU_23970	GO:0006865	6	0.3	1
BSU_31530	GO:0006259	6	0.3	0
BSU_29440	GO:0005515	6	0.3	0
BSU_03290	GO:0044205	6	0.3	0
BSU_03290	GO:0016616	6	0.3	0
BSU_11540	GO:0044205	6	0.3	0
BSU_22790	GO:0006259	6	0.3	0
BSU_22600	GO:0016853	6	0.3	0
BSU_18460	GO:0006259	6	0.3	0
BSU_14600	GO:0005515	6	0.3	0
BSU_32690	GO:0006556	6	0.3	0
BSU_16120	GO:0006259	6	0.3	0
BSU_26810	GO:0008881	6	0.3	1
BSU_16110	GO:0006259	6	0.3	0
BSU_32800	GO:0005515	6	0.3	0
BSU_37330	GO:0016853	6	0.3	0
BSU_30230	GO:0016853	6	0.3	0
BSU_08100	GO:0006259	6	0.3	0
BSU_07590	GO:0006259	6	0.3	0
BSU_34920	GO:0016853	6	0.3	0
BSU_34930	GO:0016853	6	0.3	0
BSU_06060	GO:0006259	6	0.3	0
BSU_10170	GO:0016853	6	0.3	0
BSU_25480	GO:0005515	6	0.3	0
BSU_02840	GO:0044205	6	0.3	0
BSU_07590	GO:0016853	6	0.3	0
BSU_24630	GO:0055085	6	0.3	0
BSU_32000	GO:0006556	6	0.3	0
BSU_28710	GO:0006556	6	0.3	0
BSU_05860	GO:0016301	6	0.3	1
BSU_03040	GO:0006556	6	0.3	0
BSU_34120	GO:0006556	6	0.3	0
BSU_15920	GO:0005515	6	0.3	0
BSU_25480	GO:0016616	6	0.3	0
BSU_24070	GO:0006083	6	0.3	1
BSU_13180	GO:0033554	6	0.3	0
BSU_16020	GO:0044205	6	0.3	0
BSU_13490	GO:0005886	6	0.3	1
BSU_34550	GO:0005737	6	0.3	1
BSU_15910	GO:0033554	6	0.3	0
BSU_19180	GO:0055085	6	0.3	0
BSU_16600	GO:0033554	6	0.3	0
BSU_18440	GO:0033554	6	0.3	0
BSU_15320	GO:0030435	6	0.3	1
BSU_02840	GO:0016853	6	0.3	0
BSU_22370	GO:0033554	6	0.3	0
BSU_22960	GO:0033554	6	0.3	0
BSU_13950	GO:0016020	6	0.3	1
BSU_37620	GO:0044205	6	0.3	0
BSU_37670	GO:0016705	6	0.3	0
BSU_18440	GO:0008966	6	0.3	0
BSU_11690	GO:0016836	6	0.3	0
BSU_17860	GO:0016780	6	0.3	0
BSU_09570	GO:0006397	6	0.3	0
BSU_19360	GO:0042802	6	0.3	0
BSU_22370	GO:0006397	6	0.3	0
BSU_16110	GO:0006397	6	0.3	0
BSU_21460	GO:0046872	6	0.3	0
BSU_17860	GO:0006397	6	0.3	0
BSU_16650	GO:0046872	6	0.3	0
BSU_16590	GO:0046872	6	0.3	0
BSU_14470	GO:0042802	6	0.3	0
BSU_35750	GO:0016780	6	0.3	0
BSU_38520	GO:0016780	6	0.3	0
BSU_38390	GO:0016780	6	0.3	0
BSU_14600	GO:0006397	6	0.3	0
BSU_09440	GO:0016780	6	0.3	0
BSU_23250	GO:0046872	6	0.3	0
BSU_27970	GO:0016780	6	0.3	0
BSU_13180	GO:0016780	6	0.3	0
BSU_34120	GO:0016780	6	0.3	0
BSU_03310	GO:0016780	6	0.3	0
BSU_41010	GO:0046872	6	0.3	0
BSU_04450	GO:0046940	6	0.3	0
BSU_00670	GO:0009228	6	0.3	0
BSU_39270	GO:0046940	6	0.3	0
BSU_01010	GO:0005737	6	0.3	0
BSU_32800	GO:0006397	6	0.3	0
BSU_13560	GO:0046940	6	0.3	0
BSU_15550	GO:0046940	6	0.3	0
BSU_24290	GO:0006397	6	0.3	0
BSU_40970	GO:0042802	6	0.3	0
BSU_16020	GO:0005829	6	0.3	0
BSU_13560	GO:0016881	6	0.3	0
BSU_01680	GO:0046940	6	0.3	0
BSU_11520	GO:0042802	6	0.3	0
BSU_00670	GO:0005829	6	0.3	0
BSU_03981	GO:0046940	6	0.3	0
BSU_22690	GO:0005829	6	0.3	0
BSU_24470	GO:0005829	6	0.3	0
BSU_24290	GO:0016020	6	0.3	0
BSU_33040	GO:0006397	6	0.3	0
BSU_05860	GO:0046940	6	0.3	0
BSU_25480	GO:0006397	6	0.3	0
BSU_00670	GO:0006397	6	0.3	0
BSU_33600	GO:0006397	6	0.3	0
BSU_08200	GO:0046940	6	0.3	0
BSU_03480	GO:0042802	6	0.3	0
BSU_01610	GO:0003723	6	0.3	0
BSU_03810	GO:0003723	6	0.3	0
BSU_03800	GO:0003723	6	0.3	0
BSU_38480	GO:0046940	6	0.3	0
BSU_33300	GO:0003723	6	0.3	0
BSU_15920	GO:0006397	6	0.3	0
BSU_01750	GO:0046872	6	0.3	0
BSU_22790	GO:0046872	6	0.3	0
BSU_33600	GO:0009228	6	0.3	0
BSU_16020	GO:0009228	6	0.3	0
BSU_28510	GO:0006355	6	0.3	0
BSU_10540	GO:0016491	6	0.3	0
BSU_22600	GO:0006355	6	0.3	0
BSU_13720	GO:0016491	6	0.3	0
BSU_32370	GO:0016491	6	0.3	0
BSU_01750	GO:0005737	6	0.3	0
BSU_27580	GO:0016491	6	0.3	0
BSU_08450	GO:0003723	6	0.3	0
BSU_00910	GO:0016491	6	0.3	0
BSU_34010	GO:0003723	6	0.3	0
BSU_22080	GO:0016491	6	0.3	0
BSU_28720	GO:0006355	6	0.3	0
BSU_30050	GO:0035873	6	0.3	0
BSU_30380	GO:0003723	6	0.3	0
BSU_07510	GO:0003723	6	0.3	0
BSU_39920	GO:0005737	6	0.3	0
BSU_07500	GO:0003723	6	0.3	0
BSU_02980	GO:0005737	6	0.3	0
BSU_03590	GO:0005737	6	0.3	0
BSU_23210	GO:0006355	6	0.3	0
BSU_05860	GO:0005737	6	0.3	0
BSU_06450	GO:0005737	6	0.3	0
BSU_24070	GO:0046940	6	0.3	0
BSU_06680	GO:0005737	6	0.3	0
BSU_08100	GO:0005737	6	0.3	0
BSU_22690	GO:0006355	6	0.3	0
BSU_08460	GO:0003723	6	0.3	0
BSU_13490	GO:0016491	6	0.3	0
BSU_02490	GO:0016491	6	0.3	0
BSU_22080	GO:0005576	6	0.3	0
BSU_37620	GO:0009228	6	0.3	0
BSU_30390	GO:0046940	6	0.3	0
BSU_02840	GO:0009228	6	0.3	0
BSU_29440	GO:0046872	6	0.3	0
BSU_09380	GO:0005737	6	0.3	0
BSU_29805	GO:0006355	6	0.3	0
BSU_25620	GO:0006355	6	0.3	0
BSU_17890	GO:0005737	6	0.3	0
BSU_03290	GO:0009228	6	0.3	0
BSU_11540	GO:0009228	6	0.3	0
BSU_34930	GO:0006355	6	0.3	0
BSU_34920	GO:0006355	6	0.3	0
BSU_33600	GO:0046872	6	0.3	0
BSU_01010	GO:0046872	6	0.3	0
BSU_31290	GO:0006355	6	0.3	0
BSU_32000	GO:0006355	6	0.3	0
BSU_30230	GO:0006355	6	0.3	0
BSU_22550	GO:0035873	6	0.3	0
BSU_37330	GO:0006355	6	0.3	0
BSU_23250	GO:0005737	6	0.3	0
BSU_32250	GO:0006355	6	0.3	0
BSU_41010	GO:0006355	6	0.3	0
BSU_06960	GO:0016020	6	0.3	0
BSU_38480	GO:0016881	6	0.3	0
BSU_17890	GO:0008966	6	0.3	0
BSU_15910	GO:0052656	6	0.3	0
BSU_30540	GO:0052656	6	0.3	0
BSU_33040	GO:0052656	6	0.3	0
BSU_03480	GO:0052656	6	0.3	0
BSU_25580	GO:0005737	6	0.3	1
BSU_06680	GO:0046940	6	0.3	0
BSU_13180	GO:0052656	6	0.3	0
BSU_05880	GO:0008966	6	0.3	0
BSU_34120	GO:0008966	6	0.3	0
BSU_31960	GO:0016020	6	0.3	0
BSU_33150	GO:0005524	6	0.3	1
BSU_40770	GO:0003723	6	0.3	0
BSU_16110	GO:0046940	6	0.3	0
BSU_32750	GO:0008966	6	0.3	0
BSU_17860	GO:0016020	6	0.3	0
BSU_11210	GO:0005737	6	0.3	1
BSU_05830	GO:0008966	6	0.3	0
BSU_13720	GO:0008616	6	0.3	1
BSU_26590	GO:0003723	6	0.3	0
BSU_08100	GO:0008966	6	0.3	0
BSU_08200	GO:0008966	6	0.3	0
BSU_32800	GO:0005829	6	0.3	1
BSU_18440	GO:0052656	6	0.3	0
BSU_22960	GO:0052656	6	0.3	0
BSU_24290	GO:0005515	6	0.3	0
BSU_25480	GO:0005829	6	0.3	0
BSU_31960	GO:0008966	6	0.3	0
BSU_37620	GO:0005829	6	0.3	0
BSU_16110	GO:0005829	6	0.3	0
BSU_01340	GO:0015934	6	0.3	1
BSU_15460	GO:0003723	6	0.3	1
BSU_03290	GO:0051537	6	0.3	1
BSU_28720	GO:0016798	6	0.3	1
BSU_15910	GO:0008966	6	0.3	0
BSU_23310	GO:0006465	6	0.3	1
BSU_05830	GO:0055085	6	0.3	0
BSU_17860	GO:0005829	6	0.3	0
BSU_02460	GO:0016829	6	0.3	1
BSU_22660	GO:0004425	6	0.3	1
BSU_17860	GO:0044205	6	0.3	0
BSU_05970	GO:0051775	6	0.3	1
BSU_30540	GO:0008966	6	0.3	0
BSU_13180	GO:0008966	6	0.3	0
BSU_22370	GO:0005829	6	0.3	0
BSU_09570	GO:0005829	6	0.3	0
BSU_33290	GO:0006826	6	0.3	1
BSU_27970	GO:0046940	6	0.3	0
BSU_05830	GO:0052656	6	0.3	0
BSU_22080	GO:0016705	6	0.3	0
BSU_34120	GO:0052656	6	0.3	0
BSU_05880	GO:0052656	6	0.3	0
BSU_06680	GO:0008966	6	0.3	0
BSU_31960	GO:0052656	6	0.3	0
BSU_01010	GO:0005515	6	0.3	0
BSU_22370	GO:0052656	6	0.3	0
BSU_33600	GO:0005515	6	0.3	0
BSU_07590	GO:0005829	6	0.3	0
BSU_03590	GO:0016881	6	0.3	0
BSU_10250	GO:0005829	6	0.3	0
BSU_11330	GO:0005829	6	0.3	0
BSU_40970	GO:0006508	6	0.3	0
BSU_06450	GO:0016881	6	0.3	0
BSU_09570	GO:0005829	6	0.3	0
BSU_06370	GO:0003723	6	0.3	0
BSU_06460	GO:0016881	6	0.3	0
BSU_06680	GO:0016881	6	0.3	0
BSU_08100	GO:0016881	6	0.3	0
BSU_07810	GO:0005829	6	0.3	0
BSU_35750	GO:0016020	6	0.3	0
BSU_09570	GO:0052656	6	0.3	0
BSU_32750	GO:0016881	6	0.3	0
BSU_06460	GO:0005829	6	0.3	0
BSU_25480	GO:0005829	6	0.3	0
BSU_30540	GO:0005515	6	0.3	0
BSU_03480	GO:0005515	6	0.3	0
BSU_00670	GO:0005515	6	0.3	0
BSU_32690	GO:0046940	6	0.3	0
BSU_39920	GO:0005515	6	0.3	0
BSU_11540	GO:0005829	6	0.3	0
BSU_33040	GO:0042802	6	0.3	0
BSU_03290	GO:0005829	6	0.3	0
BSU_09380	GO:0006508	6	0.3	0
BSU_02980	GO:0016881	6	0.3	0
BSU_39920	GO:0016881	6	0.3	0
BSU_16110	GO:0005829	6	0.3	0
BSU_00670	GO:0005829	6	0.3	0
BSU_33600	GO:0016020	6	0.3	0
BSU_29230	GO:0008408	6	0.3	1
BSU_00670	GO:0016020	6	0.3	0
BSU_24290	GO:0016020	6	0.3	0
BSU_33040	GO:0016020	6	0.3	0
BSU_15920	GO:0005515	6	0.3	0
BSU_34470	GO:0003723	6	0.3	0
BSU_31090	GO:0046940	6	0.3	0
BSU_33290	GO:0016020	6	0.3	0
BSU_29340	GO:0016020	6	0.3	0
BSU_33040	GO:0005829	6	0.3	0
BSU_14600	GO:0005515	6	0.3	0
BSU_23210	GO:0046940	6	0.3	0
BSU_32800	GO:0005515	6	0.3	0
BSU_09380	GO:0005515	6	0.3	0
BSU_03310	GO:0016020	6	0.3	0
BSU_24560	GO:0005829	6	0.3	0
BSU_18460	GO:0046940	6	0.3	0
BSU_17860	GO:0016881	6	0.3	0
BSU_11690	GO:0005829	6	0.3	0
BSU_23210	GO:0016881	6	0.3	0
BSU_00670	GO:0016881	6	0.3	0
BSU_12340	GO:0006064	6	0.3	1
BSU_28260	GO:0006556	6	0.3	0
BSU_34950	GO:0016491	6	0.3	0
BSU_15610	GO:0032259	6	0.3	1
BSU_38480	GO:0015969	6	0.3	1
BSU_32820	GO:0006635	6	0.3	1
BSU_27580	GO:0030288	6	0.3	0
BSU_06960	GO:0003677	6	0.3	1
BSU_11540	GO:0009058	6	0.3	0
BSU_22370	GO:0005524	6	0.3	0
BSU_18440	GO:0005524	6	0.3	0
BSU_09570	GO:0005524	6	0.3	0
BSU_25730	GO:0003824	6	0.3	0
BSU_03290	GO:0009058	6	0.3	0
BSU_01920	GO:0030152	6	0.3	1
BSU_24290	GO:0005524	6	0.3	0
BSU_13300	GO:0030288	6	0.3	0
BSU_01010	GO:0005524	6	0.3	0
BSU_33600	GO:0005524	6	0.3	0
BSU_10540	GO:0005829	6	0.3	1
BSU_31960	GO:0044550	6	0.3	1
BSU_24070	GO:0005737	6	0.3	1
BSU_23210	GO:0051301	6	0.3	1
BSU_15920	GO:0005524	6	0.3	0
BSU_40060	GO:0046316	6	0.3	1
BSU_05830	GO:0045121	6	0.3	0
BSU_29440	GO:0005524	6	0.3	0
BSU_14600	GO:0005524	6	0.3	0
BSU_30190	GO:0004497	6	0.3	1
BSU_11690	GO:0016783	6	0.3	1
BSU_37780	GO:0003824	6	0.3	0
BSU_10490	GO:0071555	6	0.3	0
BSU_07810	GO:0009058	6	0.3	0
BSU_33770	GO:0071555	6	0.3	0
BSU_03290	GO:0003824	6	0.3	0
BSU_34950	GO:0071555	6	0.3	0
BSU_07590	GO:0009058	6	0.3	0
BSU_06460	GO:0009058	6	0.3	0
BSU_30830	GO:0030288	6	0.3	0
BSU_03040	GO:0071555	6	0.3	0
BSU_13840	GO:0003824	6	0.3	0
BSU_07630	GO:0030288	6	0.3	0
BSU_13960	GO:0003824	6	0.3	0
BSU_13490	GO:0071555	6	0.3	0
BSU_11540	GO:0071555	6	0.3	0
BSU_15630	GO:0003824	6	0.3	0
BSU_22080	GO:0030288	6	0.3	0
BSU_19590	GO:0071555	6	0.3	0
BSU_35740	GO:0030288	6	0.3	0
BSU_14410	GO:0071555	6	0.3	0
BSU_23310	GO:0071555	6	0.3	0
BSU_22080	GO:0071555	6	0.3	0
BSU_22550	GO:0003824	6	0.3	0
BSU_36100	GO:0071555	6	0.3	0
BSU_37670	GO:0030288	6	0.3	0
BSU_00910	GO:0030288	6	0.3	0
BSU_32000	GO:0003824	6	0.3	0
BSU_18440	GO:0016491	6	0.3	1
BSU_32800	GO:0005524	6	0.3	0
BSU_21910	GO:0004145	6	0.3	0
BSU_29340	GO:0005737	6	0.3	0
BSU_25580	GO:0008270	6	0.3	1
BSU_33300	GO:0033214	6	0.3	1
BSU_08200	GO:0005524	6	0.3	0
BSU_10140	GO:0003824	6	0.3	0
BSU_31090	GO:0016020	6	0.3	0
BSU_38480	GO:0005737	6	0.3	0
BSU_12380	GO:0003824	6	0.3	0
BSU_27970	GO:0005524	6	0.3	0
BSU_32820	GO:0003824	6	0.3	0
BSU_32750	GO:0005737	6	0.3	0
BSU_13180	GO:0005524	6	0.3	0
BSU_04660	GO:0003677	6	0.3	1
BSU_34120	GO:0005524	6	0.3	0
BSU_21460	GO:0003824	6	0.3	0
BSU_06680	GO:0005737	6	0.3	0
BSU_06812	GO:0090729	6	0.3	1
BSU_03310	GO:0005524	6	0.3	0
BSU_02980	GO:0006525	6	0.3	0
BSU_03590	GO:0006525	6	0.3	0
BSU_34010	GO:0006525	6	0.3	0
BSU_28170	GO:0003824	6	0.3	0
BSU_32750	GO:0006525	6	0.3	0
BSU_17840	GO:0016765	6	0.3	1
BSU_33290	GO:0005737	6	0.3	0
BSU_03910	GO:0003824	6	0.3	0
BSU_13960	GO:0016020	6	0.3	0
BSU_19180	GO:0003824	6	0.3	0
BSU_09380	GO:0005524	6	0.3	0
BSU_07590	GO:0003700	6	0.3	1
BSU_02840	GO:0009058	6	0.3	0
BSU_32480	GO:0003824	6	0.3	0
BSU_34470	GO:0055085	6	0.3	1
BSU_30830	GO:0009697	6	0.3	1
BSU_24130	GO:0004145	6	0.3	0
BSU_22760	GO:0004145	6	0.3	0
BSU_00670	GO:0006400	6	0.3	1
BSU_12930	GO:0045121	6	0.3	0
BSU_11620	GO:0003723	6	0.3	1
BSU_12940	GO:0045121	6	0.3	0
BSU_37620	GO:0009058	6	0.3	0
BSU_01610	GO:0055085	6	0.3	1
BSU_05830	GO:0005886	6	0.3	1
BSU_24630	GO:0006508	6	0.3	1
BSU_16020	GO:0009058	6	0.3	0
BSU_35750	GO:0071555	6	0.3	1
BSU_28170	GO:0016491	6	0.3	1
BSU_22960	GO:0006520	6	0.3	1
BSU_03930	GO:0004145	6	0.3	0
BSU_34190	GO:0035873	6	0.3	1
BSU_07630	GO:0003824	6	0.3	0
BSU_21460	GO:0071555	6	0.3	0
BSU_02980	GO:0031460	6	0.3	1
BSU_27440	GO:0006525	6	0.3	0
BSU_02850	GO:0009055	6	0.3	0
BSU_07510	GO:0015113	6	0.3	0
BSU_07500	GO:0015113	6	0.3	0
BSU_07710	GO:0015113	6	0.3	0
BSU_11540	GO:0009055	6	0.3	0
BSU_07260	GO:0015113	6	0.3	0
BSU_06812	GO:0015113	6	0.3	0
BSU_03981	GO:0015113	6	0.3	0
BSU_03290	GO:0009055	6	0.3	0
BSU_11690	GO:0016740	6	0.3	1
BSU_25480	GO:0004849	6	0.3	0
BSU_03040	GO:0009055	6	0.3	0
BSU_06460	GO:0004849	6	0.3	0
BSU_11540	GO:0004849	6	0.3	0
BSU_02850	GO:0008168	6	0.3	0
BSU_03040	GO:0008168	6	0.3	0
BSU_29440	GO:0004849	6	0.3	0
BSU_03590	GO:0015113	6	0.3	0
BSU_02850	GO:0015113	6	0.3	0
BSU_07810	GO:0004849	6	0.3	0
BSU_17710	GO:0015113	6	0.3	0
BSU_09620	GO:0009055	6	0.3	0
BSU_34120	GO:0008168	6	0.3	0
BSU_01750	GO:0015113	6	0.3	0
BSU_01680	GO:0015113	6	0.3	0
BSU_27970	GO:0008168	6	0.3	0
BSU_03290	GO:0004849	6	0.3	0
BSU_18150	GO:0071555	6	0.3	0
BSU_02750	GO:0005886	6	0.3	0
BSU_16120	GO:0009055	6	0.3	0
BSU_34440	GO:0005886	6	0.3	0
BSU_17890	GO:0009055	6	0.3	0
BSU_15760	GO:0009055	6	0.3	0
BSU_22550	GO:0015113	6	0.3	0
BSU_08180	GO:0009055	6	0.3	0
BSU_34950	GO:0009055	6	0.3	0
BSU_07710	GO:0009055	6	0.3	0
BSU_00670	GO:0004849	6	0.3	0
BSU_07260	GO:0009055	6	0.3	0
BSU_30050	GO:0015113	6	0.3	0
BSU_13960	GO:0015113	6	0.3	0
BSU_34010	GO:0015113	6	0.3	0
BSU_31090	GO:0015113	6	0.3	0
BSU_33600	GO:0004849	6	0.3	0
BSU_16020	GO:0004849	6	0.3	0
BSU_04660	GO:0004519	6	0.3	1
BSU_31440	GO:0008168	6	0.3	0
BSU_37620	GO:0004849	6	0.3	0
BSU_32750	GO:0015113	6	0.3	0
BSU_13560	GO:0008168	6	0.3	0
BSU_05860	GO:0009055	6	0.3	0
BSU_08460	GO:0015113	6	0.3	0
BSU_08450	GO:0015113	6	0.3	0
BSU_09570	GO:0004849	6	0.3	0
BSU_03290	GO:0008168	6	0.3	0
BSU_11330	GO:0004849	6	0.3	0
BSU_36250	GO:0004713	6	0.3	1
BSU_39480	GO:0016020	6	0.3	0
BSU_37190	GO:0016020	6	0.3	0
BSU_30190	GO:0009055	6	0.3	0
BSU_30830	GO:0009234	6	0.3	1
BSU_07260	GO:0030288	6	0.3	0
BSU_07710	GO:0030288	6	0.3	0
BSU_31530	GO:0006950	6	0.3	0
BSU_34950	GO:0030288	6	0.3	0
BSU_08180	GO:0030288	6	0.3	0
BSU_04460	GO:0006950	6	0.3	0
BSU_24080	GO:0003824	6	0.3	0
BSU_34440	GO:0004145	6	0.3	0
BSU_10250	GO:0004849	6	0.3	0
BSU_07590	GO:0006950	6	0.3	0
BSU_03890	GO:0006950	6	0.3	0
BSU_03930	GO:0003824	6	0.3	0
BSU_23210	GO:0006950	6	0.3	0
BSU_16120	GO:0030288	6	0.3	0
BSU_06060	GO:0071555	6	0.3	0
BSU_13840	GO:0071555	6	0.3	0
BSU_30380	GO:0016020	6	0.3	0
BSU_11330	GO:0009058	6	0.3	0
BSU_13300	GO:0071555	6	0.3	0
BSU_10170	GO:0009058	6	0.3	0
BSU_17890	GO:0008168	6	0.3	0
BSU_37620	GO:0006950	6	0.3	0
BSU_04660	GO:0006950	6	0.3	0
BSU_06060	GO:0006950	6	0.3	0
BSU_27970	GO:0009055	6	0.3	0
BSU_28710	GO:0015113	6	0.3	0
BSU_16110	GO:0004849	6	0.3	0
BSU_32480	GO:0009055	6	0.3	0
BSU_11690	GO:0004849	6	0.3	0
BSU_03310	GO:0008168	6	0.3	0
BSU_11540	GO:0008168	6	0.3	0
BSU_05860	GO:0008168	6	0.3	0
BSU_38620	GO:0006950	6	0.3	0
BSU_07630	GO:0009055	6	0.3	0
BSU_22790	GO:0009055	6	0.3	0
BSU_07260	GO:0008168	6	0.3	0
BSU_23080	GO:0008652	6	0.3	1
BSU_08180	GO:0008168	6	0.3	0
BSU_29805	GO:0006950	6	0.3	0
BSU_09380	GO:0008168	6	0.3	0
BSU_16120	GO:0006950	6	0.3	0
BSU_15760	GO:0008168	6	0.3	0
BSU_09620	GO:0030288	6	0.3	0
BSU_06812	GO:0006950	6	0.3	0
BSU_19180	GO:0009055	6	0.3	0
BSU_39650	GO:0016020	6	0.3	0
BSU_03040	GO:0030288	6	0.3	0
BSU_27430	GO:0006525	6	0.3	0
BSU_29340	GO:0006525	6	0.3	0
BSU_32800	GO:0016616	6	0.3	0
BSU_19590	GO:0016020	6	0.3	0
BSU_29805	GO:0009307	6	0.3	0
BSU_30390	GO:0009307	6	0.3	0
BSU_41010	GO:0016787	6	0.3	0
BSU_22690	GO:0016836	6	0.3	0
BSU_03810	GO:0003333	6	0.3	0
BSU_39650	GO:0009307	6	0.3	0
BSU_22600	GO:0016836	6	0.3	0
BSU_34920	GO:0009307	6	0.3	0
BSU_30380	GO:0009307	6	0.3	0
BSU_37330	GO:0009307	6	0.3	0
BSU_01610	GO:0003333	6	0.3	0
BSU_02840	GO:0006508	6	0.3	0
BSU_22690	GO:0016787	6	0.3	0
BSU_27970	GO:0003333	6	0.3	0
BSU_34190	GO:0015295	6	0.3	1
BSU_02750	GO:0009307	6	0.3	0
BSU_28710	GO:0003333	6	0.3	0
BSU_01680	GO:0003333	6	0.3	0
BSU_17710	GO:0003333	6	0.3	0
BSU_03981	GO:0003333	6	0.3	0
BSU_38390	GO:0003333	6	0.3	0
BSU_16110	GO:0003723	6	0.3	0
BSU_07590	GO:0006508	6	0.3	0
BSU_07810	GO:0006508	6	0.3	0
BSU_03800	GO:0003333	6	0.3	0
BSU_33300	GO:0003333	6	0.3	0
BSU_08450	GO:0003333	6	0.3	0
BSU_40060	GO:0009307	6	0.3	0
BSU_06460	GO:0016787	6	0.3	0
BSU_09260	GO:0009058	6	0.3	0
BSU_07590	GO:0016787	6	0.3	0
BSU_00790	GO:0009307	6	0.3	0
BSU_07810	GO:0016787	6	0.3	0
BSU_37710	GO:0009307	6	0.3	0
BSU_10170	GO:0016787	6	0.3	0
BSU_11330	GO:0016787	6	0.3	0
BSU_10250	GO:0016787	6	0.3	0
BSU_23380	GO:0009058	6	0.3	0
BSU_11690	GO:0016787	6	0.3	0
BSU_12940	GO:0003333	6	0.3	0
BSU_22600	GO:0016787	6	0.3	0
BSU_33150	GO:0009307	6	0.3	0
BSU_13720	GO:0009307	6	0.3	0
BSU_00460	GO:0009307	6	0.3	0
BSU_24070	GO:0009307	6	0.3	0
BSU_23210	GO:0016787	6	0.3	0
BSU_12970	GO:0016020	6	0.3	0
BSU_28510	GO:0016787	6	0.3	0
BSU_28720	GO:0016787	6	0.3	0
BSU_30230	GO:0009058	6	0.3	0
BSU_32690	GO:0009058	6	0.3	0
BSU_32250	GO:0009058	6	0.3	0
BSU_08200	GO:0003333	6	0.3	0
BSU_16110	GO:0016616	6	0.3	0
BSU_10170	GO:0006508	6	0.3	0
BSU_29805	GO:0006508	6	0.3	0
BSU_30230	GO:0006508	6	0.3	0
BSU_31290	GO:0006508	6	0.3	0
BSU_00670	GO:0044205	6	0.3	0
BSU_16180	GO:0005515	6	0.3	0
BSU_37620	GO:0003723	6	0.3	0
BSU_34920	GO:0006508	6	0.3	0
BSU_34930	GO:0006508	6	0.3	0
BSU_17580	GO:0005886	6	0.3	1
BSU_16020	GO:0003723	6	0.3	0
BSU_16190	GO:0005515	6	0.3	0
BSU_25620	GO:0006508	6	0.3	0
BSU_30070	GO:0005886	6	0.3	1
BSU_11330	GO:0006508	6	0.3	0
BSU_00670	GO:0003723	6	0.3	0
BSU_18930	GO:0009432	6	0.3	1
BSU_24290	GO:0003723	6	0.3	0
BSU_33040	GO:0005515	6	0.3	0
BSU_35740	GO:0006508	6	0.3	0
BSU_01920	GO:0006508	6	0.3	0
BSU_37970	GO:0006508	6	0.3	0
BSU_09440	GO:0036440	6	0.3	1
BSU_22690	GO:0005737	6	0.3	1
BSU_29760	GO:0006979	6	0.3	1
BSU_24290	GO:0005515	6	0.3	0
BSU_37330	GO:0006508	6	0.3	0
BSU_32250	GO:0006508	6	0.3	0
BSU_41010	GO:0006508	6	0.3	0
BSU_03290	GO:0003723	6	0.3	0
BSU_10250	GO:0006508	6	0.3	0
BSU_22370	GO:0003723	6	0.3	0
BSU_09570	GO:0003723	6	0.3	0
BSU_02980	GO:0016887	6	0.3	1
BSU_11690	GO:0006508	6	0.3	0
BSU_16290	GO:0005515	6	0.3	0
BSU_32800	GO:0003723	6	0.3	0
BSU_29440	GO:0003723	6	0.3	0
BSU_05880	GO:0005515	6	0.3	0
BSU_41010	GO:0030488	6	0.3	1
BSU_28720	GO:0016836	6	0.3	0
BSU_02460	GO:0042838	6	0.3	1
BSU_06460	GO:0003723	6	0.3	0
BSU_15760	GO:0017018	6	0.3	1
BSU_25480	GO:0003723	6	0.3	0
BSU_03480	GO:0003824	6	0.3	1
BSU_28510	GO:0016836	6	0.3	0
BSU_22600	GO:0006508	6	0.3	0
BSU_34120	GO:0005515	6	0.3	0
BSU_22690	GO:0006508	6	0.3	0
BSU_22370	GO:0016616	6	0.3	0
BSU_09570	GO:0016616	6	0.3	0
BSU_23210	GO:0016836	6	0.3	0
BSU_08460	GO:0003333	6	0.3	0
BSU_07510	GO:0003333	6	0.3	0
BSU_34880	GO:0003949	6	0.3	1
BSU_38390	GO:0006525	6	0.3	0
BSU_19360	GO:0005829	6	0.3	1
BSU_02850	GO:0006525	6	0.3	0
BSU_17860	GO:0006364	6	0.3	0
BSU_37710	GO:0009058	6	0.3	0
BSU_22960	GO:0016491	6	0.3	1
BSU_08240	GO:0009058	6	0.3	0
BSU_22140	GO:0003824	6	0.3	0
BSU_03981	GO:0006525	6	0.3	0
BSU_28020	GO:0030428	6	0.3	1
BSU_16110	GO:0006364	6	0.3	0
BSU_39760	GO:0003824	6	0.3	0
BSU_06812	GO:0006525	6	0.3	0
BSU_14180	GO:0004145	6	0.3	0
BSU_19230	GO:0003824	6	0.3	0
BSU_22370	GO:0006364	6	0.3	0
BSU_09570	GO:0006364	6	0.3	0
BSU_07260	GO:0006525	6	0.3	0
BSU_07710	GO:0006525	6	0.3	0
BSU_27580	GO:0016787	6	0.3	1
BSU_07500	GO:0006525	6	0.3	0
BSU_13840	GO:0016020	6	0.3	1
BSU_07510	GO:0006525	6	0.3	0
BSU_04460	GO:0006355	6	0.3	1
BSU_11330	GO:0004145	6	0.3	0
BSU_17710	GO:0006525	6	0.3	0
BSU_01750	GO:0006525	6	0.3	0
BSU_32240	GO:0009307	6	0.3	0
BSU_27620	GO:0005737	6	0.3	0
BSU_02980	GO:0005737	6	0.3	0
BSU_39920	GO:0005737	6	0.3	0
BSU_10250	GO:0017118	6	0.3	1
BSU_30540	GO:0005737	6	0.3	0
BSU_40970	GO:0005737	6	0.3	0
BSU_17100	GO:0004145	6	0.3	0
BSU_39480	GO:0006525	6	0.3	0
BSU_39390	GO:0006525	6	0.3	0
BSU_06150	GO:0003824	6	0.3	0
BSU_04210	GO:0004145	6	0.3	0
BSU_34470	GO:0006525	6	0.3	0
BSU_40960	GO:0005737	6	0.3	0
BSU_01680	GO:0006525	6	0.3	0
BSU_36100	GO:0004145	6	0.3	0
BSU_33540	GO:0003824	6	0.3	0
BSU_18460	GO:0005737	6	0.3	0
BSU_28710	GO:0006525	6	0.3	0
BSU_24150	GO:0003824	6	0.3	0
BSU_09380	GO:0005737	6	0.3	0
BSU_08100	GO:0005737	6	0.3	0
BSU_29760	GO:0003824	6	0.3	0
BSU_00810	GO:0003824	6	0.3	0
BSU_01010	GO:0005737	6	0.3	0
BSU_37170	GO:0003824	6	0.3	0
BSU_32800	GO:0006364	6	0.3	0
BSU_08200	GO:0006525	6	0.3	0
BSU_08450	GO:0006525	6	0.3	0
BSU_41010	GO:0016836	6	0.3	0
BSU_13490	GO:0016787	6	0.3	0
BSU_00670	GO:0006364	6	0.3	0
BSU_06150	GO:0016787	6	0.3	0
BSU_31290	GO:0016836	6	0.3	0
BSU_32000	GO:0016836	6	0.3	0
BSU_30230	GO:0016836	6	0.3	0
BSU_33290	GO:0005886	6	0.3	1
BSU_24290	GO:0006364	6	0.3	0
BSU_37330	GO:0016836	6	0.3	0
BSU_06812	GO:0016020	6	0.3	0
BSU_32250	GO:0016836	6	0.3	0
BSU_33290	GO:0016887	6	0.3	1
BSU_08460	GO:0006525	6	0.3	0
BSU_37620	GO:0016787	6	0.3	0
BSU_36370	GO:0009245	6	0.3	1
BSU_33040	GO:0006364	6	0.3	0
BSU_02840	GO:0016787	6	0.3	0
BSU_24130	GO:0051537	6	0.3	1
BSU_11540	GO:0016787	6	0.3	0
BSU_01750	GO:0016020	6	0.3	0
BSU_04660	GO:0009307	6	0.3	0
BSU_07500	GO:0003333	6	0.3	0
BSU_03280	GO:0006779	6	0.3	1
BSU_11210	GO:0009307	6	0.3	0
BSU_34440	GO:0008360	6	0.3	1
BSU_13720	GO:0016787	6	0.3	0
BSU_07260	GO:0016020	6	0.3	0
BSU_06060	GO:0003677	6	0.3	1
BSU_14600	GO:0006364	6	0.3	0
BSU_10170	GO:0004145	6	0.3	0
BSU_25620	GO:0016836	6	0.3	0
BSU_02980	GO:0003333	6	0.3	0
BSU_05830	GO:0016020	6	0.3	1
BSU_36370	GO:0016836	6	0.3	1
BSU_40060	GO:0009058	6	0.3	0
BSU_32750	GO:0003333	6	0.3	0
BSU_25480	GO:0006364	6	0.3	0
BSU_31090	GO:0006525	6	0.3	0
BSU_25580	GO:0016787	6	0.3	1
BSU_12970	GO:0006508	6	0.3	1
BSU_01920	GO:0009058	6	0.3	0
BSU_13960	GO:0006525	6	0.3	0
BSU_15920	GO:0006364	6	0.3	0
BSU_17580	GO:0016798	6	0.3	1
BSU_27440	GO:0003333	6	0.3	0
BSU_27510	GO:0009058	6	0.3	0
BSU_34930	GO:0016836	6	0.3	0
BSU_34920	GO:0016836	6	0.3	0
BSU_07710	GO:0016020	6	0.3	0
BSU_33600	GO:0006364	6	0.3	0
BSU_22080	GO:0016787	6	0.3	0
BSU_32750	GO:0005737	6	0.3	0
BSU_11690	GO:0006355	6	0.3	0
BSU_03310	GO:0003700	6	0.3	0
BSU_28710	GO:0016887	6	0.3	0
BSU_27580	GO:0008237	6	0.3	0
BSU_04970	GO:0008237	6	0.3	0
BSU_33770	GO:0008237	6	0.3	0
BSU_01680	GO:0016887	6	0.3	0
BSU_34920	GO:0004252	6	0.3	0
BSU_35780	GO:0008237	6	0.3	0
BSU_34950	GO:0008237	6	0.3	0
BSU_16020	GO:0015935	6	0.3	0
BSU_07710	GO:0008237	6	0.3	0
BSU_07260	GO:0008237	6	0.3	0
BSU_03040	GO:0008237	6	0.3	0
BSU_04460	GO:0005524	6	0.3	0
BSU_03930	GO:0042601	6	0.3	0
BSU_22760	GO:0042601	6	0.3	0
BSU_30230	GO:0004252	6	0.3	0
BSU_37970	GO:0005524	6	0.3	0
BSU_24130	GO:0042601	6	0.3	0
BSU_01920	GO:0005524	6	0.3	0
BSU_35740	GO:0005524	6	0.3	0
BSU_24070	GO:0003910	6	0.3	0
BSU_25620	GO:0005524	6	0.3	0
BSU_33330	GO:0016887	6	0.3	0
BSU_34930	GO:0005524	6	0.3	0
BSU_00670	GO:0015935	6	0.3	0
BSU_17890	GO:0005886	6	0.3	0
BSU_01750	GO:0016887	6	0.3	0
BSU_03930	GO:0034219	6	0.3	0
BSU_21460	GO:0005886	6	0.3	0
BSU_16120	GO:0008237	6	0.3	0
BSU_10250	GO:0005886	6	0.3	0
BSU_32690	GO:0005886	6	0.3	0
BSU_06812	GO:0016887	6	0.3	0
BSU_29760	GO:0005886	6	0.3	0
BSU_22790	GO:0005886	6	0.3	0
BSU_23250	GO:0005886	6	0.3	0
BSU_08180	GO:0008237	6	0.3	0
BSU_10170	GO:0005886	6	0.3	0
BSU_11330	GO:0005886	6	0.3	0
BSU_41010	GO:0005886	6	0.3	0
BSU_03981	GO:0016887	6	0.3	0
BSU_21460	GO:0008237	6	0.3	0
BSU_40230	GO:0005886	6	0.3	0
BSU_05860	GO:0008237	6	0.3	0
BSU_11620	GO:0005886	6	0.3	0
BSU_29805	GO:0004252	6	0.3	0
BSU_34930	GO:0004252	6	0.3	0
BSU_09620	GO:0008237	6	0.3	0
BSU_02750	GO:0005886	6	0.3	0
BSU_02850	GO:0016887	6	0.3	0
BSU_17710	GO:0016887	6	0.3	0
BSU_18150	GO:0008237	6	0.3	0
BSU_11540	GO:0005886	6	0.3	0
BSU_31290	GO:0005524	6	0.3	0
BSU_30230	GO:0005524	6	0.3	0
BSU_32250	GO:0005524	6	0.3	0
BSU_07590	GO:0015935	6	0.3	0
BSU_25480	GO:0015935	6	0.3	0
BSU_06460	GO:0015935	6	0.3	0
BSU_05860	GO:0031222	6	0.3	0
BSU_15920	GO:0000287	6	0.3	0
BSU_13180	GO:0000287	6	0.3	0
BSU_34120	GO:0000287	6	0.3	0
BSU_11540	GO:0031222	6	0.3	0
BSU_29440	GO:0015935	6	0.3	0
BSU_10170	GO:0004252	6	0.3	0
BSU_03290	GO:0031222	6	0.3	0
BSU_02850	GO:0031222	6	0.3	0
BSU_07810	GO:0015935	6	0.3	0
BSU_41010	GO:0005524	6	0.3	0
BSU_03310	GO:0000287	6	0.3	0
BSU_09620	GO:0031222	6	0.3	0
BSU_38520	GO:0000155	6	0.3	0
BSU_21460	GO:0000155	6	0.3	0
BSU_09380	GO:0000287	6	0.3	0
BSU_27970	GO:0031222	6	0.3	0
BSU_00670	GO:0000155	6	0.3	0
BSU_18150	GO:0031222	6	0.3	0
BSU_10170	GO:0015935	6	0.3	0
BSU_01750	GO:0000155	6	0.3	0
BSU_39920	GO:0000155	6	0.3	0
BSU_00790	GO:0003910	6	0.3	0
BSU_34010	GO:0016887	6	0.3	0
BSU_11540	GO:0015935	6	0.3	0
BSU_24150	GO:0042601	6	0.3	0
BSU_22600	GO:0004252	6	0.3	0
BSU_00460	GO:0003910	6	0.3	0
BSU_33600	GO:0015935	6	0.3	0
BSU_22690	GO:0005524	6	0.3	0
BSU_22600	GO:0005524	6	0.3	0
BSU_34470	GO:0016887	6	0.3	0
BSU_37620	GO:0015935	6	0.3	0
BSU_02840	GO:0015935	6	0.3	0
BSU_33150	GO:0003910	6	0.3	0
BSU_39390	GO:0016887	6	0.3	0
BSU_11690	GO:0005524	6	0.3	0
BSU_11330	GO:0005524	6	0.3	0
BSU_10170	GO:0005524	6	0.3	0
BSU_07810	GO:0005524	6	0.3	0
BSU_07590	GO:0005524	6	0.3	0
BSU_11540	GO:0005524	6	0.3	0
BSU_34440	GO:0042601	6	0.3	0
BSU_40060	GO:0003910	6	0.3	0
BSU_02840	GO:0005524	6	0.3	0
BSU_03290	GO:0015935	6	0.3	0
BSU_27440	GO:0016887	6	0.3	0
BSU_15630	GO:0005524	6	0.3	0
BSU_15610	GO:0005524	6	0.3	0
BSU_35740	GO:0004252	6	0.3	0
BSU_07260	GO:0016887	6	0.3	0
BSU_02980	GO:0000155	6	0.3	0
BSU_34120	GO:0005737	6	0.3	0
BSU_08180	GO:0050660	6	0.3	0
BSU_32470	GO:0005737	6	0.3	0
BSU_37710	GO:0003910	6	0.3	0
BSU_07260	GO:0050660	6	0.3	0
BSU_39390	GO:0042907	6	0.3	0
BSU_09380	GO:0005737	6	0.3	0
BSU_06370	GO:0042907	6	0.3	0
BSU_24130	GO:0016407	6	0.3	0
BSU_03310	GO:0005737	6	0.3	0
BSU_34470	GO:0042907	6	0.3	0
BSU_26590	GO:0042907	6	0.3	0
BSU_04460	GO:0004252	6	0.3	0
BSU_13720	GO:0003910	6	0.3	0
BSU_13180	GO:0005737	6	0.3	0
BSU_18440	GO:0005737	6	0.3	0
BSU_38390	GO:0005737	6	0.3	0
BSU_10490	GO:0016977	6	0.3	0
BSU_10170	GO:0005886	6	0.3	0
BSU_11330	GO:0005886	6	0.3	0
BSU_05860	GO:0050660	6	0.3	0
BSU_13490	GO:0016977	6	0.3	0
BSU_30070	GO:0042907	6	0.3	0
BSU_37970	GO:0003910	6	0.3	0
BSU_18930	GO:0003910	6	0.3	0
BSU_40970	GO:0005737	6	0.3	0
BSU_28720	GO:0016407	6	0.3	0
BSU_22760	GO:0034219	6	0.3	0
BSU_30380	GO:0042907	6	0.3	0
BSU_10140	GO:0016740	6	0.3	0
BSU_09380	GO:0016853	6	0.3	0
BSU_03040	GO:0016407	6	0.3	0
BSU_07500	GO:0042907	6	0.3	0
BSU_07510	GO:0042907	6	0.3	0
BSU_34010	GO:0042907	6	0.3	0
BSU_08450	GO:0042907	6	0.3	0
BSU_08460	GO:0042907	6	0.3	0
BSU_29440	GO:0016853	6	0.3	0
BSU_05860	GO:0016407	6	0.3	0
BSU_33600	GO:0016853	6	0.3	0
BSU_01010	GO:0016853	6	0.3	0
BSU_01610	GO:0042907	6	0.3	0
BSU_07810	GO:0016407	6	0.3	0
BSU_08180	GO:0016407	6	0.3	0
BSU_17890	GO:0016853	6	0.3	0
BSU_17890	GO:0050660	6	0.3	0
BSU_15760	GO:0050660	6	0.3	0
BSU_16120	GO:0016407	6	0.3	0
BSU_11520	GO:0005737	6	0.3	0
BSU_33300	GO:0042907	6	0.3	0
BSU_28510	GO:0016407	6	0.3	0
BSU_03800	GO:0042907	6	0.3	0
BSU_03810	GO:0042907	6	0.3	0
BSU_11540	GO:0050660	6	0.3	0
BSU_38620	GO:0003910	6	0.3	0
BSU_34120	GO:0050660	6	0.3	0
BSU_29805	GO:0003910	6	0.3	0
BSU_27510	GO:0050660	6	0.3	0
BSU_39650	GO:0003910	6	0.3	0
BSU_11540	GO:0005886	6	0.3	0
BSU_21910	GO:0005886	6	0.3	0
BSU_30390	GO:0003910	6	0.3	0
BSU_03310	GO:0050660	6	0.3	0
BSU_03290	GO:0050660	6	0.3	0
BSU_07590	GO:0005886	6	0.3	0
BSU_13840	GO:0005886	6	0.3	0
BSU_35900	GO:0005886	6	0.3	0
BSU_08460	GO:0016887	6	0.3	0
BSU_23210	GO:0005886	6	0.3	0
BSU_19590	GO:0016977	6	0.3	0
BSU_08450	GO:0016887	6	0.3	0
BSU_13560	GO:0005886	6	0.3	0
BSU_08200	GO:0016887	6	0.3	0
BSU_24150	GO:0034219	6	0.3	0
BSU_34440	GO:0005886	6	0.3	0
BSU_34440	GO:0034219	6	0.3	0
BSU_37970	GO:0004252	6	0.3	0
BSU_07510	GO:0016887	6	0.3	0
BSU_07500	GO:0016887	6	0.3	0
BSU_24130	GO:0034219	6	0.3	0
BSU_07710	GO:0016887	6	0.3	0
BSU_17100	GO:0005886	6	0.3	0
BSU_31090	GO:0016887	6	0.3	0
BSU_34920	GO:0003910	6	0.3	0
BSU_30380	GO:0003910	6	0.3	0
BSU_03040	GO:0050660	6	0.3	0
BSU_02850	GO:0050660	6	0.3	0
BSU_27970	GO:0042907	6	0.3	0
BSU_28710	GO:0042907	6	0.3	0
BSU_22080	GO:0016977	6	0.3	0
BSU_01680	GO:0042907	6	0.3	0
BSU_17710	GO:0042907	6	0.3	0
BSU_02980	GO:0042907	6	0.3	0
BSU_30050	GO:0016887	6	0.3	0
BSU_13180	GO:0050660	6	0.3	0
BSU_09620	GO:0050660	6	0.3	0
BSU_14180	GO:0005886	6	0.3	0
BSU_13960	GO:0016887	6	0.3	0
BSU_36100	GO:0005886	6	0.3	0
BSU_13840	GO:0005886	6	0.3	0
BSU_02750	GO:0003910	6	0.3	0
BSU_27970	GO:0050660	6	0.3	0
BSU_35900	GO:0005886	6	0.3	0
BSU_30190	GO:0050660	6	0.3	0
BSU_04210	GO:0005886	6	0.3	0
BSU_25730	GO:0050660	6	0.3	0
BSU_34440	GO:0005886	6	0.3	0
BSU_37330	GO:0003910	6	0.3	0
BSU_02750	GO:0000155	6	0.3	0
BSU_03590	GO:0000155	6	0.3	0
BSU_22790	GO:0016853	6	0.3	0
BSU_10250	GO:0005886	6	0.3	0
BSU_00780	GO:0009423	6	0.3	0
BSU_18230	GO:0009423	6	0.3	0
BSU_05860	GO:0005886	6	0.3	0
BSU_06450	GO:0005886	6	0.3	0
BSU_33040	GO:0003962	6	0.3	0
BSU_27900	GO:0009423	6	0.3	0
BSU_06460	GO:0005886	6	0.3	0
BSU_06680	GO:0005886	6	0.3	0
BSU_22370	GO:0003962	6	0.3	0
BSU_05830	GO:0003746	6	0.3	0
BSU_08100	GO:0005886	6	0.3	0
BSU_34120	GO:0016682	6	0.3	0
BSU_24290	GO:0003962	6	0.3	0
BSU_13180	GO:0016682	6	0.3	0
BSU_09620	GO:0009423	6	0.3	0
BSU_22550	GO:0003824	6	0.3	0
BSU_05880	GO:0003746	6	0.3	0
BSU_22690	GO:0003677	6	0.3	0
BSU_02850	GO:0009423	6	0.3	0
BSU_03040	GO:0009423	6	0.3	0
BSU_03290	GO:0009423	6	0.3	0
BSU_38480	GO:0005886	6	0.3	0
BSU_11540	GO:0009423	6	0.3	0
BSU_13560	GO:0005886	6	0.3	0
BSU_02980	GO:0005886	6	0.3	0
BSU_02750	GO:0005886	6	0.3	0
BSU_24290	GO:0004525	6	0.3	0
BSU_27970	GO:0051992	6	0.3	0
BSU_34950	GO:0009423	6	0.3	0
BSU_31440	GO:0009423	6	0.3	0
BSU_35750	GO:0051992	6	0.3	0
BSU_38520	GO:0051992	6	0.3	0
BSU_15920	GO:0003962	6	0.3	0
BSU_17860	GO:0051992	6	0.3	0
BSU_24130	GO:0009423	6	0.3	0
BSU_38390	GO:0051992	6	0.3	0
BSU_28260	GO:0009423	6	0.3	0
BSU_32250	GO:0009423	6	0.3	0
BSU_09440	GO:0051992	6	0.3	0
BSU_13180	GO:0051992	6	0.3	0
BSU_39920	GO:0005886	6	0.3	0
BSU_34120	GO:0051992	6	0.3	0
BSU_03310	GO:0051992	6	0.3	0
BSU_00910	GO:0009423	6	0.3	0
BSU_36370	GO:0009423	6	0.3	0
BSU_03310	GO:0016682	6	0.3	0
BSU_12340	GO:0009423	6	0.3	0
BSU_34950	GO:0016977	6	0.3	0
BSU_07710	GO:0016977	6	0.3	0
BSU_00670	GO:0004525	6	0.3	0
BSU_02460	GO:0009423	6	0.3	0
BSU_02490	GO:0009423	6	0.3	0
BSU_22600	GO:0003677	6	0.3	0
BSU_28720	GO:0003677	6	0.3	0
BSU_23920	GO:0005886	6	0.3	0
BSU_07510	GO:0042626	6	0.3	0
BSU_37710	GO:0005886	6	0.3	0
BSU_06460	GO:0003677	6	0.3	0
BSU_00790	GO:0005886	6	0.3	0
BSU_22790	GO:0003700	6	0.3	0
BSU_03480	GO:0003746	6	0.3	0
BSU_25590	GO:0003700	6	0.3	0
BSU_28710	GO:0042626	6	0.3	0
BSU_01680	GO:0042626	6	0.3	0
BSU_03981	GO:0042626	6	0.3	0
BSU_07500	GO:0042626	6	0.3	0
BSU_03310	GO:0008889	6	0.3	0
BSU_11540	GO:0003677	6	0.3	0
BSU_05860	GO:0009423	6	0.3	0
BSU_03290	GO:0008889	6	0.3	0
BSU_03290	GO:0003677	6	0.3	0
BSU_24080	GO:0003700	6	0.3	0
BSU_03930	GO:0003700	6	0.3	0
BSU_34120	GO:0008889	6	0.3	0
BSU_13180	GO:0008889	6	0.3	0
BSU_16600	GO:0003746	6	0.3	0
BSU_34010	GO:0042626	6	0.3	0
BSU_08450	GO:0042626	6	0.3	0
BSU_37780	GO:0003700	6	0.3	0
BSU_03290	GO:0003700	6	0.3	0
BSU_07810	GO:0003677	6	0.3	0
BSU_40060	GO:0005886	6	0.3	0
BSU_16110	GO:0003700	6	0.3	0
BSU_33150	GO:0005886	6	0.3	0
BSU_28510	GO:0003677	6	0.3	0
BSU_16630	GO:0003677	6	0.3	0
BSU_37330	GO:0005886	6	0.3	0
BSU_33040	GO:0003746	6	0.3	0
BSU_08100	GO:0003700	6	0.3	0
BSU_17890	GO:0008889	6	0.3	0
BSU_34920	GO:0005886	6	0.3	0
BSU_35900	GO:0005886	6	0.3	0
BSU_33600	GO:0004525	6	0.3	0
BSU_29805	GO:0005886	6	0.3	0
BSU_28260	GO:0003824	6	0.3	0
BSU_11690	GO:0003677	6	0.3	0
BSU_40960	GO:0003700	6	0.3	0
BSU_27620	GO:0003700	6	0.3	0
BSU_24070	GO:0005886	6	0.3	0
BSU_00460	GO:0005886	6	0.3	0
BSU_37620	GO:0003700	6	0.3	0
BSU_10250	GO:0003677	6	0.3	0
BSU_06060	GO:0003700	6	0.3	0
BSU_13720	GO:0005886	6	0.3	0
BSU_11330	GO:0003677	6	0.3	0
BSU_09380	GO:0008889	6	0.3	0
BSU_10170	GO:0003677	6	0.3	0
BSU_19360	GO:0003746	6	0.3	0
BSU_16120	GO:0003824	6	0.3	0
BSU_11330	GO:0015935	6	0.3	0
BSU_27430	GO:0000155	6	0.3	0
BSU_32470	GO:0000287	6	0.3	0
BSU_17580	GO:0031222	6	0.3	0
BSU_18150	GO:0016977	6	0.3	0
BSU_02840	GO:0004252	6	0.3	0
BSU_03040	GO:0003824	6	0.3	0
BSU_08180	GO:0031222	6	0.3	0
BSU_03290	GO:0003824	6	0.3	0
BSU_11540	GO:0003824	6	0.3	0
BSU_23920	GO:0000155	6	0.3	0
BSU_06150	GO:0006144	6	0.3	0
BSU_25580	GO:0006144	6	0.3	0
BSU_33290	GO:0005737	6	0.3	0
BSU_13560	GO:0000155	6	0.3	0
BSU_29340	GO:0000155	6	0.3	0
BSU_27580	GO:0016977	6	0.3	0
BSU_29340	GO:0005737	6	0.3	0
BSU_09620	GO:0006144	6	0.3	0
BSU_12970	GO:0004252	6	0.3	0
BSU_37330	GO:0000155	6	0.3	0
BSU_05860	GO:0003824	6	0.3	0
BSU_30380	GO:0000155	6	0.3	0
BSU_32800	GO:0003746	6	0.3	0
BSU_14600	GO:0003746	6	0.3	0
BSU_33290	GO:0000155	6	0.3	0
BSU_07130	GO:0031222	6	0.3	0
BSU_36920	GO:0016977	6	0.3	0
BSU_14600	GO:0003962	6	0.3	0
BSU_35780	GO:0031222	6	0.3	0
BSU_10250	GO:0015935	6	0.3	0
BSU_21460	GO:0031222	6	0.3	0
BSU_05860	GO:0000155	6	0.3	0
BSU_27580	GO:0031222	6	0.3	0
BSU_04970	GO:0031222	6	0.3	0
BSU_06450	GO:0000155	6	0.3	0
BSU_06460	GO:0000155	6	0.3	0
BSU_33770	GO:0031222	6	0.3	0
BSU_06680	GO:0000155	6	0.3	0
BSU_09620	GO:0003824	6	0.3	0
BSU_16110	GO:0015935	6	0.3	0
BSU_08100	GO:0000155	6	0.3	0
BSU_13790	GO:0016977	6	0.3	0
BSU_32750	GO:0000155	6	0.3	0
BSU_34550	GO:0016977	6	0.3	0
BSU_07130	GO:0016977	6	0.3	0
BSU_10250	GO:0000155	6	0.3	0
BSU_34950	GO:0031222	6	0.3	0
BSU_11690	GO:0015935	6	0.3	0
BSU_07710	GO:0031222	6	0.3	0
BSU_07260	GO:0031222	6	0.3	0
BSU_38480	GO:0000155	6	0.3	0
BSU_03040	GO:0031222	6	0.3	0
BSU_02850	GO:0003824	6	0.3	0
BSU_34920	GO:0000155	6	0.3	0
BSU_38480	GO:0005737	6	0.3	0
BSU_13580	GO:0046872	6	0.3	0
BSU_10250	GO:0005886	6	0.3	0
BSU_02750	GO:0005886	6	0.3	0
BSU_01010	GO:0005737	6	0.3	0
BSU_18440	GO:0005737	6	0.3	0
BSU_08100	GO:0005886	6	0.3	0
BSU_03480	GO:0003962	6	0.3	0
BSU_00670	GO:0005886	6	0.3	0
BSU_39920	GO:0005886	6	0.3	0
BSU_05860	GO:0005886	6	0.3	0
BSU_06450	GO:0005886	6	0.3	0
BSU_06460	GO:0005886	6	0.3	0
BSU_06680	GO:0005886	6	0.3	0
BSU_33040	GO:0004525	6	0.3	0
BSU_32750	GO:0005737	6	0.3	0
BSU_15760	GO:0003824	6	0.3	0
BSU_11520	GO:0003746	6	0.3	0
BSU_17890	GO:0003824	6	0.3	0
BSU_38480	GO:0005886	6	0.3	0
BSU_13560	GO:0005886	6	0.3	0
BSU_16600	GO:0003962	6	0.3	0
BSU_23920	GO:0005886	6	0.3	0
BSU_37330	GO:0005886	6	0.3	0
BSU_14470	GO:0003962	6	0.3	0
BSU_34920	GO:0005886	6	0.3	0
BSU_32800	GO:0003962	6	0.3	0
BSU_35900	GO:0005886	6	0.3	0
BSU_13840	GO:0005886	6	0.3	0
BSU_02980	GO:0005886	6	0.3	0
BSU_08180	GO:0003824	6	0.3	0
BSU_08100	GO:0005737	6	0.3	0
BSU_06680	GO:0005737	6	0.3	0
BSU_09260	GO:0046872	6	0.3	0
BSU_35780	GO:0006144	6	0.3	0
BSU_02980	GO:0005737	6	0.3	0
BSU_39920	GO:0005737	6	0.3	0
BSU_15920	GO:0003746	6	0.3	0
BSU_24290	GO:0003746	6	0.3	0
BSU_30540	GO:0005737	6	0.3	0
BSU_37970	GO:0006144	6	0.3	0
BSU_40970	GO:0005737	6	0.3	0
BSU_27580	GO:0006144	6	0.3	0
BSU_32370	GO:0006144	6	0.3	0
BSU_10540	GO:0006144	6	0.3	0
BSU_07260	GO:0003824	6	0.3	0
BSU_38620	GO:0006144	6	0.3	0
BSU_03520	GO:0006144	6	0.3	0
BSU_27970	GO:0006144	6	0.3	0
BSU_07710	GO:0003824	6	0.3	0
BSU_09380	GO:0016682	6	0.3	0
BSU_09380	GO:0005737	6	0.3	0
BSU_34950	GO:0003824	6	0.3	0
BSU_27970	GO:0005886	6	0.3	0
BSU_38620	GO:0004519	6	0.3	0
BSU_28710	GO:0016407	6	0.3	0
BSU_07710	GO:0016491	6	0.3	0
BSU_07710	GO:0008616	6	0.3	0
BSU_22790	GO:0000049	6	0.3	0
BSU_07710	GO:0035873	6	0.3	0
BSU_16120	GO:0008616	6	0.3	0
BSU_07810	GO:0016740	6	0.3	0
BSU_07260	GO:0035873	6	0.3	0
BSU_18440	GO:0000049	6	0.3	0
BSU_06460	GO:0016740	6	0.3	0
BSU_08180	GO:0008616	6	0.3	0
BSU_34950	GO:0008616	6	0.3	0
BSU_06812	GO:0035873	6	0.3	0
BSU_16120	GO:0005737	6	0.3	0
BSU_07260	GO:0008616	6	0.3	0
BSU_13560	GO:0042802	6	0.3	0
BSU_24080	GO:0016020	6	0.3	0
BSU_15760	GO:0005737	6	0.3	0
BSU_06450	GO:0042802	6	0.3	0
BSU_25480	GO:0016740	6	0.3	0
BSU_28710	GO:0016798	6	0.3	0
BSU_06680	GO:0042802	6	0.3	0
BSU_17890	GO:0000049	6	0.3	0
BSU_01680	GO:0016798	6	0.3	0
BSU_31960	GO:0042802	6	0.3	0
BSU_01750	GO:0016798	6	0.3	0
BSU_32750	GO:0042802	6	0.3	0
BSU_13180	GO:0042802	6	0.3	0
BSU_22370	GO:0000049	6	0.3	0
BSU_01920	GO:0008616	6	0.3	0
BSU_37780	GO:0016020	6	0.3	0
BSU_22080	GO:0008616	6	0.3	0
BSU_10250	GO:0016740	6	0.3	0
BSU_27510	GO:0005737	6	0.3	0
BSU_11330	GO:0016740	6	0.3	0
BSU_32690	GO:0005737	6	0.3	0
BSU_07630	GO:0008616	6	0.3	0
BSU_13580	GO:0005737	6	0.3	0
BSU_15910	GO:0042802	6	0.3	0
BSU_40060	GO:0005737	6	0.3	0
BSU_03290	GO:0016020	6	0.3	0
BSU_08240	GO:0005737	6	0.3	0
BSU_37710	GO:0005737	6	0.3	0
BSU_24080	GO:0000049	6	0.3	0
BSU_09260	GO:0005737	6	0.3	0
BSU_09570	GO:0016740	6	0.3	0
BSU_08450	GO:0035873	6	0.3	0
BSU_30830	GO:0008616	6	0.3	0
BSU_28260	GO:0000049	6	0.3	0
BSU_03450	GO:0005737	6	0.3	0
BSU_06450	GO:0005737	6	0.3	0
BSU_09440	GO:0005737	6	0.3	0
BSU_34010	GO:0035873	6	0.3	0
BSU_15630	GO:0005737	6	0.3	0
BSU_03930	GO:0016020	6	0.3	0
BSU_02850	GO:0016798	6	0.3	0
BSU_05860	GO:0008616	6	0.3	0
BSU_03981	GO:0035873	6	0.3	0
BSU_30050	GO:0016798	6	0.3	0
BSU_06450	GO:0000049	6	0.3	0
BSU_06680	GO:0000049	6	0.3	0
BSU_31960	GO:0000049	6	0.3	0
BSU_32750	GO:0000049	6	0.3	0
BSU_41010	GO:0000049	6	0.3	0
BSU_31090	GO:0016798	6	0.3	0
BSU_32690	GO:0000049	6	0.3	0
BSU_05880	GO:0042802	6	0.3	0
BSU_13960	GO:0016798	6	0.3	0
BSU_32000	GO:0000049	6	0.3	0
BSU_05880	GO:0000049	6	0.3	0
BSU_34120	GO:0000049	6	0.3	0
BSU_11540	GO:0008616	6	0.3	0
BSU_34120	GO:0042802	6	0.3	0
BSU_02850	GO:0035873	6	0.3	0
BSU_22550	GO:0016798	6	0.3	0
BSU_37620	GO:0016740	6	0.3	0
BSU_05830	GO:0042802	6	0.3	0
BSU_40060	GO:0030170	6	0.3	0
BSU_01750	GO:0035873	6	0.3	0
BSU_01680	GO:0035873	6	0.3	0
BSU_08240	GO:0030170	6	0.3	0
BSU_37710	GO:0030170	6	0.3	0
BSU_16020	GO:0016740	6	0.3	0
BSU_24290	GO:0009097	6	0.3	0
BSU_10250	GO:0000049	6	0.3	0
BSU_08460	GO:0016798	6	0.3	0
BSU_08450	GO:0016798	6	0.3	0
BSU_03590	GO:0016798	6	0.3	0
BSU_03040	GO:0008616	6	0.3	0
BSU_16630	GO:0000049	6	0.3	0
BSU_09620	GO:0008616	6	0.3	0
BSU_03981	GO:0016798	6	0.3	0
BSU_11540	GO:0016740	6	0.3	0
BSU_16600	GO:0009097	6	0.3	0
BSU_15910	GO:0000049	6	0.3	0
BSU_32690	GO:0042802	6	0.3	0
BSU_06812	GO:0016798	6	0.3	0
BSU_03290	GO:0016740	6	0.3	0
BSU_32800	GO:0009097	6	0.3	0
BSU_03590	GO:0035873	6	0.3	0
BSU_19360	GO:0009097	6	0.3	0
BSU_14600	GO:0009097	6	0.3	0
BSU_13560	GO:0000049	6	0.3	0
BSU_13180	GO:0000049	6	0.3	0
BSU_07260	GO:0016798	6	0.3	0
BSU_07710	GO:0016798	6	0.3	0
BSU_15920	GO:0009097	6	0.3	0
BSU_32000	GO:0042802	6	0.3	0
BSU_11540	GO:0000049	6	0.3	0
BSU_34010	GO:0016798	6	0.3	0
BSU_35740	GO:0008616	6	0.3	0
BSU_08460	GO:0035873	6	0.3	0
BSU_07710	GO:0030170	6	0.3	0
BSU_31090	GO:0035873	6	0.3	0
BSU_32690	GO:0004784	6	0.3	0
BSU_37330	GO:0004784	6	0.3	0
BSU_07590	GO:0009228	6	0.3	0
BSU_37620	GO:0006355	6	0.3	0
BSU_32250	GO:0004784	6	0.3	0
BSU_33040	GO:0016874	6	0.3	0
BSU_41010	GO:0004784	6	0.3	0
BSU_07810	GO:0009228	6	0.3	0
BSU_13960	GO:0035873	6	0.3	0
BSU_28260	GO:0042802	6	0.3	0
BSU_05880	GO:0016874	6	0.3	0
BSU_32750	GO:0004784	6	0.3	0
BSU_29440	GO:0009228	6	0.3	0
BSU_04450	GO:0006355	6	0.3	0
BSU_05830	GO:0016874	6	0.3	0
BSU_19360	GO:0016874	6	0.3	0
BSU_10170	GO:0009228	6	0.3	0
BSU_37170	GO:0016020	6	0.3	0
BSU_00810	GO:0016020	6	0.3	0
BSU_06680	GO:0004784	6	0.3	0
BSU_29760	GO:0016020	6	0.3	0
BSU_24150	GO:0016020	6	0.3	0
BSU_33540	GO:0016020	6	0.3	0
BSU_06150	GO:0016020	6	0.3	0
BSU_02840	GO:0006355	6	0.3	0
BSU_19230	GO:0047533	6	0.3	0
BSU_23210	GO:0009228	6	0.3	0
BSU_08180	GO:0004784	6	0.3	0
BSU_37670	GO:0047533	6	0.3	0
BSU_38480	GO:0005737	6	0.3	0
BSU_10250	GO:0006355	6	0.3	0
BSU_11330	GO:0006355	6	0.3	0
BSU_13560	GO:0005737	6	0.3	0
BSU_10170	GO:0006355	6	0.3	0
BSU_39390	GO:0003723	6	0.3	0
BSU_23210	GO:0016740	6	0.3	0
BSU_07810	GO:0006355	6	0.3	0
BSU_00810	GO:0047533	6	0.3	0
BSU_06460	GO:0006355	6	0.3	0
BSU_07810	GO:0004784	6	0.3	0
BSU_30230	GO:0004784	6	0.3	0
BSU_17860	GO:0016740	6	0.3	0
BSU_05860	GO:0004784	6	0.3	0
BSU_22960	GO:0016874	6	0.3	0
BSU_22370	GO:0016874	6	0.3	0
BSU_18440	GO:0016874	6	0.3	0
BSU_03040	GO:0004784	6	0.3	0
BSU_11540	GO:0006355	6	0.3	0
BSU_16600	GO:0016874	6	0.3	0
BSU_28710	GO:0004784	6	0.3	0
BSU_06460	GO:0009228	6	0.3	0
BSU_32000	GO:0004784	6	0.3	0
BSU_28170	GO:0016020	6	0.3	0
BSU_21460	GO:0016020	6	0.3	0
BSU_32820	GO:0016020	6	0.3	0
BSU_28260	GO:0005737	6	0.3	0
BSU_18440	GO:0042802	6	0.3	0
BSU_31440	GO:0005737	6	0.3	0
BSU_24470	GO:0005737	6	0.3	0
BSU_17890	GO:0042802	6	0.3	0
BSU_15550	GO:0004784	6	0.3	0
BSU_16630	GO:0004784	6	0.3	0
BSU_17890	GO:0004784	6	0.3	0
BSU_23080	GO:0005737	6	0.3	0
BSU_16110	GO:0016740	6	0.3	0
BSU_22790	GO:0004784	6	0.3	0
BSU_24130	GO:0005737	6	0.3	0
BSU_22600	GO:0004784	6	0.3	0
BSU_12380	GO:0016020	6	0.3	0
BSU_16630	GO:0042802	6	0.3	0
BSU_00910	GO:0005737	6	0.3	0
BSU_24080	GO:0004784	6	0.3	0
BSU_12340	GO:0005737	6	0.3	0
BSU_15630	GO:0016020	6	0.3	0
BSU_02460	GO:0005737	6	0.3	0
BSU_02490	GO:0005737	6	0.3	0
BSU_18230	GO:0005737	6	0.3	0
BSU_13960	GO:0016020	6	0.3	0
BSU_28260	GO:0004784	6	0.3	0
BSU_37670	GO:0008616	6	0.3	0
BSU_34950	GO:0005737	6	0.3	0
BSU_14180	GO:0004784	6	0.3	0
BSU_13560	GO:0004784	6	0.3	0
BSU_13960	GO:0004784	6	0.3	0
BSU_06450	GO:0004784	6	0.3	0
BSU_10140	GO:0016020	6	0.3	0
BSU_03910	GO:0016020	6	0.3	0
BSU_01920	GO:0016020	6	0.3	0
BSU_35750	GO:0016874	6	0.3	0
BSU_40970	GO:0016874	6	0.3	0
BSU_19180	GO:0016020	6	0.3	0
BSU_07630	GO:0016020	6	0.3	0
BSU_11330	GO:0009228	6	0.3	0
BSU_11520	GO:0016874	6	0.3	0
BSU_10250	GO:0009228	6	0.3	0
BSU_24080	GO:0042802	6	0.3	0
BSU_22370	GO:0042802	6	0.3	0
BSU_10250	GO:0004784	6	0.3	0
BSU_32480	GO:0016020	6	0.3	0
BSU_32000	GO:0016020	6	0.3	0
BSU_12930	GO:0016874	6	0.3	0
BSU_11540	GO:0004784	6	0.3	0
BSU_11690	GO:0004784	6	0.3	0
BSU_25730	GO:0016020	6	0.3	0
BSU_24290	GO:0016874	6	0.3	0
BSU_16110	GO:0009228	6	0.3	0
BSU_22790	GO:0042802	6	0.3	0
BSU_33600	GO:0016740	6	0.3	0
BSU_28710	GO:0035873	6	0.3	0
BSU_32000	GO:0016407	6	0.3	0
BSU_01920	GO:0016798	6	0.3	0
BSU_17890	GO:0090729	6	0.3	0
BSU_27970	GO:0016874	6	0.3	0
BSU_16630	GO:0090729	6	0.3	0
BSU_19590	GO:0016020	6	0.3	0
BSU_40970	GO:0005737	6	0.3	0
BSU_36920	GO:0005886	6	0.3	0
BSU_27860	GO:0004252	6	0.3	0
BSU_39920	GO:0005737	6	0.3	0
BSU_40230	GO:0005886	6	0.3	0
BSU_01750	GO:0016020	6	0.3	0
BSU_37970	GO:0016798	6	0.3	0
BSU_35740	GO:0016798	6	0.3	0
BSU_17100	GO:0004252	6	0.3	0
BSU_12970	GO:0016740	6	0.3	0
BSU_15910	GO:0090729	6	0.3	0
BSU_29805	GO:0016798	6	0.3	0
BSU_25620	GO:0016798	6	0.3	0
BSU_02980	GO:0005737	6	0.3	0
BSU_33150	GO:0004252	6	0.3	0
BSU_34930	GO:0016798	6	0.3	0
BSU_06812	GO:0016020	6	0.3	0
BSU_34920	GO:0016798	6	0.3	0
BSU_04210	GO:0004252	6	0.3	0
BSU_07260	GO:0016020	6	0.3	0
BSU_18440	GO:0090729	6	0.3	0
BSU_22960	GO:0003677	6	0.3	0
BSU_07710	GO:0016787	6	0.3	0
BSU_19360	GO:0003677	6	0.3	0
BSU_17100	GO:0044781	6	0.3	0
BSU_05860	GO:0016874	6	0.3	0
BSU_40960	GO:0051726	6	0.3	0
BSU_14470	GO:0003677	6	0.3	0
BSU_31190	GO:0004252	6	0.3	0
BSU_40970	GO:0003677	6	0.3	0
BSU_11540	GO:0016874	6	0.3	0
BSU_28260	GO:0090729	6	0.3	0
BSU_03310	GO:0016874	6	0.3	0
BSU_03290	GO:0016874	6	0.3	0
BSU_34120	GO:0016874	6	0.3	0
BSU_03040	GO:0016874	6	0.3	0
BSU_16600	GO:0003677	6	0.3	0
BSU_02850	GO:0016874	6	0.3	0
BSU_30540	GO:0003677	6	0.3	0
BSU_33040	GO:0003677	6	0.3	0
BSU_25440	GO:0004252	6	0.3	0
BSU_17150	GO:0004252	6	0.3	0
BSU_03480	GO:0003677	6	0.3	0
BSU_13180	GO:0016874	6	0.3	0
BSU_24080	GO:0090729	6	0.3	0
BSU_09620	GO:0016874	6	0.3	0
BSU_22370	GO:0090729	6	0.3	0
BSU_22790	GO:0090729	6	0.3	0
BSU_07710	GO:0016020	6	0.3	0
BSU_30230	GO:0016798	6	0.3	0
BSU_37330	GO:0016798	6	0.3	0
BSU_39650	GO:0016020	6	0.3	0
BSU_34440	GO:0016740	6	0.3	0
BSU_06060	GO:0004519	6	0.3	0
BSU_30050	GO:0016740	6	0.3	0
BSU_06450	GO:0016407	6	0.3	0
BSU_16650	GO:0016853	6	0.3	0
BSU_16590	GO:0016853	6	0.3	0
BSU_06812	GO:0004519	6	0.3	0
BSU_07590	GO:0004519	6	0.3	0
BSU_37190	GO:0016020	6	0.3	0
BSU_41010	GO:0016407	6	0.3	0
BSU_39480	GO:0016020	6	0.3	0
BSU_16120	GO:0004519	6	0.3	0
BSU_32250	GO:0016798	6	0.3	0
BSU_32250	GO:0016407	6	0.3	0
BSU_37330	GO:0016407	6	0.3	0
BSU_23250	GO:0016853	6	0.3	0
BSU_32690	GO:0016407	6	0.3	0
BSU_29805	GO:0004519	6	0.3	0
BSU_04450	GO:0016020	6	0.3	0
BSU_30230	GO:0016407	6	0.3	0
BSU_41010	GO:0016853	6	0.3	0
BSU_39270	GO:0016020	6	0.3	0
BSU_04460	GO:0004519	6	0.3	0
BSU_31530	GO:0004519	6	0.3	0
BSU_30380	GO:0016020	6	0.3	0
BSU_11540	GO:0016798	6	0.3	0
BSU_04230	GO:0016740	6	0.3	0
BSU_07590	GO:0016798	6	0.3	0
BSU_41010	GO:0016798	6	0.3	0
BSU_22600	GO:0016407	6	0.3	0
BSU_10140	GO:0004252	6	0.3	0
BSU_13560	GO:0090729	6	0.3	0
BSU_13180	GO:0090729	6	0.3	0
BSU_31090	GO:0016020	6	0.3	0
BSU_15550	GO:0016407	6	0.3	0
BSU_22690	GO:0016798	6	0.3	0
BSU_13960	GO:0016020	6	0.3	0
BSU_22600	GO:0016798	6	0.3	0
BSU_36370	GO:0004252	6	0.3	0
BSU_13960	GO:0016407	6	0.3	0
BSU_27580	GO:0016740	6	0.3	0
BSU_11690	GO:0016407	6	0.3	0
BSU_37620	GO:0004519	6	0.3	0
BSU_11540	GO:0016407	6	0.3	0
BSU_11690	GO:0016798	6	0.3	0
BSU_03890	GO:0004519	6	0.3	0
BSU_10250	GO:0016407	6	0.3	0
BSU_10250	GO:0016798	6	0.3	0
BSU_11330	GO:0016798	6	0.3	0
BSU_10170	GO:0016798	6	0.3	0
BSU_29805	GO:0016740	6	0.3	0
BSU_07260	GO:0016787	6	0.3	0
BSU_26810	GO:0016787	6	0.3	0
BSU_25590	GO:0016798	6	0.3	0
BSU_06450	GO:0005737	6	0.3	0
BSU_30380	GO:0005737	6	0.3	0
BSU_27430	GO:0005737	6	0.3	0
BSU_23920	GO:0005737	6	0.3	0
BSU_13180	GO:0008973	6	0.3	0
BSU_18150	GO:0016787	6	0.3	0
BSU_12880	GO:0030170	6	0.3	0
BSU_06680	GO:0005737	6	0.3	0
BSU_16600	GO:0051726	6	0.3	0
BSU_18440	GO:0051726	6	0.3	0
BSU_29440	GO:0016740	6	0.3	0
BSU_30540	GO:0005737	6	0.3	0
BSU_03590	GO:0005737	6	0.3	0
BSU_35900	GO:0005737	6	0.3	0
BSU_02750	GO:0005737	6	0.3	0
BSU_21460	GO:0016787	6	0.3	0
BSU_01750	GO:0005737	6	0.3	0
BSU_31960	GO:0005737	6	0.3	0
BSU_32750	GO:0005737	6	0.3	0
BSU_06680	GO:0008973	6	0.3	0
BSU_00790	GO:0005737	6	0.3	0
BSU_33770	GO:0016787	6	0.3	0
BSU_30540	GO:0008973	6	0.3	0
BSU_31960	GO:0008973	6	0.3	0
BSU_32750	GO:0008973	6	0.3	0
BSU_15910	GO:0051726	6	0.3	0
BSU_39480	GO:0005737	6	0.3	0
BSU_30050	GO:0016787	6	0.3	0
BSU_17150	GO:0030170	6	0.3	0
BSU_08180	GO:0016787	6	0.3	0
BSU_18440	GO:0005737	6	0.3	0
BSU_22600	GO:0030170	6	0.3	0
BSU_22760	GO:0030170	6	0.3	0
BSU_34930	GO:0030170	6	0.3	0
BSU_37190	GO:0030170	6	0.3	0
BSU_13720	GO:0005737	6	0.3	0
BSU_40770	GO:0035873	6	0.3	0
BSU_05860	GO:0016787	6	0.3	0
BSU_33150	GO:0030170	6	0.3	0
BSU_15910	GO:0005737	6	0.3	0
BSU_24080	GO:0008973	6	0.3	0
BSU_15910	GO:0008973	6	0.3	0
BSU_11540	GO:0016787	6	0.3	0
BSU_02270	GO:0030170	6	0.3	0
BSU_22370	GO:0008973	6	0.3	0
BSU_22790	GO:0008973	6	0.3	0
BSU_03480	GO:0051726	6	0.3	0
BSU_00670	GO:0016740	6	0.3	0
BSU_18440	GO:0008973	6	0.3	0
BSU_17890	GO:0008973	6	0.3	0
BSU_13180	GO:0005737	6	0.3	0
BSU_17840	GO:0030170	6	0.3	0
BSU_13180	GO:0051726	6	0.3	0
BSU_40490	GO:0030170	6	0.3	0
BSU_40060	GO:0005737	6	0.3	0
BSU_00460	GO:0005737	6	0.3	0
BSU_28720	GO:0090729	6	0.3	0
BSU_15550	GO:0044781	6	0.3	0
BSU_03040	GO:0016787	6	0.3	0
BSU_15760	GO:0016874	6	0.3	0
BSU_12970	GO:0016787	6	0.3	0
BSU_04230	GO:0016787	6	0.3	0
BSU_41010	GO:0044781	6	0.3	0
BSU_05880	GO:0090729	6	0.3	0
BSU_34120	GO:0090729	6	0.3	0
BSU_11520	GO:0051726	6	0.3	0
BSU_28510	GO:0090729	6	0.3	0
BSU_23250	GO:0044781	6	0.3	0
BSU_40970	GO:0051726	6	0.3	0
BSU_22370	GO:0051726	6	0.3	0
BSU_08180	GO:0016874	6	0.3	0
BSU_07260	GO:0016874	6	0.3	0
BSU_17860	GO:0051726	6	0.3	0
BSU_04970	GO:0016787	6	0.3	0
BSU_18930	GO:0044781	6	0.3	0
BSU_16590	GO:0044781	6	0.3	0
BSU_35740	GO:0016787	6	0.3	0
BSU_16650	GO:0044781	6	0.3	0
BSU_10540	GO:0044781	6	0.3	0
BSU_12380	GO:0044781	6	0.3	0
BSU_21460	GO:0044781	6	0.3	0
BSU_14180	GO:0030170	6	0.3	0
BSU_15550	GO:0030170	6	0.3	0
BSU_17890	GO:0016874	6	0.3	0
BSU_08200	GO:0005737	6	0.3	0
BSU_22960	GO:0051726	6	0.3	0
BSU_30390	GO:0005737	6	0.3	0
BSU_39270	GO:0005737	6	0.3	0
BSU_04450	GO:0005737	6	0.3	0
BSU_39650	GO:0005737	6	0.3	0
BSU_05880	GO:0008973	6	0.3	0
BSU_34120	GO:0008973	6	0.3	0
BSU_13560	GO:0005737	6	0.3	0
BSU_05880	GO:0005737	6	0.3	0
BSU_34120	GO:0005737	6	0.3	0
BSU_05830	GO:0005737	6	0.3	0
BSU_05830	GO:0008973	6	0.3	0
BSU_05860	GO:0005737	6	0.3	0
BSU_03981	GO:0005737	6	0.3	0
BSU_01680	GO:0005737	6	0.3	0
BSU_08100	GO:0008973	6	0.3	0
BSU_08200	GO:0008973	6	0.3	0
BSU_27510	GO:0016874	6	0.3	0
BSU_34950	GO:0016787	6	0.3	0
BSU_22550	GO:0016874	6	0.3	0
BSU_10140	GO:0030170	6	0.3	0
BSU_08100	GO:0005737	6	0.3	0
BSU_34920	GO:0030170	6	0.3	0
BSU_29440	GO:0005886	6	0.3	0
BSU_19360	GO:0008233	6	0.3	0
BSU_16560	GO:0031460	6	0.3	0
BSU_03910	GO:0003824	6	0.3	0
BSU_29440	GO:0006525	6	0.3	0
BSU_19180	GO:0003824	6	0.3	0
BSU_01750	GO:0012501	6	0.3	0
BSU_11210	GO:0006525	6	0.3	0
BSU_02850	GO:0012501	6	0.3	0
BSU_32480	GO:0003824	6	0.3	0
BSU_32470	GO:0003824	6	0.3	0
BSU_24080	GO:0006631	6	0.3	0
BSU_32000	GO:0003824	6	0.3	0
BSU_00670	GO:0006525	6	0.3	0
BSU_24290	GO:0019464	6	0.3	0
BSU_03590	GO:0012501	6	0.3	0
BSU_25730	GO:0003824	6	0.3	0
BSU_01010	GO:0019464	6	0.3	0
BSU_24290	GO:0006950	6	0.3	0
BSU_33600	GO:0006525	6	0.3	0
BSU_16020	GO:0006525	6	0.3	0
BSU_03981	GO:0012501	6	0.3	0
BSU_37620	GO:0006525	6	0.3	0
BSU_33040	GO:0006950	6	0.3	0
BSU_03520	GO:0006631	6	0.3	0
BSU_02840	GO:0006525	6	0.3	0
BSU_22550	GO:0003824	6	0.3	0
BSU_01680	GO:0012501	6	0.3	0
BSU_02750	GO:0005886	6	0.3	0
BSU_19180	GO:0016705	6	0.3	0
BSU_37690	GO:0006525	6	0.3	0
BSU_02850	GO:0005737	6	0.3	0
BSU_16020	GO:0016491	6	0.3	0
BSU_33600	GO:0016491	6	0.3	0
BSU_13180	GO:0005737	6	0.3	0
BSU_23920	GO:0006450	6	0.3	0
BSU_27430	GO:0006450	6	0.3	0
BSU_00670	GO:0016491	6	0.3	0
BSU_31090	GO:0006525	6	0.3	0
BSU_29340	GO:0006450	6	0.3	0
BSU_27970	GO:0005737	6	0.3	0
BSU_03890	GO:0006525	6	0.3	0
BSU_39760	GO:0003824	6	0.3	0
BSU_22140	GO:0003824	6	0.3	0
BSU_33540	GO:0003824	6	0.3	0
BSU_28710	GO:0012501	6	0.3	0
BSU_21460	GO:0003824	6	0.3	0
BSU_15920	GO:0006950	6	0.3	0
BSU_31440	GO:0006525	6	0.3	0
BSU_32820	GO:0003824	6	0.3	0
BSU_32250	GO:0006525	6	0.3	0
BSU_32690	GO:0006525	6	0.3	0
BSU_30230	GO:0006525	6	0.3	0
BSU_12380	GO:0003824	6	0.3	0
BSU_06812	GO:0012501	6	0.3	0
BSU_07260	GO:0012501	6	0.3	0
BSU_03290	GO:0006525	6	0.3	0
BSU_07710	GO:0012501	6	0.3	0
BSU_24130	GO:0006631	6	0.3	0
BSU_38060	GO:0005524	6	0.3	0
BSU_33330	GO:0005524	6	0.3	0
BSU_37620	GO:0030420	6	0.3	0
BSU_30070	GO:0005524	6	0.3	0
BSU_09380	GO:0019464	6	0.3	0
BSU_02840	GO:0030420	6	0.3	0
BSU_03310	GO:0003824	6	0.3	0
BSU_29990	GO:0005524	6	0.3	0
BSU_11620	GO:0005886	6	0.3	0
BSU_11540	GO:0030420	6	0.3	0
BSU_40770	GO:0005524	6	0.3	0
BSU_13840	GO:0006631	6	0.3	0
BSU_26590	GO:0005524	6	0.3	0
BSU_34470	GO:0005524	6	0.3	0
BSU_03290	GO:0003824	6	0.3	0
BSU_06460	GO:0030420	6	0.3	0
BSU_07590	GO:0030420	6	0.3	0
BSU_40230	GO:0005886	6	0.3	0
BSU_07810	GO:0030420	6	0.3	0
BSU_06370	GO:0005524	6	0.3	0
BSU_25590	GO:0012501	6	0.3	0
BSU_10170	GO:0030420	6	0.3	0
BSU_28710	GO:0005524	6	0.3	0
BSU_34190	GO:0030420	6	0.3	0
BSU_03520	GO:0030420	6	0.3	0
BSU_15910	GO:0003824	6	0.3	0
BSU_11540	GO:0006525	6	0.3	0
BSU_34010	GO:0012501	6	0.3	0
BSU_08450	GO:0012501	6	0.3	0
BSU_08460	GO:0012501	6	0.3	0
BSU_40960	GO:0006950	6	0.3	0
BSU_25480	GO:0006950	6	0.3	0
BSU_15630	GO:0003824	6	0.3	0
BSU_25480	GO:0006525	6	0.3	0
BSU_13840	GO:0003824	6	0.3	0
BSU_06460	GO:0006525	6	0.3	0
BSU_05970	GO:0006950	6	0.3	0
BSU_15920	GO:0019464	6	0.3	0
BSU_07590	GO:0006525	6	0.3	0
BSU_31090	GO:0012501	6	0.3	0
BSU_07810	GO:0006525	6	0.3	0
BSU_06960	GO:0006950	6	0.3	0
BSU_13960	GO:0012501	6	0.3	0
BSU_30050	GO:0012501	6	0.3	0
BSU_09380	GO:0006950	6	0.3	0
BSU_22550	GO:0012501	6	0.3	0
BSU_13180	GO:0006950	6	0.3	0
BSU_01680	GO:0005524	6	0.3	0
BSU_24630	GO:0015793	6	0.3	0
BSU_34120	GO:0005737	6	0.3	0
BSU_37620	GO:0016491	6	0.3	0
BSU_17710	GO:0015793	6	0.3	0
BSU_03590	GO:0016874	6	0.3	0
BSU_34920	GO:0032508	6	0.3	0
BSU_15760	GO:0051082	6	0.3	0
BSU_35900	GO:0032508	6	0.3	0
BSU_08100	GO:0016874	6	0.3	0
BSU_32750	GO:0016874	6	0.3	0
BSU_03310	GO:0006631	6	0.3	0
BSU_38480	GO:0016874	6	0.3	0
BSU_13560	GO:0016874	6	0.3	0
BSU_39480	GO:0032508	6	0.3	0
BSU_27430	GO:0016874	6	0.3	0
BSU_29340	GO:0016874	6	0.3	0
BSU_39650	GO:0032508	6	0.3	0
BSU_33290	GO:0016874	6	0.3	0
BSU_04450	GO:0032508	6	0.3	0
BSU_30190	GO:0005737	6	0.3	0
BSU_03290	GO:0006631	6	0.3	0
BSU_16560	GO:0005737	6	0.3	0
BSU_27970	GO:0015793	6	0.3	0
BSU_10170	GO:0016491	6	0.3	0
BSU_28710	GO:0015793	6	0.3	0
BSU_32480	GO:0005737	6	0.3	0
BSU_32470	GO:0005737	6	0.3	0
BSU_02980	GO:0016874	6	0.3	0
BSU_36100	GO:0005886	6	0.3	0
BSU_33290	GO:0032508	6	0.3	0
BSU_01680	GO:0006508	6	0.3	0
BSU_10250	GO:0051082	6	0.3	0
BSU_11330	GO:0051082	6	0.3	0
BSU_10170	GO:0051082	6	0.3	0
BSU_38620	GO:0030435	6	0.3	0
BSU_07810	GO:0051082	6	0.3	0
BSU_07590	GO:0051082	6	0.3	0
BSU_06460	GO:0051082	6	0.3	0
BSU_02980	GO:0006508	6	0.3	0
BSU_29340	GO:0032508	6	0.3	0
BSU_17710	GO:0006508	6	0.3	0
BSU_11540	GO:0051082	6	0.3	0
BSU_30380	GO:0032508	6	0.3	0
BSU_07810	GO:0016783	6	0.3	0
BSU_03290	GO:0051082	6	0.3	0
BSU_37330	GO:0032508	6	0.3	0
BSU_32240	GO:0005886	6	0.3	0
BSU_28710	GO:0006508	6	0.3	0
BSU_08180	GO:0016783	6	0.3	0
BSU_02840	GO:0051082	6	0.3	0
BSU_37620	GO:0051082	6	0.3	0
BSU_36920	GO:0005886	6	0.3	0
BSU_16020	GO:0051082	6	0.3	0
BSU_01680	GO:0015793	6	0.3	0
BSU_02980	GO:0015793	6	0.3	0
BSU_16560	GO:0015793	6	0.3	0
BSU_07810	GO:0016491	6	0.3	0
BSU_06450	GO:0006450	6	0.3	0
BSU_06460	GO:0006450	6	0.3	0
BSU_06680	GO:0006450	6	0.3	0
BSU_17890	GO:0005737	6	0.3	0
BSU_22550	GO:0015793	6	0.3	0
BSU_08100	GO:0006450	6	0.3	0
BSU_32750	GO:0006450	6	0.3	0
BSU_10250	GO:0006450	6	0.3	0
BSU_15760	GO:0005737	6	0.3	0
BSU_27440	GO:0015793	6	0.3	0
BSU_37780	GO:0006631	6	0.3	0
BSU_09380	GO:0005737	6	0.3	0
BSU_14600	GO:0019464	6	0.3	0
BSU_11540	GO:0016491	6	0.3	0
BSU_38480	GO:0006450	6	0.3	0
BSU_13560	GO:0006450	6	0.3	0
BSU_35900	GO:0015793	6	0.3	0
BSU_02840	GO:0016491	6	0.3	0
BSU_33300	GO:0015793	6	0.3	0
BSU_03800	GO:0015793	6	0.3	0
BSU_03810	GO:0015793	6	0.3	0
BSU_01610	GO:0015793	6	0.3	0
BSU_03310	GO:0005737	6	0.3	0
BSU_30050	GO:0015793	6	0.3	0
BSU_29805	GO:0032508	6	0.3	0
BSU_13840	GO:0015793	6	0.3	0
BSU_34010	GO:0015793	6	0.3	0
BSU_03981	GO:0015793	6	0.3	0
BSU_30390	GO:0032508	6	0.3	0
BSU_00670	GO:0006450	6	0.3	0
BSU_28260	GO:0005737	6	0.3	0
BSU_38390	GO:0015793	6	0.3	0
BSU_07590	GO:0016491	6	0.3	0
BSU_27510	GO:0005737	6	0.3	0
BSU_41010	GO:0006450	6	0.3	0
BSU_07500	GO:0015793	6	0.3	0
BSU_07510	GO:0015793	6	0.3	0
BSU_29440	GO:0016491	6	0.3	0
BSU_05860	GO:0006450	6	0.3	0
BSU_08200	GO:0015793	6	0.3	0
BSU_08450	GO:0015793	6	0.3	0
BSU_08460	GO:0015793	6	0.3	0
BSU_22550	GO:0005737	6	0.3	0
BSU_01750	GO:0006450	6	0.3	0
BSU_39920	GO:0006450	6	0.3	0
BSU_06460	GO:0016491	6	0.3	0
BSU_25480	GO:0016491	6	0.3	0
BSU_02980	GO:0006450	6	0.3	0
BSU_03590	GO:0006450	6	0.3	0
BSU_11330	GO:0030420	6	0.3	0
BSU_10250	GO:0030420	6	0.3	0
BSU_37780	GO:0003824	6	0.3	0
BSU_05860	GO:0016705	6	0.3	0
BSU_39650	GO:0022857	6	0.3	0
BSU_03981	GO:0008961	6	0.3	0
BSU_00780	GO:0016836	6	0.3	0
BSU_18230	GO:0016836	6	0.3	0
BSU_40970	GO:0006508	6	0.3	0
BSU_15690	GO:0006508	6	0.3	0
BSU_15760	GO:0016705	6	0.3	0
BSU_39480	GO:0022857	6	0.3	0
BSU_34920	GO:0022857	6	0.3	0
BSU_19180	GO:0016836	6	0.3	0
BSU_26810	GO:0008033	6	0.3	0
BSU_32820	GO:0016836	6	0.3	0
BSU_22690	GO:0008033	6	0.3	0
BSU_37170	GO:0016836	6	0.3	0
BSU_08180	GO:0016705	6	0.3	0
BSU_34950	GO:0016705	6	0.3	0
BSU_33600	GO:0005886	6	0.3	0
BSU_07710	GO:0016705	6	0.3	0
BSU_07260	GO:0016705	6	0.3	0
BSU_30830	GO:0008033	6	0.3	0
BSU_37330	GO:0022857	6	0.3	0
BSU_00670	GO:0005886	6	0.3	0
BSU_31190	GO:0008033	6	0.3	0
BSU_16120	GO:0016705	6	0.3	0
BSU_02490	GO:0016836	6	0.3	0
BSU_02460	GO:0016836	6	0.3	0
BSU_23080	GO:0016836	6	0.3	0
BSU_03981	GO:0006826	6	0.3	0
BSU_03450	GO:0008033	6	0.3	0
BSU_34950	GO:0016836	6	0.3	0
BSU_29440	GO:0016836	6	0.3	0
BSU_01750	GO:0008961	6	0.3	0
BSU_31440	GO:0016836	6	0.3	0
BSU_24470	GO:0016836	6	0.3	0
BSU_28710	GO:0006826	6	0.3	0
BSU_25480	GO:0005886	6	0.3	0
BSU_15920	GO:0005886	6	0.3	0
BSU_28260	GO:0016705	6	0.3	0
BSU_04450	GO:0022857	6	0.3	0
BSU_24130	GO:0016836	6	0.3	0
BSU_29805	GO:0022857	6	0.3	0
BSU_28260	GO:0016836	6	0.3	0
BSU_27510	GO:0016705	6	0.3	0
BSU_32250	GO:0016836	6	0.3	0
BSU_30390	GO:0022857	6	0.3	0
BSU_22550	GO:0016705	6	0.3	0
BSU_00910	GO:0016836	6	0.3	0
BSU_11520	GO:0006508	6	0.3	0
BSU_12340	GO:0016836	6	0.3	0
BSU_27510	GO:0016836	6	0.3	0
BSU_24290	GO:0005886	6	0.3	0
BSU_06812	GO:0006826	6	0.3	0
BSU_32690	GO:0016836	6	0.3	0
BSU_39920	GO:0003677	6	0.3	0
BSU_40490	GO:0008531	6	0.3	0
BSU_02980	GO:0003677	6	0.3	0
BSU_12880	GO:0008531	6	0.3	0
BSU_02270	GO:0008531	6	0.3	0
BSU_17150	GO:0008531	6	0.3	0
BSU_09620	GO:0016705	6	0.3	0
BSU_37190	GO:0008531	6	0.3	0
BSU_34930	GO:0008531	6	0.3	0
BSU_32690	GO:0008531	6	0.3	0
BSU_06680	GO:0003677	6	0.3	0
BSU_32750	GO:0003677	6	0.3	0
BSU_27510	GO:0008531	6	0.3	0
BSU_22760	GO:0008531	6	0.3	0
BSU_33600	GO:0008033	6	0.3	0
BSU_22600	GO:0008531	6	0.3	0
BSU_17890	GO:0008531	6	0.3	0
BSU_34010	GO:0008961	6	0.3	0
BSU_11690	GO:0008531	6	0.3	0
BSU_38480	GO:0003677	6	0.3	0
BSU_09440	GO:0008531	6	0.3	0
BSU_07710	GO:0008531	6	0.3	0
BSU_07260	GO:0008531	6	0.3	0
BSU_00670	GO:0008531	6	0.3	0
BSU_23920	GO:0022857	6	0.3	0
BSU_02850	GO:0016705	6	0.3	0
BSU_37710	GO:0016836	6	0.3	0
BSU_30230	GO:0016836	6	0.3	0
BSU_06812	GO:0008961	6	0.3	0
BSU_13580	GO:0016836	6	0.3	0
BSU_01920	GO:0016836	6	0.3	0
BSU_11540	GO:0016705	6	0.3	0
BSU_33040	GO:0005886	6	0.3	0
BSU_40060	GO:0016836	6	0.3	0
BSU_14470	GO:0006508	6	0.3	0
BSU_08240	GO:0016836	6	0.3	0
BSU_06450	GO:0008531	6	0.3	0
BSU_37690	GO:0016836	6	0.3	0
BSU_00670	GO:0003677	6	0.3	0
BSU_05860	GO:0008531	6	0.3	0
BSU_17860	GO:0003677	6	0.3	0
BSU_03590	GO:0008531	6	0.3	0
BSU_02980	GO:0008531	6	0.3	0
BSU_02750	GO:0008531	6	0.3	0
BSU_03040	GO:0016705	6	0.3	0
BSU_40970	GO:0003677	6	0.3	0
BSU_30540	GO:0003677	6	0.3	0
BSU_39920	GO:0008531	6	0.3	0
BSU_01750	GO:0008531	6	0.3	0
BSU_15460	GO:0008033	6	0.3	0
BSU_24130	GO:0046872	6	0.3	0
BSU_11690	GO:0030420	6	0.3	0
BSU_17890	GO:0016151	6	0.3	0
BSU_24080	GO:0006065	6	0.3	0
BSU_34920	GO:0030420	6	0.3	0
BSU_34930	GO:0030420	6	0.3	0
BSU_00790	GO:0022857	6	0.3	0
BSU_28260	GO:0016151	6	0.3	0
BSU_25620	GO:0030420	6	0.3	0
BSU_40960	GO:0006631	6	0.3	0
BSU_29805	GO:0030420	6	0.3	0
BSU_27510	GO:0016151	6	0.3	0
BSU_37780	GO:0006065	6	0.3	0
BSU_03290	GO:0006065	6	0.3	0
BSU_03310	GO:0006065	6	0.3	0
BSU_22550	GO:0016151	6	0.3	0
BSU_22140	GO:0006631	6	0.3	0
BSU_37710	GO:0022857	6	0.3	0
BSU_24560	GO:0006065	6	0.3	0
BSU_32000	GO:0006631	6	0.3	0
BSU_18440	GO:0006065	6	0.3	0
BSU_40060	GO:0022857	6	0.3	0
BSU_15910	GO:0006631	6	0.3	0
BSU_13840	GO:0006065	6	0.3	0
BSU_33150	GO:0022857	6	0.3	0
BSU_35780	GO:0046872	6	0.3	0
BSU_27970	GO:0006631	6	0.3	0
BSU_31290	GO:0030420	6	0.3	0
BSU_32000	GO:0030420	6	0.3	0
BSU_08450	GO:0005524	6	0.3	0
BSU_39390	GO:0005524	6	0.3	0
BSU_15910	GO:0006065	6	0.3	0
BSU_23210	GO:0030420	6	0.3	0
BSU_15760	GO:0006631	6	0.3	0
BSU_03810	GO:0005524	6	0.3	0
BSU_03800	GO:0005524	6	0.3	0
BSU_28510	GO:0030420	6	0.3	0
BSU_28720	GO:0030420	6	0.3	0
BSU_08460	GO:0005524	6	0.3	0
BSU_22600	GO:0030420	6	0.3	0
BSU_22690	GO:0030420	6	0.3	0
BSU_30230	GO:0030420	6	0.3	0
BSU_34010	GO:0005524	6	0.3	0
BSU_37620	GO:0006631	6	0.3	0
BSU_33600	GO:0006631	6	0.3	0
BSU_03930	GO:0003824	6	0.3	0
BSU_26810	GO:0006065	6	0.3	0
BSU_24080	GO:0003824	6	0.3	0
BSU_38520	GO:0006065	6	0.3	0
BSU_41010	GO:0030420	6	0.3	0
BSU_32250	GO:0030420	6	0.3	0
BSU_37330	GO:0030420	6	0.3	0
BSU_08180	GO:0006631	6	0.3	0
BSU_22550	GO:0006065	6	0.3	0
BSU_22760	GO:0046872	6	0.3	0
BSU_11620	GO:0046872	6	0.3	0
BSU_03290	GO:0016151	6	0.3	0
BSU_34120	GO:0016151	6	0.3	0
BSU_02850	GO:0016151	6	0.3	0
BSU_09570	GO:0005886	6	0.3	0
BSU_03310	GO:0019464	6	0.3	0
BSU_13180	GO:0016151	6	0.3	0
BSU_40490	GO:0008961	6	0.3	0
BSU_28710	GO:0008961	6	0.3	0
BSU_27970	GO:0016151	6	0.3	0
BSU_37190	GO:0006826	6	0.3	0
BSU_32800	GO:0005886	6	0.3	0
BSU_30380	GO:0006826	6	0.3	0
BSU_14600	GO:0005886	6	0.3	0
BSU_22960	GO:0019464	6	0.3	0
BSU_18440	GO:0019464	6	0.3	0
BSU_15910	GO:0019464	6	0.3	0
BSU_30050	GO:0006826	6	0.3	0
BSU_13960	GO:0006826	6	0.3	0
BSU_31090	GO:0006826	6	0.3	0
BSU_34010	GO:0006826	6	0.3	0
BSU_11620	GO:0008033	6	0.3	0
BSU_07710	GO:0006826	6	0.3	0
BSU_07260	GO:0006826	6	0.3	0
BSU_12880	GO:0008961	6	0.3	0
BSU_03310	GO:0016151	6	0.3	0
BSU_02840	GO:0046872	6	0.3	0
BSU_00460	GO:0022857	6	0.3	0
BSU_09570	GO:0019464	6	0.3	0
BSU_15760	GO:0016151	6	0.3	0
BSU_32000	GO:0006065	6	0.3	0
BSU_32470	GO:0006065	6	0.3	0
BSU_13720	GO:0022857	6	0.3	0
BSU_07260	GO:0008961	6	0.3	0
BSU_07710	GO:0008961	6	0.3	0
BSU_11690	GO:0008961	6	0.3	0
BSU_22370	GO:0019464	6	0.3	0
BSU_09380	GO:0016151	6	0.3	0
BSU_22600	GO:0008961	6	0.3	0
BSU_17840	GO:0008961	6	0.3	0
BSU_22760	GO:0008961	6	0.3	0
BSU_24070	GO:0022857	6	0.3	0
BSU_03930	GO:0006631	6	0.3	0
BSU_16110	GO:0005886	6	0.3	0
BSU_34930	GO:0008961	6	0.3	0
BSU_37190	GO:0008961	6	0.3	0
BSU_33150	GO:0008961	6	0.3	0
BSU_22370	GO:0005886	6	0.3	0
BSU_17150	GO:0008961	6	0.3	0
BSU_02270	GO:0008961	6	0.3	0
BSU_27430	GO:0032508	6	0.3	0
BSU_05860	GO:0016783	6	0.3	0
BSU_11690	GO:0051082	6	0.3	0
BSU_22790	GO:0019752	6	0.3	0
BSU_35750	GO:0009103	6	0.3	0
BSU_06960	GO:0042276	6	0.3	0
BSU_17100	GO:0019752	6	0.3	0
BSU_04460	GO:0015937	6	0.3	0
BSU_21460	GO:0019752	6	0.3	0
BSU_37970	GO:0015937	6	0.3	0
BSU_12380	GO:0019752	6	0.3	0
BSU_05970	GO:0042276	6	0.3	0
BSU_10540	GO:0019752	6	0.3	0
BSU_35740	GO:0015937	6	0.3	0
BSU_16650	GO:0019752	6	0.3	0
BSU_16590	GO:0019752	6	0.3	0
BSU_18930	GO:0019752	6	0.3	0
BSU_29805	GO:0015937	6	0.3	0
BSU_23250	GO:0019752	6	0.3	0
BSU_25620	GO:0015937	6	0.3	0
BSU_16120	GO:0016020	6	0.3	0
BSU_41010	GO:0019752	6	0.3	0
BSU_34930	GO:0015937	6	0.3	0
BSU_13180	GO:0042276	6	0.3	0
BSU_34120	GO:0042276	6	0.3	0
BSU_34920	GO:0015937	6	0.3	0
BSU_24130	GO:0004222	6	0.3	0
BSU_36370	GO:0015937	6	0.3	0
BSU_10140	GO:0015937	6	0.3	0
BSU_30050	GO:0003700	6	0.3	0
BSU_27620	GO:0042276	6	0.3	0
BSU_35750	GO:0005829	6	0.3	0
BSU_24560	GO:0004047	6	0.3	0
BSU_22790	GO:0003700	6	0.3	0
BSU_40970	GO:0005829	6	0.3	0
BSU_16120	GO:0003700	6	0.3	0
BSU_17860	GO:0042276	6	0.3	0
BSU_05880	GO:0005829	6	0.3	0
BSU_18440	GO:0005504	6	0.3	0
BSU_22960	GO:0005504	6	0.3	0
BSU_40960	GO:0042276	6	0.3	0
BSU_06812	GO:0003700	6	0.3	0
BSU_23210	GO:0003700	6	0.3	0
BSU_33040	GO:0005829	6	0.3	0
BSU_15760	GO:0016020	6	0.3	0
BSU_06060	GO:0003700	6	0.3	0
BSU_04660	GO:0003700	6	0.3	0
BSU_37620	GO:0003700	6	0.3	0
BSU_08100	GO:0042276	6	0.3	0
BSU_29805	GO:0003700	6	0.3	0
BSU_13840	GO:0004222	6	0.3	0
BSU_09380	GO:0042276	6	0.3	0
BSU_16110	GO:0042276	6	0.3	0
BSU_03310	GO:0042276	6	0.3	0
BSU_31290	GO:0015937	6	0.3	0
BSU_32800	GO:0004047	6	0.3	0
BSU_30230	GO:0015937	6	0.3	0
BSU_16020	GO:0006779	6	0.3	0
BSU_33300	GO:0006508	6	0.3	0
BSU_02840	GO:0015937	6	0.3	0
BSU_03520	GO:0004222	6	0.3	0
BSU_22690	GO:0006779	6	0.3	0
BSU_34120	GO:0006779	6	0.3	0
BSU_05880	GO:0006779	6	0.3	0
BSU_35900	GO:0006508	6	0.3	0
BSU_09440	GO:0006779	6	0.3	0
BSU_22550	GO:0016301	6	0.3	0
BSU_11520	GO:0009103	6	0.3	0
BSU_09380	GO:0016763	6	0.3	0
BSU_30050	GO:0016301	6	0.3	0
BSU_13960	GO:0016301	6	0.3	0
BSU_30830	GO:0016020	6	0.3	0
BSU_05880	GO:0071555	6	0.3	0
BSU_31090	GO:0016301	6	0.3	0
BSU_39920	GO:0006779	6	0.3	0
BSU_00670	GO:0006779	6	0.3	0
BSU_31960	GO:0006779	6	0.3	0
BSU_32750	GO:0016301	6	0.3	0
BSU_14470	GO:0071555	6	0.3	0
BSU_11620	GO:0005886	6	0.3	0
BSU_07590	GO:0015937	6	0.3	0
BSU_10170	GO:0015937	6	0.3	0
BSU_11330	GO:0015937	6	0.3	0
BSU_40970	GO:0071555	6	0.3	0
BSU_37330	GO:0015937	6	0.3	0
BSU_32250	GO:0015937	6	0.3	0
BSU_15550	GO:0019752	6	0.3	0
BSU_17890	GO:0019752	6	0.3	0
BSU_14470	GO:0009103	6	0.3	0
BSU_40970	GO:0009103	6	0.3	0
BSU_29440	GO:0019752	6	0.3	0
BSU_22600	GO:0015937	6	0.3	0
BSU_13180	GO:0006779	6	0.3	0
BSU_06060	GO:0006779	6	0.3	0
BSU_01610	GO:0006508	6	0.3	0
BSU_28260	GO:0016020	6	0.3	0
BSU_06450	GO:0006779	6	0.3	0
BSU_27510	GO:0016020	6	0.3	0
BSU_03810	GO:0006508	6	0.3	0
BSU_29440	GO:0006779	6	0.3	0
BSU_12930	GO:0071555	6	0.3	0
BSU_31440	GO:0006779	6	0.3	0
BSU_03800	GO:0006508	6	0.3	0
BSU_11690	GO:0015937	6	0.3	0
BSU_28260	GO:0006779	6	0.3	0
BSU_05830	GO:0071555	6	0.3	0
BSU_25590	GO:0003700	6	0.3	0
BSU_18230	GO:0016746	6	0.3	0
BSU_28710	GO:0004222	6	0.3	0
BSU_19360	GO:0004527	6	0.3	0
BSU_15630	GO:0005829	6	0.3	0
BSU_02850	GO:0016020	6	0.3	0
BSU_29340	GO:0005829	6	0.3	0
BSU_39480	GO:0005829	6	0.3	0
BSU_03040	GO:0016020	6	0.3	0
BSU_25440	GO:0005886	6	0.3	0
BSU_06680	GO:0005829	6	0.3	0
BSU_21460	GO:0010133	6	0.3	0
BSU_33600	GO:0004047	6	0.3	0
BSU_01750	GO:0005829	6	0.3	0
BSU_02030	GO:0004527	6	0.3	0
BSU_25450	GO:0005886	6	0.3	0
BSU_11540	GO:0016020	6	0.3	0
BSU_01750	GO:0006338	6	0.3	0
BSU_02750	GO:0006338	6	0.3	0
BSU_03590	GO:0006338	6	0.3	0
BSU_05860	GO:0006338	6	0.3	0
BSU_14470	GO:0004527	6	0.3	0
BSU_06450	GO:0006338	6	0.3	0
BSU_31190	GO:0003700	6	0.3	0
BSU_01010	GO:0004047	6	0.3	0
BSU_24290	GO:0004047	6	0.3	0
BSU_06060	GO:0005886	6	0.3	0
BSU_15690	GO:0004527	6	0.3	0
BSU_27970	GO:0005886	6	0.3	0
BSU_11540	GO:0005886	6	0.3	0
BSU_15920	GO:0004047	6	0.3	0
BSU_19590	GO:0005886	6	0.3	0
BSU_04970	GO:0005886	6	0.3	0
BSU_37970	GO:0006338	6	0.3	0
BSU_09620	GO:0016020	6	0.3	0
BSU_38620	GO:0005829	6	0.3	0
BSU_27580	GO:0006338	6	0.3	0
BSU_32370	GO:0006338	6	0.3	0
BSU_10540	GO:0006338	6	0.3	0
BSU_25580	GO:0005829	6	0.3	0
BSU_03520	GO:0005829	6	0.3	0
BSU_38620	GO:0003700	6	0.3	0
BSU_32820	GO:0010133	6	0.3	0
BSU_34440	GO:0006338	6	0.3	0
BSU_38620	GO:0006338	6	0.3	0
BSU_36100	GO:0005886	6	0.3	0
BSU_12380	GO:0010133	6	0.3	0
BSU_16020	GO:0005829	6	0.3	0
BSU_33200	GO:0006338	6	0.3	0
BSU_00670	GO:0005829	6	0.3	0
BSU_25580	GO:0006338	6	0.3	0
BSU_15610	GO:0005829	6	0.3	0
BSU_03520	GO:0006338	6	0.3	0
BSU_23220	GO:0004527	6	0.3	0
BSU_15610	GO:0005886	6	0.3	0
BSU_15760	GO:0004222	6	0.3	0
BSU_37620	GO:0003700	6	0.3	0
BSU_11620	GO:0003700	6	0.3	0
BSU_35750	GO:0016763	6	0.3	0
BSU_26810	GO:0003700	6	0.3	0
BSU_09380	GO:0005504	6	0.3	0
BSU_15460	GO:0003700	6	0.3	0
BSU_13720	GO:0016746	6	0.3	0
BSU_22690	GO:0003700	6	0.3	0
BSU_32800	GO:0005504	6	0.3	0
BSU_14600	GO:0005504	6	0.3	0
BSU_12940	GO:0004222	6	0.3	0
BSU_30830	GO:0003700	6	0.3	0
BSU_15920	GO:0005504	6	0.3	0
BSU_13490	GO:0016746	6	0.3	0
BSU_07260	GO:0016020	6	0.3	0
BSU_36920	GO:0003700	6	0.3	0
BSU_07710	GO:0016020	6	0.3	0
BSU_17840	GO:0016746	6	0.3	0
BSU_33200	GO:0016746	6	0.3	0
BSU_34880	GO:0003700	6	0.3	0
BSU_34550	GO:0003700	6	0.3	0
BSU_24290	GO:0005504	6	0.3	0
BSU_34950	GO:0016020	6	0.3	0
BSU_08180	GO:0016020	6	0.3	0
BSU_16600	GO:0005504	6	0.3	0
BSU_24290	GO:0016763	6	0.3	0
BSU_01010	GO:0016763	6	0.3	0
BSU_05860	GO:0016020	6	0.3	0
BSU_03280	GO:0005886	6	0.3	0
BSU_04660	GO:0003700	6	0.3	0
BSU_06060	GO:0003700	6	0.3	0
BSU_22370	GO:0004047	6	0.3	0
BSU_06812	GO:0003700	6	0.3	0
BSU_33540	GO:0010133	6	0.3	0
BSU_16120	GO:0003700	6	0.3	0
BSU_16600	GO:0004527	6	0.3	0
BSU_09570	GO:0004047	6	0.3	0
BSU_29805	GO:0003700	6	0.3	0
BSU_22140	GO:0010133	6	0.3	0
BSU_03450	GO:0003700	6	0.3	0
BSU_39760	GO:0010133	6	0.3	0
BSU_16110	GO:0005886	6	0.3	0
BSU_40960	GO:0004222	6	0.3	0
BSU_27970	GO:0004222	6	0.3	0
BSU_33600	GO:0004222	6	0.3	0
BSU_22080	GO:0016746	6	0.3	0
BSU_38620	GO:0003700	6	0.3	0
BSU_37620	GO:0004222	6	0.3	0
BSU_03930	GO:0004222	6	0.3	0
BSU_37670	GO:0016746	6	0.3	0
BSU_40230	GO:0005886	6	0.3	0
BSU_21460	GO:0005886	6	0.3	0
BSU_03981	GO:0006508	6	0.3	0
BSU_38480	GO:0032508	6	0.3	0
BSU_22790	GO:0016783	6	0.3	0
BSU_12940	GO:0006508	6	0.3	0
BSU_08180	GO:0016651	6	0.3	0
BSU_34950	GO:0016651	6	0.3	0
BSU_17890	GO:0016783	6	0.3	0
BSU_07710	GO:0016651	6	0.3	0
BSU_07260	GO:0016651	6	0.3	0
BSU_16630	GO:0016783	6	0.3	0
BSU_15550	GO:0016783	6	0.3	0
BSU_25480	GO:0006072	6	0.3	0
BSU_14180	GO:0016783	6	0.3	0
BSU_05860	GO:0016651	6	0.3	0
BSU_13560	GO:0016783	6	0.3	0
BSU_11540	GO:0016651	6	0.3	0
BSU_15920	GO:0006072	6	0.3	0
BSU_03290	GO:0016651	6	0.3	0
BSU_13960	GO:0016783	6	0.3	0
BSU_03040	GO:0016651	6	0.3	0
BSU_02850	GO:0016651	6	0.3	0
BSU_11540	GO:0016783	6	0.3	0
BSU_09380	GO:0004659	6	0.3	0
BSU_09620	GO:0016651	6	0.3	0
BSU_03290	GO:0006072	6	0.3	0
BSU_10250	GO:0032508	6	0.3	0
BSU_32800	GO:0006072	6	0.3	0
BSU_15760	GO:0016651	6	0.3	0
BSU_28260	GO:0005524	6	0.3	0
BSU_23250	GO:0004407	6	0.3	0
BSU_13840	GO:0006508	6	0.3	0
BSU_08100	GO:0032508	6	0.3	0
BSU_32750	GO:0032508	6	0.3	0
BSU_15690	GO:0005829	6	0.3	0
BSU_22550	GO:0005524	6	0.3	0
BSU_02030	GO:0005829	6	0.3	0
BSU_13180	GO:0004407	6	0.3	0
BSU_27510	GO:0005524	6	0.3	0
BSU_16110	GO:0006072	6	0.3	0
BSU_14470	GO:0005829	6	0.3	0
BSU_27970	GO:0004407	6	0.3	0
BSU_23220	GO:0005829	6	0.3	0
BSU_28260	GO:0016783	6	0.3	0
BSU_22370	GO:0006072	6	0.3	0
BSU_03480	GO:0005829	6	0.3	0
BSU_09570	GO:0006072	6	0.3	0
BSU_22960	GO:0005829	6	0.3	0
BSU_16120	GO:0016651	6	0.3	0
BSU_24080	GO:0016783	6	0.3	0
BSU_17890	GO:0016651	6	0.3	0
BSU_22600	GO:0016783	6	0.3	0
BSU_10250	GO:0016783	6	0.3	0
BSU_27970	GO:0016651	6	0.3	0
BSU_09380	GO:0048476	6	0.3	0
BSU_32480	GO:0016651	6	0.3	0
BSU_32250	GO:0016783	6	0.3	0
BSU_04660	GO:0030435	6	0.3	0
BSU_07510	GO:0006508	6	0.3	0
BSU_02980	GO:0006072	6	0.3	0
BSU_22790	GO:0051082	6	0.3	0
BSU_22690	GO:0051082	6	0.3	0
BSU_22600	GO:0051082	6	0.3	0
BSU_06812	GO:0030435	6	0.3	0
BSU_07500	GO:0006508	6	0.3	0
BSU_37330	GO:0016783	6	0.3	0
BSU_32690	GO:0016783	6	0.3	0
BSU_38390	GO:0006508	6	0.3	0
BSU_28720	GO:0051082	6	0.3	0
BSU_29805	GO:0030435	6	0.3	0
BSU_28510	GO:0051082	6	0.3	0
BSU_23920	GO:0032508	6	0.3	0
BSU_16630	GO:0051082	6	0.3	0
BSU_04460	GO:0030435	6	0.3	0
BSU_30230	GO:0016783	6	0.3	0
BSU_32000	GO:0016783	6	0.3	0
BSU_23210	GO:0051082	6	0.3	0
BSU_28710	GO:0016783	6	0.3	0
BSU_03040	GO:0016783	6	0.3	0
BSU_11330	GO:0016491	6	0.3	0
BSU_10250	GO:0016491	6	0.3	0
BSU_41010	GO:0016783	6	0.3	0
BSU_00670	GO:0006072	6	0.3	0
BSU_06450	GO:0016783	6	0.3	0
BSU_16020	GO:0006072	6	0.3	0
BSU_07630	GO:0016651	6	0.3	0
BSU_22790	GO:0016651	6	0.3	0
BSU_08460	GO:0006508	6	0.3	0
BSU_33600	GO:0006072	6	0.3	0
BSU_06680	GO:0016783	6	0.3	0
BSU_19230	GO:0016651	6	0.3	0
BSU_33540	GO:0016651	6	0.3	0
BSU_22550	GO:0016651	6	0.3	0
BSU_19180	GO:0016651	6	0.3	0
BSU_16110	GO:0016491	6	0.3	0
BSU_30190	GO:0016651	6	0.3	0
BSU_23210	GO:0016491	6	0.3	0
BSU_32750	GO:0016783	6	0.3	0
BSU_17860	GO:0016491	6	0.3	0
BSU_24290	GO:0006072	6	0.3	0
BSU_08450	GO:0006508	6	0.3	0
BSU_08200	GO:0006508	6	0.3	0
BSU_13560	GO:0032508	6	0.3	0
BSU_11690	GO:0016491	6	0.3	0
BSU_24290	GO:0004659	6	0.3	0
BSU_32690	GO:0004407	6	0.3	0
BSU_06960	GO:0048476	6	0.3	0
BSU_08460	GO:0016301	6	0.3	0
BSU_07810	GO:0006164	6	0.3	0
BSU_33600	GO:0006164	6	0.3	0
BSU_16020	GO:0006164	6	0.3	0
BSU_08200	GO:0004222	6	0.3	0
BSU_08450	GO:0004222	6	0.3	0
BSU_08460	GO:0004222	6	0.3	0
BSU_37620	GO:0006164	6	0.3	0
BSU_05970	GO:0004529	6	0.3	0
BSU_31530	GO:0004529	6	0.3	0
BSU_03290	GO:0006164	6	0.3	0
BSU_27440	GO:0006508	6	0.3	0
BSU_11540	GO:0006164	6	0.3	0
BSU_15910	GO:0005524	6	0.3	0
BSU_27970	GO:0005524	6	0.3	0
BSU_01750	GO:0032508	6	0.3	0
BSU_22790	GO:0004529	6	0.3	0
BSU_25480	GO:0006164	6	0.3	0
BSU_23210	GO:0005886	6	0.3	0
BSU_13180	GO:0005524	6	0.3	0
BSU_18460	GO:0004529	6	0.3	0
BSU_29440	GO:0006164	6	0.3	0
BSU_39920	GO:0032508	6	0.3	0
BSU_07590	GO:0006164	6	0.3	0
BSU_22550	GO:0006508	6	0.3	0
BSU_07510	GO:0004222	6	0.3	0
BSU_11620	GO:0016301	6	0.3	0
BSU_07500	GO:0004222	6	0.3	0
BSU_24290	GO:0006779	6	0.3	0
BSU_41010	GO:0006779	6	0.3	0
BSU_08450	GO:0016301	6	0.3	0
BSU_41010	GO:0005886	6	0.3	0
BSU_34010	GO:0016301	6	0.3	0
BSU_07510	GO:0016301	6	0.3	0
BSU_07500	GO:0016301	6	0.3	0
BSU_07710	GO:0016301	6	0.3	0
BSU_07260	GO:0016301	6	0.3	0
BSU_06812	GO:0016301	6	0.3	0
BSU_38390	GO:0016301	6	0.3	0
BSU_01680	GO:0004222	6	0.3	0
BSU_38390	GO:0004222	6	0.3	0
BSU_17710	GO:0004222	6	0.3	0
BSU_02980	GO:0004222	6	0.3	0
BSU_03590	GO:0016301	6	0.3	0
BSU_02850	GO:0016301	6	0.3	0
BSU_17710	GO:0016301	6	0.3	0
BSU_01750	GO:0016301	6	0.3	0
BSU_07630	GO:0016020	6	0.3	0
BSU_00670	GO:0006164	6	0.3	0
BSU_28710	GO:0016301	6	0.3	0
BSU_03981	GO:0004222	6	0.3	0
BSU_16120	GO:0004529	6	0.3	0
BSU_02750	GO:0032508	6	0.3	0
BSU_17890	GO:0005524	6	0.3	0
BSU_16110	GO:0004529	6	0.3	0
BSU_11540	GO:0005524	6	0.3	0
BSU_34440	GO:0005886	6	0.3	0
BSU_10250	GO:0004407	6	0.3	0
BSU_35900	GO:0005886	6	0.3	0
BSU_07260	GO:0005524	6	0.3	0
BSU_08180	GO:0005524	6	0.3	0
BSU_06450	GO:0032508	6	0.3	0
BSU_13840	GO:0005886	6	0.3	0
BSU_09380	GO:0005524	6	0.3	0
BSU_27970	GO:0005886	6	0.3	0
BSU_02980	GO:0005886	6	0.3	0
BSU_06460	GO:0032508	6	0.3	0
BSU_38390	GO:0004407	6	0.3	0
BSU_07260	GO:0004407	6	0.3	0
BSU_09440	GO:0004407	6	0.3	0
BSU_11690	GO:0004407	6	0.3	0
BSU_15760	GO:0005524	6	0.3	0
BSU_17890	GO:0004407	6	0.3	0
BSU_27620	GO:0004529	6	0.3	0
BSU_06680	GO:0032508	6	0.3	0
BSU_30540	GO:0048476	6	0.3	0
BSU_27510	GO:0004407	6	0.3	0
BSU_40970	GO:0048476	6	0.3	0
BSU_03310	GO:0005524	6	0.3	0
BSU_17860	GO:0004529	6	0.3	0
BSU_03290	GO:0005524	6	0.3	0
BSU_05860	GO:0032508	6	0.3	0
BSU_02980	GO:0032508	6	0.3	0
BSU_08100	GO:0004529	6	0.3	0
BSU_07590	GO:0004529	6	0.3	0
BSU_03590	GO:0032508	6	0.3	0
BSU_06060	GO:0004529	6	0.3	0
BSU_09570	GO:0006164	6	0.3	0
BSU_03890	GO:0004529	6	0.3	0
BSU_11330	GO:0006164	6	0.3	0
BSU_10250	GO:0006164	6	0.3	0
BSU_37620	GO:0004529	6	0.3	0
BSU_40960	GO:0004529	6	0.3	0
BSU_25590	GO:0004529	6	0.3	0
BSU_02850	GO:0005524	6	0.3	0
BSU_29440	GO:0005886	6	0.3	0
BSU_16110	GO:0006164	6	0.3	0
BSU_18930	GO:0004529	6	0.3	0
BSU_16630	GO:0005886	6	0.3	0
BSU_11690	GO:0006164	6	0.3	0
BSU_03040	GO:0005524	6	0.3	0
BSU_02750	GO:0005886	6	0.3	0
BSU_34120	GO:0005524	6	0.3	0
BSU_11540	GO:0005886	6	0.3	0
BSU_38390	GO:0008531	6	0.3	0
BSU_07630	GO:0016705	6	0.3	0
BSU_27580	GO:0005829	6	0.3	0
BSU_07810	GO:0005524	6	0.3	0
BSU_04460	GO:0046872	6	0.3	0
BSU_34120	GO:0005524	6	0.3	0
BSU_03040	GO:0005524	6	0.3	0
BSU_15910	GO:0050660	6	0.3	0
BSU_15550	GO:0050660	6	0.3	0
BSU_30380	GO:0071555	6	0.3	0
BSU_09380	GO:0005886	6	0.3	0
BSU_32000	GO:0005524	6	0.3	0
BSU_13560	GO:0050660	6	0.3	0
BSU_32690	GO:0005524	6	0.3	0
BSU_32250	GO:0005524	6	0.3	0
BSU_41010	GO:0005524	6	0.3	0
BSU_13180	GO:0050660	6	0.3	0
BSU_40960	GO:0090529	6	0.3	0
BSU_11690	GO:0050660	6	0.3	0
BSU_11540	GO:0050660	6	0.3	0
BSU_31960	GO:0005524	6	0.3	0
BSU_10250	GO:0050660	6	0.3	0
BSU_17860	GO:0090529	6	0.3	0
BSU_40970	GO:0090529	6	0.3	0
BSU_11520	GO:0005886	6	0.3	0
BSU_06450	GO:0050660	6	0.3	0
BSU_06680	GO:0050660	6	0.3	0
BSU_38620	GO:0005737	6	0.3	0
BSU_08180	GO:0005524	6	0.3	0
BSU_04660	GO:0008033	6	0.3	0
BSU_08200	GO:0005524	6	0.3	0
BSU_30190	GO:0050660	6	0.3	0
BSU_27970	GO:0005829	6	0.3	0
BSU_28260	GO:0050660	6	0.3	0
BSU_19180	GO:0005829	6	0.3	0
BSU_23920	GO:0005829	6	0.3	0
BSU_31090	GO:0071555	6	0.3	0
BSU_24080	GO:0050660	6	0.3	0
BSU_22600	GO:0050660	6	0.3	0
BSU_15910	GO:0005829	6	0.3	0
BSU_11330	GO:0005829	6	0.3	0
BSU_13960	GO:0071555	6	0.3	0
BSU_10170	GO:0005829	6	0.3	0
BSU_16120	GO:0005737	6	0.3	0
BSU_30190	GO:0005829	6	0.3	0
BSU_22790	GO:0050660	6	0.3	0
BSU_38520	GO:0005829	6	0.3	0
BSU_17890	GO:0050660	6	0.3	0
BSU_22550	GO:0005524	6	0.3	0
BSU_16630	GO:0050660	6	0.3	0
BSU_31530	GO:0046872	6	0.3	0
BSU_28720	GO:0005524	6	0.3	0
BSU_28510	GO:0005524	6	0.3	0
BSU_16110	GO:0005524	6	0.3	0
BSU_09620	GO:0003677	6	0.3	0
BSU_11540	GO:0005524	6	0.3	0
BSU_11690	GO:0005524	6	0.3	0
BSU_17860	GO:0005886	6	0.3	0
BSU_22960	GO:0090529	6	0.3	0
BSU_22370	GO:0090529	6	0.3	0
BSU_03040	GO:0050660	6	0.3	0
BSU_34120	GO:0050660	6	0.3	0
BSU_18440	GO:0090529	6	0.3	0
BSU_16560	GO:0071555	6	0.3	0
BSU_08200	GO:0016491	6	0.3	0
BSU_16600	GO:0090529	6	0.3	0
BSU_08100	GO:0016491	6	0.3	0
BSU_26810	GO:0016787	6	0.3	0
BSU_15910	GO:0090529	6	0.3	0
BSU_05830	GO:0016491	6	0.3	0
BSU_29440	GO:0005886	6	0.3	0
BSU_13180	GO:0090529	6	0.3	0
BSU_29805	GO:0046872	6	0.3	0
BSU_34120	GO:0016491	6	0.3	0
BSU_05880	GO:0016491	6	0.3	0
BSU_16110	GO:0071555	6	0.3	0
BSU_06680	GO:0071555	6	0.3	0
BSU_11520	GO:0071555	6	0.3	0
BSU_03480	GO:0090529	6	0.3	0
BSU_25620	GO:0046872	6	0.3	0
BSU_27970	GO:0071555	6	0.3	0
BSU_28710	GO:0050660	6	0.3	0
BSU_32000	GO:0050660	6	0.3	0
BSU_16110	GO:0016491	6	0.3	0
BSU_24080	GO:0005524	6	0.3	0
BSU_13180	GO:0005524	6	0.3	0
BSU_31960	GO:0050660	6	0.3	0
BSU_32750	GO:0050660	6	0.3	0
BSU_11520	GO:0090529	6	0.3	0
BSU_15910	GO:0005524	6	0.3	0
BSU_16630	GO:0005524	6	0.3	0
BSU_17890	GO:0005524	6	0.3	0
BSU_37970	GO:0046872	6	0.3	0
BSU_32250	GO:0050660	6	0.3	0
BSU_22790	GO:0005524	6	0.3	0
BSU_13950	GO:0071555	6	0.3	0
BSU_17710	GO:0071555	6	0.3	0
BSU_12930	GO:0071555	6	0.3	0
BSU_12940	GO:0071555	6	0.3	0
BSU_37330	GO:0050660	6	0.3	0
BSU_32750	GO:0071555	6	0.3	0
BSU_08200	GO:0071555	6	0.3	0
BSU_32690	GO:0050660	6	0.3	0
BSU_28260	GO:0005524	6	0.3	0
BSU_05830	GO:0071555	6	0.3	0
BSU_38390	GO:0071555	6	0.3	0
BSU_30230	GO:0050660	6	0.3	0
BSU_09620	GO:0005829	6	0.3	0
BSU_19180	GO:0050660	6	0.3	0
BSU_13180	GO:0005829	6	0.3	0
BSU_35780	GO:0003677	6	0.3	0
BSU_03981	GO:0000160	6	0.3	0
BSU_09620	GO:0008237	6	0.3	0
BSU_38480	GO:0005886	6	0.3	0
BSU_05860	GO:0000160	6	0.3	0
BSU_32370	GO:0003677	6	0.3	0
BSU_27580	GO:0003677	6	0.3	0
BSU_08200	GO:0000160	6	0.3	0
BSU_21460	GO:0042128	6	0.3	0
BSU_38480	GO:0000160	6	0.3	0
BSU_32820	GO:0042128	6	0.3	0
BSU_12380	GO:0042128	6	0.3	0
BSU_03910	GO:0042128	6	0.3	0
BSU_37970	GO:0003677	6	0.3	0
BSU_13560	GO:0000160	6	0.3	0
BSU_01920	GO:0042128	6	0.3	0
BSU_19180	GO:0042128	6	0.3	0
BSU_18440	GO:0005886	6	0.3	0
BSU_03310	GO:0005886	6	0.3	0
BSU_32480	GO:0042128	6	0.3	0
BSU_32470	GO:0042128	6	0.3	0
BSU_39270	GO:0000160	6	0.3	0
BSU_32000	GO:0042128	6	0.3	0
BSU_25730	GO:0042128	6	0.3	0
BSU_10540	GO:0003677	6	0.3	0
BSU_01680	GO:0000160	6	0.3	0
BSU_16600	GO:0016746	6	0.3	0
BSU_33200	GO:0003677	6	0.3	0
BSU_24290	GO:0005886	6	0.3	0
BSU_06960	GO:0005886	6	0.3	0
BSU_33290	GO:0003677	6	0.3	0
BSU_29340	GO:0003677	6	0.3	0
BSU_40960	GO:0000160	6	0.3	0
BSU_05860	GO:0008237	6	0.3	0
BSU_03520	GO:0003677	6	0.3	0
BSU_25580	GO:0003677	6	0.3	0
BSU_15550	GO:0008880	6	0.3	0
BSU_17890	GO:0000160	6	0.3	0
BSU_16180	GO:0000160	6	0.3	0
BSU_02850	GO:0008237	6	0.3	0
BSU_16190	GO:0000160	6	0.3	0
BSU_38480	GO:0019825	6	0.3	0
BSU_38520	GO:0000160	6	0.3	0
BSU_13560	GO:0019825	6	0.3	0
BSU_01920	GO:0000160	6	0.3	0
BSU_03290	GO:0008237	6	0.3	0
BSU_33770	GO:0000160	6	0.3	0
BSU_03040	GO:0008237	6	0.3	0
BSU_16300	GO:0000160	6	0.3	0
BSU_34440	GO:0003677	6	0.3	0
BSU_22550	GO:0042128	6	0.3	0
BSU_24070	GO:0000160	6	0.3	0
BSU_36370	GO:0046872	6	0.3	0
BSU_03290	GO:0005886	6	0.3	0
BSU_22960	GO:0003677	6	0.3	0
BSU_22370	GO:0003677	6	0.3	0
BSU_18440	GO:0003677	6	0.3	0
BSU_08180	GO:0005829	6	0.3	0
BSU_09570	GO:0003677	6	0.3	0
BSU_07260	GO:0005829	6	0.3	0
BSU_39650	GO:0005737	6	0.3	0
BSU_03981	GO:0071555	6	0.3	0
BSU_04450	GO:0005737	6	0.3	0
BSU_30390	GO:0005737	6	0.3	0
BSU_05860	GO:0005829	6	0.3	0
BSU_04660	GO:0005737	6	0.3	0
BSU_06812	GO:0071555	6	0.3	0
BSU_11540	GO:0005829	6	0.3	0
BSU_06812	GO:0005737	6	0.3	0
BSU_03310	GO:0005829	6	0.3	0
BSU_03290	GO:0005829	6	0.3	0
BSU_34120	GO:0005829	6	0.3	0
BSU_03040	GO:0005829	6	0.3	0
BSU_02850	GO:0005829	6	0.3	0
BSU_10140	GO:0046872	6	0.3	0
BSU_34010	GO:0071555	6	0.3	0
BSU_16590	GO:0046872	6	0.3	0
BSU_15760	GO:0005829	6	0.3	0
BSU_30540	GO:0005886	6	0.3	0
BSU_17860	GO:0003677	6	0.3	0
BSU_03930	GO:0000160	6	0.3	0
BSU_40060	GO:0000160	6	0.3	0
BSU_03280	GO:0005886	6	0.3	0
BSU_11210	GO:0000160	6	0.3	0
BSU_15630	GO:0042128	6	0.3	0
BSU_13840	GO:0042128	6	0.3	0
BSU_15910	GO:0042128	6	0.3	0
BSU_40970	GO:0003677	6	0.3	0
BSU_27970	GO:0000160	6	0.3	0
BSU_33600	GO:0000160	6	0.3	0
BSU_37620	GO:0000160	6	0.3	0
BSU_24560	GO:0042128	6	0.3	0
BSU_01750	GO:0071555	6	0.3	0
BSU_37780	GO:0042128	6	0.3	0
BSU_06960	GO:0016746	6	0.3	0
BSU_12940	GO:0000160	6	0.3	0
BSU_17890	GO:0005886	6	0.3	0
BSU_03930	GO:0042128	6	0.3	0
BSU_24080	GO:0042128	6	0.3	0
BSU_15760	GO:0000160	6	0.3	0
BSU_22550	GO:0005829	6	0.3	0
BSU_28710	GO:0071555	6	0.3	0
BSU_16120	GO:0005829	6	0.3	0
BSU_40970	GO:0071555	6	0.3	0
BSU_32750	GO:0016491	6	0.3	0
BSU_31960	GO:0016491	6	0.3	0
BSU_38390	GO:0055085	6	0.3	0
BSU_13840	GO:0005886	6	0.3	0
BSU_24630	GO:0055085	6	0.3	0
BSU_35900	GO:0005886	6	0.3	0
BSU_16110	GO:0051920	6	0.3	0
BSU_16560	GO:0055085	6	0.3	0
BSU_35900	GO:0055085	6	0.3	0
BSU_38620	GO:0000160	6	0.3	0
BSU_29805	GO:0000160	6	0.3	0
BSU_16120	GO:0000160	6	0.3	0
BSU_03310	GO:0005737	6	0.3	0
BSU_06812	GO:0000160	6	0.3	0
BSU_24560	GO:0005737	6	0.3	0
BSU_04660	GO:0000160	6	0.3	0
BSU_33290	GO:0065002	6	0.3	0
BSU_27440	GO:0055085	6	0.3	0
BSU_22550	GO:0055085	6	0.3	0
BSU_34440	GO:0005886	6	0.3	0
BSU_13840	GO:0055085	6	0.3	0
BSU_13180	GO:0005737	6	0.3	0
BSU_34120	GO:0005737	6	0.3	0
BSU_08200	GO:0055085	6	0.3	0
BSU_16290	GO:0046933	6	0.3	0
BSU_40970	GO:0046933	6	0.3	0
BSU_10250	GO:0051920	6	0.3	0
BSU_13300	GO:0055085	6	0.3	0
BSU_40070	GO:0055085	6	0.3	0
BSU_29440	GO:0051920	6	0.3	0
BSU_05830	GO:0006605	6	0.3	0
BSU_02840	GO:0046872	6	0.3	0
BSU_03590	GO:0055085	6	0.3	0
BSU_02850	GO:0055085	6	0.3	0
BSU_25480	GO:0051920	6	0.3	0
BSU_01750	GO:0055085	6	0.3	0
BSU_06460	GO:0051920	6	0.3	0
BSU_33290	GO:0055085	6	0.3	0
BSU_33290	GO:0065002	6	0.3	0
BSU_29340	GO:0065002	6	0.3	0
BSU_13950	GO:0065002	6	0.3	0
BSU_22370	GO:0051920	6	0.3	0
BSU_07810	GO:0051920	6	0.3	0
BSU_12930	GO:0065002	6	0.3	0
BSU_12940	GO:0065002	6	0.3	0
BSU_32800	GO:0051920	6	0.3	0
BSU_08200	GO:0065002	6	0.3	0
BSU_05830	GO:0065002	6	0.3	0
BSU_38390	GO:0065002	6	0.3	0
BSU_27970	GO:0005886	6	0.3	0
BSU_02980	GO:0005886	6	0.3	0
BSU_09570	GO:0051920	6	0.3	0
BSU_29340	GO:0065002	6	0.3	0
BSU_09380	GO:0005737	6	0.3	0
BSU_12930	GO:0006605	6	0.3	0
BSU_03981	GO:0055085	6	0.3	0
BSU_06812	GO:0043565	6	0.3	0
BSU_14470	GO:0046933	6	0.3	0
BSU_27390	GO:0003723	6	0.3	0
BSU_40230	GO:0003723	6	0.3	0
BSU_04660	GO:0043565	6	0.3	0
BSU_25440	GO:0003723	6	0.3	0
BSU_40960	GO:0005737	6	0.3	0
BSU_25450	GO:0003723	6	0.3	0
BSU_13950	GO:0065002	6	0.3	0
BSU_02750	GO:0005886	6	0.3	0
BSU_05860	GO:0005886	6	0.3	0
BSU_06450	GO:0005886	6	0.3	0
BSU_06460	GO:0005886	6	0.3	0
BSU_01010	GO:0005737	6	0.3	0
BSU_06680	GO:0005886	6	0.3	0
BSU_19590	GO:0004180	6	0.3	0
BSU_10250	GO:0005886	6	0.3	0
BSU_40770	GO:0015295	6	0.3	0
BSU_28710	GO:0015295	6	0.3	0
BSU_06960	GO:0009055	6	0.3	0
BSU_11690	GO:0019877	6	0.3	0
BSU_12930	GO:0065002	6	0.3	0
BSU_01680	GO:0015295	6	0.3	0
BSU_02840	GO:0003723	6	0.3	0
BSU_16120	GO:0043565	6	0.3	0
BSU_07590	GO:0003723	6	0.3	0
BSU_17710	GO:0055085	6	0.3	0
BSU_30540	GO:0046933	6	0.3	0
BSU_38620	GO:0043565	6	0.3	0
BSU_04460	GO:0003723	6	0.3	0
BSU_37970	GO:0003723	6	0.3	0
BSU_35740	GO:0003723	6	0.3	0
BSU_02980	GO:0055085	6	0.3	0
BSU_29805	GO:0003723	6	0.3	0
BSU_25620	GO:0003723	6	0.3	0
BSU_34930	GO:0003723	6	0.3	0
BSU_34920	GO:0003723	6	0.3	0
BSU_01680	GO:0055085	6	0.3	0
BSU_10170	GO:0003723	6	0.3	0
BSU_30230	GO:0003723	6	0.3	0
BSU_37330	GO:0003723	6	0.3	0
BSU_28710	GO:0055085	6	0.3	0
BSU_04460	GO:0043565	6	0.3	0
BSU_27970	GO:0055085	6	0.3	0
BSU_22600	GO:0003723	6	0.3	0
BSU_32470	GO:0005737	6	0.3	0
BSU_29805	GO:0043565	6	0.3	0
BSU_16630	GO:0019877	6	0.3	0
BSU_23210	GO:0019877	6	0.3	0
BSU_22550	GO:0016787	6	0.3	0
BSU_11540	GO:0051920	6	0.3	0
BSU_30540	GO:0016491	6	0.3	0
BSU_05830	GO:0016829	6	0.3	0
BSU_41010	GO:0046872	6	0.3	0
BSU_01680	GO:0016787	6	0.3	0
BSU_01750	GO:0016787	6	0.3	0
BSU_22790	GO:0016491	6	0.3	0
BSU_22370	GO:0016491	6	0.3	0
BSU_35750	GO:0016020	6	0.3	0
BSU_38520	GO:0016020	6	0.3	0
BSU_03480	GO:0016829	6	0.3	0
BSU_01010	GO:0016020	6	0.3	0
BSU_30540	GO:0016829	6	0.3	0
BSU_31960	GO:0016829	6	0.3	0
BSU_33600	GO:0016020	6	0.3	0
BSU_28260	GO:0016491	6	0.3	0
BSU_27970	GO:0005737	6	0.3	0
BSU_13180	GO:0005737	6	0.3	0
BSU_02850	GO:0005737	6	0.3	0
BSU_34120	GO:0005737	6	0.3	0
BSU_17710	GO:0016787	6	0.3	0
BSU_02850	GO:0016787	6	0.3	0
BSU_22690	GO:0046872	6	0.3	0
BSU_05880	GO:0016829	6	0.3	0
BSU_34120	GO:0016829	6	0.3	0
BSU_31960	GO:0005886	6	0.3	0
BSU_17890	GO:0016491	6	0.3	0
BSU_32250	GO:0046872	6	0.3	0
BSU_37330	GO:0046872	6	0.3	0
BSU_31960	GO:0016020	6	0.3	0
BSU_06680	GO:0016491	6	0.3	0
BSU_29340	GO:0016020	6	0.3	0
BSU_33290	GO:0016020	6	0.3	0
BSU_40960	GO:0005886	6	0.3	0
BSU_40970	GO:0005886	6	0.3	0
BSU_22960	GO:0016829	6	0.3	0
BSU_22370	GO:0016829	6	0.3	0
BSU_18440	GO:0016829	6	0.3	0
BSU_34930	GO:0046872	6	0.3	0
BSU_34920	GO:0046872	6	0.3	0
BSU_15910	GO:0016829	6	0.3	0
BSU_16630	GO:0016491	6	0.3	0
BSU_13180	GO:0016491	6	0.3	0
BSU_13560	GO:0016491	6	0.3	0
BSU_28710	GO:0016787	6	0.3	0
BSU_24290	GO:0016020	6	0.3	0
BSU_35750	GO:0005886	6	0.3	0
BSU_05880	GO:0016020	6	0.3	0
BSU_13180	GO:0016829	6	0.3	0
BSU_31290	GO:0046872	6	0.3	0
BSU_34120	GO:0016020	6	0.3	0
BSU_30230	GO:0046872	6	0.3	0
BSU_22600	GO:0046872	6	0.3	0
BSU_03590	GO:0016787	6	0.3	0
BSU_03290	GO:0051920	6	0.3	0
BSU_03981	GO:0016787	6	0.3	0
BSU_13790	GO:0016787	6	0.3	0
BSU_36920	GO:0016787	6	0.3	0
BSU_03310	GO:0005737	6	0.3	0
BSU_07590	GO:0046872	6	0.3	0
BSU_09380	GO:0005737	6	0.3	0
BSU_15760	GO:0005737	6	0.3	0
BSU_24290	GO:0051920	6	0.3	0
BSU_17890	GO:0005737	6	0.3	0
BSU_00670	GO:0051920	6	0.3	0
BSU_31090	GO:0016787	6	0.3	0
BSU_02980	GO:0005886	6	0.3	0
BSU_22550	GO:0005737	6	0.3	0
BSU_33600	GO:0051920	6	0.3	0
BSU_16020	GO:0051920	6	0.3	0
BSU_27510	GO:0005737	6	0.3	0
BSU_28260	GO:0005737	6	0.3	0
BSU_32470	GO:0005737	6	0.3	0
BSU_37620	GO:0051920	6	0.3	0
BSU_32480	GO:0005737	6	0.3	0
BSU_16560	GO:0005737	6	0.3	0
BSU_30190	GO:0005737	6	0.3	0
BSU_07260	GO:0055085	6	0.3	0
BSU_40960	GO:0005737	6	0.3	0
BSU_07810	GO:0046872	6	0.3	0
BSU_13840	GO:0051920	6	0.3	0
BSU_07130	GO:0016787	6	0.3	0
BSU_11690	GO:0046872	6	0.3	0
BSU_38390	GO:0016787	6	0.3	0
BSU_07260	GO:0016787	6	0.3	0
BSU_07500	GO:0016787	6	0.3	0
BSU_07510	GO:0016787	6	0.3	0
BSU_08200	GO:0016787	6	0.3	0
BSU_08450	GO:0016787	6	0.3	0
BSU_08460	GO:0016787	6	0.3	0
BSU_18150	GO:0046872	6	0.3	0
BSU_32750	GO:0016787	6	0.3	0
BSU_27390	GO:0046872	6	0.3	0
BSU_39650	GO:0016787	6	0.3	0
BSU_34550	GO:0016787	6	0.3	0
BSU_12940	GO:0016787	6	0.3	0
BSU_10250	GO:0046872	6	0.3	0
BSU_11330	GO:0046872	6	0.3	0
BSU_10170	GO:0046872	6	0.3	0
BSU_30050	GO:0016787	6	0.3	0
BSU_13960	GO:0016787	6	0.3	0
BSU_06960	GO:0016829	6	0.3	0
BSU_07710	GO:0016787	6	0.3	0
BSU_06812	GO:0016787	6	0.3	0
BSU_27970	GO:0005886	6	0.3	0
BSU_22370	GO:0016746	6	0.3	0
BSU_07260	GO:0008237	6	0.3	0
BSU_07710	GO:0008237	6	0.3	0
BSU_06460	GO:0004124	6	0.3	0
BSU_34950	GO:0008801	6	0.3	0
BSU_27970	GO:0004497	6	0.3	0
BSU_05880	GO:0004783	6	0.3	0
BSU_32480	GO:0140824	6	0.3	0
BSU_32470	GO:0140824	6	0.3	0
BSU_08180	GO:0008801	6	0.3	0
BSU_09620	GO:0004497	6	0.3	0
BSU_32000	GO:0140824	6	0.3	0
BSU_13180	GO:0004497	6	0.3	0
BSU_02850	GO:0004497	6	0.3	0
BSU_03040	GO:0004497	6	0.3	0
BSU_34120	GO:0004497	6	0.3	0
BSU_03290	GO:0004497	6	0.3	0
BSU_03310	GO:0004497	6	0.3	0
BSU_25730	GO:0140824	6	0.3	0
BSU_11540	GO:0004497	6	0.3	0
BSU_22550	GO:0140824	6	0.3	0
BSU_36920	GO:0008880	6	0.3	0
BSU_03450	GO:0008880	6	0.3	0
BSU_15630	GO:0140824	6	0.3	0
BSU_05860	GO:0004497	6	0.3	0
BSU_16120	GO:0008801	6	0.3	0
BSU_15910	GO:0140824	6	0.3	0
BSU_19180	GO:0140824	6	0.3	0
BSU_10540	GO:0016740	6	0.3	0
BSU_01920	GO:0140824	6	0.3	0
BSU_22140	GO:0140824	6	0.3	0
BSU_03290	GO:0006979	6	0.3	0
BSU_15910	GO:0046872	6	0.3	0
BSU_03310	GO:0006979	6	0.3	0
BSU_11540	GO:0006979	6	0.3	0
BSU_24560	GO:0046872	6	0.3	0
BSU_18440	GO:0046872	6	0.3	0
BSU_05860	GO:0006979	6	0.3	0
BSU_09440	GO:0046872	6	0.3	0
BSU_14600	GO:0046872	6	0.3	0
BSU_33040	GO:0046872	6	0.3	0
BSU_19180	GO:0004497	6	0.3	0
BSU_32480	GO:0004497	6	0.3	0
BSU_33540	GO:0140824	6	0.3	0
BSU_10140	GO:0016740	6	0.3	0
BSU_22790	GO:0004497	6	0.3	0
BSU_07260	GO:0008801	6	0.3	0
BSU_21460	GO:0140824	6	0.3	0
BSU_05830	GO:0004783	6	0.3	0
BSU_32820	GO:0140824	6	0.3	0
BSU_12380	GO:0140824	6	0.3	0
BSU_07710	GO:0008801	6	0.3	0
BSU_03910	GO:0140824	6	0.3	0
BSU_30540	GO:0004783	6	0.3	0
BSU_25480	GO:0004124	6	0.3	0
BSU_17100	GO:0016740	6	0.3	0
BSU_33040	GO:0004783	6	0.3	0
BSU_15690	GO:0006289	6	0.3	0
BSU_00670	GO:0004527	6	0.3	0
BSU_02030	GO:0006289	6	0.3	0
BSU_30540	GO:0004527	6	0.3	0
BSU_40970	GO:0004527	6	0.3	0
BSU_22690	GO:0008880	6	0.3	0
BSU_03930	GO:0140824	6	0.3	0
BSU_24080	GO:0140824	6	0.3	0
BSU_05970	GO:0004527	6	0.3	0
BSU_15760	GO:0004497	6	0.3	0
BSU_13840	GO:0140824	6	0.3	0
BSU_17890	GO:0004497	6	0.3	0
BSU_06960	GO:0004527	6	0.3	0
BSU_30830	GO:0008880	6	0.3	0
BSU_30830	GO:0008801	6	0.3	0
BSU_19230	GO:0046256	6	0.3	0
BSU_19360	GO:0006289	6	0.3	0
BSU_39760	GO:0046256	6	0.3	0
BSU_22790	GO:0004527	6	0.3	0
BSU_18460	GO:0004527	6	0.3	0
BSU_22140	GO:0046256	6	0.3	0
BSU_31190	GO:0008880	6	0.3	0
BSU_16110	GO:0004527	6	0.3	0
BSU_03480	GO:0006289	6	0.3	0
BSU_15460	GO:0008880	6	0.3	0
BSU_39920	GO:0004527	6	0.3	0
BSU_03290	GO:0140824	6	0.3	0
BSU_07260	GO:0004497	6	0.3	0
BSU_08180	GO:0004497	6	0.3	0
BSU_11540	GO:0004124	6	0.3	0
BSU_23220	GO:0006289	6	0.3	0
BSU_03290	GO:0004124	6	0.3	0
BSU_24560	GO:0140824	6	0.3	0
BSU_03480	GO:0004783	6	0.3	0
BSU_03310	GO:0140824	6	0.3	0
BSU_37620	GO:0004124	6	0.3	0
BSU_16020	GO:0004124	6	0.3	0
BSU_33600	GO:0004124	6	0.3	0
BSU_02980	GO:0004527	6	0.3	0
BSU_37780	GO:0140824	6	0.3	0
BSU_11620	GO:0008880	6	0.3	0
BSU_00670	GO:0004124	6	0.3	0
BSU_24290	GO:0004124	6	0.3	0
BSU_14470	GO:0006289	6	0.3	0
BSU_16600	GO:0006289	6	0.3	0
BSU_31440	GO:0004124	6	0.3	0
BSU_32750	GO:0004527	6	0.3	0
BSU_06680	GO:0004527	6	0.3	0
BSU_26810	GO:0008880	6	0.3	0
BSU_21910	GO:0016740	6	0.3	0
BSU_34120	GO:0006979	6	0.3	0
BSU_37170	GO:0046256	6	0.3	0
BSU_32250	GO:0017000	6	0.3	0
BSU_28170	GO:0020037	6	0.3	0
BSU_06812	GO:0043200	6	0.3	0
BSU_02750	GO:0008033	6	0.3	0
BSU_04660	GO:0043200	6	0.3	0
BSU_02980	GO:0008033	6	0.3	0
BSU_10140	GO:0017000	6	0.3	0
BSU_36370	GO:0017000	6	0.3	0
BSU_02750	GO:0022857	6	0.3	0
BSU_04460	GO:0017000	6	0.3	0
BSU_37970	GO:0017000	6	0.3	0
BSU_35740	GO:0017000	6	0.3	0
BSU_01750	GO:0022857	6	0.3	0
BSU_03590	GO:0008033	6	0.3	0
BSU_29805	GO:0017000	6	0.3	0
BSU_25620	GO:0017000	6	0.3	0
BSU_05860	GO:0008033	6	0.3	0
BSU_34930	GO:0017000	6	0.3	0
BSU_06812	GO:0020037	6	0.3	0
BSU_34920	GO:0017000	6	0.3	0
BSU_07710	GO:0020037	6	0.3	0
BSU_31290	GO:0017000	6	0.3	0
BSU_34010	GO:0020037	6	0.3	0
BSU_30230	GO:0017000	6	0.3	0
BSU_33150	GO:0020037	6	0.3	0
BSU_10140	GO:0020037	6	0.3	0
BSU_07590	GO:0043200	6	0.3	0
BSU_32800	GO:0004124	6	0.3	0
BSU_23250	GO:0008531	6	0.3	0
BSU_27430	GO:0015112	6	0.3	0
BSU_10250	GO:0022857	6	0.3	0
BSU_25590	GO:0015112	6	0.3	0
BSU_16110	GO:0004124	6	0.3	0
BSU_10250	GO:0004124	6	0.3	0
BSU_22370	GO:0004124	6	0.3	0
BSU_09570	GO:0004124	6	0.3	0
BSU_29340	GO:0003677	6	0.3	0
BSU_38620	GO:0043200	6	0.3	0
BSU_31530	GO:0043200	6	0.3	0
BSU_05860	GO:0022857	6	0.3	0
BSU_07810	GO:0004124	6	0.3	0
BSU_33290	GO:0003677	6	0.3	0
BSU_04460	GO:0043200	6	0.3	0
BSU_01750	GO:0008033	6	0.3	0
BSU_29805	GO:0043200	6	0.3	0
BSU_29440	GO:0004124	6	0.3	0
BSU_06460	GO:0022857	6	0.3	0
BSU_06450	GO:0022857	6	0.3	0
BSU_16120	GO:0043200	6	0.3	0
BSU_39920	GO:0008033	6	0.3	0
BSU_37330	GO:0017000	6	0.3	0
BSU_06450	GO:0008033	6	0.3	0
BSU_02850	GO:0006979	6	0.3	0
BSU_06460	GO:0008033	6	0.3	0
BSU_08100	GO:0046872	6	0.3	0
BSU_05830	GO:0046872	6	0.3	0
BSU_05880	GO:0046872	6	0.3	0
BSU_12940	GO:0006979	6	0.3	0
BSU_12930	GO:0006979	6	0.3	0
BSU_09620	GO:0008801	6	0.3	0
BSU_32750	GO:0046872	6	0.3	0
BSU_39650	GO:0020037	6	0.3	0
BSU_31960	GO:0046872	6	0.3	0
BSU_30540	GO:0046872	6	0.3	0
BSU_15760	GO:0006979	6	0.3	0
BSU_06680	GO:0046872	6	0.3	0
BSU_13840	GO:0006979	6	0.3	0
BSU_06960	GO:0004783	6	0.3	0
BSU_03040	GO:0008801	6	0.3	0
BSU_11540	GO:0008801	6	0.3	0
BSU_31090	GO:0015112	6	0.3	0
BSU_22370	GO:0046872	6	0.3	0
BSU_14180	GO:0016740	6	0.3	0
BSU_03520	GO:0006979	6	0.3	0
BSU_13180	GO:0006979	6	0.3	0
BSU_04210	GO:0016740	6	0.3	0
BSU_05860	GO:0008801	6	0.3	0
BSU_08200	GO:0046872	6	0.3	0
BSU_30380	GO:0020037	6	0.3	0
BSU_16110	GO:0046872	6	0.3	0
BSU_10170	GO:0017000	6	0.3	0
BSU_06680	GO:0008033	6	0.3	0
BSU_31090	GO:0008961	6	0.3	0
BSU_22600	GO:0017000	6	0.3	0
BSU_22550	GO:0015112	6	0.3	0
BSU_08100	GO:0008033	6	0.3	0
BSU_32750	GO:0008033	6	0.3	0
BSU_11690	GO:0017000	6	0.3	0
BSU_10250	GO:0008033	6	0.3	0
BSU_11330	GO:0017000	6	0.3	0
BSU_13960	GO:0020037	6	0.3	0
BSU_30050	GO:0015112	6	0.3	0
BSU_13560	GO:0008033	6	0.3	0
BSU_30050	GO:0020037	6	0.3	0
BSU_07590	GO:0017000	6	0.3	0
BSU_02840	GO:0017000	6	0.3	0
BSU_38480	GO:0008033	6	0.3	0
BSU_40960	GO:0006979	6	0.3	0
BSU_06960	GO:0046872	6	0.3	0
BSU_27970	GO:0006979	6	0.3	0
BSU_33600	GO:0006979	6	0.3	0
BSU_37620	GO:0006979	6	0.3	0
BSU_13960	GO:0015112	6	0.3	0
BSU_09380	GO:0004527	6	0.3	0
BSU_08100	GO:0004527	6	0.3	0
BSU_34950	GO:0008237	6	0.3	0
BSU_12340	GO:0008880	6	0.3	0
BSU_15910	GO:0005737	6	0.3	0
BSU_00670	GO:0008763	6	0.3	0
BSU_24290	GO:0046872	6	0.3	0
BSU_17890	GO:0005737	6	0.3	0
BSU_18440	GO:0005737	6	0.3	0
BSU_39920	GO:0008763	6	0.3	0
BSU_24080	GO:0005737	6	0.3	0
BSU_28260	GO:0005737	6	0.3	0
BSU_06812	GO:0015112	6	0.3	0
BSU_17580	GO:0008880	6	0.3	0
BSU_12930	GO:0046872	6	0.3	0
BSU_16290	GO:0046872	6	0.3	0
BSU_02980	GO:0008763	6	0.3	0
BSU_25590	GO:0030435	6	0.3	0
BSU_22790	GO:0030435	6	0.3	0
BSU_03590	GO:0008763	6	0.3	0
BSU_18460	GO:0030435	6	0.3	0
BSU_06450	GO:0008763	6	0.3	0
BSU_06460	GO:0008763	6	0.3	0
BSU_06680	GO:0008763	6	0.3	0
BSU_08100	GO:0008763	6	0.3	0
BSU_32750	GO:0008763	6	0.3	0
BSU_16110	GO:0030435	6	0.3	0
BSU_15920	GO:0046872	6	0.3	0
BSU_23210	GO:0008763	6	0.3	0
BSU_06960	GO:0030435	6	0.3	0
BSU_32750	GO:0005737	6	0.3	0
BSU_12940	GO:0046872	6	0.3	0
BSU_08200	GO:0046872	6	0.3	0
BSU_07510	GO:0046872	6	0.3	0
BSU_07500	GO:0046872	6	0.3	0
BSU_34120	GO:0005737	6	0.3	0
BSU_05880	GO:0005737	6	0.3	0
BSU_05880	GO:0046872	6	0.3	0
BSU_05830	GO:0046872	6	0.3	0
BSU_05830	GO:0046872	6	0.3	0
BSU_38390	GO:0046872	6	0.3	0
BSU_31960	GO:0005737	6	0.3	0
BSU_17860	GO:0008763	6	0.3	0
BSU_30540	GO:0005737	6	0.3	0
BSU_06960	GO:0046872	6	0.3	0
BSU_06680	GO:0005737	6	0.3	0
BSU_02980	GO:0046872	6	0.3	0
BSU_17710	GO:0046872	6	0.3	0
BSU_13180	GO:0005737	6	0.3	0
BSU_13560	GO:0005737	6	0.3	0
BSU_05970	GO:0030435	6	0.3	0
BSU_31530	GO:0030435	6	0.3	0
BSU_11520	GO:0046872	6	0.3	0
BSU_07130	GO:0008880	6	0.3	0
BSU_09380	GO:0030435	6	0.3	0
BSU_30540	GO:0046872	6	0.3	0
BSU_12380	GO:0008880	6	0.3	0
BSU_01750	GO:0015112	6	0.3	0
BSU_39920	GO:0019825	6	0.3	0
BSU_22550	GO:0008237	6	0.3	0
BSU_02980	GO:0019825	6	0.3	0
BSU_01680	GO:0015112	6	0.3	0
BSU_03590	GO:0019825	6	0.3	0
BSU_05860	GO:0019825	6	0.3	0
BSU_16120	GO:0008237	6	0.3	0
BSU_00670	GO:0003677	6	0.3	0
BSU_03930	GO:0003677	6	0.3	0
BSU_28710	GO:0015112	6	0.3	0
BSU_06450	GO:0019825	6	0.3	0
BSU_17890	GO:0008237	6	0.3	0
BSU_06460	GO:0019825	6	0.3	0
BSU_06680	GO:0019825	6	0.3	0
BSU_15760	GO:0008237	6	0.3	0
BSU_22760	GO:0003677	6	0.3	0
BSU_08100	GO:0019825	6	0.3	0
BSU_24130	GO:0003677	6	0.3	0
BSU_32750	GO:0019825	6	0.3	0
BSU_10250	GO:0019825	6	0.3	0
BSU_30540	GO:0003677	6	0.3	0
BSU_08180	GO:0008237	6	0.3	0
BSU_01750	GO:0019825	6	0.3	0
BSU_29760	GO:0003677	6	0.3	0
BSU_27510	GO:0008237	6	0.3	0
BSU_28260	GO:0030435	6	0.3	0
BSU_08100	GO:0030435	6	0.3	0
BSU_06060	GO:0030435	6	0.3	0
BSU_03890	GO:0030435	6	0.3	0
BSU_03981	GO:0015112	6	0.3	0
BSU_38480	GO:0008763	6	0.3	0
BSU_27620	GO:0030435	6	0.3	0
BSU_13560	GO:0008763	6	0.3	0
BSU_13300	GO:0003677	6	0.3	0
BSU_30050	GO:0003677	6	0.3	0
BSU_32250	GO:0030435	6	0.3	0
BSU_30190	GO:0019825	6	0.3	0
BSU_39920	GO:0003677	6	0.3	0
BSU_07260	GO:0019825	6	0.3	0
BSU_31440	GO:0030435	6	0.3	0
BSU_29440	GO:0030435	6	0.3	0
BSU_37620	GO:0019825	6	0.3	0
BSU_03590	GO:0015112	6	0.3	0
BSU_02850	GO:0015112	6	0.3	0
BSU_28260	GO:0008237	6	0.3	0
BSU_31090	GO:0003677	6	0.3	0
BSU_00670	GO:0019825	6	0.3	0
BSU_15920	GO:0016746	6	0.3	0
BSU_12930	GO:0046872	6	0.3	0
BSU_33040	GO:0046872	6	0.3	0
BSU_00810	GO:0046256	6	0.3	0
BSU_30050	GO:0055085	6	0.3	0
BSU_22080	GO:0008801	6	0.3	0
BSU_03981	GO:0016887	6	0.3	0
BSU_01750	GO:0008880	6	0.3	0
BSU_35740	GO:0008801	6	0.3	0
BSU_01920	GO:0008801	6	0.3	0
BSU_22090	GO:0055085	6	0.3	0
BSU_02270	GO:0055085	6	0.3	0
BSU_06812	GO:0016887	6	0.3	0
BSU_29440	GO:0004527	6	0.3	0
BSU_40070	GO:0055085	6	0.3	0
BSU_13300	GO:0055085	6	0.3	0
BSU_14410	GO:0055085	6	0.3	0
BSU_23310	GO:0055085	6	0.3	0
BSU_07260	GO:0016887	6	0.3	0
BSU_07710	GO:0016887	6	0.3	0
BSU_24630	GO:0055085	6	0.3	0
BSU_34010	GO:0016887	6	0.3	0
BSU_16560	GO:0055085	6	0.3	0
BSU_08450	GO:0016887	6	0.3	0
BSU_08460	GO:0016887	6	0.3	0
BSU_35900	GO:0055085	6	0.3	0
BSU_27440	GO:0055085	6	0.3	0
BSU_22550	GO:0055085	6	0.3	0
BSU_13960	GO:0046256	6	0.3	0
BSU_39760	GO:0008880	6	0.3	0
BSU_22960	GO:0004783	6	0.3	0
BSU_34880	GO:0008880	6	0.3	0
BSU_29760	GO:0046256	6	0.3	0
BSU_24150	GO:0046256	6	0.3	0
BSU_22960	GO:0006289	6	0.3	0
BSU_33540	GO:0046256	6	0.3	0
BSU_07500	GO:0016887	6	0.3	0
BSU_06150	GO:0046256	6	0.3	0
BSU_07510	GO:0016887	6	0.3	0
BSU_28170	GO:0046256	6	0.3	0
BSU_07630	GO:0008801	6	0.3	0
BSU_28710	GO:0016887	6	0.3	0
BSU_10140	GO:0046256	6	0.3	0
BSU_22370	GO:0004783	6	0.3	0
BSU_01680	GO:0016887	6	0.3	0
BSU_37670	GO:0046256	6	0.3	0
BSU_01750	GO:0016887	6	0.3	0
BSU_16600	GO:0004783	6	0.3	0
BSU_40960	GO:0004527	6	0.3	0
BSU_17710	GO:0016887	6	0.3	0
BSU_07630	GO:0046256	6	0.3	0
BSU_02850	GO:0016887	6	0.3	0
BSU_34550	GO:0008880	6	0.3	0
BSU_18440	GO:0004783	6	0.3	0
BSU_02840	GO:0008880	6	0.3	0
BSU_13840	GO:0055085	6	0.3	0
BSU_05830	GO:0005737	6	0.3	0
BSU_03040	GO:0008880	6	0.3	0
BSU_34440	GO:0005886	6	0.3	0
BSU_24080	GO:0046872	6	0.3	0
BSU_34010	GO:0015112	6	0.3	0
BSU_24630	GO:0046872	6	0.3	0
BSU_01610	GO:0046872	6	0.3	0
BSU_33300	GO:0046872	6	0.3	0
BSU_35900	GO:0046872	6	0.3	0
BSU_33040	GO:0016746	6	0.3	0
BSU_31290	GO:0008880	6	0.3	0
BSU_07710	GO:0015112	6	0.3	0
BSU_22960	GO:0046872	6	0.3	0
BSU_22370	GO:0046872	6	0.3	0
BSU_18440	GO:0046872	6	0.3	0
BSU_34010	GO:0090729	6	0.3	0
BSU_16600	GO:0046872	6	0.3	0
BSU_22550	GO:0005737	6	0.3	0
BSU_27440	GO:0046872	6	0.3	0
BSU_13790	GO:0008880	6	0.3	0
BSU_08200	GO:0005737	6	0.3	0
BSU_08100	GO:0005737	6	0.3	0
BSU_03480	GO:0046872	6	0.3	0
BSU_13950	GO:0046872	6	0.3	0
BSU_24290	GO:0016746	6	0.3	0
BSU_02750	GO:0055085	6	0.3	0
BSU_02980	GO:0055085	6	0.3	0
BSU_03590	GO:0055085	6	0.3	0
BSU_27970	GO:0055085	6	0.3	0
BSU_08200	GO:0055085	6	0.3	0
BSU_38390	GO:0055085	6	0.3	0
BSU_31090	GO:0016887	6	0.3	0
BSU_08460	GO:0015112	6	0.3	0
BSU_03981	GO:0055085	6	0.3	0
BSU_08450	GO:0015112	6	0.3	0
BSU_17710	GO:0055085	6	0.3	0
BSU_01680	GO:0055085	6	0.3	0
BSU_13960	GO:0016887	6	0.3	0
BSU_28710	GO:0055085	6	0.3	0
BSU_32800	GO:0016746	6	0.3	0
BSU_01010	GO:0005737	6	0.3	0
BSU_29805	GO:0055085	6	0.3	0
BSU_30050	GO:0016887	6	0.3	0
BSU_39480	GO:0055085	6	0.3	0
BSU_33290	GO:0055085	6	0.3	0
BSU_29340	GO:0055085	6	0.3	0
BSU_27430	GO:0055085	6	0.3	0
BSU_08180	GO:0008880	6	0.3	0
BSU_22550	GO:0016887	6	0.3	0
BSU_32750	GO:0055085	6	0.3	0
BSU_08100	GO:0055085	6	0.3	0
BSU_32370	GO:0005829	6	0.3	0
BSU_29440	GO:0006072	6	0.3	0
BSU_08450	GO:0090729	6	0.3	0
BSU_12940	GO:0003677	6	0.3	0
BSU_15460	GO:0071555	6	0.3	0
BSU_03590	GO:0006826	6	0.3	0
BSU_22690	GO:0071555	6	0.3	0
BSU_02850	GO:0006826	6	0.3	0
BSU_17710	GO:0006826	6	0.3	0
BSU_04460	GO:0003690	6	0.3	0
BSU_16020	GO:0006750	6	0.3	0
BSU_01750	GO:0006826	6	0.3	0
BSU_01680	GO:0006826	6	0.3	0
BSU_38620	GO:0005886	6	0.3	0
BSU_28710	GO:0006826	6	0.3	0
BSU_28260	GO:0034023	6	0.3	0
BSU_32250	GO:0016979	6	0.3	0
BSU_16650	GO:0005886	6	0.3	0
BSU_30830	GO:0071555	6	0.3	0
BSU_25480	GO:0006750	6	0.3	0
BSU_27440	GO:0007165	6	0.3	0
BSU_09620	GO:0006750	6	0.3	0
BSU_30540	GO:0005515	6	0.3	0
BSU_34010	GO:0022857	6	0.3	0
BSU_03981	GO:0006826	6	0.3	0
BSU_00670	GO:0005886	6	0.3	0
BSU_34010	GO:0006826	6	0.3	0
BSU_12930	GO:0016887	6	0.3	0
BSU_35900	GO:0007165	6	0.3	0
BSU_32750	GO:0006826	6	0.3	0
BSU_11540	GO:0006750	6	0.3	0
BSU_03450	GO:0071555	6	0.3	0
BSU_08200	GO:0006826	6	0.3	0
BSU_16020	GO:0019284	6	0.3	0
BSU_33600	GO:0019284	6	0.3	0
BSU_12940	GO:0016887	6	0.3	0
BSU_38390	GO:0006826	6	0.3	0
BSU_32690	GO:0016979	6	0.3	0
BSU_07710	GO:0006826	6	0.3	0
BSU_07260	GO:0006826	6	0.3	0
BSU_37330	GO:0016979	6	0.3	0
BSU_11620	GO:0071555	6	0.3	0
BSU_18460	GO:0006310	6	0.3	0
BSU_06812	GO:0006826	6	0.3	0
BSU_16560	GO:0006750	6	0.3	0
BSU_39390	GO:0022857	6	0.3	0
BSU_22790	GO:0006310	6	0.3	0
BSU_06370	GO:0022857	6	0.3	0
BSU_07510	GO:0007165	6	0.3	0
BSU_15630	GO:0050661	6	0.3	0
BSU_08200	GO:0007165	6	0.3	0
BSU_22370	GO:0005515	6	0.3	0
BSU_29805	GO:0003690	6	0.3	0
BSU_34550	GO:0016491	6	0.3	0
BSU_13560	GO:0034023	6	0.3	0
BSU_32800	GO:0005515	6	0.3	0
BSU_14600	GO:0005515	6	0.3	0
BSU_03981	GO:0022857	6	0.3	0
BSU_01750	GO:0022857	6	0.3	0
BSU_16630	GO:0005886	6	0.3	0
BSU_07500	GO:0007165	6	0.3	0
BSU_02840	GO:0005886	6	0.3	0
BSU_06812	GO:0022857	6	0.3	0
BSU_32000	GO:0050661	6	0.3	0
BSU_15920	GO:0005515	6	0.3	0
BSU_07260	GO:0022857	6	0.3	0
BSU_07710	GO:0022857	6	0.3	0
BSU_13840	GO:0050661	6	0.3	0
BSU_41010	GO:0016979	6	0.3	0
BSU_06960	GO:0005515	6	0.3	0
BSU_37780	GO:0050661	6	0.3	0
BSU_22550	GO:0007165	6	0.3	0
BSU_26590	GO:0022857	6	0.3	0
BSU_22600	GO:0034023	6	0.3	0
BSU_03930	GO:0050661	6	0.3	0
BSU_16630	GO:0034023	6	0.3	0
BSU_15550	GO:0034023	6	0.3	0
BSU_31190	GO:0071555	6	0.3	0
BSU_16590	GO:0005886	6	0.3	0
BSU_36920	GO:0071555	6	0.3	0
BSU_01680	GO:0022857	6	0.3	0
BSU_29990	GO:0022857	6	0.3	0
BSU_00910	GO:0005886	6	0.3	0
BSU_12930	GO:0007165	6	0.3	0
BSU_28710	GO:0022857	6	0.3	0
BSU_16600	GO:0005515	6	0.3	0
BSU_12940	GO:0007165	6	0.3	0
BSU_14180	GO:0034023	6	0.3	0
BSU_03910	GO:0005886	6	0.3	0
BSU_27970	GO:0006750	6	0.3	0
BSU_39650	GO:0046872	6	0.3	0
BSU_14410	GO:0006750	6	0.3	0
BSU_01680	GO:0003677	6	0.3	0
BSU_34120	GO:0006750	6	0.3	0
BSU_07260	GO:0006750	6	0.3	0
BSU_27970	GO:0008740	6	0.3	0
BSU_12340	GO:0008740	6	0.3	0
BSU_27970	GO:0003677	6	0.3	0
BSU_38620	GO:0003690	6	0.3	0
BSU_34470	GO:0005262	6	0.3	0
BSU_35780	GO:0006750	6	0.3	0
BSU_27440	GO:0006826	6	0.3	0
BSU_37620	GO:0019284	6	0.3	0
BSU_01750	GO:0016887	6	0.3	0
BSU_27430	GO:0006826	6	0.3	0
BSU_28710	GO:0046872	6	0.3	0
BSU_25590	GO:0006826	6	0.3	0
BSU_39650	GO:0016020	6	0.3	0
BSU_33770	GO:0006750	6	0.3	0
BSU_04970	GO:0006750	6	0.3	0
BSU_30230	GO:0016979	6	0.3	0
BSU_03040	GO:0006750	6	0.3	0
BSU_32800	GO:0016740	6	0.3	0
BSU_25590	GO:0045892	6	0.3	0
BSU_03040	GO:0008740	6	0.3	0
BSU_34440	GO:0005262	6	0.3	0
BSU_02840	GO:0019284	6	0.3	0
BSU_40960	GO:0006310	6	0.3	0
BSU_05860	GO:0016887	6	0.3	0
BSU_03810	GO:0003677	6	0.3	0
BSU_38620	GO:0045892	6	0.3	0
BSU_01610	GO:0003677	6	0.3	0
BSU_03290	GO:0008740	6	0.3	0
BSU_02850	GO:0008740	6	0.3	0
BSU_09620	GO:0008740	6	0.3	0
BSU_29805	GO:0045892	6	0.3	0
BSU_24070	GO:0005886	6	0.3	0
BSU_00460	GO:0005886	6	0.3	0
BSU_02270	GO:0005262	6	0.3	0
BSU_22090	GO:0005262	6	0.3	0
BSU_09380	GO:0016740	6	0.3	0
BSU_36100	GO:0006750	6	0.3	0
BSU_39920	GO:0016887	6	0.3	0
BSU_21460	GO:0006750	6	0.3	0
BSU_00670	GO:0016887	6	0.3	0
BSU_37190	GO:0046872	6	0.3	0
BSU_04660	GO:0045892	6	0.3	0
BSU_01010	GO:0016740	6	0.3	0
BSU_13960	GO:0046872	6	0.3	0
BSU_06060	GO:0045892	6	0.3	0
BSU_13960	GO:0006826	6	0.3	0
BSU_30050	GO:0046872	6	0.3	0
BSU_08100	GO:0006310	6	0.3	0
BSU_24290	GO:0016740	6	0.3	0
BSU_16560	GO:0007165	6	0.3	0
BSU_37620	GO:0045892	6	0.3	0
BSU_06812	GO:0045892	6	0.3	0
BSU_27620	GO:0045892	6	0.3	0
BSU_31090	GO:0006826	6	0.3	0
BSU_01610	GO:0007165	6	0.3	0
BSU_24630	GO:0006750	6	0.3	0
BSU_30380	GO:0046872	6	0.3	0
BSU_23310	GO:0006750	6	0.3	0
BSU_33300	GO:0007165	6	0.3	0
BSU_09380	GO:0006310	6	0.3	0
BSU_38390	GO:0003677	6	0.3	0
BSU_03981	GO:0003677	6	0.3	0
BSU_29440	GO:0016740	6	0.3	0
BSU_10170	GO:0006750	6	0.3	0
BSU_22790	GO:0045892	6	0.3	0
BSU_16120	GO:0045892	6	0.3	0
BSU_15920	GO:0016740	6	0.3	0
BSU_16110	GO:0045892	6	0.3	0
BSU_17710	GO:0003677	6	0.3	0
BSU_03981	GO:0046872	6	0.3	0
BSU_02980	GO:0003677	6	0.3	0
BSU_22550	GO:0006826	6	0.3	0
BSU_11330	GO:0006750	6	0.3	0
BSU_24630	GO:0007165	6	0.3	0
BSU_33600	GO:0016740	6	0.3	0
BSU_08100	GO:0045892	6	0.3	0
BSU_37620	GO:0005524	6	0.3	0
BSU_06812	GO:0046872	6	0.3	0
BSU_33300	GO:0016887	6	0.3	0
BSU_34010	GO:0046872	6	0.3	0
BSU_30050	GO:0006826	6	0.3	0
BSU_31090	GO:0046872	6	0.3	0
BSU_31090	GO:0022857	6	0.3	0
BSU_13960	GO:0022857	6	0.3	0
BSU_24290	GO:0005515	6	0.3	0
BSU_32750	GO:0016979	6	0.3	0
BSU_06450	GO:0071555	6	0.3	0
BSU_23210	GO:0005886	6	0.3	0
BSU_06680	GO:0071555	6	0.3	0
BSU_05860	GO:0005737	6	0.3	0
BSU_12940	GO:0005975	6	0.3	0
BSU_32750	GO:0071555	6	0.3	0
BSU_33600	GO:0006355	6	0.3	0
BSU_12930	GO:0005975	6	0.3	0
BSU_34010	GO:0005215	6	0.3	0
BSU_03981	GO:0033214	6	0.3	0
BSU_07590	GO:0005215	6	0.3	0
BSU_10170	GO:0046872	6	0.3	0
BSU_06680	GO:0005886	6	0.3	0
BSU_00670	GO:0006355	6	0.3	0
BSU_41010	GO:0071555	6	0.3	0
BSU_34120	GO:0005737	6	0.3	0
BSU_03040	GO:0005737	6	0.3	0
BSU_28710	GO:0005737	6	0.3	0
BSU_00780	GO:0016491	6	0.3	0
BSU_08200	GO:0006006	6	0.3	0
BSU_32250	GO:0071555	6	0.3	0
BSU_06960	GO:0006310	6	0.3	0
BSU_40970	GO:0016757	6	0.3	0
BSU_25480	GO:0006355	6	0.3	0
BSU_04660	GO:0003690	6	0.3	0
BSU_40970	GO:0005975	6	0.3	0
BSU_40960	GO:0005975	6	0.3	0
BSU_15920	GO:0006355	6	0.3	0
BSU_03480	GO:0005975	6	0.3	0
BSU_08200	GO:0005737	6	0.3	0
BSU_11520	GO:0005975	6	0.3	0
BSU_08100	GO:0006006	6	0.3	0
BSU_10250	GO:0071555	6	0.3	0
BSU_33600	GO:0005975	6	0.3	0
BSU_38390	GO:0033214	6	0.3	0
BSU_05830	GO:0006006	6	0.3	0
BSU_08100	GO:0005737	6	0.3	0
BSU_18460	GO:0005886	6	0.3	0
BSU_11520	GO:0016757	6	0.3	0
BSU_08180	GO:0005737	6	0.3	0
BSU_32690	GO:0005737	6	0.3	0
BSU_24290	GO:0006355	6	0.3	0
BSU_22550	GO:0005737	6	0.3	0
BSU_02980	GO:0033214	6	0.3	0
BSU_17890	GO:0005737	6	0.3	0
BSU_15910	GO:0005975	6	0.3	0
BSU_40970	GO:0003677	6	0.3	0
BSU_06450	GO:0016979	6	0.3	0
BSU_27970	GO:0003677	6	0.3	0
BSU_24080	GO:0005737	6	0.3	0
BSU_33200	GO:0016491	6	0.3	0
BSU_11520	GO:0003677	6	0.3	0
BSU_33600	GO:0003677	6	0.3	0
BSU_06680	GO:0016979	6	0.3	0
BSU_28260	GO:0005737	6	0.3	0
BSU_17840	GO:0016491	6	0.3	0
BSU_02840	GO:0046872	6	0.3	0
BSU_16110	GO:0046872	6	0.3	0
BSU_17710	GO:0033214	6	0.3	0
BSU_01680	GO:0033214	6	0.3	0
BSU_03981	GO:0015293	6	0.3	0
BSU_33040	GO:0006526	6	0.3	0
BSU_18440	GO:0005975	6	0.3	0
BSU_34120	GO:0006355	6	0.3	0
BSU_30380	GO:0005215	6	0.3	0
BSU_06680	GO:0005737	6	0.3	0
BSU_05830	GO:0008320	6	0.3	0
BSU_21910	GO:0016491	6	0.3	0
BSU_14600	GO:0005975	6	0.3	0
BSU_32750	GO:0005737	6	0.3	0
BSU_31960	GO:0005737	6	0.3	0
BSU_33040	GO:0006355	6	0.3	0
BSU_07590	GO:0046872	6	0.3	0
BSU_22960	GO:0006526	6	0.3	0
BSU_06450	GO:0005737	6	0.3	0
BSU_22370	GO:0005975	6	0.3	0
BSU_13180	GO:0005737	6	0.3	0
BSU_13560	GO:0005737	6	0.3	0
BSU_16110	GO:0005886	6	0.3	0
BSU_05880	GO:0006355	6	0.3	0
BSU_15550	GO:0005737	6	0.3	0
BSU_15910	GO:0005737	6	0.3	0
BSU_05970	GO:0006310	6	0.3	0
BSU_22960	GO:0005975	6	0.3	0
BSU_11540	GO:0071555	6	0.3	0
BSU_34120	GO:0006006	6	0.3	0
BSU_07630	GO:0050661	6	0.3	0
BSU_15910	GO:0006006	6	0.3	0
BSU_18440	GO:0006006	6	0.3	0
BSU_16120	GO:0003690	6	0.3	0
BSU_11690	GO:0034023	6	0.3	0
BSU_11540	GO:0034023	6	0.3	0
BSU_10250	GO:0034023	6	0.3	0
BSU_17890	GO:0006006	6	0.3	0
BSU_34550	GO:0071555	6	0.3	0
BSU_40230	GO:0016491	6	0.3	0
BSU_02840	GO:0005524	6	0.3	0
BSU_17710	GO:0007165	6	0.3	0
BSU_16110	GO:0006355	6	0.3	0
BSU_27970	GO:0007165	6	0.3	0
BSU_28260	GO:0071555	6	0.3	0
BSU_06150	GO:0050661	6	0.3	0
BSU_33540	GO:0050661	6	0.3	0
BSU_24150	GO:0050661	6	0.3	0
BSU_12970	GO:0016491	6	0.3	0
BSU_13180	GO:0006006	6	0.3	0
BSU_21460	GO:0050661	6	0.3	0
BSU_32820	GO:0050661	6	0.3	0
BSU_07590	GO:0003690	6	0.3	0
BSU_33040	GO:0005515	6	0.3	0
BSU_30050	GO:0022857	6	0.3	0
BSU_31530	GO:0045892	6	0.3	0
BSU_33600	GO:0005886	6	0.3	0
BSU_34880	GO:0016491	6	0.3	0
BSU_01920	GO:0050661	6	0.3	0
BSU_05830	GO:0007165	6	0.3	0
BSU_38390	GO:0007165	6	0.3	0
BSU_03910	GO:0050661	6	0.3	0
BSU_37670	GO:0050661	6	0.3	0
BSU_22790	GO:0006006	6	0.3	0
BSU_10140	GO:0050661	6	0.3	0
BSU_04460	GO:0045892	6	0.3	0
BSU_24080	GO:0006006	6	0.3	0
BSU_13960	GO:0034023	6	0.3	0
BSU_02980	GO:0007165	6	0.3	0
BSU_22370	GO:0006006	6	0.3	0
BSU_34880	GO:0071555	6	0.3	0
BSU_12380	GO:0050661	6	0.3	0
BSU_08200	GO:0033214	6	0.3	0
BSU_29760	GO:0050661	6	0.3	0
BSU_24130	GO:0005737	6	0.3	0
BSU_38390	GO:0005975	6	0.3	0
BSU_41010	GO:0034023	6	0.3	0
BSU_14600	GO:0006355	6	0.3	0
BSU_07590	GO:0045892	6	0.3	0
BSU_03890	GO:0045892	6	0.3	0
BSU_31960	GO:0006006	6	0.3	0
BSU_32250	GO:0034023	6	0.3	0
BSU_16020	GO:0003934	6	0.3	0
BSU_14180	GO:0071555	6	0.3	0
BSU_32750	GO:0006006	6	0.3	0
BSU_33040	GO:0005975	6	0.3	0
BSU_29440	GO:0006355	6	0.3	0
BSU_13560	GO:0071555	6	0.3	0
BSU_13960	GO:0071555	6	0.3	0
BSU_22600	GO:0046872	6	0.3	0
BSU_29760	GO:0005886	6	0.3	0
BSU_11690	GO:0071555	6	0.3	0
BSU_32690	GO:0005886	6	0.3	0
BSU_05880	GO:0006006	6	0.3	0
BSU_18460	GO:0045892	6	0.3	0
BSU_15550	GO:0071555	6	0.3	0
BSU_22370	GO:0006355	6	0.3	0
BSU_14470	GO:0016757	6	0.3	0
BSU_27390	GO:0016491	6	0.3	0
BSU_06450	GO:0034023	6	0.3	0
BSU_00810	GO:0050661	6	0.3	0
BSU_24080	GO:0071555	6	0.3	0
BSU_09570	GO:0006355	6	0.3	0
BSU_06812	GO:0003690	6	0.3	0
BSU_22600	GO:0071555	6	0.3	0
BSU_37170	GO:0050661	6	0.3	0
BSU_22140	GO:0050661	6	0.3	0
BSU_16630	GO:0071555	6	0.3	0
BSU_06680	GO:0006006	6	0.3	0
BSU_39760	GO:0050661	6	0.3	0
BSU_30540	GO:0006006	6	0.3	0
BSU_22790	GO:0071555	6	0.3	0
BSU_19230	GO:0050661	6	0.3	0
BSU_32800	GO:0006355	6	0.3	0
BSU_27900	GO:0016491	6	0.3	0
BSU_17890	GO:0071555	6	0.3	0
BSU_11540	GO:0008740	6	0.3	0
BSU_06450	GO:0016887	6	0.3	0
BSU_06460	GO:0016887	6	0.3	0
BSU_27580	GO:0008270	6	0.3	0
BSU_14600	GO:0046872	6	0.3	0
BSU_15920	GO:0046872	6	0.3	0
BSU_37670	GO:0008270	6	0.3	0
BSU_00910	GO:0008270	6	0.3	0
BSU_24290	GO:0046872	6	0.3	0
BSU_06370	GO:0006865	6	0.3	0
BSU_05970	GO:0003676	6	0.3	0
BSU_26590	GO:0006865	6	0.3	0
BSU_05830	GO:0070681	6	0.3	0
BSU_01610	GO:0006865	6	0.3	0
BSU_32370	GO:0008270	6	0.3	0
BSU_40970	GO:0003678	6	0.3	0
BSU_10540	GO:0008270	6	0.3	0
BSU_40770	GO:0006865	6	0.3	0
BSU_30540	GO:0005829	6	0.3	0
BSU_29990	GO:0006865	6	0.3	0
BSU_27510	GO:0016491	6	0.3	0
BSU_30050	GO:0050845	6	0.3	0
BSU_01680	GO:0005524	6	0.3	0
BSU_34440	GO:0050845	6	0.3	0
BSU_16020	GO:0005829	6	0.3	0
BSU_13180	GO:0003676	6	0.3	0
BSU_31290	GO:0004564	6	0.3	0
BSU_16110	GO:0003934	6	0.3	0
BSU_25590	GO:0005737	6	0.3	0
BSU_30380	GO:0006865	6	0.3	0
BSU_27620	GO:0005737	6	0.3	0
BSU_34120	GO:0003676	6	0.3	0
BSU_33300	GO:0006865	6	0.3	0
BSU_16110	GO:0070681	6	0.3	0
BSU_16560	GO:0005737	6	0.3	0
BSU_03810	GO:0006865	6	0.3	0
BSU_27970	GO:0003676	6	0.3	0
BSU_08200	GO:0070681	6	0.3	0
BSU_07630	GO:0008270	6	0.3	0
BSU_03040	GO:0005524	6	0.3	0
BSU_03800	GO:0006865	6	0.3	0
BSU_35740	GO:0008270	6	0.3	0
BSU_32800	GO:0046872	6	0.3	0
BSU_08100	GO:0070681	6	0.3	0
BSU_30070	GO:0006865	6	0.3	0
BSU_02490	GO:0008270	6	0.3	0
BSU_08460	GO:0006865	6	0.3	0
BSU_13180	GO:0000287	6	0.3	0
BSU_22370	GO:0000287	6	0.3	0
BSU_11540	GO:0016491	6	0.3	0
BSU_31960	GO:0070681	6	0.3	0
BSU_18440	GO:0000287	6	0.3	0
BSU_30540	GO:0070681	6	0.3	0
BSU_33040	GO:0070681	6	0.3	0
BSU_16600	GO:0003678	6	0.3	0
BSU_15910	GO:0000287	6	0.3	0
BSU_09380	GO:0003676	6	0.3	0
BSU_33040	GO:0003678	6	0.3	0
BSU_08100	GO:0003676	6	0.3	0
BSU_03480	GO:0070681	6	0.3	0
BSU_16560	GO:0016491	6	0.3	0
BSU_38390	GO:0000287	6	0.3	0
BSU_19360	GO:0003678	6	0.3	0
BSU_16600	GO:0030163	6	0.3	0
BSU_40960	GO:0003676	6	0.3	0
BSU_14600	GO:0003678	6	0.3	0
BSU_18230	GO:0008270	6	0.3	0
BSU_03981	GO:0006865	6	0.3	0
BSU_14470	GO:0003678	6	0.3	0
BSU_06960	GO:0003676	6	0.3	0
BSU_39920	GO:0005829	6	0.3	0
BSU_38060	GO:0006865	6	0.3	0
BSU_27970	GO:0006865	6	0.3	0
BSU_34120	GO:0070681	6	0.3	0
BSU_05880	GO:0070681	6	0.3	0
BSU_00670	GO:0005829	6	0.3	0
BSU_31960	GO:0005829	6	0.3	0
BSU_28710	GO:0006865	6	0.3	0
BSU_03981	GO:0005524	6	0.3	0
BSU_28260	GO:0016491	6	0.3	0
BSU_22790	GO:0003676	6	0.3	0
BSU_01680	GO:0006865	6	0.3	0
BSU_18460	GO:0003676	6	0.3	0
BSU_17840	GO:0008270	6	0.3	0
BSU_13180	GO:0005829	6	0.3	0
BSU_33200	GO:0008270	6	0.3	0
BSU_03280	GO:0005829	6	0.3	0
BSU_17710	GO:0006865	6	0.3	0
BSU_16600	GO:0046872	6	0.3	0
BSU_40070	GO:0050845	6	0.3	0
BSU_33040	GO:0000287	6	0.3	0
BSU_41010	GO:0009245	6	0.3	0
BSU_24290	GO:0003934	6	0.3	0
BSU_22690	GO:0009245	6	0.3	0
BSU_14410	GO:0050845	6	0.3	0
BSU_23310	GO:0050845	6	0.3	0
BSU_11540	GO:0004564	6	0.3	0
BSU_03590	GO:0005737	6	0.3	0
BSU_02850	GO:0005737	6	0.3	0
BSU_17710	GO:0005737	6	0.3	0
BSU_32250	GO:0009245	6	0.3	0
BSU_22600	GO:0009245	6	0.3	0
BSU_39390	GO:0050845	6	0.3	0
BSU_37330	GO:0009245	6	0.3	0
BSU_06460	GO:0004564	6	0.3	0
BSU_30230	GO:0009245	6	0.3	0
BSU_32000	GO:0009245	6	0.3	0
BSU_25480	GO:0003934	6	0.3	0
BSU_13790	GO:0004564	6	0.3	0
BSU_06460	GO:0003934	6	0.3	0
BSU_06460	GO:0009245	6	0.3	0
BSU_37620	GO:0004564	6	0.3	0
BSU_11540	GO:0009245	6	0.3	0
BSU_10170	GO:0009245	6	0.3	0
BSU_33600	GO:0003934	6	0.3	0
BSU_34550	GO:0004564	6	0.3	0
BSU_07130	GO:0004564	6	0.3	0
BSU_11690	GO:0009245	6	0.3	0
BSU_23210	GO:0009245	6	0.3	0
BSU_10250	GO:0009245	6	0.3	0
BSU_11330	GO:0009245	6	0.3	0
BSU_09380	GO:0016491	6	0.3	0
BSU_05830	GO:0046872	6	0.3	0
BSU_11540	GO:0003934	6	0.3	0
BSU_03290	GO:0003934	6	0.3	0
BSU_30380	GO:0035429	6	0.3	0
BSU_28510	GO:0009245	6	0.3	0
BSU_07810	GO:0009245	6	0.3	0
BSU_28720	GO:0009245	6	0.3	0
BSU_17580	GO:0004564	6	0.3	0
BSU_07590	GO:0009245	6	0.3	0
BSU_00670	GO:0003934	6	0.3	0
BSU_36920	GO:0004564	6	0.3	0
BSU_31290	GO:0009245	6	0.3	0
BSU_39650	GO:0035429	6	0.3	0
BSU_06370	GO:0050845	6	0.3	0
BSU_05860	GO:0016491	6	0.3	0
BSU_13950	GO:0046872	6	0.3	0
BSU_17890	GO:0016491	6	0.3	0
BSU_35750	GO:0005737	6	0.3	0
BSU_09570	GO:0003934	6	0.3	0
BSU_22370	GO:0003934	6	0.3	0
BSU_27900	GO:0009245	6	0.3	0
BSU_07500	GO:0006865	6	0.3	0
BSU_07510	GO:0006865	6	0.3	0
BSU_35750	GO:0046872	6	0.3	0
BSU_16120	GO:0008270	6	0.3	0
BSU_03040	GO:0004564	6	0.3	0
BSU_15690	GO:0046872	6	0.3	0
BSU_10250	GO:0003934	6	0.3	0
BSU_17890	GO:0005737	6	0.3	0
BSU_02840	GO:0004564	6	0.3	0
BSU_30540	GO:0005737	6	0.3	0
BSU_08450	GO:0006865	6	0.3	0
BSU_34950	GO:0008270	6	0.3	0
BSU_12930	GO:0046872	6	0.3	0
BSU_24630	GO:0005737	6	0.3	0
BSU_10250	GO:0004564	6	0.3	0
BSU_07590	GO:0004564	6	0.3	0
BSU_34920	GO:0009245	6	0.3	0
BSU_34930	GO:0009245	6	0.3	0
BSU_07810	GO:0004564	6	0.3	0
BSU_15760	GO:0016491	6	0.3	0
BSU_10170	GO:0004564	6	0.3	0
BSU_11330	GO:0004564	6	0.3	0
BSU_29440	GO:0003934	6	0.3	0
BSU_07810	GO:0003934	6	0.3	0
BSU_07710	GO:0008270	6	0.3	0
BSU_18460	GO:0005737	6	0.3	0
BSU_02840	GO:0009245	6	0.3	0
BSU_32800	GO:0003934	6	0.3	0
BSU_11690	GO:0004564	6	0.3	0
BSU_37620	GO:0009245	6	0.3	0
BSU_06680	GO:0005737	6	0.3	0
BSU_27970	GO:0005737	6	0.3	0
BSU_08180	GO:0004564	6	0.3	0
BSU_06680	GO:0000287	6	0.3	0
BSU_30540	GO:0000287	6	0.3	0
BSU_03800	GO:0003677	6	0.3	0
BSU_14600	GO:0051539	6	0.3	0
BSU_10250	GO:0005886	6	0.3	0
BSU_23920	GO:0016887	6	0.3	0
BSU_09380	GO:0051539	6	0.3	0
BSU_32470	GO:0051539	6	0.3	0
BSU_33040	GO:0051539	6	0.3	0
BSU_16120	GO:0008740	6	0.3	0
BSU_08180	GO:0016979	6	0.3	0
BSU_11540	GO:0003677	6	0.3	0
BSU_07810	GO:0016979	6	0.3	0
BSU_28260	GO:0000287	6	0.3	0
BSU_31960	GO:0003677	6	0.3	0
BSU_38480	GO:0005886	6	0.3	0
BSU_09440	GO:0051539	6	0.3	0
BSU_17890	GO:0008740	6	0.3	0
BSU_07500	GO:0003677	6	0.3	0
BSU_07510	GO:0003677	6	0.3	0
BSU_08450	GO:0003677	6	0.3	0
BSU_13560	GO:0005886	6	0.3	0
BSU_27970	GO:0016491	6	0.3	0
BSU_08100	GO:0005886	6	0.3	0
BSU_08460	GO:0003677	6	0.3	0
BSU_40970	GO:0046872	6	0.3	0
BSU_26590	GO:0050845	6	0.3	0
BSU_09440	GO:0005886	6	0.3	0
BSU_39920	GO:0005886	6	0.3	0
BSU_02750	GO:0005886	6	0.3	0
BSU_02980	GO:0005886	6	0.3	0
BSU_22550	GO:0000287	6	0.3	0
BSU_30050	GO:0035429	6	0.3	0
BSU_05860	GO:0005886	6	0.3	0
BSU_37970	GO:0005829	6	0.3	0
BSU_22550	GO:0008740	6	0.3	0
BSU_16110	GO:0006310	6	0.3	0
BSU_11520	GO:0016887	6	0.3	0
BSU_13960	GO:0035429	6	0.3	0
BSU_27510	GO:0000287	6	0.3	0
BSU_06450	GO:0005886	6	0.3	0
BSU_06460	GO:0005886	6	0.3	0
BSU_06680	GO:0005886	6	0.3	0
BSU_03480	GO:0016887	6	0.3	0
BSU_06812	GO:0016020	6	0.3	0
BSU_18440	GO:0051539	6	0.3	0
BSU_03290	GO:0019284	6	0.3	0
BSU_06370	GO:0005262	6	0.3	0
BSU_23920	GO:0005886	6	0.3	0
BSU_10250	GO:0016887	6	0.3	0
BSU_13180	GO:0051539	6	0.3	0
BSU_07710	GO:0008740	6	0.3	0
BSU_39390	GO:0005262	6	0.3	0
BSU_07260	GO:0008740	6	0.3	0
BSU_34120	GO:0051539	6	0.3	0
BSU_16020	GO:0005524	6	0.3	0
BSU_06680	GO:0016887	6	0.3	0
BSU_23310	GO:0005262	6	0.3	0
BSU_22790	GO:0016740	6	0.3	0
BSU_05860	GO:0008740	6	0.3	0
BSU_37330	GO:0005886	6	0.3	0
BSU_40070	GO:0005262	6	0.3	0
BSU_33300	GO:0003677	6	0.3	0
BSU_34920	GO:0005886	6	0.3	0
BSU_35900	GO:0005886	6	0.3	0
BSU_32000	GO:0016979	6	0.3	0
BSU_14410	GO:0005262	6	0.3	0
BSU_28710	GO:0016979	6	0.3	0
BSU_15760	GO:0008740	6	0.3	0
BSU_13560	GO:0016887	6	0.3	0
BSU_07710	GO:0016020	6	0.3	0
BSU_28710	GO:0005262	6	0.3	0
BSU_13950	GO:0016887	6	0.3	0
BSU_34010	GO:0005262	6	0.3	0
BSU_30050	GO:0005262	6	0.3	0
BSU_12940	GO:0003677	6	0.3	0
BSU_34010	GO:0035429	6	0.3	0
BSU_27970	GO:0051539	6	0.3	0
BSU_07710	GO:0035429	6	0.3	0
BSU_03040	GO:0016979	6	0.3	0
BSU_05860	GO:0016979	6	0.3	0
BSU_13960	GO:0016020	6	0.3	0
BSU_05830	GO:0016887	6	0.3	0
BSU_06812	GO:0035429	6	0.3	0
BSU_33600	GO:0005524	6	0.3	0
BSU_08180	GO:0008740	6	0.3	0
BSU_38480	GO:0016887	6	0.3	0
BSU_34950	GO:0008740	6	0.3	0
BSU_40770	GO:0016020	6	0.3	0
BSU_11540	GO:0019284	6	0.3	0
BSU_19360	GO:0030163	6	0.3	0
BSU_03290	GO:0005829	6	0.3	0
BSU_08200	GO:0000287	6	0.3	0
BSU_33200	GO:0106435	6	0.3	0
BSU_16110	GO:0000287	6	0.3	0
BSU_02030	GO:0030163	6	0.3	0
BSU_15910	GO:0070681	6	0.3	0
BSU_34120	GO:0000287	6	0.3	0
BSU_03290	GO:0000287	6	0.3	0
BSU_34120	GO:0016491	6	0.3	0
BSU_27970	GO:0005886	6	0.3	0
BSU_14470	GO:0030163	6	0.3	0
BSU_03310	GO:0000287	6	0.3	0
BSU_30540	GO:0046872	6	0.3	0
BSU_11540	GO:0000287	6	0.3	0
BSU_18440	GO:0070681	6	0.3	0
BSU_40960	GO:0005886	6	0.3	0
BSU_33600	GO:0005886	6	0.3	0
BSU_02850	GO:0016491	6	0.3	0
BSU_37620	GO:0005886	6	0.3	0
BSU_08100	GO:0000287	6	0.3	0
BSU_03040	GO:0000287	6	0.3	0
BSU_28710	GO:0050845	6	0.3	0
BSU_34010	GO:0050845	6	0.3	0
BSU_16110	GO:0003676	6	0.3	0
BSU_31960	GO:0000287	6	0.3	0
BSU_32750	GO:0000287	6	0.3	0
BSU_16630	GO:0019284	6	0.3	0
BSU_05880	GO:0000287	6	0.3	0
BSU_02270	GO:0050845	6	0.3	0
BSU_34120	GO:0000287	6	0.3	0
BSU_27970	GO:0000287	6	0.3	0
BSU_15690	GO:0003678	6	0.3	0
BSU_08200	GO:0005524	6	0.3	0
BSU_05830	GO:0000287	6	0.3	0
BSU_23210	GO:0019284	6	0.3	0
BSU_13180	GO:0070681	6	0.3	0
BSU_09620	GO:0000287	6	0.3	0
BSU_13180	GO:0000287	6	0.3	0
BSU_34440	GO:0106435	6	0.3	0
BSU_23220	GO:0030163	6	0.3	0
BSU_02850	GO:0000287	6	0.3	0
BSU_05860	GO:0000287	6	0.3	0
BSU_16600	GO:0046872	6	0.3	0
BSU_00670	GO:0005886	6	0.3	0
BSU_01010	GO:0005886	6	0.3	0
BSU_09570	GO:0005829	6	0.3	0
BSU_18460	GO:0005886	6	0.3	0
BSU_32690	GO:0005886	6	0.3	0
BSU_22370	GO:0005829	6	0.3	0
BSU_15760	GO:0000287	6	0.3	0
BSU_07810	GO:0019284	6	0.3	0
BSU_33040	GO:0046872	6	0.3	0
BSU_07590	GO:0019284	6	0.3	0
BSU_17890	GO:0000287	6	0.3	0
BSU_23210	GO:0005886	6	0.3	0
BSU_29440	GO:0019284	6	0.3	0
BSU_16110	GO:0005829	6	0.3	0
BSU_06460	GO:0019284	6	0.3	0
BSU_04450	GO:0016887	6	0.3	0
BSU_34470	GO:0050845	6	0.3	0
BSU_35900	GO:0016887	6	0.3	0
BSU_39920	GO:0005886	6	0.3	0
BSU_17860	GO:0005829	6	0.3	0
BSU_39270	GO:0005524	6	0.3	0
BSU_10170	GO:0019284	6	0.3	0
BSU_15760	GO:0005886	6	0.3	0
BSU_07260	GO:0000287	6	0.3	0
BSU_22370	GO:0070681	6	0.3	0
BSU_22960	GO:0070681	6	0.3	0
BSU_25480	GO:0005829	6	0.3	0
BSU_14470	GO:0046872	6	0.3	0
BSU_11690	GO:0019284	6	0.3	0
BSU_14600	GO:0046872	6	0.3	0
BSU_16110	GO:0019284	6	0.3	0
BSU_15690	GO:0030163	6	0.3	0
BSU_13180	GO:0016491	6	0.3	0
BSU_16110	GO:0005886	6	0.3	0
BSU_03520	GO:0005886	6	0.3	0
BSU_15920	GO:0046872	6	0.3	0
BSU_30380	GO:0016020	6	0.3	0
BSU_08180	GO:0000287	6	0.3	0
BSU_22090	GO:0050845	6	0.3	0
BSU_06680	GO:0005886	6	0.3	0
BSU_10250	GO:0019284	6	0.3	0
BSU_11330	GO:0019284	6	0.3	0
BSU_33150	GO:0016491	6	0.3	0
BSU_37620	GO:0003934	6	0.3	0
BSU_17710	GO:0006814	6	0.3	0
BSU_25730	GO:0010133	6	0.3	0
BSU_08180	GO:0035539	6	0.3	0
BSU_08100	GO:0015625	6	0.3	0
BSU_24470	GO:0051537	6	0.3	0
BSU_31440	GO:0051537	6	0.3	0
BSU_32750	GO:0015625	6	0.3	0
BSU_23920	GO:0005886	6	0.3	0
BSU_34950	GO:0051537	6	0.3	0
BSU_34950	GO:0035539	6	0.3	0
BSU_38390	GO:0071555	6	0.3	0
BSU_39270	GO:0003723	6	0.3	0
BSU_40970	GO:0015031	6	0.3	0
BSU_02750	GO:0005886	6	0.3	0
BSU_15910	GO:0010133	6	0.3	0
BSU_07810	GO:0006364	6	0.3	0
BSU_30380	GO:0016020	6	0.3	0
BSU_10250	GO:0015625	6	0.3	0
BSU_27900	GO:0006064	6	0.3	0
BSU_24560	GO:0010133	6	0.3	0
BSU_00670	GO:0005886	6	0.3	0
BSU_38520	GO:0046872	6	0.3	0
BSU_16600	GO:0016491	6	0.3	0
BSU_22370	GO:0016491	6	0.3	0
BSU_16110	GO:0004519	6	0.3	0
BSU_38480	GO:0015625	6	0.3	0
BSU_03480	GO:0016491	6	0.3	0
BSU_10250	GO:0004519	6	0.3	0
BSU_31090	GO:0006814	6	0.3	0
BSU_02850	GO:0006814	6	0.3	0
BSU_33040	GO:0016491	6	0.3	0
BSU_28260	GO:0016979	6	0.3	0
BSU_24070	GO:0016740	6	0.3	0
BSU_06680	GO:0015625	6	0.3	0
BSU_16110	GO:0032259	6	0.3	0
BSU_36100	GO:0005886	6	0.3	0
BSU_07260	GO:0016020	6	0.3	0
BSU_39920	GO:0015625	6	0.3	0
BSU_06460	GO:0016740	6	0.3	0
BSU_06460	GO:0006364	6	0.3	0
BSU_25620	GO:0003723	6	0.3	0
BSU_16120	GO:0034023	6	0.3	0
BSU_11330	GO:0005524	6	0.3	0
BSU_36370	GO:0051537	6	0.3	0
BSU_39390	GO:0003723	6	0.3	0
BSU_00910	GO:0051537	6	0.3	0
BSU_22370	GO:0071555	6	0.3	0
BSU_02980	GO:0015625	6	0.3	0
BSU_03590	GO:0015625	6	0.3	0
BSU_23080	GO:0051537	6	0.3	0
BSU_29440	GO:0016740	6	0.3	0
BSU_05860	GO:0015625	6	0.3	0
BSU_14470	GO:0005515	6	0.3	0
BSU_32250	GO:0051537	6	0.3	0
BSU_15550	GO:0016979	6	0.3	0
BSU_17860	GO:0046872	6	0.3	0
BSU_06450	GO:0015625	6	0.3	0
BSU_28260	GO:0051537	6	0.3	0
BSU_29440	GO:0006364	6	0.3	0
BSU_06460	GO:0015625	6	0.3	0
BSU_07590	GO:0016740	6	0.3	0
BSU_06680	GO:0005886	6	0.3	0
BSU_07590	GO:0006364	6	0.3	0
BSU_07810	GO:0016740	6	0.3	0
BSU_06812	GO:0016020	6	0.3	0
BSU_12340	GO:0051537	6	0.3	0
BSU_30540	GO:0016491	6	0.3	0
BSU_06460	GO:0004519	6	0.3	0
BSU_11620	GO:0005886	6	0.3	0
BSU_22660	GO:0003723	6	0.3	0
BSU_11690	GO:0046872	6	0.3	0
BSU_11330	GO:0006364	6	0.3	0
BSU_13720	GO:0006096	6	0.3	0
BSU_10250	GO:0006364	6	0.3	0
BSU_25480	GO:0004519	6	0.3	0
BSU_06960	GO:0046872	6	0.3	0
BSU_08240	GO:0006064	6	0.3	0
BSU_11520	GO:0016491	6	0.3	0
BSU_23920	GO:0015625	6	0.3	0
BSU_09440	GO:0046872	6	0.3	0
BSU_38060	GO:0005215	6	0.3	0
BSU_16630	GO:0006364	6	0.3	0
BSU_40230	GO:0005886	6	0.3	0
BSU_13490	GO:0006096	6	0.3	0
BSU_22600	GO:0003723	6	0.3	0
BSU_15920	GO:0016491	6	0.3	0
BSU_05970	GO:0046872	6	0.3	0
BSU_06150	GO:0006096	6	0.3	0
BSU_07810	GO:0005524	6	0.3	0
BSU_16650	GO:0003723	6	0.3	0
BSU_41010	GO:0005886	6	0.3	0
BSU_35900	GO:0005886	6	0.3	0
BSU_24290	GO:0016491	6	0.3	0
BSU_05830	GO:0071555	6	0.3	0
BSU_33330	GO:0005215	6	0.3	0
BSU_27430	GO:0015625	6	0.3	0
BSU_07260	GO:0035539	6	0.3	0
BSU_08180	GO:0033609	6	0.3	0
BSU_10170	GO:0006364	6	0.3	0
BSU_07810	GO:0034023	6	0.3	0
BSU_22370	GO:0004519	6	0.3	0
BSU_07260	GO:0033609	6	0.3	0
BSU_09570	GO:0004519	6	0.3	0
BSU_15760	GO:0005886	6	0.3	0
BSU_26590	GO:0005215	6	0.3	0
BSU_09570	GO:0071555	6	0.3	0
BSU_11540	GO:0005886	6	0.3	0
BSU_06460	GO:0005886	6	0.3	0
BSU_10170	GO:0016740	6	0.3	0
BSU_16590	GO:0003723	6	0.3	0
BSU_05880	GO:0016491	6	0.3	0
BSU_08180	GO:0034023	6	0.3	0
BSU_06450	GO:0005886	6	0.3	0
BSU_11330	GO:0016740	6	0.3	0
BSU_29440	GO:0004519	6	0.3	0
BSU_06370	GO:0005215	6	0.3	0
BSU_07630	GO:0035539	6	0.3	0
BSU_14180	GO:0016979	6	0.3	0
BSU_10250	GO:0016740	6	0.3	0
BSU_24150	GO:0008360	6	0.3	0
BSU_31960	GO:0071555	6	0.3	0
BSU_05830	GO:0016491	6	0.3	0
BSU_32800	GO:0004519	6	0.3	0
BSU_39390	GO:0005215	6	0.3	0
BSU_19360	GO:0016491	6	0.3	0
BSU_07710	GO:0035539	6	0.3	0
BSU_13560	GO:0015625	6	0.3	0
BSU_07810	GO:0004519	6	0.3	0
BSU_18230	GO:0006064	6	0.3	0
BSU_01750	GO:0015625	6	0.3	0
BSU_11540	GO:0004519	6	0.3	0
BSU_32800	GO:0032259	6	0.3	0
BSU_32250	GO:0006064	6	0.3	0
BSU_33600	GO:0006364	6	0.3	0
BSU_28710	GO:0030153	6	0.3	0
BSU_03930	GO:0010133	6	0.3	0
BSU_25480	GO:0046872	6	0.3	0
BSU_02840	GO:0016740	6	0.3	0
BSU_16120	GO:0035539	6	0.3	0
BSU_37190	GO:0016020	6	0.3	0
BSU_10250	GO:0030153	6	0.3	0
BSU_24080	GO:0010133	6	0.3	0
BSU_18460	GO:0010133	6	0.3	0
BSU_39920	GO:0032259	6	0.3	0
BSU_39650	GO:0016020	6	0.3	0
BSU_25590	GO:0006814	6	0.3	0
BSU_13950	GO:0071555	6	0.3	0
BSU_07590	GO:0005524	6	0.3	0
BSU_00910	GO:0006064	6	0.3	0
BSU_23250	GO:0046872	6	0.3	0
BSU_24130	GO:0034023	6	0.3	0
BSU_15920	GO:0046872	6	0.3	0
BSU_13560	GO:0030153	6	0.3	0
BSU_33600	GO:0046872	6	0.3	0
BSU_22760	GO:0051537	6	0.3	0
BSU_00670	GO:0046872	6	0.3	0
BSU_16020	GO:0032259	6	0.3	0
BSU_23920	GO:0030153	6	0.3	0
BSU_30540	GO:0032259	6	0.3	0
BSU_30540	GO:0005515	6	0.3	0
BSU_36370	GO:0006064	6	0.3	0
BSU_06460	GO:0030153	6	0.3	0
BSU_24130	GO:0006064	6	0.3	0
BSU_00670	GO:0032259	6	0.3	0
BSU_24290	GO:0032259	6	0.3	0
BSU_25480	GO:0032259	6	0.3	0
BSU_15920	GO:0032259	6	0.3	0
BSU_03290	GO:0032259	6	0.3	0
BSU_16020	GO:0016740	6	0.3	0
BSU_38480	GO:0005886	6	0.3	0
BSU_03480	GO:0005515	6	0.3	0
BSU_22600	GO:0016979	6	0.3	0
BSU_01750	GO:0030153	6	0.3	0
BSU_03290	GO:0006364	6	0.3	0
BSU_02750	GO:0030153	6	0.3	0
BSU_22790	GO:0016979	6	0.3	0
BSU_03590	GO:0030153	6	0.3	0
BSU_33600	GO:0032259	6	0.3	0
BSU_13560	GO:0005886	6	0.3	0
BSU_29440	GO:0032259	6	0.3	0
BSU_32800	GO:0046872	6	0.3	0
BSU_02840	GO:0006364	6	0.3	0
BSU_05860	GO:0030153	6	0.3	0
BSU_14600	GO:0046872	6	0.3	0
BSU_11540	GO:0033609	6	0.3	0
BSU_15630	GO:0010133	6	0.3	0
BSU_37620	GO:0016740	6	0.3	0
BSU_37620	GO:0006364	6	0.3	0
BSU_24080	GO:0016979	6	0.3	0
BSU_27970	GO:0033609	6	0.3	0
BSU_11540	GO:0006364	6	0.3	0
BSU_31960	GO:0032259	6	0.3	0
BSU_06450	GO:0030153	6	0.3	0
BSU_29440	GO:0005524	6	0.3	0
BSU_27430	GO:0030153	6	0.3	0
BSU_38390	GO:0015031	6	0.3	0
BSU_24290	GO:0046872	6	0.3	0
BSU_05860	GO:0033609	6	0.3	0
BSU_27900	GO:0051537	6	0.3	0
BSU_22550	GO:0006814	6	0.3	0
BSU_09570	GO:0032259	6	0.3	0
BSU_22760	GO:0005886	6	0.3	0
BSU_10170	GO:0005524	6	0.3	0
BSU_22080	GO:0006096	6	0.3	0
BSU_18230	GO:0051537	6	0.3	0
BSU_22370	GO:0046872	6	0.3	0
BSU_00460	GO:0003723	6	0.3	0
BSU_00780	GO:0051537	6	0.3	0
BSU_30390	GO:0016020	6	0.3	0
BSU_33300	GO:0015625	6	0.3	0
BSU_22550	GO:0010133	6	0.3	0
BSU_13950	GO:0015031	6	0.3	0
BSU_02490	GO:0051537	6	0.3	0
BSU_16110	GO:0046872	6	0.3	0
BSU_01750	GO:0003723	6	0.3	0
BSU_16630	GO:0016979	6	0.3	0
BSU_22370	GO:0032259	6	0.3	0
BSU_32250	GO:0005886	6	0.3	0
BSU_02460	GO:0051537	6	0.3	0
BSU_28720	GO:0034023	6	0.3	0
BSU_28510	GO:0034023	6	0.3	0
BSU_00670	GO:0015625	6	0.3	0
BSU_00780	GO:0006064	6	0.3	0
BSU_05830	GO:0015031	6	0.3	0
BSU_28260	GO:0005886	6	0.3	0
BSU_12940	GO:0033214	6	0.3	0
BSU_36920	GO:0005886	6	0.3	0
BSU_09570	GO:0046872	6	0.3	0
BSU_11540	GO:0016740	6	0.3	0
BSU_04450	GO:0030153	6	0.3	0
BSU_13840	GO:0051537	6	0.3	0
BSU_33040	GO:0046872	6	0.3	0
BSU_37330	GO:0030153	6	0.3	0
BSU_15760	GO:0051537	6	0.3	0
BSU_30380	GO:0030153	6	0.3	0
BSU_34920	GO:0030153	6	0.3	0
BSU_13840	GO:0010133	6	0.3	0
BSU_35900	GO:0030153	6	0.3	0
BSU_03290	GO:0010133	6	0.3	0
BSU_39480	GO:0030153	6	0.3	0
BSU_24130	GO:0005886	6	0.3	0
BSU_39650	GO:0030153	6	0.3	0
BSU_22550	GO:0034023	6	0.3	0
BSU_03930	GO:0051537	6	0.3	0
BSU_17890	GO:0016979	6	0.3	0
BSU_37620	GO:0051537	6	0.3	0
BSU_30390	GO:0030153	6	0.3	0
BSU_29805	GO:0030153	6	0.3	0
BSU_02460	GO:0006064	6	0.3	0
BSU_10250	GO:0005886	6	0.3	0
BSU_30830	GO:0035539	6	0.3	0
BSU_32240	GO:0005886	6	0.3	0
BSU_03290	GO:0016740	6	0.3	0
BSU_02490	GO:0006064	6	0.3	0
BSU_07710	GO:0016020	6	0.3	0
BSU_23080	GO:0006064	6	0.3	0
BSU_03310	GO:0010133	6	0.3	0
BSU_08100	GO:0005886	6	0.3	0
BSU_32750	GO:0006814	6	0.3	0
BSU_21460	GO:0005886	6	0.3	0
BSU_38390	GO:0046872	6	0.3	0
BSU_32480	GO:0010133	6	0.3	0
BSU_03290	GO:0006310	6	0.3	0
BSU_11540	GO:0016979	6	0.3	0
BSU_37670	GO:0035539	6	0.3	0
BSU_16020	GO:0046872	6	0.3	0
BSU_39390	GO:0015293	6	0.3	0
BSU_02840	GO:0003700	6	0.3	0
BSU_37620	GO:0046872	6	0.3	0
BSU_03450	GO:0003723	6	0.3	0
BSU_35900	GO:0005886	6	0.3	0
BSU_00910	GO:0035539	6	0.3	0
BSU_15550	GO:0003723	6	0.3	0
BSU_02850	GO:0033609	6	0.3	0
BSU_13840	GO:0005886	6	0.3	0
BSU_03040	GO:0033609	6	0.3	0
BSU_34470	GO:0005215	6	0.3	0
BSU_28710	GO:0006814	6	0.3	0
BSU_31440	GO:0005829	6	0.3	0
BSU_31960	GO:0005886	6	0.3	0
BSU_09620	GO:0005829	6	0.3	0
BSU_34440	GO:0046872	6	0.3	0
BSU_06370	GO:0015293	6	0.3	0
BSU_15760	GO:0005515	6	0.3	0
BSU_03981	GO:0006814	6	0.3	0
BSU_00670	GO:0003677	6	0.3	0
BSU_38620	GO:0046872	6	0.3	0
BSU_03290	GO:0033609	6	0.3	0
BSU_34120	GO:0006310	6	0.3	0
BSU_26590	GO:0015293	6	0.3	0
BSU_30540	GO:0003677	6	0.3	0
BSU_03310	GO:0006310	6	0.3	0
BSU_32690	GO:0046872	6	0.3	0
BSU_17890	GO:0004047	6	0.3	0
BSU_22690	GO:0003723	6	0.3	0
BSU_07510	GO:0006814	6	0.3	0
BSU_06680	GO:0003677	6	0.3	0
BSU_30830	GO:0003723	6	0.3	0
BSU_06450	GO:0006064	6	0.3	0
BSU_35780	GO:0046872	6	0.3	0
BSU_11540	GO:0003700	6	0.3	0
BSU_00670	GO:0046872	6	0.3	0
BSU_03520	GO:0005515	6	0.3	0
BSU_03290	GO:0004519	6	0.3	0
BSU_15630	GO:0006064	6	0.3	0
BSU_22690	GO:0016740	6	0.3	0
BSU_07500	GO:0006814	6	0.3	0
BSU_22790	GO:0016740	6	0.3	0
BSU_07260	GO:0006814	6	0.3	0
BSU_39920	GO:0003677	6	0.3	0
BSU_03290	GO:0003700	6	0.3	0
BSU_26810	GO:0003723	6	0.3	0
BSU_33600	GO:0046872	6	0.3	0
BSU_38390	GO:0006814	6	0.3	0
BSU_17890	GO:0033609	6	0.3	0
BSU_24630	GO:0031460	6	0.3	0
BSU_02980	GO:0003677	6	0.3	0
BSU_13560	GO:0005829	6	0.3	0
BSU_35900	GO:0005886	6	0.3	0
BSU_12930	GO:0071555	6	0.3	0
BSU_37970	GO:0046872	6	0.3	0
BSU_11540	GO:0005886	6	0.3	0
BSU_05860	GO:0005886	6	0.3	0
BSU_32690	GO:0006064	6	0.3	0
BSU_13300	GO:0035539	6	0.3	0
BSU_11540	GO:0005524	6	0.3	0
BSU_37330	GO:0034023	6	0.3	0
BSU_01750	GO:0006814	6	0.3	0
BSU_40960	GO:0005515	6	0.3	0
BSU_01920	GO:0010133	6	0.3	0
BSU_28710	GO:0015293	6	0.3	0
BSU_07810	GO:0046872	6	0.3	0
BSU_27970	GO:0033214	6	0.3	0
BSU_39920	GO:0005886	6	0.3	0
BSU_35780	GO:0006338	6	0.3	0
BSU_01680	GO:0015293	6	0.3	0
BSU_28710	GO:0033214	6	0.3	0
BSU_31440	GO:0006064	6	0.3	0
BSU_35780	GO:0005829	6	0.3	0
BSU_09570	GO:0046872	6	0.3	0
BSU_03590	GO:0006814	6	0.3	0
BSU_07590	GO:0046872	6	0.3	0
BSU_11330	GO:0046872	6	0.3	0
BSU_30830	GO:0006064	6	0.3	0
BSU_12940	GO:0071555	6	0.3	0
BSU_34120	GO:0033609	6	0.3	0
BSU_27440	GO:0005515	6	0.3	0
BSU_12930	GO:0003677	6	0.3	0
BSU_34950	GO:0006064	6	0.3	0
BSU_23210	GO:0005524	6	0.3	0
BSU_10250	GO:0046872	6	0.3	0
BSU_27430	GO:0005515	6	0.3	0
BSU_03910	GO:0010133	6	0.3	0
BSU_33600	GO:0046872	6	0.3	0
BSU_04210	GO:0016491	6	0.3	0
BSU_38060	GO:0015293	6	0.3	0
BSU_29440	GO:0004047	6	0.3	0
BSU_27580	GO:0035539	6	0.3	0
BSU_12940	GO:0005515	6	0.3	0
BSU_40770	GO:0015293	6	0.3	0
BSU_15690	GO:0006526	6	0.3	0
BSU_13960	GO:0016020	6	0.3	0
BSU_02980	GO:0005886	6	0.3	0
BSU_32370	GO:0035539	6	0.3	0
BSU_13180	GO:0006310	6	0.3	0
BSU_32690	GO:0034023	6	0.3	0
BSU_16600	GO:0006526	6	0.3	0
BSU_29990	GO:0015293	6	0.3	0
BSU_14470	GO:0006526	6	0.3	0
BSU_25480	GO:0046872	6	0.3	0
BSU_19180	GO:0010133	6	0.3	0
BSU_12930	GO:0005515	6	0.3	0
BSU_06460	GO:0046872	6	0.3	0
BSU_27970	GO:0006310	6	0.3	0
BSU_02980	GO:0005886	6	0.3	0
BSU_09380	GO:0004047	6	0.3	0
BSU_30070	GO:0015293	6	0.3	0
BSU_37620	GO:0005515	6	0.3	0
BSU_14600	GO:0006526	6	0.3	0
BSU_01680	GO:0006814	6	0.3	0
BSU_16020	GO:0003700	6	0.3	0
BSU_15920	GO:0006526	6	0.3	0
BSU_03290	GO:0005524	6	0.3	0
BSU_24470	GO:0006064	6	0.3	0
BSU_33600	GO:0005515	6	0.3	0
BSU_33330	GO:0015293	6	0.3	0
BSU_29440	GO:0046872	6	0.3	0
BSU_34010	GO:0006814	6	0.3	0
BSU_28260	GO:0006064	6	0.3	0
BSU_32470	GO:0010133	6	0.3	0
BSU_03040	GO:0035539	6	0.3	0
BSU_16290	GO:0016491	6	0.3	0
BSU_12930	GO:0008320	6	0.3	0
BSU_37620	GO:0005886	6	0.3	0
BSU_00670	GO:0004519	6	0.3	0
BSU_34010	GO:0015293	6	0.3	0
BSU_16110	GO:0006364	6	0.3	0
BSU_25580	GO:0006096	6	0.3	0
BSU_08450	GO:0015293	6	0.3	0
BSU_05860	GO:0003824	6	0.3	0
BSU_22080	GO:0035539	6	0.3	0
BSU_24290	GO:0004519	6	0.3	0
BSU_05830	GO:0005515	6	0.3	0
BSU_38390	GO:0005515	6	0.3	0
BSU_12930	GO:0016491	6	0.3	0
BSU_08460	GO:0015293	6	0.3	0
BSU_40970	GO:0032300	6	0.3	0
BSU_27860	GO:0003723	6	0.3	0
BSU_10250	GO:0046872	6	0.3	0
BSU_13180	GO:0033609	6	0.3	0
BSU_31090	GO:0016020	6	0.3	0
BSU_33600	GO:0005886	6	0.3	0
BSU_03590	GO:0005515	6	0.3	0
BSU_28710	GO:0034023	6	0.3	0
BSU_12940	GO:0008320	6	0.3	0
BSU_40770	GO:0005215	6	0.3	0
BSU_30540	GO:0032300	6	0.3	0
BSU_08460	GO:0006814	6	0.3	0
BSU_07510	GO:0015293	6	0.3	0
BSU_23210	GO:0016740	6	0.3	0
BSU_12880	GO:0003723	6	0.3	0
BSU_17860	GO:0008033	6	0.3	0
BSU_09380	GO:0033609	6	0.3	0
BSU_05860	GO:0034023	6	0.3	0
BSU_30070	GO:0005215	6	0.3	0
BSU_03930	GO:0005886	6	0.3	0
BSU_34440	GO:0005886	6	0.3	0
BSU_27970	GO:0005886	6	0.3	0
BSU_32000	GO:0010133	6	0.3	0
BSU_40490	GO:0003723	6	0.3	0
BSU_13950	GO:0008320	6	0.3	0
BSU_29340	GO:0015625	6	0.3	0
BSU_13560	GO:0016979	6	0.3	0
BSU_03310	GO:0033609	6	0.3	0
BSU_07500	GO:0005515	6	0.3	0
BSU_02980	GO:0005886	6	0.3	0
BSU_16110	GO:0005524	6	0.3	0
BSU_35900	GO:0005886	6	0.3	0
BSU_37620	GO:0004519	6	0.3	0
BSU_13960	GO:0016979	6	0.3	0
BSU_22790	GO:0004047	6	0.3	0
BSU_16020	GO:0004519	6	0.3	0
BSU_33600	GO:0004519	6	0.3	0
BSU_13840	GO:0005886	6	0.3	0
BSU_11690	GO:0005524	6	0.3	0
BSU_07500	GO:0015293	6	0.3	0
BSU_07510	GO:0005515	6	0.3	0
BSU_22690	GO:0006064	6	0.3	0
BSU_03040	GO:0034023	6	0.3	0
BSU_30380	GO:0015293	6	0.3	0
BSU_39390	GO:0033214	6	0.3	0
BSU_38390	GO:0046872	6	0.3	0
BSU_17710	GO:0005515	6	0.3	0
BSU_01680	GO:0005515	6	0.3	0
BSU_09440	GO:0046872	6	0.3	0
BSU_24630	GO:0005515	6	0.3	0
BSU_16630	GO:0016740	6	0.3	0
BSU_15760	GO:0033609	6	0.3	0
BSU_03800	GO:0015293	6	0.3	0
BSU_34880	GO:0003723	6	0.3	0
BSU_36920	GO:0003723	6	0.3	0
BSU_31190	GO:0003723	6	0.3	0
BSU_11690	GO:0046872	6	0.3	0
BSU_03810	GO:0015293	6	0.3	0
BSU_16560	GO:0005515	6	0.3	0
BSU_03450	GO:0006064	6	0.3	0
BSU_11690	GO:0016979	6	0.3	0
BSU_01610	GO:0015293	6	0.3	0
BSU_11690	GO:0006364	6	0.3	0
BSU_32750	GO:0003677	6	0.3	0
BSU_28510	GO:0016740	6	0.3	0
BSU_32690	GO:0046872	6	0.3	0
BSU_34190	GO:0006814	6	0.3	0
BSU_37190	GO:0046872	6	0.3	0
BSU_09620	GO:0035539	6	0.3	0
BSU_28720	GO:0016740	6	0.3	0
BSU_23250	GO:0046872	6	0.3	0
BSU_00670	GO:0046872	6	0.3	0
BSU_09620	GO:0006338	6	0.3	0
BSU_34550	GO:0003723	6	0.3	0
BSU_38480	GO:0003677	6	0.3	0
BSU_13840	GO:0005886	6	0.3	0
BSU_32000	GO:0034023	6	0.3	0
BSU_22960	GO:0032300	6	0.3	0
BSU_08200	GO:0006814	6	0.3	0
BSU_30230	GO:0034023	6	0.3	0
BSU_23210	GO:0006364	6	0.3	0
BSU_08450	GO:0006814	6	0.3	0
BSU_35740	GO:0035539	6	0.3	0
BSU_34920	GO:0003723	6	0.3	0
BSU_33300	GO:0015293	6	0.3	0
BSU_02850	GO:0005515	6	0.3	0
BSU_27930	GO:0005524	5	0.25	0
BSU_25500	GO:0019877	5	0.25	0
BSU_37640	GO:0005737	5	0.25	0
BSU_14350	GO:0006826	5	0.25	0
BSU_05910	GO:0004180	5	0.25	0
BSU_31260	GO:0055085	5	0.25	0
BSU_34620	GO:0004180	5	0.25	0
BSU_33730	GO:0009401	5	0.25	0
BSU_30630	GO:0016705	5	0.25	0
BSU_05740	GO:0042802	5	0.25	0
BSU_23980	GO:0055085	5	0.25	0
BSU_32740	GO:0006826	5	0.25	0
BSU_04160	GO:0005524	5	0.25	0
BSU_25500	GO:0044205	5	0.25	0
BSU_01640	GO:0004180	5	0.25	0
BSU_05870	GO:0042802	5	0.25	0
BSU_14350	GO:0000160	5	0.25	0
BSU_12020	GO:0042802	5	0.25	0
BSU_23800	GO:0004657	5	0.25	0
BSU_31260	GO:0006826	5	0.25	0
BSU_36550	GO:0006826	5	0.25	0
BSU_03982	GO:0016020	5	0.25	0
BSU_06830	GO:0044205	5	0.25	0
BSU_34130	GO:0042802	5	0.25	0
BSU_07080	GO:0042802	5	0.25	0
BSU_27070	GO:0006826	5	0.25	0
BSU_09100	GO:0044205	5	0.25	0
BSU_36550	GO:0055085	5	0.25	0
BSU_32490	GO:0004657	5	0.25	0
BSU_33380	GO:0016020	5	0.25	0
BSU_12100	GO:0015112	5	0.25	0
BSU_20040	GO:0008168	5	0.25	0
BSU_19200	GO:0005524	5	0.25	0
BSU_05740	GO:0016491	5	0.25	0
BSU_17390	GO:0008168	5	0.25	0
BSU_30770	GO:0016020	5	0.25	0
BSU_10390	GO:0016705	5	0.25	0
BSU_24980	GO:0006826	5	0.25	0
BSU_12100	GO:0042802	5	0.25	0
BSU_23980	GO:0006826	5	0.25	0
BSU_09100	GO:0008033	5	0.25	0
BSU_09410	GO:0016491	5	0.25	0
BSU_18480	GO:0004657	5	0.25	0
BSU_03440	GO:0015112	5	0.25	0
BSU_01830	GO:0015112	5	0.25	0
BSU_35790	GO:0042802	5	0.25	0
BSU_38190	GO:0006083	5	0.25	0
BSU_01830	GO:0016491	5	0.25	0
BSU_27070	GO:0055085	5	0.25	0
BSU_24870	GO:0004180	5	0.25	0
BSU_15110	GO:0005524	5	0.25	0
BSU_03982	GO:0006814	5	0.25	0
BSU_14350	GO:0030001	5	0.25	0
BSU_25500	GO:0003723	5	0.25	0
BSU_03440	GO:0006814	5	0.25	0
BSU_35330	GO:0005886	5	0.25	0
BSU_09370	GO:0004180	5	0.25	0
BSU_40550	GO:0016746	5	0.25	0
BSU_32740	GO:0030001	5	0.25	0
BSU_05870	GO:0016491	5	0.25	0
BSU_27070	GO:0008033	5	0.25	0
BSU_19200	GO:0005886	5	0.25	0
BSU_15850	GO:0003723	5	0.25	0
BSU_09910	GO:0003723	5	0.25	0
BSU_07570	GO:0030001	5	0.25	0
BSU_08060	GO:0004657	5	0.25	0
BSU_18670	GO:0008033	5	0.25	0
BSU_29530	GO:0004180	5	0.25	0
BSU_19410	GO:0004180	5	0.25	0
BSU_18670	GO:0005524	5	0.25	0
BSU_18670	GO:0019877	5	0.25	0
BSU_13750	GO:0016705	5	0.25	0
BSU_24040	GO:0004657	5	0.25	0
BSU_24050	GO:0004657	5	0.25	0
BSU_01830	GO:0006814	5	0.25	0
BSU_34900	GO:0005524	5	0.25	0
BSU_15110	GO:0019877	5	0.25	0
BSU_15620	GO:0003723	5	0.25	0
BSU_14590	GO:0004657	5	0.25	0
BSU_00330	GO:0004359	5	0.25	0
BSU_16330	GO:0016491	5	0.25	0
BSU_24980	GO:0030001	5	0.25	0
BSU_02510	GO:0005886	5	0.25	0
BSU_07570	GO:0015112	5	0.25	0
BSU_15590	GO:0051287	5	0.25	0
BSU_39810	GO:0046872	5	0.25	0
BSU_14360	GO:0030001	5	0.25	0
BSU_22620	GO:0005737	5	0.25	0
BSU_10390	GO:0005886	5	0.25	0
BSU_17340	GO:0009231	5	0.25	0
BSU_33820	GO:0030001	5	0.25	0
BSU_07560	GO:0003723	5	0.25	0
BSU_35330	GO:0005524	5	0.25	0
BSU_35680	GO:0005886	5	0.25	0
BSU_24050	GO:0005737	5	0.25	0
BSU_24570	GO:0005737	5	0.25	0
BSU_11720	GO:0004657	5	0.25	0
BSU_34790	GO:0016746	5	0.25	0
BSU_10550	GO:0005886	5	0.25	0
BSU_22630	GO:0009231	5	0.25	0
BSU_38580	GO:0046872	5	0.25	0
BSU_08060	GO:0005737	5	0.25	0
BSU_33690	GO:0046872	5	0.25	0
BSU_06830	GO:0046940	5	0.25	0
BSU_38580	GO:0006814	5	0.25	0
BSU_03982	GO:0000160	5	0.25	0
BSU_38090	GO:0004180	5	0.25	0
BSU_36410	GO:0016887	5	0.25	0
BSU_39020	GO:0000160	5	0.25	0
BSU_17260	GO:0004180	5	0.25	0
BSU_09950	GO:0046872	5	0.25	0
BSU_15850	GO:0005886	5	0.25	0
BSU_30420	GO:0030001	5	0.25	0
BSU_32740	GO:0006814	5	0.25	0
BSU_09950	GO:0006814	5	0.25	0
BSU_31010	GO:0046933	5	0.25	0
BSU_39020	GO:0015112	5	0.25	0
BSU_24170	GO:0044205	5	0.25	0
BSU_25500	GO:0008033	5	0.25	0
BSU_24170	GO:0019877	5	0.25	0
BSU_05870	GO:0008168	5	0.25	0
BSU_35790	GO:0008168	5	0.25	0
BSU_34900	GO:0016491	5	0.25	0
BSU_03440	GO:0055085	5	0.25	0
BSU_12920	GO:0042802	5	0.25	0
BSU_36410	GO:0016746	5	0.25	0
BSU_33240	GO:0005524	5	0.25	0
BSU_33820	GO:0006826	5	0.25	0
BSU_25500	GO:0005524	5	0.25	0
BSU_23760	GO:0004180	5	0.25	0
BSU_33720	GO:0006826	5	0.25	0
BSU_38190	GO:0016746	5	0.25	0
BSU_09410	GO:0008168	5	0.25	0
BSU_31260	GO:0009401	5	0.25	0
BSU_00710	GO:0004180	5	0.25	0
BSU_38860	GO:0009231	5	0.25	0
BSU_24050	GO:0008168	5	0.25	0
BSU_12920	GO:0008168	5	0.25	0
BSU_15850	GO:0042802	5	0.25	0
BSU_13690	GO:0000160	5	0.25	0
BSU_14360	GO:0016020	5	0.25	0
BSU_34900	GO:0016746	5	0.25	0
BSU_18670	GO:0008168	5	0.25	0
BSU_25500	GO:0042802	5	0.25	0
BSU_24050	GO:0042802	5	0.25	0
BSU_03982	GO:0015112	5	0.25	0
BSU_07560	GO:0042802	5	0.25	0
BSU_33240	GO:0016746	5	0.25	0
BSU_39810	GO:0009401	5	0.25	0
BSU_11100	GO:0004180	5	0.25	0
BSU_14700	GO:0004180	5	0.25	0
BSU_05740	GO:0008168	5	0.25	0
BSU_24700	GO:0016020	5	0.25	0
BSU_37320	GO:0030001	5	0.25	0
BSU_35330	GO:0019877	5	0.25	0
BSU_01630	GO:0055085	5	0.25	0
BSU_08440	GO:0055085	5	0.25	0
BSU_15860	GO:0003723	5	0.25	0
BSU_23570	GO:0009231	5	0.25	0
BSU_09950	GO:0005737	5	0.25	0
BSU_36410	GO:0046933	5	0.25	0
BSU_38040	GO:0016746	5	0.25	0
BSU_32740	GO:0000160	5	0.25	0
BSU_24170	GO:0008033	5	0.25	0
BSU_22470	GO:0016705	5	0.25	0
BSU_04610	GO:0004180	5	0.25	0
BSU_01830	GO:0016020	5	0.25	0
BSU_17620	GO:0003723	5	0.25	0
BSU_34870	GO:0016746	5	0.25	0
BSU_18670	GO:0044205	5	0.25	0
BSU_22630	GO:0016491	5	0.25	0
BSU_33240	GO:0003723	5	0.25	0
BSU_27070	GO:0044205	5	0.25	0
BSU_24170	GO:0005524	5	0.25	0
BSU_23890	GO:0009401	5	0.25	0
BSU_19200	GO:0016746	5	0.25	0
BSU_18670	GO:0042802	5	0.25	0
BSU_03982	GO:0005524	5	0.25	0
BSU_21350	GO:0016491	5	0.25	0
BSU_22620	GO:0051287	5	0.25	0
BSU_38190	GO:0005524	5	0.25	0
BSU_29590	GO:0008033	5	0.25	0
BSU_33720	GO:0009401	5	0.25	0
BSU_24170	GO:0004521	5	0.25	0
BSU_14360	GO:0003333	5	0.25	0
BSU_40550	GO:0016979	5	0.25	0
BSU_21440	GO:0003824	5	0.25	0
BSU_38190	GO:0004180	5	0.25	0
BSU_25500	GO:0004521	5	0.25	0
BSU_14590	GO:0005524	5	0.25	0
BSU_38090	GO:0016020	5	0.25	0
BSU_00710	GO:0019877	5	0.25	0
BSU_33680	GO:0005737	5	0.25	0
BSU_29000	GO:0005737	5	0.25	0
BSU_34900	GO:0004180	5	0.25	0
BSU_19540	GO:0005737	5	0.25	0
BSU_35330	GO:0004180	5	0.25	0
BSU_15110	GO:0004521	5	0.25	0
BSU_17260	GO:0016020	5	0.25	0
BSU_35330	GO:0004521	5	0.25	0
BSU_21350	GO:0072488	5	0.25	0
BSU_29530	GO:0016020	5	0.25	0
BSU_31920	GO:0005737	5	0.25	0
BSU_36550	GO:0005886	5	0.25	0
BSU_30420	GO:0003333	5	0.25	0
BSU_33240	GO:0004180	5	0.25	0
BSU_09950	GO:0009089	5	0.25	0
BSU_23800	GO:0016765	5	0.25	0
BSU_18480	GO:0016765	5	0.25	0
BSU_08190	GO:0005737	5	0.25	0
BSU_09100	GO:0005524	5	0.25	0
BSU_34620	GO:0004521	5	0.25	0
BSU_13010	GO:0016979	5	0.25	0
BSU_38860	GO:0016979	5	0.25	0
BSU_03440	GO:0016787	5	0.25	0
BSU_24170	GO:0006083	5	0.25	0
BSU_03982	GO:0016787	5	0.25	0
BSU_14350	GO:0003333	5	0.25	0
BSU_26670	GO:0005737	5	0.25	0
BSU_19200	GO:0004180	5	0.25	0
BSU_24980	GO:0003333	5	0.25	0
BSU_30800	GO:0009231	5	0.25	0
BSU_10130	GO:0004521	5	0.25	0
BSU_03860	GO:0016705	5	0.25	0
BSU_32740	GO:0016787	5	0.25	0
BSU_09410	GO:0042802	5	0.25	0
BSU_32460	GO:0072488	5	0.25	0
BSU_15110	GO:0006083	5	0.25	0
BSU_09910	GO:0005737	5	0.25	0
BSU_37810	GO:0003824	5	0.25	0
BSU_24870	GO:0072488	5	0.25	0
BSU_15110	GO:0004180	5	0.25	0
BSU_04110	GO:0072488	5	0.25	0
BSU_18070	GO:0016020	5	0.25	0
BSU_11100	GO:0016705	5	0.25	0
BSU_29530	GO:0016020	5	0.25	0
BSU_15620	GO:0016491	5	0.25	0
BSU_09100	GO:0019877	5	0.25	0
BSU_36020	GO:0005737	5	0.25	0
BSU_32490	GO:0003824	5	0.25	0
BSU_23760	GO:0016746	5	0.25	0
BSU_33830	GO:0005886	5	0.25	0
BSU_04080	GO:0072488	5	0.25	0
BSU_24170	GO:0004180	5	0.25	0
BSU_15600	GO:0016979	5	0.25	0
BSU_21860	GO:0003824	5	0.25	0
BSU_14360	GO:0016020	5	0.25	0
BSU_23990	GO:0003824	5	0.25	0
BSU_36520	GO:0016020	5	0.25	0
BSU_34700	GO:0016020	5	0.25	0
BSU_23980	GO:0072488	5	0.25	0
BSU_27070	GO:0005886	5	0.25	0
BSU_28390	GO:0016491	5	0.25	0
BSU_03440	GO:0003333	5	0.25	0
BSU_18670	GO:0006083	5	0.25	0
BSU_06830	GO:0008033	5	0.25	0
BSU_13410	GO:0005737	5	0.25	0
BSU_13550	GO:0016979	5	0.25	0
BSU_33270	GO:0016020	5	0.25	0
BSU_30240	GO:0016705	5	0.25	0
BSU_30220	GO:0016705	5	0.25	0
BSU_00710	GO:0008033	5	0.25	0
BSU_26840	GO:0005737	5	0.25	0
BSU_24700	GO:0016020	5	0.25	0
BSU_33390	GO:0072488	5	0.25	0
BSU_34900	GO:0004521	5	0.25	0
BSU_12910	GO:0016765	5	0.25	0
BSU_25500	GO:0006083	5	0.25	0
BSU_14350	GO:0072488	5	0.25	0
BSU_33820	GO:0003333	5	0.25	0
BSU_03982	GO:0019877	5	0.25	0
BSU_06100	GO:0004521	5	0.25	0
BSU_12910	GO:0008033	5	0.25	0
BSU_23800	GO:0008033	5	0.25	0
BSU_34620	GO:0019877	5	0.25	0
BSU_05910	GO:0006083	5	0.25	0
BSU_33720	GO:0003333	5	0.25	0
BSU_01640	GO:0006083	5	0.25	0
BSU_39810	GO:0015658	5	0.25	0
BSU_33730	GO:0015658	5	0.25	0
BSU_17620	GO:0004521	5	0.25	0
BSU_27070	GO:0015658	5	0.25	0
BSU_34620	GO:0006083	5	0.25	0
BSU_18480	GO:0006083	5	0.25	0
BSU_18480	GO:0008033	5	0.25	0
BSU_23800	GO:0005524	5	0.25	0
BSU_23890	GO:0015658	5	0.25	0
BSU_23800	GO:0006083	5	0.25	0
BSU_18480	GO:0019877	5	0.25	0
BSU_12910	GO:0005524	5	0.25	0
BSU_23990	GO:0004521	5	0.25	0
BSU_23980	GO:0003333	5	0.25	0
BSU_06420	GO:0016979	5	0.25	0
BSU_38090	GO:0004521	5	0.25	0
BSU_21440	GO:0004521	5	0.25	0
BSU_38580	GO:0015658	5	0.25	0
BSU_18670	GO:0016765	5	0.25	0
BSU_06720	GO:0016491	5	0.25	0
BSU_18670	GO:0005524	5	0.25	0
BSU_27070	GO:0016765	5	0.25	0
BSU_23760	GO:0006083	5	0.25	0
BSU_22620	GO:0009089	5	0.25	0
BSU_32740	GO:0003333	5	0.25	0
BSU_27070	GO:0005524	5	0.25	0
BSU_07570	GO:0072488	5	0.25	0
BSU_12910	GO:0019877	5	0.25	0
BSU_23800	GO:0019877	5	0.25	0
BSU_21860	GO:0004521	5	0.25	0
BSU_00710	GO:0006083	5	0.25	0
BSU_09100	GO:0016765	5	0.25	0
BSU_35410	GO:0005886	5	0.25	0
BSU_18480	GO:0005524	5	0.25	0
BSU_01640	GO:0019877	5	0.25	0
BSU_01830	GO:0016020	5	0.25	0
BSU_01830	GO:0016787	5	0.25	0
BSU_05910	GO:0004521	5	0.25	0
BSU_37660	GO:0016491	5	0.25	0
BSU_03982	GO:0016765	5	0.25	0
BSU_05910	GO:0019877	5	0.25	0
BSU_31260	GO:0015658	5	0.25	0
BSU_33820	GO:0015658	5	0.25	0
BSU_37180	GO:0016020	5	0.25	0
BSU_28390	GO:0016787	5	0.25	0
BSU_38500	GO:0016979	5	0.25	0
BSU_01640	GO:0008033	5	0.25	0
BSU_33830	GO:0015658	5	0.25	0
BSU_33720	GO:0015658	5	0.25	0
BSU_06830	GO:0019877	5	0.25	0
BSU_12920	GO:0005886	5	0.25	0
BSU_34620	GO:0005524	5	0.25	0
BSU_05810	GO:0016765	5	0.25	0
BSU_37320	GO:0016020	5	0.25	0
BSU_14590	GO:0016765	5	0.25	0
BSU_12100	GO:0016020	5	0.25	0
BSU_37820	GO:0003824	5	0.25	0
BSU_39020	GO:0072488	5	0.25	0
BSU_15590	GO:0009089	5	0.25	0
BSU_12910	GO:0006083	5	0.25	0
BSU_15600	GO:0009089	5	0.25	0
BSU_00490	GO:0016979	5	0.25	0
BSU_16330	GO:0016765	5	0.25	0
BSU_06830	GO:0016765	5	0.25	0
BSU_03982	GO:0006083	5	0.25	0
BSU_14590	GO:0009089	5	0.25	0
BSU_10130	GO:0006083	5	0.25	0
BSU_32740	GO:0072488	5	0.25	0
BSU_03982	GO:0008033	5	0.25	0
BSU_23760	GO:0004521	5	0.25	0
BSU_00710	GO:0004521	5	0.25	0
BSU_03982	GO:0016020	5	0.25	0
BSU_06830	GO:0006083	5	0.25	0
BSU_12250	GO:0072488	5	0.25	0
BSU_00710	GO:0016746	5	0.25	0
BSU_08440	GO:0016020	5	0.25	0
BSU_25500	GO:0016491	5	0.25	0
BSU_39070	GO:0016979	5	0.25	0
BSU_05870	GO:0006281	5	0.25	0
BSU_07080	GO:0016979	5	0.25	0
BSU_09100	GO:0005886	5	0.25	0
BSU_34130	GO:0016979	5	0.25	0
BSU_07560	GO:0016979	5	0.25	0
BSU_24000	GO:0016705	5	0.25	0
BSU_15110	GO:0016746	5	0.25	0
BSU_08440	GO:0016020	5	0.25	0
BSU_25500	GO:0004180	5	0.25	0
BSU_05740	GO:0005886	5	0.25	0
BSU_05910	GO:0044205	5	0.25	0
BSU_05910	GO:0042802	5	0.25	0
BSU_16970	GO:0016746	5	0.25	0
BSU_24570	GO:0016491	5	0.25	0
BSU_07050	GO:0009089	5	0.25	0
BSU_01640	GO:0044205	5	0.25	0
BSU_05810	GO:0005886	5	0.25	0
BSU_19330	GO:0003824	5	0.25	0
BSU_07560	GO:0016491	5	0.25	0
BSU_24050	GO:0003824	5	0.25	0
BSU_37810	GO:0009231	5	0.25	0
BSU_17450	GO:0005886	5	0.25	0
BSU_20040	GO:0003824	5	0.25	0
BSU_25500	GO:0016746	5	0.25	0
BSU_23890	GO:0046933	5	0.25	0
BSU_23980	GO:0000160	5	0.25	0
BSU_23800	GO:0005524	5	0.25	0
BSU_15110	GO:0003824	5	0.25	0
BSU_18480	GO:0005524	5	0.25	0
BSU_03960	GO:0016746	5	0.25	0
BSU_41040	GO:0046933	5	0.25	0
BSU_23960	GO:0000160	5	0.25	0
BSU_24050	GO:0006281	5	0.25	0
BSU_16330	GO:0005886	5	0.25	0
BSU_33530	GO:0003824	5	0.25	0
BSU_16330	GO:0006281	5	0.25	0
BSU_23530	GO:0000160	5	0.25	0
BSU_05870	GO:0016979	5	0.25	0
BSU_05810	GO:0009089	5	0.25	0
BSU_10970	GO:0016705	5	0.25	0
BSU_18480	GO:0044205	5	0.25	0
BSU_33690	GO:0046933	5	0.25	0
BSU_13690	GO:0016020	5	0.25	0
BSU_31260	GO:0000160	5	0.25	0
BSU_03440	GO:0006826	5	0.25	0
BSU_05740	GO:0006281	5	0.25	0
BSU_09410	GO:0006281	5	0.25	0
BSU_02830	GO:0003824	5	0.25	0
BSU_38600	GO:0005524	5	0.25	0
BSU_09950	GO:0015658	5	0.25	0
BSU_16330	GO:0016746	5	0.25	0
BSU_33820	GO:0009401	5	0.25	0
BSU_37180	GO:0015112	5	0.25	0
BSU_28140	GO:0016491	5	0.25	0
BSU_33830	GO:0009401	5	0.25	0
BSU_37180	GO:0003824	5	0.25	0
BSU_12000	GO:0005524	5	0.25	0
BSU_35730	GO:0016746	5	0.25	0
BSU_15860	GO:0016491	5	0.25	0
BSU_12910	GO:0004180	5	0.25	0
BSU_18480	GO:0003824	5	0.25	0
BSU_08060	GO:0005886	5	0.25	0
BSU_03982	GO:0044205	5	0.25	0
BSU_00710	GO:0005524	5	0.25	0
BSU_38580	GO:0009089	5	0.25	0
BSU_08060	GO:0009089	5	0.25	0
BSU_35330	GO:0016746	5	0.25	0
BSU_18670	GO:0005886	5	0.25	0
BSU_23800	GO:0044205	5	0.25	0
BSU_09100	GO:0005524	5	0.25	0
BSU_12910	GO:0044205	5	0.25	0
BSU_08440	GO:0016746	5	0.25	0
BSU_39810	GO:0046933	5	0.25	0
BSU_30150	GO:0046933	5	0.25	0
BSU_10130	GO:0004180	5	0.25	0
BSU_12910	GO:0003824	5	0.25	0
BSU_24040	GO:0005737	5	0.25	0
BSU_15850	GO:0016491	5	0.25	0
BSU_23800	GO:0003824	5	0.25	0
BSU_14730	GO:0005886	5	0.25	0
BSU_27880	GO:0008033	5	0.25	0
BSU_22620	GO:0016979	5	0.25	0
BSU_01630	GO:0016020	5	0.25	0
BSU_13690	GO:0016020	5	0.25	0
BSU_13690	GO:0016787	5	0.25	0
BSU_34790	GO:0003824	5	0.25	0
BSU_09850	GO:0072488	5	0.25	0
BSU_25780	GO:0003824	5	0.25	0
BSU_23960	GO:0016020	5	0.25	0
BSU_23530	GO:0016020	5	0.25	0
BSU_23960	GO:0016020	5	0.25	0
BSU_09420	GO:0005886	5	0.25	0
BSU_31980	GO:0016979	5	0.25	0
BSU_34900	GO:0006083	5	0.25	0
BSU_35330	GO:0006083	5	0.25	0
BSU_39550	GO:0009231	5	0.25	0
BSU_36410	GO:0005886	5	0.25	0
BSU_05810	GO:0016020	5	0.25	0
BSU_23930	GO:0016705	5	0.25	0
BSU_09950	GO:0009401	5	0.25	0
BSU_23470	GO:0005886	5	0.25	0
BSU_03982	GO:0016020	5	0.25	0
BSU_19200	GO:0004521	5	0.25	0
BSU_02730	GO:0005737	5	0.25	0
BSU_30420	GO:0016020	5	0.25	0
BSU_30770	GO:0016020	5	0.25	0
BSU_14360	GO:0016020	5	0.25	0
BSU_16330	GO:0005524	5	0.25	0
BSU_36290	GO:0016705	5	0.25	0
BSU_33730	GO:0005886	5	0.25	0
BSU_06830	GO:0005524	5	0.25	0
BSU_17620	GO:0016020	5	0.25	0
BSU_11560	GO:0016705	5	0.25	0
BSU_05910	GO:0016746	5	0.25	0
BSU_00390	GO:0016705	5	0.25	0
BSU_35940	GO:0016020	5	0.25	0
BSU_32290	GO:0016705	5	0.25	0
BSU_15590	GO:0016979	5	0.25	0
BSU_20250	GO:0005737	5	0.25	0
BSU_01640	GO:0016746	5	0.25	0
BSU_23530	GO:0016020	5	0.25	0
BSU_36520	GO:0009231	5	0.25	0
BSU_33240	GO:0004521	5	0.25	0
BSU_28910	GO:0072488	5	0.25	0
BSU_05810	GO:0005524	5	0.25	0
BSU_07560	GO:0072488	5	0.25	0
BSU_03982	GO:0005524	5	0.25	0
BSU_29940	GO:0016705	5	0.25	0
BSU_17340	GO:0016491	5	0.25	0
BSU_38040	GO:0004521	5	0.25	0
BSU_16230	GO:0046933	5	0.25	0
BSU_34870	GO:0004521	5	0.25	0
BSU_01630	GO:0016020	5	0.25	0
BSU_03320	GO:0005886	5	0.25	0
BSU_00710	GO:0044205	5	0.25	0
BSU_12920	GO:0006281	5	0.25	0
BSU_02510	GO:0016491	5	0.25	0
BSU_10130	GO:0016491	5	0.25	0
BSU_38500	GO:0009089	5	0.25	0
BSU_00330	GO:0005886	5	0.25	0
BSU_01830	GO:0055085	5	0.25	0
BSU_10130	GO:0016746	5	0.25	0
BSU_23070	GO:0003824	5	0.25	0
BSU_30420	GO:0016020	5	0.25	0
BSU_22610	GO:0003824	5	0.25	0
BSU_18670	GO:0006281	5	0.25	0
BSU_14350	GO:0016787	5	0.25	0
BSU_40550	GO:0004521	5	0.25	0
BSU_30770	GO:0016020	5	0.25	0
BSU_34620	GO:0016746	5	0.25	0
BSU_07050	GO:0005886	5	0.25	0
BSU_06830	GO:0005524	5	0.25	0
BSU_12910	GO:0016746	5	0.25	0
BSU_31260	GO:0016787	5	0.25	0
BSU_12100	GO:0016020	5	0.25	0
BSU_01640	GO:0005524	5	0.25	0
BSU_36520	GO:0072488	5	0.25	0
BSU_03982	GO:0055085	5	0.25	0
BSU_02690	GO:0005886	5	0.25	0
BSU_37320	GO:0016020	5	0.25	0
BSU_01830	GO:0016020	5	0.25	0
BSU_23980	GO:0016787	5	0.25	0
BSU_37180	GO:0016020	5	0.25	0
BSU_25780	GO:0004521	5	0.25	0
BSU_34790	GO:0004521	5	0.25	0
BSU_11720	GO:0009089	5	0.25	0
BSU_06300	GO:0010133	5	0.25	0
BSU_15600	GO:0051287	5	0.25	0
BSU_15110	GO:0016829	5	0.25	0
BSU_04080	GO:0032508	5	0.25	0
BSU_40550	GO:0016829	5	0.25	0
BSU_14360	GO:0032508	5	0.25	0
BSU_34790	GO:0016829	5	0.25	0
BSU_25780	GO:0016829	5	0.25	0
BSU_35330	GO:0006414	5	0.25	0
BSU_05740	GO:0009697	5	0.25	0
BSU_19200	GO:0016829	5	0.25	0
BSU_33240	GO:0016829	5	0.25	0
BSU_34620	GO:0004252	5	0.25	0
BSU_38190	GO:0016829	5	0.25	0
BSU_35330	GO:0016829	5	0.25	0
BSU_09410	GO:0009697	5	0.25	0
BSU_18670	GO:0015935	5	0.25	0
BSU_24170	GO:0016829	5	0.25	0
BSU_38500	GO:0006400	5	0.25	0
BSU_02510	GO:0004181	5	0.25	0
BSU_36550	GO:0005886	5	0.25	0
BSU_34900	GO:0006414	5	0.25	0
BSU_21350	GO:0005886	5	0.25	0
BSU_37180	GO:0004181	5	0.25	0
BSU_30420	GO:0032508	5	0.25	0
BSU_07050	GO:0016757	5	0.25	0
BSU_25500	GO:0016829	5	0.25	0
BSU_23760	GO:0004252	5	0.25	0
BSU_02510	GO:0009697	5	0.25	0
BSU_03730	GO:0006811	5	0.25	0
BSU_31980	GO:0006400	5	0.25	0
BSU_24050	GO:0005524	5	0.25	0
BSU_10130	GO:0004252	5	0.25	0
BSU_03960	GO:0016829	5	0.25	0
BSU_12020	GO:0009697	5	0.25	0
BSU_06830	GO:0015935	5	0.25	0
BSU_05870	GO:0009697	5	0.25	0
BSU_10130	GO:0009697	5	0.25	0
BSU_16970	GO:0016829	5	0.25	0
BSU_35790	GO:0004181	5	0.25	0
BSU_07080	GO:0005886	5	0.25	0
BSU_25500	GO:0004252	5	0.25	0
BSU_12020	GO:0004181	5	0.25	0
BSU_09100	GO:0015935	5	0.25	0
BSU_25500	GO:0015935	5	0.25	0
BSU_12100	GO:0009697	5	0.25	0
BSU_08440	GO:0016829	5	0.25	0
BSU_37660	GO:0030435	5	0.25	0
BSU_35730	GO:0016829	5	0.25	0
BSU_34620	GO:0009697	5	0.25	0
BSU_37640	GO:0030435	5	0.25	0
BSU_16330	GO:0005524	5	0.25	0
BSU_15110	GO:0006414	5	0.25	0
BSU_10130	GO:0004181	5	0.25	0
BSU_12100	GO:0004181	5	0.25	0
BSU_34620	GO:0004181	5	0.25	0
BSU_24170	GO:0015935	5	0.25	0
BSU_38040	GO:0016829	5	0.25	0
BSU_27070	GO:0015935	5	0.25	0
BSU_31980	GO:0032508	5	0.25	0
BSU_15600	GO:0006400	5	0.25	0
BSU_31920	GO:0005886	5	0.25	0
BSU_33390	GO:0006811	5	0.25	0
BSU_02430	GO:0016829	5	0.25	0
BSU_14360	GO:0030435	5	0.25	0
BSU_30420	GO:0006811	5	0.25	0
BSU_36290	GO:0009697	5	0.25	0
BSU_00530	GO:0005886	5	0.25	0
BSU_29710	GO:0005886	5	0.25	0
BSU_33270	GO:0030435	5	0.25	0
BSU_34700	GO:0030435	5	0.25	0
BSU_11720	GO:0009027	5	0.25	0
BSU_37390	GO:0030435	5	0.25	0
BSU_01570	GO:0005886	5	0.25	0
BSU_35080	GO:0006400	5	0.25	0
BSU_23960	GO:0030435	5	0.25	0
BSU_24980	GO:0006811	5	0.25	0
BSU_23890	GO:0016757	5	0.25	0
BSU_32740	GO:0006508	5	0.25	0
BSU_22930	GO:0005886	5	0.25	0
BSU_14350	GO:0006811	5	0.25	0
BSU_19200	GO:0006414	5	0.25	0
BSU_41040	GO:0016757	5	0.25	0
BSU_32150	GO:0005886	5	0.25	0
BSU_39550	GO:0009697	5	0.25	0
BSU_12910	GO:0006434	5	0.25	0
BSU_12560	GO:0003676	5	0.25	0
BSU_15590	GO:0032508	5	0.25	0
BSU_36410	GO:0003746	5	0.25	0
BSU_14830	GO:0016829	5	0.25	0
BSU_23760	GO:0016829	5	0.25	0
BSU_14360	GO:0006811	5	0.25	0
BSU_12910	GO:0016829	5	0.25	0
BSU_34620	GO:0016829	5	0.25	0
BSU_34700	GO:0006811	5	0.25	0
BSU_38500	GO:0032508	5	0.25	0
BSU_05910	GO:0004181	5	0.25	0
BSU_29530	GO:0004252	5	0.25	0
BSU_33270	GO:0006811	5	0.25	0
BSU_03440	GO:0006508	5	0.25	0
BSU_30420	GO:0030435	5	0.25	0
BSU_11100	GO:0004181	5	0.25	0
BSU_23890	GO:0004525	5	0.25	0
BSU_37180	GO:0009697	5	0.25	0
BSU_05910	GO:0009697	5	0.25	0
BSU_12920	GO:0005524	5	0.25	0
BSU_41040	GO:0004525	5	0.25	0
BSU_18670	GO:0005524	5	0.25	0
BSU_01640	GO:0016829	5	0.25	0
BSU_38190	GO:0006414	5	0.25	0
BSU_23960	GO:0032508	5	0.25	0
BSU_05910	GO:0016829	5	0.25	0
BSU_00710	GO:0016829	5	0.25	0
BSU_33240	GO:0006414	5	0.25	0
BSU_14700	GO:0004181	5	0.25	0
BSU_09100	GO:0004525	5	0.25	0
BSU_27120	GO:0003676	5	0.25	0
BSU_15110	GO:0004252	5	0.25	0
BSU_03982	GO:0015935	5	0.25	0
BSU_35330	GO:0004252	5	0.25	0
BSU_10390	GO:0005886	5	0.25	0
BSU_06720	GO:0005886	5	0.25	0
BSU_24000	GO:0005886	5	0.25	0
BSU_29940	GO:0005886	5	0.25	0
BSU_15860	GO:0004181	5	0.25	0
BSU_21350	GO:0005886	5	0.25	0
BSU_16330	GO:0032993	5	0.25	0
BSU_36550	GO:0005886	5	0.25	0
BSU_23990	GO:0005886	5	0.25	0
BSU_15620	GO:0004181	5	0.25	0
BSU_09910	GO:0004181	5	0.25	0
BSU_12250	GO:0005886	5	0.25	0
BSU_30150	GO:0005524	5	0.25	0
BSU_27840	GO:0005886	5	0.25	0
BSU_36520	GO:0032508	5	0.25	0
BSU_35680	GO:0005886	5	0.25	0
BSU_09950	GO:0005524	5	0.25	0
BSU_31010	GO:0005524	5	0.25	0
BSU_15850	GO:0004181	5	0.25	0
BSU_16230	GO:0005524	5	0.25	0
BSU_34130	GO:0009697	5	0.25	0
BSU_05910	GO:0005886	5	0.25	0
BSU_25500	GO:0004181	5	0.25	0
BSU_27840	GO:0005886	5	0.25	0
BSU_24450	GO:0005886	5	0.25	0
BSU_15880	GO:0005524	5	0.25	0
BSU_07080	GO:0009697	5	0.25	0
BSU_26600	GO:0005886	5	0.25	0
BSU_14590	GO:0032993	5	0.25	0
BSU_17620	GO:0004181	5	0.25	0
BSU_00160	GO:0030435	5	0.25	0
BSU_14730	GO:0005886	5	0.25	0
BSU_36410	GO:0016757	5	0.25	0
BSU_10350	GO:0005886	5	0.25	0
BSU_33690	GO:0005524	5	0.25	0
BSU_23990	GO:0030435	5	0.25	0
BSU_27840	GO:0006631	5	0.25	0
BSU_23470	GO:0006631	5	0.25	0
BSU_07560	GO:0009697	5	0.25	0
BSU_24120	GO:0004181	5	0.25	0
BSU_36550	GO:0006631	5	0.25	0
BSU_23530	GO:0006631	5	0.25	0
BSU_33960	GO:0006811	5	0.25	0
BSU_24170	GO:0005886	5	0.25	0
BSU_11340	GO:0005886	5	0.25	0
BSU_33240	GO:0004181	5	0.25	0
BSU_09370	GO:0030435	5	0.25	0
BSU_32150	GO:0005886	5	0.25	0
BSU_19410	GO:0030435	5	0.25	0
BSU_27930	GO:0006631	5	0.25	0
BSU_37660	GO:0005886	5	0.25	0
BSU_37640	GO:0005886	5	0.25	0
BSU_04080	GO:0006631	5	0.25	0
BSU_31700	GO:0006631	5	0.25	0
BSU_27370	GO:0030435	5	0.25	0
BSU_06300	GO:0006631	5	0.25	0
BSU_09930	GO:0005886	5	0.25	0
BSU_19330	GO:0005886	5	0.25	0
BSU_17450	GO:0005886	5	0.25	0
BSU_22770	GO:0005886	5	0.25	0
BSU_27120	GO:0032993	5	0.25	0
BSU_24170	GO:0006414	5	0.25	0
BSU_19200	GO:0004252	5	0.25	0
BSU_24040	GO:0019464	5	0.25	0
BSU_39020	GO:0055085	5	0.25	0
BSU_05910	GO:0015935	5	0.25	0
BSU_01640	GO:0015935	5	0.25	0
BSU_14590	GO:0019464	5	0.25	0
BSU_08060	GO:0019464	5	0.25	0
BSU_07000	GO:0005886	5	0.25	0
BSU_33240	GO:0004252	5	0.25	0
BSU_34130	GO:0004181	5	0.25	0
BSU_34900	GO:0004252	5	0.25	0
BSU_30150	GO:0032993	5	0.25	0
BSU_07080	GO:0004181	5	0.25	0
BSU_07050	GO:0005524	5	0.25	0
BSU_18480	GO:0015935	5	0.25	0
BSU_19330	GO:0004181	5	0.25	0
BSU_23800	GO:0015935	5	0.25	0
BSU_12910	GO:0015935	5	0.25	0
BSU_15880	GO:0032993	5	0.25	0
BSU_35790	GO:0009697	5	0.25	0
BSU_33170	GO:0006811	5	0.25	0
BSU_06720	GO:0004181	5	0.25	0
BSU_11340	GO:0030435	5	0.25	0
BSU_03982	GO:0055085	5	0.25	0
BSU_00710	GO:0015935	5	0.25	0
BSU_38090	GO:0005886	5	0.25	0
BSU_12100	GO:0055085	5	0.25	0
BSU_18480	GO:0006631	5	0.25	0
BSU_23570	GO:0005886	5	0.25	0
BSU_16970	GO:0004252	5	0.25	0
BSU_01640	GO:0005886	5	0.25	0
BSU_19330	GO:0009697	5	0.25	0
BSU_00330	GO:0005524	5	0.25	0
BSU_10350	GO:0030435	5	0.25	0
BSU_06720	GO:0009697	5	0.25	0
BSU_15850	GO:0005886	5	0.25	0
BSU_02510	GO:0005886	5	0.25	0
BSU_36410	GO:0032993	5	0.25	0
BSU_06830	GO:0005886	5	0.25	0
BSU_09910	GO:0005886	5	0.25	0
BSU_37180	GO:0055085	5	0.25	0
BSU_05740	GO:0005524	5	0.25	0
BSU_34870	GO:0004252	5	0.25	0
BSU_23800	GO:0006631	5	0.25	0
BSU_01830	GO:0055085	5	0.25	0
BSU_38040	GO:0004252	5	0.25	0
BSU_07560	GO:0004181	5	0.25	0
BSU_12910	GO:0006631	5	0.25	0
BSU_40550	GO:0004252	5	0.25	0
BSU_34790	GO:0004252	5	0.25	0
BSU_25780	GO:0004252	5	0.25	0
BSU_03440	GO:0055085	5	0.25	0
BSU_23800	GO:0006434	5	0.25	0
BSU_18480	GO:0006434	5	0.25	0
BSU_24050	GO:0009027	5	0.25	0
BSU_28390	GO:0046872	5	0.25	0
BSU_27070	GO:0044780	5	0.25	0
BSU_02290	GO:0006650	5	0.25	0
BSU_18180	GO:0046872	5	0.25	0
BSU_41040	GO:0071555	5	0.25	0
BSU_25500	GO:0016301	5	0.25	0
BSU_23890	GO:0071555	5	0.25	0
BSU_35730	GO:0005886	5	0.25	0
BSU_15850	GO:0009027	5	0.25	0
BSU_15850	GO:0016301	5	0.25	0
BSU_24040	GO:0004047	5	0.25	0
BSU_38090	GO:0005886	5	0.25	0
BSU_07560	GO:0009027	5	0.25	0
BSU_28140	GO:0009027	5	0.25	0
BSU_19330	GO:0016301	5	0.25	0
BSU_23570	GO:0005886	5	0.25	0
BSU_02510	GO:0009027	5	0.25	0
BSU_38040	GO:0006414	5	0.25	0
BSU_01640	GO:0005886	5	0.25	0
BSU_06420	GO:0046872	5	0.25	0
BSU_22970	GO:0004222	5	0.25	0
BSU_09910	GO:0016301	5	0.25	0
BSU_12920	GO:0004222	5	0.25	0
BSU_40550	GO:0016301	5	0.25	0
BSU_22970	GO:0046872	5	0.25	0
BSU_38370	GO:0016301	5	0.25	0
BSU_09910	GO:0005886	5	0.25	0
BSU_13750	GO:0006414	5	0.25	0
BSU_09950	GO:0036402	5	0.25	0
BSU_02510	GO:0005886	5	0.25	0
BSU_15620	GO:0009027	5	0.25	0
BSU_38580	GO:0071555	5	0.25	0
BSU_07080	GO:0016301	5	0.25	0
BSU_14590	GO:0006520	5	0.25	0
BSU_34130	GO:0016301	5	0.25	0
BSU_27840	GO:0004222	5	0.25	0
BSU_09100	GO:0044780	5	0.25	0
BSU_27070	GO:0004525	5	0.25	0
BSU_24870	GO:0046872	5	0.25	0
BSU_07560	GO:0016301	5	0.25	0
BSU_39810	GO:0071555	5	0.25	0
BSU_24120	GO:0009027	5	0.25	0
BSU_23570	GO:0009027	5	0.25	0
BSU_17390	GO:0010133	5	0.25	0
BSU_20040	GO:0010133	5	0.25	0
BSU_21350	GO:0005886	5	0.25	0
BSU_12250	GO:0005886	5	0.25	0
BSU_10390	GO:0005886	5	0.25	0
BSU_40550	GO:0006414	5	0.25	0
BSU_35680	GO:0005886	5	0.25	0
BSU_22630	GO:0009027	5	0.25	0
BSU_21350	GO:0009027	5	0.25	0
BSU_15860	GO:0009027	5	0.25	0
BSU_24050	GO:0016301	5	0.25	0
BSU_17380	GO:0010133	5	0.25	0
BSU_15850	GO:0005886	5	0.25	0
BSU_07080	GO:0005886	5	0.25	0
BSU_14300	GO:0006650	5	0.25	0
BSU_11720	GO:0036402	5	0.25	0
BSU_12300	GO:0046872	5	0.25	0
BSU_14590	GO:0036402	5	0.25	0
BSU_30150	GO:0046872	5	0.25	0
BSU_24120	GO:0016301	5	0.25	0
BSU_35730	GO:0006414	5	0.25	0
BSU_08440	GO:0006414	5	0.25	0
BSU_38040	GO:0046872	5	0.25	0
BSU_16970	GO:0006414	5	0.25	0
BSU_32490	GO:0010133	5	0.25	0
BSU_39750	GO:0046872	5	0.25	0
BSU_38190	GO:0046872	5	0.25	0
BSU_16230	GO:0004047	5	0.25	0
BSU_21440	GO:0010133	5	0.25	0
BSU_37810	GO:0010133	5	0.25	0
BSU_33240	GO:0016301	5	0.25	0
BSU_03960	GO:0006414	5	0.25	0
BSU_39070	GO:0046872	5	0.25	0
BSU_21860	GO:0010133	5	0.25	0
BSU_36290	GO:0006650	5	0.25	0
BSU_14590	GO:0046872	5	0.25	0
BSU_31010	GO:0046872	5	0.25	0
BSU_18840	GO:0046872	5	0.25	0
BSU_15620	GO:0016301	5	0.25	0
BSU_20040	GO:0016301	5	0.25	0
BSU_00160	GO:0046872	5	0.25	0
BSU_15860	GO:0016301	5	0.25	0
BSU_39550	GO:0006650	5	0.25	0
BSU_22620	GO:0004047	5	0.25	0
BSU_25780	GO:0010133	5	0.25	0
BSU_38860	GO:0046872	5	0.25	0
BSU_07000	GO:0005886	5	0.25	0
BSU_09930	GO:0005886	5	0.25	0
BSU_24170	GO:0004222	5	0.25	0
BSU_24050	GO:0004047	5	0.25	0
BSU_07560	GO:0005886	5	0.25	0
BSU_34790	GO:0010133	5	0.25	0
BSU_36410	GO:0071555	5	0.25	0
BSU_13550	GO:0046872	5	0.25	0
BSU_04080	GO:0005886	5	0.25	0
BSU_06830	GO:0004222	5	0.25	0
BSU_34870	GO:0006414	5	0.25	0
BSU_14590	GO:0004047	5	0.25	0
BSU_29590	GO:0016301	5	0.25	0
BSU_27880	GO:0016301	5	0.25	0
BSU_32460	GO:0005886	5	0.25	0
BSU_04110	GO:0005886	5	0.25	0
BSU_07000	GO:0046872	5	0.25	0
BSU_23470	GO:0004222	5	0.25	0
BSU_08060	GO:0004047	5	0.25	0
BSU_37640	GO:0004047	5	0.25	0
BSU_27120	GO:0046872	5	0.25	0
BSU_16230	GO:0046872	5	0.25	0
BSU_41040	GO:0046872	5	0.25	0
BSU_18670	GO:0016301	5	0.25	0
BSU_23890	GO:0046872	5	0.25	0
BSU_33530	GO:0010133	5	0.25	0
BSU_38370	GO:0009027	5	0.25	0
BSU_10920	GO:0032508	5	0.25	0
BSU_07050	GO:0036402	5	0.25	0
BSU_37180	GO:0009027	5	0.25	0
BSU_18070	GO:0055085	5	0.25	0
BSU_14350	GO:0006508	5	0.25	0
BSU_17620	GO:0055085	5	0.25	0
BSU_33830	GO:0071555	5	0.25	0
BSU_23530	GO:0055085	5	0.25	0
BSU_14590	GO:0003746	5	0.25	0
BSU_33720	GO:0071555	5	0.25	0
BSU_33730	GO:0071555	5	0.25	0
BSU_23960	GO:0055085	5	0.25	0
BSU_23980	GO:0055085	5	0.25	0
BSU_31260	GO:0006508	5	0.25	0
BSU_00710	GO:0006434	5	0.25	0
BSU_34790	GO:0006414	5	0.25	0
BSU_23760	GO:0006434	5	0.25	0
BSU_16440	GO:0005515	5	0.25	0
BSU_30770	GO:0055085	5	0.25	0
BSU_30150	GO:0016757	5	0.25	0
BSU_09950	GO:0003746	5	0.25	0
BSU_33380	GO:0055085	5	0.25	0
BSU_02430	GO:0010133	5	0.25	0
BSU_14830	GO:0010133	5	0.25	0
BSU_36550	GO:0006508	5	0.25	0
BSU_05910	GO:0032508	5	0.25	0
BSU_23980	GO:0006508	5	0.25	0
BSU_05810	GO:0004525	5	0.25	0
BSU_05910	GO:0006434	5	0.25	0
BSU_01640	GO:0006434	5	0.25	0
BSU_05810	GO:0036402	5	0.25	0
BSU_37320	GO:0006811	5	0.25	0
BSU_15600	GO:0032508	5	0.25	0
BSU_17390	GO:0005524	5	0.25	0
BSU_10910	GO:0032508	5	0.25	0
BSU_20040	GO:0005524	5	0.25	0
BSU_28560	GO:0032508	5	0.25	0
BSU_10360	GO:0032508	5	0.25	0
BSU_25780	GO:0016746	5	0.25	0
BSU_07050	GO:0003746	5	0.25	0
BSU_32740	GO:0006811	5	0.25	0
BSU_39810	GO:0016757	5	0.25	0
BSU_12910	GO:0009027	5	0.25	0
BSU_27070	GO:0006508	5	0.25	0
BSU_27070	GO:0036402	5	0.25	0
BSU_34620	GO:0006434	5	0.25	0
BSU_33690	GO:0016757	5	0.25	0
BSU_05910	GO:0030435	5	0.25	0
BSU_23800	GO:0009027	5	0.25	0
BSU_36410	GO:0004525	5	0.25	0
BSU_16330	GO:0044780	5	0.25	0
BSU_18480	GO:0009027	5	0.25	0
BSU_13690	GO:0044780	5	0.25	0
BSU_06720	GO:0032508	5	0.25	0
BSU_07570	GO:0006811	5	0.25	0
BSU_08060	GO:0036402	5	0.25	0
BSU_38580	GO:0036402	5	0.25	0
BSU_24980	GO:0006508	5	0.25	0
BSU_18480	GO:0010133	5	0.25	0
BSU_03320	GO:0046872	5	0.25	0
BSU_23990	GO:0046872	5	0.25	0
BSU_27880	GO:0006434	5	0.25	0
BSU_33720	GO:0006508	5	0.25	0
BSU_06720	GO:0006650	5	0.25	0
BSU_29590	GO:0006650	5	0.25	0
BSU_33820	GO:0006508	5	0.25	0
BSU_06830	GO:0044780	5	0.25	0
BSU_27880	GO:0006650	5	0.25	0
BSU_21860	GO:0046872	5	0.25	0
BSU_25780	GO:0006414	5	0.25	0
BSU_26840	GO:0046872	5	0.25	0
BSU_11720	GO:0010133	5	0.25	0
BSU_38700	GO:0046872	5	0.25	0
BSU_18070	GO:0006650	5	0.25	0
BSU_05870	GO:0016301	5	0.25	0
BSU_12020	GO:0016301	5	0.25	0
BSU_18070	GO:0006434	5	0.25	0
BSU_14590	GO:0044780	5	0.25	0
BSU_35790	GO:0016301	5	0.25	0
BSU_06300	GO:0004222	5	0.25	0
BSU_14730	GO:0046872	5	0.25	0
BSU_04080	GO:0004222	5	0.25	0
BSU_07050	GO:0005515	5	0.25	0
BSU_09950	GO:0006520	5	0.25	0
BSU_14300	GO:0006434	5	0.25	0
BSU_27930	GO:0004222	5	0.25	0
BSU_24050	GO:0010133	5	0.25	0
BSU_29590	GO:0006434	5	0.25	0
BSU_31010	GO:0006520	5	0.25	0
BSU_05810	GO:0044780	5	0.25	0
BSU_27070	GO:0004222	5	0.25	0
BSU_32740	GO:0004222	5	0.25	0
BSU_15880	GO:0006520	5	0.25	0
BSU_37640	GO:0006650	5	0.25	0
BSU_16330	GO:0004525	5	0.25	0
BSU_05910	GO:0016301	5	0.25	0
BSU_37180	GO:0016301	5	0.25	0
BSU_37640	GO:0006434	5	0.25	0
BSU_16230	GO:0005515	5	0.25	0
BSU_23800	GO:0010133	5	0.25	0
BSU_23800	GO:0044780	5	0.25	0
BSU_02510	GO:0016301	5	0.25	0
BSU_14590	GO:0004525	5	0.25	0
BSU_03440	GO:0004222	5	0.25	0
BSU_12910	GO:0010133	5	0.25	0
BSU_09410	GO:0016301	5	0.25	0
BSU_05740	GO:0016301	5	0.25	0
BSU_01640	GO:0046872	5	0.25	0
BSU_27070	GO:0071555	5	0.25	0
BSU_34620	GO:0016301	5	0.25	0
BSU_27370	GO:0009027	5	0.25	0
BSU_08060	GO:0010133	5	0.25	0
BSU_07050	GO:0006520	5	0.25	0
BSU_12100	GO:0016301	5	0.25	0
BSU_35620	GO:0046872	5	0.25	0
BSU_38700	GO:0005886	5	0.25	0
BSU_15590	GO:0006400	5	0.25	0
BSU_16970	GO:0016705	5	0.25	0
BSU_05870	GO:0008801	5	0.25	0
BSU_06720	GO:0030497	5	0.25	0
BSU_34130	GO:0008801	5	0.25	0
BSU_07080	GO:0008801	5	0.25	0
BSU_34870	GO:0016491	5	0.25	0
BSU_19330	GO:0008801	5	0.25	0
BSU_10970	GO:0005886	5	0.25	0
BSU_13010	GO:0046872	5	0.25	0
BSU_06720	GO:0008801	5	0.25	0
BSU_35790	GO:0008801	5	0.25	0
BSU_12020	GO:0008801	5	0.25	0
BSU_06420	GO:0051287	5	0.25	0
BSU_24000	GO:0005886	5	0.25	0
BSU_16440	GO:0016887	5	0.25	0
BSU_36290	GO:0005886	5	0.25	0
BSU_29940	GO:0005886	5	0.25	0
BSU_03990	GO:0030497	5	0.25	0
BSU_10130	GO:0008801	5	0.25	0
BSU_30670	GO:0005886	5	0.25	0
BSU_37680	GO:0030497	5	0.25	0
BSU_05870	GO:0000287	5	0.25	0
BSU_22620	GO:0042802	5	0.25	0
BSU_23930	GO:0005886	5	0.25	0
BSU_12020	GO:0000287	5	0.25	0
BSU_32290	GO:0005886	5	0.25	0
BSU_00390	GO:0005886	5	0.25	0
BSU_35790	GO:0000287	5	0.25	0
BSU_14700	GO:0005886	5	0.25	0
BSU_25500	GO:0030497	5	0.25	0
BSU_13550	GO:0046872	5	0.25	0
BSU_05740	GO:0000287	5	0.25	0
BSU_15860	GO:0008801	5	0.25	0
BSU_10390	GO:0047533	5	0.25	0
BSU_00490	GO:0051287	5	0.25	0
BSU_37820	GO:0047533	5	0.25	0
BSU_07990	GO:0047533	5	0.25	0
BSU_15590	GO:0046872	5	0.25	0
BSU_18260	GO:0047533	5	0.25	0
BSU_37680	GO:0047533	5	0.25	0
BSU_03990	GO:0047533	5	0.25	0
BSU_19120	GO:0005886	5	0.25	0
BSU_15620	GO:0008801	5	0.25	0
BSU_28770	GO:0005886	5	0.25	0
BSU_09910	GO:0008801	5	0.25	0
BSU_15850	GO:0008801	5	0.25	0
BSU_25500	GO:0008801	5	0.25	0
BSU_05810	GO:0000287	5	0.25	0
BSU_26670	GO:0047533	5	0.25	0
BSU_38370	GO:0016491	5	0.25	0
BSU_15600	GO:0046872	5	0.25	0
BSU_07560	GO:0008801	5	0.25	0
BSU_13010	GO:0047533	5	0.25	0
BSU_14350	GO:0035873	5	0.25	0
BSU_15620	GO:0030497	5	0.25	0
BSU_05910	GO:0000287	5	0.25	0
BSU_09410	GO:0000287	5	0.25	0
BSU_11560	GO:0005886	5	0.25	0
BSU_32740	GO:0035873	5	0.25	0
BSU_27880	GO:0004181	5	0.25	0
BSU_28560	GO:0008033	5	0.25	0
BSU_15600	GO:0042802	5	0.25	0
BSU_05810	GO:0009090	5	0.25	0
BSU_15590	GO:0008033	5	0.25	0
BSU_15600	GO:0008033	5	0.25	0
BSU_31840	GO:0030497	5	0.25	0
BSU_10910	GO:0008033	5	0.25	0
BSU_14590	GO:0042802	5	0.25	0
BSU_21440	GO:0030497	5	0.25	0
BSU_22630	GO:0046872	5	0.25	0
BSU_07570	GO:0035873	5	0.25	0
BSU_17390	GO:0000287	5	0.25	0
BSU_10530	GO:0030497	5	0.25	0
BSU_10360	GO:0008033	5	0.25	0
BSU_12100	GO:0008801	5	0.25	0
BSU_19310	GO:0030497	5	0.25	0
BSU_38500	GO:0051287	5	0.25	0
BSU_07050	GO:0009090	5	0.25	0
BSU_20040	GO:0000287	5	0.25	0
BSU_11720	GO:0042802	5	0.25	0
BSU_23570	GO:0046872	5	0.25	0
BSU_20500	GO:0003723	5	0.25	0
BSU_09950	GO:0042802	5	0.25	0
BSU_18070	GO:0015112	5	0.25	0
BSU_17620	GO:0015112	5	0.25	0
BSU_38860	GO:0046872	5	0.25	0
BSU_06720	GO:0008033	5	0.25	0
BSU_15590	GO:0042802	5	0.25	0
BSU_18670	GO:0000287	5	0.25	0
BSU_10390	GO:0030497	5	0.25	0
BSU_14350	GO:0015112	5	0.25	0
BSU_34620	GO:0008801	5	0.25	0
BSU_07080	GO:0000287	5	0.25	0
BSU_18260	GO:0030497	5	0.25	0
BSU_07990	GO:0030497	5	0.25	0
BSU_22620	GO:0047810	5	0.25	0
BSU_11100	GO:0005886	5	0.25	0
BSU_37820	GO:0030497	5	0.25	0
BSU_08060	GO:0009090	5	0.25	0
BSU_00490	GO:0046872	5	0.25	0
BSU_02510	GO:0008801	5	0.25	0
BSU_24050	GO:0000287	5	0.25	0
BSU_38580	GO:0009090	5	0.25	0
BSU_11660	GO:0046872	5	0.25	0
BSU_24320	GO:0046872	5	0.25	0
BSU_37180	GO:0008801	5	0.25	0
BSU_11340	GO:0046872	5	0.25	0
BSU_13010	GO:0046872	5	0.25	0
BSU_05910	GO:0008801	5	0.25	0
BSU_28910	GO:0003723	5	0.25	0
BSU_14300	GO:0046872	5	0.25	0
BSU_15850	GO:0000287	5	0.25	0
BSU_06420	GO:0046872	5	0.25	0
BSU_35330	GO:0046872	5	0.25	0
BSU_12920	GO:0000287	5	0.25	0
BSU_17340	GO:0046872	5	0.25	0
BSU_31840	GO:0047533	5	0.25	0
BSU_22620	GO:0006546	5	0.25	0
BSU_10530	GO:0047533	5	0.25	0
BSU_16330	GO:0004359	5	0.25	0
BSU_14590	GO:0004359	5	0.25	0
BSU_03960	GO:0008801	5	0.25	0
BSU_23570	GO:0016491	5	0.25	0
BSU_12100	GO:0003723	5	0.25	0
BSU_34620	GO:0003723	5	0.25	0
BSU_16970	GO:0008801	5	0.25	0
BSU_11720	GO:0051287	5	0.25	0
BSU_24980	GO:0006814	5	0.25	0
BSU_38580	GO:0005737	5	0.25	0
BSU_17620	GO:0016705	5	0.25	0
BSU_03982	GO:0046940	5	0.25	0
BSU_05810	GO:0046940	5	0.25	0
BSU_33960	GO:0030001	5	0.25	0
BSU_13750	GO:0047533	5	0.25	0
BSU_10130	GO:0016705	5	0.25	0
BSU_24570	GO:0047810	5	0.25	0
BSU_15600	GO:0046940	5	0.25	0
BSU_12210	GO:0008801	5	0.25	0
BSU_18670	GO:0016491	5	0.25	0
BSU_01830	GO:0000160	5	0.25	0
BSU_24010	GO:0030001	5	0.25	0
BSU_30670	GO:0016705	5	0.25	0
BSU_24120	GO:0016491	5	0.25	0
BSU_27070	GO:0046940	5	0.25	0
BSU_16230	GO:0016887	5	0.25	0
BSU_39550	GO:0008801	5	0.25	0
BSU_37320	GO:0000160	5	0.25	0
BSU_32740	GO:0015112	5	0.25	0
BSU_23890	GO:0046872	5	0.25	0
BSU_33380	GO:0016705	5	0.25	0
BSU_34130	GO:0003723	5	0.25	0
BSU_07080	GO:0003723	5	0.25	0
BSU_19330	GO:0003723	5	0.25	0
BSU_12100	GO:0000160	5	0.25	0
BSU_03440	GO:0000160	5	0.25	0
BSU_33270	GO:0030001	5	0.25	0
BSU_34700	GO:0030001	5	0.25	0
BSU_06720	GO:0003723	5	0.25	0
BSU_17450	GO:0046940	5	0.25	0
BSU_24040	GO:0016746	5	0.25	0
BSU_13690	GO:0006814	5	0.25	0
BSU_14590	GO:0016746	5	0.25	0
BSU_03730	GO:0030001	5	0.25	0
BSU_14350	GO:0006814	5	0.25	0
BSU_00330	GO:0005737	5	0.25	0
BSU_16230	GO:0005737	5	0.25	0
BSU_13750	GO:0008801	5	0.25	0
BSU_10130	GO:0003723	5	0.25	0
BSU_27840	GO:0046940	5	0.25	0
BSU_41040	GO:0046872	5	0.25	0
BSU_31710	GO:0008801	5	0.25	0
BSU_12920	GO:0016491	5	0.25	0
BSU_31260	GO:0006814	5	0.25	0
BSU_39550	GO:0016705	5	0.25	0
BSU_36550	GO:0046940	5	0.25	0
BSU_37180	GO:0000160	5	0.25	0
BSU_36410	GO:0046872	5	0.25	0
BSU_27930	GO:0046940	5	0.25	0
BSU_18070	GO:0035873	5	0.25	0
BSU_29590	GO:0008801	5	0.25	0
BSU_07080	GO:0000160	5	0.25	0
BSU_22470	GO:0005886	5	0.25	0
BSU_27880	GO:0008801	5	0.25	0
BSU_34450	GO:0005886	5	0.25	0
BSU_24120	GO:0008801	5	0.25	0
BSU_07270	GO:0005886	5	0.25	0
BSU_30630	GO:0005886	5	0.25	0
BSU_10390	GO:0005886	5	0.25	0
BSU_02100	GO:0005886	5	0.25	0
BSU_22620	GO:0046872	5	0.25	0
BSU_19310	GO:0047533	5	0.25	0
BSU_02830	GO:0047533	5	0.25	0
BSU_24040	GO:0006546	5	0.25	0
BSU_24050	GO:0006546	5	0.25	0
BSU_36410	GO:0004359	5	0.25	0
BSU_33240	GO:0008801	5	0.25	0
BSU_03860	GO:0047533	5	0.25	0
BSU_14590	GO:0006546	5	0.25	0
BSU_08060	GO:0006546	5	0.25	0
BSU_19330	GO:0047533	5	0.25	0
BSU_23070	GO:0047533	5	0.25	0
BSU_22610	GO:0047533	5	0.25	0
BSU_37640	GO:0006546	5	0.25	0
BSU_17620	GO:0008801	5	0.25	0
BSU_13750	GO:0005886	5	0.25	0
BSU_17620	GO:0035873	5	0.25	0
BSU_09410	GO:0003723	5	0.25	0
BSU_16970	GO:0005886	5	0.25	0
BSU_02510	GO:0003723	5	0.25	0
BSU_23980	GO:0035873	5	0.25	0
BSU_04160	GO:0046940	5	0.25	0
BSU_37180	GO:0003723	5	0.25	0
BSU_33380	GO:0008801	5	0.25	0
BSU_05910	GO:0003723	5	0.25	0
BSU_11100	GO:0016837	5	0.25	0
BSU_30770	GO:0008801	5	0.25	0
BSU_40550	GO:0008801	5	0.25	0
BSU_04610	GO:0016837	5	0.25	0
BSU_12000	GO:0046940	5	0.25	0
BSU_38370	GO:0008801	5	0.25	0
BSU_16230	GO:0046872	5	0.25	0
BSU_38600	GO:0046940	5	0.25	0
BSU_22930	GO:0016837	5	0.25	0
BSU_41030	GO:0016837	5	0.25	0
BSU_23960	GO:0035873	5	0.25	0
BSU_35680	GO:0016837	5	0.25	0
BSU_34620	GO:0005886	5	0.25	0
BSU_23530	GO:0035873	5	0.25	0
BSU_10130	GO:0005886	5	0.25	0
BSU_19330	GO:0005886	5	0.25	0
BSU_09910	GO:0005886	5	0.25	0
BSU_39550	GO:0005886	5	0.25	0
BSU_07000	GO:0000160	5	0.25	0
BSU_27370	GO:0016491	5	0.25	0
BSU_39020	GO:0035873	5	0.25	0
BSU_23990	GO:0030497	5	0.25	0
BSU_22470	GO:0004181	5	0.25	0
BSU_31980	GO:0046872	5	0.25	0
BSU_10910	GO:0046872	5	0.25	0
BSU_15600	GO:0046872	5	0.25	0
BSU_14590	GO:0005886	5	0.25	0
BSU_15620	GO:0009697	5	0.25	0
BSU_37640	GO:0005886	5	0.25	0
BSU_24050	GO:0005886	5	0.25	0
BSU_11720	GO:0019464	5	0.25	0
BSU_31840	GO:0004252	5	0.25	0
BSU_09100	GO:0005886	5	0.25	0
BSU_10450	GO:0006811	5	0.25	0
BSU_27930	GO:0046872	5	0.25	0
BSU_10130	GO:0006414	5	0.25	0
BSU_05870	GO:0003723	5	0.25	0
BSU_39070	GO:0046872	5	0.25	0
BSU_11660	GO:0004252	5	0.25	0
BSU_33830	GO:0005886	5	0.25	0
BSU_32160	GO:0004252	5	0.25	0
BSU_24450	GO:0004252	5	0.25	0
BSU_04160	GO:0046872	5	0.25	0
BSU_13750	GO:0004181	5	0.25	0
BSU_13550	GO:0016407	5	0.25	0
BSU_33730	GO:0005886	5	0.25	0
BSU_36550	GO:0005886	5	0.25	0
BSU_31710	GO:0004181	5	0.25	0
BSU_27070	GO:0005886	5	0.25	0
BSU_03982	GO:0046872	5	0.25	0
BSU_33690	GO:0003676	5	0.25	0
BSU_17170	GO:0004252	5	0.25	0
BSU_02670	GO:0006811	5	0.25	0
BSU_35940	GO:0005737	5	0.25	0
BSU_28390	GO:0003723	5	0.25	0
BSU_09420	GO:0051726	5	0.25	0
BSU_06420	GO:0008033	5	0.25	0
BSU_22620	GO:0016740	5	0.25	0
BSU_36410	GO:0016887	5	0.25	0
BSU_38860	GO:0046872	5	0.25	0
BSU_35790	GO:0008033	5	0.25	0
BSU_37820	GO:0046872	5	0.25	0
BSU_30630	GO:0004252	5	0.25	0
BSU_03990	GO:0046872	5	0.25	0
BSU_12020	GO:0008033	5	0.25	0
BSU_05870	GO:0008033	5	0.25	0
BSU_08080	GO:0003676	5	0.25	0
BSU_23760	GO:0046872	5	0.25	0
BSU_18670	GO:0051539	5	0.25	0
BSU_09950	GO:0016887	5	0.25	0
BSU_24040	GO:0016887	5	0.25	0
BSU_28390	GO:0008033	5	0.25	0
BSU_15860	GO:0009697	5	0.25	0
BSU_06230	GO:0006811	5	0.25	0
BSU_16330	GO:0005886	5	0.25	0
BSU_15880	GO:0003676	5	0.25	0
BSU_33690	GO:0016887	5	0.25	0
BSU_30150	GO:0003676	5	0.25	0
BSU_13010	GO:0016407	5	0.25	0
BSU_24010	GO:0006811	5	0.25	0
BSU_14590	GO:0016887	5	0.25	0
BSU_39070	GO:0016407	5	0.25	0
BSU_34130	GO:0016407	5	0.25	0
BSU_07560	GO:0016407	5	0.25	0
BSU_25500	GO:0006414	5	0.25	0
BSU_28560	GO:0016407	5	0.25	0
BSU_06830	GO:0006631	5	0.25	0
BSU_24170	GO:0016407	5	0.25	0
BSU_24170	GO:0006631	5	0.25	0
BSU_12920	GO:0006631	5	0.25	0
BSU_15850	GO:0009697	5	0.25	0
BSU_22970	GO:0006631	5	0.25	0
BSU_38190	GO:0016407	5	0.25	0
BSU_25500	GO:0009697	5	0.25	0
BSU_23070	GO:0016407	5	0.25	0
BSU_00160	GO:0005886	5	0.25	0
BSU_35080	GO:0016407	5	0.25	0
BSU_24120	GO:0016407	5	0.25	0
BSU_17450	GO:0030435	5	0.25	0
BSU_16230	GO:0019464	5	0.25	0
BSU_38370	GO:0004181	5	0.25	0
BSU_26840	GO:0005886	5	0.25	0
BSU_23890	GO:0005524	5	0.25	0
BSU_41040	GO:0005524	5	0.25	0
BSU_29590	GO:0004181	5	0.25	0
BSU_38040	GO:0016407	5	0.25	0
BSU_04160	GO:0016407	5	0.25	0
BSU_07080	GO:0016407	5	0.25	0
BSU_05870	GO:0016407	5	0.25	0
BSU_28560	GO:0046872	5	0.25	0
BSU_40550	GO:0004181	5	0.25	0
BSU_39640	GO:0006811	5	0.25	0
BSU_03960	GO:0004181	5	0.25	0
BSU_16970	GO:0004181	5	0.25	0
BSU_00490	GO:0016407	5	0.25	0
BSU_06420	GO:0016407	5	0.25	0
BSU_24170	GO:0046872	5	0.25	0
BSU_17390	GO:0051539	5	0.25	0
BSU_38190	GO:0046872	5	0.25	0
BSU_23070	GO:0046872	5	0.25	0
BSU_38860	GO:0016407	5	0.25	0
BSU_12210	GO:0005886	5	0.25	0
BSU_40550	GO:0016407	5	0.25	0
BSU_12210	GO:0004181	5	0.25	0
BSU_35080	GO:0046872	5	0.25	0
BSU_09680	GO:0006811	5	0.25	0
BSU_13750	GO:0004252	5	0.25	0
BSU_39550	GO:0004181	5	0.25	0
BSU_31980	GO:0016407	5	0.25	0
BSU_18670	GO:0009697	5	0.25	0
BSU_33530	GO:0005886	5	0.25	0
BSU_33380	GO:0004181	5	0.25	0
BSU_39810	GO:0005524	5	0.25	0
BSU_09910	GO:0009697	5	0.25	0
BSU_00490	GO:0006631	5	0.25	0
BSU_30770	GO:0004181	5	0.25	0
BSU_13550	GO:0008033	5	0.25	0
BSU_36410	GO:0051726	5	0.25	0
BSU_27880	GO:0000287	5	0.25	0
BSU_01830	GO:0035873	5	0.25	0
BSU_23960	GO:0015112	5	0.25	0
BSU_37180	GO:0030497	5	0.25	0
BSU_30800	GO:0016491	5	0.25	0
BSU_16230	GO:0006546	5	0.25	0
BSU_39750	GO:0003723	5	0.25	0
BSU_29940	GO:0016887	5	0.25	0
BSU_10970	GO:0003723	5	0.25	0
BSU_23980	GO:0015112	5	0.25	0
BSU_24000	GO:0016887	5	0.25	0
BSU_05810	GO:0042802	5	0.25	0
BSU_24580	GO:0016887	5	0.25	0
BSU_18250	GO:0016887	5	0.25	0
BSU_19320	GO:0016491	5	0.25	0
BSU_12020	GO:0003723	5	0.25	0
BSU_30240	GO:0016887	5	0.25	0
BSU_24980	GO:0015112	5	0.25	0
BSU_38600	GO:0008033	5	0.25	0
BSU_09950	GO:0009090	5	0.25	0
BSU_31980	GO:0005886	5	0.25	0
BSU_37180	GO:0035873	5	0.25	0
BSU_30670	GO:0016491	5	0.25	0
BSU_11720	GO:0009090	5	0.25	0
BSU_05810	GO:0005886	5	0.25	0
BSU_38500	GO:0005886	5	0.25	0
BSU_22770	GO:0008033	5	0.25	0
BSU_23930	GO:0016491	5	0.25	0
BSU_22100	GO:0016491	5	0.25	0
BSU_02830	GO:0030497	5	0.25	0
BSU_29060	GO:0016887	5	0.25	0
BSU_07050	GO:0016887	5	0.25	0
BSU_03982	GO:0035873	5	0.25	0
BSU_37810	GO:0030497	5	0.25	0
BSU_37320	GO:0003723	5	0.25	0
BSU_29590	GO:0000287	5	0.25	0
BSU_38500	GO:0009090	5	0.25	0
BSU_38500	GO:0042802	5	0.25	0
BSU_37810	GO:0046872	5	0.25	0
BSU_12100	GO:0035873	5	0.25	0
BSU_34790	GO:0030497	5	0.25	0
BSU_25780	GO:0030497	5	0.25	0
BSU_03440	GO:0035873	5	0.25	0
BSU_23530	GO:0015112	5	0.25	0
BSU_31010	GO:0051539	5	0.25	0
BSU_17620	GO:0009697	5	0.25	0
BSU_31980	GO:0042802	5	0.25	0
BSU_36520	GO:0046872	5	0.25	0
BSU_22610	GO:0030497	5	0.25	0
BSU_23070	GO:0030497	5	0.25	0
BSU_17170	GO:0016491	5	0.25	0
BSU_31980	GO:0051287	5	0.25	0
BSU_15110	GO:0030497	5	0.25	0
BSU_37320	GO:0035873	5	0.25	0
BSU_33530	GO:0030497	5	0.25	0
BSU_19330	GO:0030497	5	0.25	0
BSU_03860	GO:0030497	5	0.25	0
BSU_07050	GO:0051539	5	0.25	0
BSU_19430	GO:0016887	5	0.25	0
BSU_09850	GO:0035873	5	0.25	0
BSU_23760	GO:0006414	5	0.25	0
BSU_00710	GO:0006414	5	0.25	0
BSU_38500	GO:0046872	5	0.25	0
BSU_16440	GO:0003676	5	0.25	0
BSU_20040	GO:0009697	5	0.25	0
BSU_23890	GO:0005737	5	0.25	0
BSU_22620	GO:0009090	5	0.25	0
BSU_07050	GO:0005737	5	0.25	0
BSU_38580	GO:0005737	5	0.25	0
BSU_13550	GO:0003723	5	0.25	0
BSU_08060	GO:0005737	5	0.25	0
BSU_05910	GO:0006414	5	0.25	0
BSU_15590	GO:0005886	5	0.25	0
BSU_15600	GO:0005886	5	0.25	0
BSU_41040	GO:0005737	5	0.25	0
BSU_06420	GO:0003723	5	0.25	0
BSU_01640	GO:0006414	5	0.25	0
BSU_12920	GO:0051539	5	0.25	0
BSU_35790	GO:0003723	5	0.25	0
BSU_34620	GO:0006414	5	0.25	0
BSU_34360	GO:0003676	5	0.25	0
BSU_14210	GO:0006811	5	0.25	0
BSU_30800	GO:0046872	5	0.25	0
BSU_00330	GO:0016887	5	0.25	0
BSU_00330	GO:0051726	5	0.25	0
BSU_36410	GO:0005886	5	0.25	0
BSU_38860	GO:0003723	5	0.25	0
BSU_00530	GO:0006414	5	0.25	0
BSU_16330	GO:0051539	5	0.25	0
BSU_33830	GO:0005886	5	0.25	0
BSU_14590	GO:0009090	5	0.25	0
BSU_24320	GO:0008033	5	0.25	0
BSU_27070	GO:0005886	5	0.25	0
BSU_11660	GO:0003723	5	0.25	0
BSU_15600	GO:0009090	5	0.25	0
BSU_11720	GO:0005737	5	0.25	0
BSU_09950	GO:0005737	5	0.25	0
BSU_27120	GO:0005737	5	0.25	0
BSU_15880	GO:0005737	5	0.25	0
BSU_30150	GO:0005737	5	0.25	0
BSU_09950	GO:0051726	5	0.25	0
BSU_14300	GO:0016491	5	0.25	0
BSU_12560	GO:0005737	5	0.25	0
BSU_14590	GO:0051726	5	0.25	0
BSU_17380	GO:0005886	5	0.25	0
BSU_15590	GO:0009090	5	0.25	0
BSU_18070	GO:0016491	5	0.25	0
BSU_33730	GO:0005886	5	0.25	0
BSU_12300	GO:0003723	5	0.25	0
BSU_39810	GO:0005737	5	0.25	0
BSU_16230	GO:0016740	5	0.25	0
BSU_10770	GO:0003676	5	0.25	0
BSU_24050	GO:0051539	5	0.25	0
BSU_33690	GO:0005737	5	0.25	0
BSU_24570	GO:0016740	5	0.25	0
BSU_13750	GO:0030497	5	0.25	0
BSU_35080	GO:0030436	5	0.25	0
BSU_35330	GO:0009231	5	0.25	0
BSU_10910	GO:0030153	5	0.25	0
BSU_10130	GO:0004564	5	0.25	0
BSU_12920	GO:0005737	5	0.25	0
BSU_25500	GO:0004564	5	0.25	0
BSU_36550	GO:0005737	5	0.25	0
BSU_24170	GO:0004564	5	0.25	0
BSU_17450	GO:0005737	5	0.25	0
BSU_15110	GO:0004564	5	0.25	0
BSU_00330	GO:0005737	5	0.25	0
BSU_37320	GO:0006865	5	0.25	0
BSU_07570	GO:0006865	5	0.25	0
BSU_14350	GO:0006865	5	0.25	0
BSU_24980	GO:0006865	5	0.25	0
BSU_30420	GO:0006865	5	0.25	0
BSU_33390	GO:0006865	5	0.25	0
BSU_14360	GO:0006865	5	0.25	0
BSU_09950	GO:0005737	5	0.25	0
BSU_09420	GO:0005737	5	0.25	0
BSU_03982	GO:0004564	5	0.25	0
BSU_12910	GO:0004564	5	0.25	0
BSU_23800	GO:0004564	5	0.25	0
BSU_01570	GO:0004564	5	0.25	0
BSU_39070	GO:0004564	5	0.25	0
BSU_38190	GO:0004564	5	0.25	0
BSU_14590	GO:0003934	5	0.25	0
BSU_16330	GO:0003934	5	0.25	0
BSU_06830	GO:0003934	5	0.25	0
BSU_07000	GO:0004564	5	0.25	0
BSU_05810	GO:0003934	5	0.25	0
BSU_03982	GO:0003934	5	0.25	0
BSU_18480	GO:0004564	5	0.25	0
BSU_12910	GO:0003934	5	0.25	0
BSU_23800	GO:0003934	5	0.25	0
BSU_18480	GO:0003934	5	0.25	0
BSU_23760	GO:0004564	5	0.25	0
BSU_00710	GO:0004564	5	0.25	0
BSU_05910	GO:0004564	5	0.25	0
BSU_01640	GO:0004564	5	0.25	0
BSU_33270	GO:0006865	5	0.25	0
BSU_34700	GO:0006865	5	0.25	0
BSU_03730	GO:0006865	5	0.25	0
BSU_36550	GO:0005886	5	0.25	0
BSU_35940	GO:0000287	5	0.25	0
BSU_05740	GO:0005886	5	0.25	0
BSU_27840	GO:0005886	5	0.25	0
BSU_06830	GO:0005886	5	0.25	0
BSU_12920	GO:0005886	5	0.25	0
BSU_22970	GO:0005886	5	0.25	0
BSU_23470	GO:0005886	5	0.25	0
BSU_27930	GO:0005886	5	0.25	0
BSU_23890	GO:0046872	5	0.25	0
BSU_06300	GO:0005886	5	0.25	0
BSU_09420	GO:0005886	5	0.25	0
BSU_00330	GO:0005886	5	0.25	0
BSU_36410	GO:0046872	5	0.25	0
BSU_17450	GO:0005886	5	0.25	0
BSU_14730	GO:0005886	5	0.25	0
BSU_38700	GO:0005886	5	0.25	0
BSU_27070	GO:0000287	5	0.25	0
BSU_41040	GO:0046872	5	0.25	0
BSU_33960	GO:0006865	5	0.25	0
BSU_11720	GO:0000287	5	0.25	0
BSU_24010	GO:0006865	5	0.25	0
BSU_10450	GO:0006865	5	0.25	0
BSU_02670	GO:0006865	5	0.25	0
BSU_03440	GO:0006865	5	0.25	0
BSU_36410	GO:0003678	5	0.25	0
BSU_39020	GO:0006865	5	0.25	0
BSU_14590	GO:0000287	5	0.25	0
BSU_09950	GO:0000287	5	0.25	0
BSU_08060	GO:0000287	5	0.25	0
BSU_16440	GO:0003678	5	0.25	0
BSU_07050	GO:0000287	5	0.25	0
BSU_05810	GO:0000287	5	0.25	0
BSU_33690	GO:0046872	5	0.25	0
BSU_30150	GO:0046872	5	0.25	0
BSU_39810	GO:0046872	5	0.25	0
BSU_38580	GO:0000287	5	0.25	0
BSU_18840	GO:0004564	5	0.25	0
BSU_35790	GO:0004564	5	0.25	0
BSU_09100	GO:0003934	5	0.25	0
BSU_17170	GO:0008168	5	0.25	0
BSU_24870	GO:0005262	5	0.25	0
BSU_33390	GO:0005262	5	0.25	0
BSU_21350	GO:0005262	5	0.25	0
BSU_07570	GO:0005262	5	0.25	0
BSU_39020	GO:0005262	5	0.25	0
BSU_10390	GO:0008168	5	0.25	0
BSU_30630	GO:0008168	5	0.25	0
BSU_31840	GO:0008168	5	0.25	0
BSU_23800	GO:0019284	5	0.25	0
BSU_11660	GO:0008168	5	0.25	0
BSU_32160	GO:0008168	5	0.25	0
BSU_24450	GO:0008168	5	0.25	0
BSU_13750	GO:0008168	5	0.25	0
BSU_16970	GO:0008168	5	0.25	0
BSU_10130	GO:0008168	5	0.25	0
BSU_23760	GO:0008168	5	0.25	0
BSU_12250	GO:0005262	5	0.25	0
BSU_18480	GO:0019284	5	0.25	0
BSU_16000	GO:0008168	5	0.25	0
BSU_01640	GO:0019284	5	0.25	0
BSU_23980	GO:0046872	5	0.25	0
BSU_23960	GO:0046872	5	0.25	0
BSU_23530	GO:0046872	5	0.25	0
BSU_18070	GO:0046872	5	0.25	0
BSU_07570	GO:0046872	5	0.25	0
BSU_39020	GO:0046872	5	0.25	0
BSU_37320	GO:0046872	5	0.25	0
BSU_33960	GO:0005262	5	0.25	0
BSU_09850	GO:0005262	5	0.25	0
BSU_10390	GO:0005262	5	0.25	0
BSU_04610	GO:0005262	5	0.25	0
BSU_27140	GO:0005262	5	0.25	0
BSU_33170	GO:0005262	5	0.25	0
BSU_21440	GO:0005262	5	0.25	0
BSU_34620	GO:0019284	5	0.25	0
BSU_28910	GO:0005262	5	0.25	0
BSU_41030	GO:0008168	5	0.25	0
BSU_15410	GO:0008168	5	0.25	0
BSU_12020	GO:0004564	5	0.25	0
BSU_05850	GO:0003676	5	0.25	0
BSU_23800	GO:0005829	5	0.25	0
BSU_15110	GO:0019284	5	0.25	0
BSU_35330	GO:0019284	5	0.25	0
BSU_17450	GO:0003676	5	0.25	0
BSU_38700	GO:0003676	5	0.25	0
BSU_14730	GO:0003676	5	0.25	0
BSU_02690	GO:0005829	5	0.25	0
BSU_18670	GO:0003934	5	0.25	0
BSU_05810	GO:0005829	5	0.25	0
BSU_27070	GO:0003934	5	0.25	0
BSU_33970	GO:0003676	5	0.25	0
BSU_05740	GO:0003676	5	0.25	0
BSU_00160	GO:0004564	5	0.25	0
BSU_34620	GO:0004564	5	0.25	0
BSU_12100	GO:0004564	5	0.25	0
BSU_05870	GO:0004564	5	0.25	0
BSU_18670	GO:0019284	5	0.25	0
BSU_06830	GO:0005829	5	0.25	0
BSU_36290	GO:0008168	5	0.25	0
BSU_03982	GO:0019284	5	0.25	0
BSU_00390	GO:0008168	5	0.25	0
BSU_03990	GO:0008168	5	0.25	0
BSU_30800	GO:0008168	5	0.25	0
BSU_39550	GO:0008168	5	0.25	0
BSU_17340	GO:0008168	5	0.25	0
BSU_14300	GO:0008168	5	0.25	0
BSU_12910	GO:0019284	5	0.25	0
BSU_18670	GO:0005829	5	0.25	0
BSU_16330	GO:0005829	5	0.25	0
BSU_27070	GO:0005829	5	0.25	0
BSU_06830	GO:0019284	5	0.25	0
BSU_09100	GO:0019284	5	0.25	0
BSU_25500	GO:0019284	5	0.25	0
BSU_09100	GO:0005829	5	0.25	0
BSU_24170	GO:0019284	5	0.25	0
BSU_14590	GO:0005829	5	0.25	0
BSU_37160	GO:0005886	5	0.25	0
BSU_09410	GO:0005886	5	0.25	0
BSU_02690	GO:0005886	5	0.25	0
BSU_39640	GO:0005215	5	0.25	0
BSU_02670	GO:0015293	5	0.25	0
BSU_24010	GO:0015293	5	0.25	0
BSU_39640	GO:0015293	5	0.25	0
BSU_09680	GO:0015293	5	0.25	0
BSU_33960	GO:0005215	5	0.25	0
BSU_33170	GO:0015293	5	0.25	0
BSU_03730	GO:0015293	5	0.25	0
BSU_24010	GO:0005215	5	0.25	0
BSU_14210	GO:0015293	5	0.25	0
BSU_34700	GO:0015293	5	0.25	0
BSU_33270	GO:0015293	5	0.25	0
BSU_14360	GO:0015293	5	0.25	0
BSU_33390	GO:0015293	5	0.25	0
BSU_30420	GO:0015293	5	0.25	0
BSU_24980	GO:0015293	5	0.25	0
BSU_14350	GO:0015293	5	0.25	0
BSU_33170	GO:0005215	5	0.25	0
BSU_03440	GO:0015293	5	0.25	0
BSU_07570	GO:0015293	5	0.25	0
BSU_36020	GO:0005215	5	0.25	0
BSU_07050	GO:0006006	5	0.25	0
BSU_05810	GO:0006355	5	0.25	0
BSU_05810	GO:0006006	5	0.25	0
BSU_38580	GO:0006006	5	0.25	0
BSU_08060	GO:0006006	5	0.25	0
BSU_03630	GO:0005215	5	0.25	0
BSU_36410	GO:0006355	5	0.25	0
BSU_14350	GO:0005215	5	0.25	0
BSU_30800	GO:0016491	5	0.25	0
BSU_14360	GO:0005215	5	0.25	0
BSU_33270	GO:0005215	5	0.25	0
BSU_34700	GO:0005215	5	0.25	0
BSU_03730	GO:0005215	5	0.25	0
BSU_07050	GO:0006355	5	0.25	0
BSU_07200	GO:0016491	5	0.25	0
BSU_00390	GO:0016491	5	0.25	0
BSU_32740	GO:0015293	5	0.25	0
BSU_37320	GO:0015293	5	0.25	0
BSU_06830	GO:0006355	5	0.25	0
BSU_14360	GO:0030153	5	0.25	0
BSU_34700	GO:0030153	5	0.25	0
BSU_33270	GO:0030153	5	0.25	0
BSU_12250	GO:0030153	5	0.25	0
BSU_36520	GO:0030153	5	0.25	0
BSU_19430	GO:0030153	5	0.25	0
BSU_33720	GO:0015031	5	0.25	0
BSU_04080	GO:0030153	5	0.25	0
BSU_30420	GO:0030153	5	0.25	0
BSU_03730	GO:0030153	5	0.25	0
BSU_31980	GO:0030153	5	0.25	0
BSU_38500	GO:0030153	5	0.25	0
BSU_23960	GO:0030153	5	0.25	0
BSU_36410	GO:0046872	5	0.25	0
BSU_05810	GO:0046872	5	0.25	0
BSU_15590	GO:0030153	5	0.25	0
BSU_10920	GO:0030153	5	0.25	0
BSU_18210	GO:0030153	5	0.25	0
BSU_02730	GO:0030153	5	0.25	0
BSU_10450	GO:0005215	5	0.25	0
BSU_09680	GO:0005215	5	0.25	0
BSU_02670	GO:0005215	5	0.25	0
BSU_06230	GO:0005215	5	0.25	0
BSU_35830	GO:0005215	5	0.25	0
BSU_37320	GO:0005215	5	0.25	0
BSU_17380	GO:0015625	5	0.25	0
BSU_32740	GO:0005215	5	0.25	0
BSU_33390	GO:0005215	5	0.25	0
BSU_15590	GO:0015625	5	0.25	0
BSU_38580	GO:0015031	5	0.25	0
BSU_15600	GO:0015625	5	0.25	0
BSU_12920	GO:0015031	5	0.25	0
BSU_31010	GO:0015031	5	0.25	0
BSU_33730	GO:0015031	5	0.25	0
BSU_33830	GO:0015031	5	0.25	0
BSU_35940	GO:0015031	5	0.25	0
BSU_39810	GO:0015031	5	0.25	0
BSU_38500	GO:0006006	5	0.25	0
BSU_16330	GO:0006355	5	0.25	0
BSU_18670	GO:0005886	5	0.25	0
BSU_33820	GO:0003677	5	0.25	0
BSU_07080	GO:0008740	5	0.25	0
BSU_06720	GO:0008740	5	0.25	0
BSU_30420	GO:0003677	5	0.25	0
BSU_33720	GO:0003677	5	0.25	0
BSU_35790	GO:0008740	5	0.25	0
BSU_12020	GO:0008740	5	0.25	0
BSU_05870	GO:0008740	5	0.25	0
BSU_14360	GO:0003677	5	0.25	0
BSU_07560	GO:0008740	5	0.25	0
BSU_12100	GO:0008740	5	0.25	0
BSU_05740	GO:0008740	5	0.25	0
BSU_09410	GO:0008740	5	0.25	0
BSU_02510	GO:0008740	5	0.25	0
BSU_37180	GO:0008740	5	0.25	0
BSU_05910	GO:0008740	5	0.25	0
BSU_40550	GO:0008740	5	0.25	0
BSU_34130	GO:0008740	5	0.25	0
BSU_24050	GO:0008740	5	0.25	0
BSU_23980	GO:0006826	5	0.25	0
BSU_17390	GO:0008740	5	0.25	0
BSU_24320	GO:0003677	5	0.25	0
BSU_37160	GO:0003677	5	0.25	0
BSU_22770	GO:0003677	5	0.25	0
BSU_23470	GO:0003677	5	0.25	0
BSU_38600	GO:0003677	5	0.25	0
BSU_33240	GO:0008740	5	0.25	0
BSU_20040	GO:0008740	5	0.25	0
BSU_15860	GO:0008740	5	0.25	0
BSU_25500	GO:0008740	5	0.25	0
BSU_15620	GO:0008740	5	0.25	0
BSU_18670	GO:0008740	5	0.25	0
BSU_32740	GO:0003677	5	0.25	0
BSU_14350	GO:0003677	5	0.25	0
BSU_12920	GO:0008740	5	0.25	0
BSU_24980	GO:0003677	5	0.25	0
BSU_15850	GO:0008740	5	0.25	0
BSU_24980	GO:0006826	5	0.25	0
BSU_23960	GO:0006826	5	0.25	0
BSU_14590	GO:0006355	5	0.25	0
BSU_22620	GO:0006006	5	0.25	0
BSU_03440	GO:0022857	5	0.25	0
BSU_12100	GO:0022857	5	0.25	0
BSU_14590	GO:0005515	5	0.25	0
BSU_03982	GO:0022857	5	0.25	0
BSU_16330	GO:0005515	5	0.25	0
BSU_39020	GO:0022857	5	0.25	0
BSU_18070	GO:0022857	5	0.25	0
BSU_18670	GO:0006355	5	0.25	0
BSU_37180	GO:0022857	5	0.25	0
BSU_27070	GO:0006355	5	0.25	0
BSU_15590	GO:0006006	5	0.25	0
BSU_15600	GO:0006006	5	0.25	0
BSU_14590	GO:0006006	5	0.25	0
BSU_11720	GO:0006006	5	0.25	0
BSU_09950	GO:0006006	5	0.25	0
BSU_09100	GO:0006355	5	0.25	0
BSU_01830	GO:0022857	5	0.25	0
BSU_14210	GO:0022857	5	0.25	0
BSU_23530	GO:0006826	5	0.25	0
BSU_39020	GO:0006826	5	0.25	0
BSU_03440	GO:0003677	5	0.25	0
BSU_31260	GO:0006826	5	0.25	0
BSU_14350	GO:0006826	5	0.25	0
BSU_13690	GO:0006826	5	0.25	0
BSU_38580	GO:0003677	5	0.25	0
BSU_37320	GO:0022857	5	0.25	0
BSU_32740	GO:0006826	5	0.25	0
BSU_03982	GO:0006826	5	0.25	0
BSU_09680	GO:0022857	5	0.25	0
BSU_12100	GO:0006826	5	0.25	0
BSU_03440	GO:0006826	5	0.25	0
BSU_37320	GO:0006826	5	0.25	0
BSU_01830	GO:0006826	5	0.25	0
BSU_32740	GO:0022857	5	0.25	0
BSU_37180	GO:0006826	5	0.25	0
BSU_33390	GO:0022857	5	0.25	0
BSU_33390	GO:0046872	5	0.25	0
BSU_05910	GO:0019284	5	0.25	0
BSU_05870	GO:0071555	5	0.25	0
BSU_08060	GO:0051537	5	0.25	0
BSU_05910	GO:0009234	5	0.25	0
BSU_37180	GO:0009234	5	0.25	0
BSU_02510	GO:0009234	5	0.25	0
BSU_09410	GO:0009234	5	0.25	0
BSU_11720	GO:0051537	5	0.25	0
BSU_05740	GO:0009234	5	0.25	0
BSU_24050	GO:0051537	5	0.25	0
BSU_12910	GO:0051537	5	0.25	0
BSU_20040	GO:0051537	5	0.25	0
BSU_23800	GO:0051537	5	0.25	0
BSU_18480	GO:0051537	5	0.25	0
BSU_34620	GO:0009234	5	0.25	0
BSU_03320	GO:0051537	5	0.25	0
BSU_12100	GO:0009234	5	0.25	0
BSU_10130	GO:0009234	5	0.25	0
BSU_05870	GO:0009234	5	0.25	0
BSU_17390	GO:0051537	5	0.25	0
BSU_17380	GO:0051537	5	0.25	0
BSU_35790	GO:0009234	5	0.25	0
BSU_00710	GO:0016798	5	0.25	0
BSU_03982	GO:0016798	5	0.25	0
BSU_12910	GO:0016798	5	0.25	0
BSU_23800	GO:0016798	5	0.25	0
BSU_18480	GO:0016798	5	0.25	0
BSU_01640	GO:0016798	5	0.25	0
BSU_05910	GO:0016798	5	0.25	0
BSU_05810	GO:0016020	5	0.25	0
BSU_09950	GO:0016020	5	0.25	0
BSU_36290	GO:0009234	5	0.25	0
BSU_35940	GO:0016020	5	0.25	0
BSU_31010	GO:0016020	5	0.25	0
BSU_06300	GO:0051537	5	0.25	0
BSU_36410	GO:0016020	5	0.25	0
BSU_21860	GO:0051537	5	0.25	0
BSU_32490	GO:0051537	5	0.25	0
BSU_39550	GO:0009234	5	0.25	0
BSU_12020	GO:0009234	5	0.25	0
BSU_06720	GO:0009234	5	0.25	0
BSU_06830	GO:0016798	5	0.25	0
BSU_23470	GO:0003700	5	0.25	0
BSU_21350	GO:0003824	5	0.25	0
BSU_22630	GO:0003824	5	0.25	0
BSU_24120	GO:0003824	5	0.25	0
BSU_38370	GO:0003824	5	0.25	0
BSU_12000	GO:0003700	5	0.25	0
BSU_14730	GO:0003700	5	0.25	0
BSU_38700	GO:0003700	5	0.25	0
BSU_22770	GO:0003700	5	0.25	0
BSU_15860	GO:0003824	5	0.25	0
BSU_37160	GO:0003700	5	0.25	0
BSU_34870	GO:0003824	5	0.25	0
BSU_27370	GO:0003824	5	0.25	0
BSU_16970	GO:0006281	5	0.25	0
BSU_22100	GO:0003824	5	0.25	0
BSU_30800	GO:0003824	5	0.25	0
BSU_19320	GO:0003824	5	0.25	0
BSU_34900	GO:0003824	5	0.25	0
BSU_15620	GO:0003824	5	0.25	0
BSU_19330	GO:0009234	5	0.25	0
BSU_15620	GO:0009234	5	0.25	0
BSU_07080	GO:0009234	5	0.25	0
BSU_34130	GO:0009234	5	0.25	0
BSU_07560	GO:0009234	5	0.25	0
BSU_25500	GO:0009234	5	0.25	0
BSU_15850	GO:0009234	5	0.25	0
BSU_09910	GO:0009234	5	0.25	0
BSU_18670	GO:0009234	5	0.25	0
BSU_09100	GO:0003700	5	0.25	0
BSU_07560	GO:0003824	5	0.25	0
BSU_15860	GO:0009234	5	0.25	0
BSU_20040	GO:0009234	5	0.25	0
BSU_17620	GO:0009234	5	0.25	0
BSU_10530	GO:0003824	5	0.25	0
BSU_37680	GO:0003824	5	0.25	0
BSU_02510	GO:0003824	5	0.25	0
BSU_10130	GO:0003824	5	0.25	0
BSU_00490	GO:0008652	5	0.25	0
BSU_32460	GO:0008652	5	0.25	0
BSU_23930	GO:0003824	5	0.25	0
BSU_02510	GO:0008652	5	0.25	0
BSU_36550	GO:0140359	5	0.25	0
BSU_23980	GO:0140359	5	0.25	0
BSU_24980	GO:0140359	5	0.25	0
BSU_33720	GO:0140359	5	0.25	0
BSU_33830	GO:0140359	5	0.25	0
BSU_33820	GO:0140359	5	0.25	0
BSU_36410	GO:0016020	5	0.25	0
BSU_28140	GO:0008652	5	0.25	0
BSU_01830	GO:0016020	5	0.25	0
BSU_10130	GO:0008652	5	0.25	0
BSU_07560	GO:0008652	5	0.25	0
BSU_15850	GO:0008652	5	0.25	0
BSU_15620	GO:0008652	5	0.25	0
BSU_31010	GO:0016020	5	0.25	0
BSU_15860	GO:0008652	5	0.25	0
BSU_35940	GO:0016020	5	0.25	0
BSU_37180	GO:0016020	5	0.25	0
BSU_37320	GO:0016020	5	0.25	0
BSU_22630	GO:0008652	5	0.25	0
BSU_30770	GO:0016020	5	0.25	0
BSU_00710	GO:0003677	5	0.25	0
BSU_23760	GO:0003677	5	0.25	0
BSU_08440	GO:0016020	5	0.25	0
BSU_01630	GO:0016020	5	0.25	0
BSU_14360	GO:0016020	5	0.25	0
BSU_33380	GO:0016020	5	0.25	0
BSU_14350	GO:0140359	5	0.25	0
BSU_30420	GO:0016020	5	0.25	0
BSU_12100	GO:0016020	5	0.25	0
BSU_31260	GO:0140359	5	0.25	0
BSU_23960	GO:0016020	5	0.25	0
BSU_23530	GO:0016020	5	0.25	0
BSU_17620	GO:0016020	5	0.25	0
BSU_18070	GO:0016020	5	0.25	0
BSU_13690	GO:0016020	5	0.25	0
BSU_03982	GO:0016020	5	0.25	0
BSU_21350	GO:0008652	5	0.25	0
BSU_23570	GO:0008652	5	0.25	0
BSU_14350	GO:0008652	5	0.25	0
BSU_22610	GO:0008652	5	0.25	0
BSU_01830	GO:0006465	5	0.25	0
BSU_37180	GO:0006465	5	0.25	0
BSU_04610	GO:0006465	5	0.25	0
BSU_30670	GO:0008652	5	0.25	0
BSU_29530	GO:0006465	5	0.25	0
BSU_23930	GO:0008652	5	0.25	0
BSU_04080	GO:0008652	5	0.25	0
BSU_18840	GO:0008652	5	0.25	0
BSU_03440	GO:0006465	5	0.25	0
BSU_39070	GO:0008652	5	0.25	0
BSU_15110	GO:0016798	5	0.25	0
BSU_00710	GO:0008652	5	0.25	0
BSU_18670	GO:0016798	5	0.25	0
BSU_24170	GO:0016798	5	0.25	0
BSU_25500	GO:0016798	5	0.25	0
BSU_09100	GO:0016798	5	0.25	0
BSU_37320	GO:0006465	5	0.25	0
BSU_12100	GO:0006465	5	0.25	0
BSU_24120	GO:0008652	5	0.25	0
BSU_23960	GO:0006465	5	0.25	0
BSU_38370	GO:0008652	5	0.25	0
BSU_27370	GO:0008652	5	0.25	0
BSU_17170	GO:0008652	5	0.25	0
BSU_09950	GO:0016020	5	0.25	0
BSU_22100	GO:0008652	5	0.25	0
BSU_30800	GO:0008652	5	0.25	0
BSU_23980	GO:0006465	5	0.25	0
BSU_23530	GO:0006465	5	0.25	0
BSU_03982	GO:0006465	5	0.25	0
BSU_17620	GO:0006465	5	0.25	0
BSU_18070	GO:0006465	5	0.25	0
BSU_14350	GO:0006465	5	0.25	0
BSU_32740	GO:0006465	5	0.25	0
BSU_07570	GO:0006465	5	0.25	0
BSU_19320	GO:0008652	5	0.25	0
BSU_39020	GO:0006465	5	0.25	0
BSU_30670	GO:0003824	5	0.25	0
BSU_23760	GO:0003824	5	0.25	0
BSU_12020	GO:0071555	5	0.25	0
BSU_06420	GO:0003723	5	0.25	0
BSU_39750	GO:0003723	5	0.25	0
BSU_10970	GO:0003723	5	0.25	0
BSU_13750	GO:0035539	5	0.25	0
BSU_11660	GO:0003723	5	0.25	0
BSU_12300	GO:0003723	5	0.25	0
BSU_38860	GO:0003723	5	0.25	0
BSU_13550	GO:0003723	5	0.25	0
BSU_35790	GO:0003723	5	0.25	0
BSU_35730	GO:0003723	5	0.25	0
BSU_12020	GO:0003723	5	0.25	0
BSU_05870	GO:0003723	5	0.25	0
BSU_28390	GO:0003723	5	0.25	0
BSU_22470	GO:0035539	5	0.25	0
BSU_29000	GO:0035539	5	0.25	0
BSU_23760	GO:0016491	5	0.25	0
BSU_34620	GO:0016491	5	0.25	0
BSU_31710	GO:0035539	5	0.25	0
BSU_34450	GO:0003723	5	0.25	0
BSU_34900	GO:0016491	5	0.25	0
BSU_39070	GO:0003723	5	0.25	0
BSU_30770	GO:0035539	5	0.25	0
BSU_03630	GO:0033609	5	0.25	0
BSU_06300	GO:0033609	5	0.25	0
BSU_33380	GO:0035539	5	0.25	0
BSU_39550	GO:0035539	5	0.25	0
BSU_38040	GO:0003723	5	0.25	0
BSU_12210	GO:0035539	5	0.25	0
BSU_25500	GO:0003723	5	0.25	0
BSU_30950	GO:0003723	5	0.25	0
BSU_29590	GO:0003723	5	0.25	0
BSU_22630	GO:0003723	5	0.25	0
BSU_22610	GO:0003723	5	0.25	0
BSU_05910	GO:0003723	5	0.25	0
BSU_16970	GO:0035539	5	0.25	0
BSU_03960	GO:0035539	5	0.25	0
BSU_35680	GO:0003723	5	0.25	0
BSU_10130	GO:0016491	5	0.25	0
BSU_19200	GO:0016491	5	0.25	0
BSU_38370	GO:0035539	5	0.25	0
BSU_29060	GO:0016491	5	0.25	0
BSU_09430	GO:0016491	5	0.25	0
BSU_13010	GO:0071555	5	0.25	0
BSU_15600	GO:0071555	5	0.25	0
BSU_15590	GO:0071555	5	0.25	0
BSU_22620	GO:0071555	5	0.25	0
BSU_00530	GO:0016491	5	0.25	0
BSU_38360	GO:0016491	5	0.25	0
BSU_32290	GO:0016491	5	0.25	0
BSU_00490	GO:0071555	5	0.25	0
BSU_39750	GO:0071555	5	0.25	0
BSU_12300	GO:0071555	5	0.25	0
BSU_38860	GO:0071555	5	0.25	0
BSU_00710	GO:0019284	5	0.25	0
BSU_13550	GO:0071555	5	0.25	0
BSU_06420	GO:0071555	5	0.25	0
BSU_35790	GO:0071555	5	0.25	0
BSU_17260	GO:0016491	5	0.25	0
BSU_37260	GO:0016491	5	0.25	0
BSU_34870	GO:0016491	5	0.25	0
BSU_30630	GO:0016491	5	0.25	0
BSU_16970	GO:0016491	5	0.25	0
BSU_16440	GO:0006526	5	0.25	0
BSU_36410	GO:0006526	5	0.25	0
BSU_24450	GO:0016491	5	0.25	0
BSU_32160	GO:0016491	5	0.25	0
BSU_11660	GO:0016491	5	0.25	0
BSU_17170	GO:0016491	5	0.25	0
BSU_22100	GO:0016491	5	0.25	0
BSU_38500	GO:0071555	5	0.25	0
BSU_30150	GO:0006526	5	0.25	0
BSU_16000	GO:0016491	5	0.25	0
BSU_27120	GO:0006526	5	0.25	0
BSU_15880	GO:0006526	5	0.25	0
BSU_41030	GO:0016491	5	0.25	0
BSU_40550	GO:0071555	5	0.25	0
BSU_19120	GO:0016491	5	0.25	0
BSU_40550	GO:0035539	5	0.25	0
BSU_29590	GO:0035539	5	0.25	0
BSU_34620	GO:0003824	5	0.25	0
BSU_38580	GO:0031460	5	0.25	0
BSU_33390	GO:0009847	5	0.25	0
BSU_33380	GO:0009847	5	0.25	0
BSU_17620	GO:0009847	5	0.25	0
BSU_18070	GO:0009847	5	0.25	0
BSU_07570	GO:0009847	5	0.25	0
BSU_37180	GO:0009847	5	0.25	0
BSU_18670	GO:0005886	5	0.25	0
BSU_12920	GO:0005886	5	0.25	0
BSU_24870	GO:0009847	5	0.25	0
BSU_32740	GO:0031460	5	0.25	0
BSU_27070	GO:0031460	5	0.25	0
BSU_24050	GO:0005886	5	0.25	0
BSU_14350	GO:0031460	5	0.25	0
BSU_31260	GO:0031460	5	0.25	0
BSU_35790	GO:0005886	5	0.25	0
BSU_05870	GO:0005886	5	0.25	0
BSU_29530	GO:0009847	5	0.25	0
BSU_33270	GO:0009847	5	0.25	0
BSU_23980	GO:0031460	5	0.25	0
BSU_40550	GO:0003824	5	0.25	0
BSU_25500	GO:0003824	5	0.25	0
BSU_15110	GO:0003824	5	0.25	0
BSU_35330	GO:0003824	5	0.25	0
BSU_33240	GO:0003824	5	0.25	0
BSU_19200	GO:0003824	5	0.25	0
BSU_25780	GO:0003824	5	0.25	0
BSU_34790	GO:0003824	5	0.25	0
BSU_38040	GO:0003824	5	0.25	0
BSU_34700	GO:0009847	5	0.25	0
BSU_16970	GO:0003824	5	0.25	0
BSU_16330	GO:0009099	5	0.25	0
BSU_07050	GO:0009097	5	0.25	0
BSU_07050	GO:0009099	5	0.25	0
BSU_16330	GO:0009097	5	0.25	0
BSU_35940	GO:0031460	5	0.25	0
BSU_03440	GO:0031460	5	0.25	0
BSU_36550	GO:0031460	5	0.25	0
BSU_24980	GO:0031460	5	0.25	0
BSU_27880	GO:0035539	5	0.25	0
BSU_35790	GO:0033609	5	0.25	0
BSU_07080	GO:0035539	5	0.25	0
BSU_34130	GO:0035539	5	0.25	0
BSU_24050	GO:0033609	5	0.25	0
BSU_07560	GO:0035539	5	0.25	0
BSU_25500	GO:0035539	5	0.25	0
BSU_15850	GO:0035539	5	0.25	0
BSU_09910	GO:0035539	5	0.25	0
BSU_05870	GO:0033609	5	0.25	0
BSU_06720	GO:0035539	5	0.25	0
BSU_15620	GO:0035539	5	0.25	0
BSU_15860	GO:0035539	5	0.25	0
BSU_17620	GO:0035539	5	0.25	0
BSU_33240	GO:0035539	5	0.25	0
BSU_05740	GO:0033609	5	0.25	0
BSU_09410	GO:0033609	5	0.25	0
BSU_24120	GO:0035539	5	0.25	0
BSU_19330	GO:0035539	5	0.25	0
BSU_35790	GO:0035539	5	0.25	0
BSU_05740	GO:0005886	5	0.25	0
BSU_20040	GO:0033609	5	0.25	0
BSU_09410	GO:0005886	5	0.25	0
BSU_09930	GO:0005886	5	0.25	0
BSU_09420	GO:0005886	5	0.25	0
BSU_03630	GO:0005886	5	0.25	0
BSU_36550	GO:0005886	5	0.25	0
BSU_23470	GO:0005886	5	0.25	0
BSU_27070	GO:0005886	5	0.25	0
BSU_17390	GO:0033609	5	0.25	0
BSU_12020	GO:0035539	5	0.25	0
BSU_05910	GO:0035539	5	0.25	0
BSU_37180	GO:0035539	5	0.25	0
BSU_02510	GO:0035539	5	0.25	0
BSU_34620	GO:0035539	5	0.25	0
BSU_12100	GO:0035539	5	0.25	0
BSU_12920	GO:0033609	5	0.25	0
BSU_10130	GO:0035539	5	0.25	0
BSU_15600	GO:0030153	5	0.25	0
BSU_28560	GO:0030153	5	0.25	0
BSU_05870	GO:0005524	5	0.25	0
BSU_10360	GO:0030153	5	0.25	0
BSU_16970	GO:0017000	5	0.25	0
BSU_08440	GO:0017000	5	0.25	0
BSU_35730	GO:0017000	5	0.25	0
BSU_34870	GO:0017000	5	0.25	0
BSU_38040	GO:0017000	5	0.25	0
BSU_40550	GO:0017000	5	0.25	0
BSU_34790	GO:0017000	5	0.25	0
BSU_25780	GO:0017000	5	0.25	0
BSU_19200	GO:0017000	5	0.25	0
BSU_33240	GO:0017000	5	0.25	0
BSU_38190	GO:0017000	5	0.25	0
BSU_34900	GO:0017000	5	0.25	0
BSU_35330	GO:0017000	5	0.25	0
BSU_15110	GO:0017000	5	0.25	0
BSU_24170	GO:0017000	5	0.25	0
BSU_25500	GO:0017000	5	0.25	0
BSU_10130	GO:0017000	5	0.25	0
BSU_03960	GO:0017000	5	0.25	0
BSU_13750	GO:0017000	5	0.25	0
BSU_01640	GO:0043200	5	0.25	0
BSU_19540	GO:0043200	5	0.25	0
BSU_30670	GO:0016705	5	0.25	0
BSU_30260	GO:0043200	5	0.25	0
BSU_34750	GO:0043200	5	0.25	0
BSU_19120	GO:0043200	5	0.25	0
BSU_26670	GO:0043200	5	0.25	0
BSU_31920	GO:0043200	5	0.25	0
BSU_33680	GO:0043200	5	0.25	0
BSU_32740	GO:0008961	5	0.25	0
BSU_20250	GO:0043200	5	0.25	0
BSU_29000	GO:0043200	5	0.25	0
BSU_03960	GO:0043200	5	0.25	0
BSU_13410	GO:0043200	5	0.25	0
BSU_26840	GO:0043200	5	0.25	0
BSU_19200	GO:0043200	5	0.25	0
BSU_09910	GO:0043200	5	0.25	0
BSU_36020	GO:0043200	5	0.25	0
BSU_34620	GO:0017000	5	0.25	0
BSU_01640	GO:0017000	5	0.25	0
BSU_05910	GO:0017000	5	0.25	0
BSU_21860	GO:0140824	5	0.25	0
BSU_08060	GO:0046872	5	0.25	0
BSU_05870	GO:0006979	5	0.25	0
BSU_31010	GO:0046872	5	0.25	0
BSU_11340	GO:0004497	5	0.25	0
BSU_03320	GO:0004497	5	0.25	0
BSU_21440	GO:0140824	5	0.25	0
BSU_06300	GO:0140824	5	0.25	0
BSU_37810	GO:0140824	5	0.25	0
BSU_24040	GO:0046872	5	0.25	0
BSU_32490	GO:0140824	5	0.25	0
BSU_05910	GO:0004497	5	0.25	0
BSU_09410	GO:0004497	5	0.25	0
BSU_05740	GO:0004497	5	0.25	0
BSU_34790	GO:0140824	5	0.25	0
BSU_25780	GO:0140824	5	0.25	0
BSU_17380	GO:0140824	5	0.25	0
BSU_14590	GO:0046872	5	0.25	0
BSU_11720	GO:0046872	5	0.25	0
BSU_00710	GO:0017000	5	0.25	0
BSU_22970	GO:0006979	5	0.25	0
BSU_23760	GO:0017000	5	0.25	0
BSU_35940	GO:0046872	5	0.25	0
BSU_06830	GO:0006979	5	0.25	0
BSU_27070	GO:0046872	5	0.25	0
BSU_38580	GO:0046872	5	0.25	0
BSU_05810	GO:0046872	5	0.25	0
BSU_12920	GO:0006979	5	0.25	0
BSU_09950	GO:0046872	5	0.25	0
BSU_17380	GO:0046872	5	0.25	0
BSU_27840	GO:0006979	5	0.25	0
BSU_23470	GO:0006979	5	0.25	0
BSU_36550	GO:0006979	5	0.25	0
BSU_27930	GO:0006979	5	0.25	0
BSU_06300	GO:0006979	5	0.25	0
BSU_09410	GO:0006979	5	0.25	0
BSU_05740	GO:0006979	5	0.25	0
BSU_07570	GO:0008961	5	0.25	0
BSU_05910	GO:0016705	5	0.25	0
BSU_37180	GO:0016705	5	0.25	0
BSU_16330	GO:0016151	5	0.25	0
BSU_18670	GO:0016151	5	0.25	0
BSU_12920	GO:0016151	5	0.25	0
BSU_14300	GO:0008961	5	0.25	0
BSU_18070	GO:0008961	5	0.25	0
BSU_27880	GO:0008961	5	0.25	0
BSU_29590	GO:0008961	5	0.25	0
BSU_24050	GO:0016151	5	0.25	0
BSU_30220	GO:0008961	5	0.25	0
BSU_20040	GO:0006065	5	0.25	0
BSU_05740	GO:0016151	5	0.25	0
BSU_09410	GO:0016151	5	0.25	0
BSU_37180	GO:0008961	5	0.25	0
BSU_36650	GO:0016151	5	0.25	0
BSU_33390	GO:0006826	5	0.25	0
BSU_33380	GO:0006826	5	0.25	0
BSU_30770	GO:0006826	5	0.25	0
BSU_17380	GO:0006065	5	0.25	0
BSU_17390	GO:0006065	5	0.25	0
BSU_23960	GO:0006826	5	0.25	0
BSU_18480	GO:0006065	5	0.25	0
BSU_14350	GO:0005524	5	0.25	0
BSU_09420	GO:0006065	5	0.25	0
BSU_32740	GO:0005524	5	0.25	0
BSU_07570	GO:0005524	5	0.25	0
BSU_37320	GO:0005524	5	0.25	0
BSU_35620	GO:0006065	5	0.25	0
BSU_09680	GO:0005524	5	0.25	0
BSU_23800	GO:0006065	5	0.25	0
BSU_17390	GO:0016151	5	0.25	0
BSU_12910	GO:0006065	5	0.25	0
BSU_08060	GO:0006065	5	0.25	0
BSU_14590	GO:0006065	5	0.25	0
BSU_24050	GO:0006065	5	0.25	0
BSU_24040	GO:0006065	5	0.25	0
BSU_11720	GO:0006065	5	0.25	0
BSU_20040	GO:0016151	5	0.25	0
BSU_23980	GO:0006826	5	0.25	0
BSU_23530	GO:0006826	5	0.25	0
BSU_02510	GO:0016705	5	0.25	0
BSU_19330	GO:0016705	5	0.25	0
BSU_39020	GO:0008961	5	0.25	0
BSU_09910	GO:0016705	5	0.25	0
BSU_15850	GO:0016705	5	0.25	0
BSU_25500	GO:0016705	5	0.25	0
BSU_07560	GO:0016705	5	0.25	0
BSU_34130	GO:0016705	5	0.25	0
BSU_07080	GO:0016705	5	0.25	0
BSU_06720	GO:0016705	5	0.25	0
BSU_15860	GO:0016705	5	0.25	0
BSU_35790	GO:0016705	5	0.25	0
BSU_12020	GO:0016705	5	0.25	0
BSU_05870	GO:0016705	5	0.25	0
BSU_10130	GO:0016705	5	0.25	0
BSU_12100	GO:0016705	5	0.25	0
BSU_34620	GO:0016705	5	0.25	0
BSU_09410	GO:0016705	5	0.25	0
BSU_15620	GO:0016705	5	0.25	0
BSU_20040	GO:0016705	5	0.25	0
BSU_17620	GO:0006826	5	0.25	0
BSU_01830	GO:0008961	5	0.25	0
BSU_18070	GO:0006826	5	0.25	0
BSU_07570	GO:0006826	5	0.25	0
BSU_39020	GO:0006826	5	0.25	0
BSU_12100	GO:0006826	5	0.25	0
BSU_37320	GO:0006826	5	0.25	0
BSU_37180	GO:0006826	5	0.25	0
BSU_30770	GO:0016705	5	0.25	0
BSU_40550	GO:0016705	5	0.25	0
BSU_17620	GO:0016705	5	0.25	0
BSU_38370	GO:0016705	5	0.25	0
BSU_29590	GO:0016705	5	0.25	0
BSU_27880	GO:0016705	5	0.25	0
BSU_37320	GO:0008961	5	0.25	0
BSU_24120	GO:0016705	5	0.25	0
BSU_33240	GO:0016705	5	0.25	0
BSU_12100	GO:0008961	5	0.25	0
BSU_20040	GO:0140824	5	0.25	0
BSU_17390	GO:0140824	5	0.25	0
BSU_05870	GO:0004497	5	0.25	0
BSU_15590	GO:0019825	5	0.25	0
BSU_06720	GO:0008237	5	0.25	0
BSU_28560	GO:0019825	5	0.25	0
BSU_15600	GO:0019825	5	0.25	0
BSU_35790	GO:0008237	5	0.25	0
BSU_12020	GO:0008237	5	0.25	0
BSU_05870	GO:0008237	5	0.25	0
BSU_10130	GO:0008237	5	0.25	0
BSU_12100	GO:0008237	5	0.25	0
BSU_07080	GO:0008237	5	0.25	0
BSU_34620	GO:0008237	5	0.25	0
BSU_05740	GO:0008237	5	0.25	0
BSU_09410	GO:0008237	5	0.25	0
BSU_02510	GO:0008237	5	0.25	0
BSU_37180	GO:0008237	5	0.25	0
BSU_05910	GO:0008237	5	0.25	0
BSU_17380	GO:0019825	5	0.25	0
BSU_19330	GO:0008237	5	0.25	0
BSU_34130	GO:0008237	5	0.25	0
BSU_21860	GO:0042128	5	0.25	0
BSU_33240	GO:0008237	5	0.25	0
BSU_23570	GO:0030435	5	0.25	0
BSU_40550	GO:0008237	5	0.25	0
BSU_38370	GO:0008237	5	0.25	0
BSU_29590	GO:0008237	5	0.25	0
BSU_27880	GO:0008237	5	0.25	0
BSU_05910	GO:0019825	5	0.25	0
BSU_24120	GO:0008237	5	0.25	0
BSU_17620	GO:0008237	5	0.25	0
BSU_07560	GO:0008237	5	0.25	0
BSU_20040	GO:0008237	5	0.25	0
BSU_15860	GO:0008237	5	0.25	0
BSU_15620	GO:0008237	5	0.25	0
BSU_18670	GO:0008237	5	0.25	0
BSU_09910	GO:0008237	5	0.25	0
BSU_15850	GO:0008237	5	0.25	0
BSU_25500	GO:0008237	5	0.25	0
BSU_06300	GO:0042128	5	0.25	0
BSU_32490	GO:0042128	5	0.25	0
BSU_17380	GO:0008763	5	0.25	0
BSU_09410	GO:0005829	5	0.25	0
BSU_12020	GO:0005829	5	0.25	0
BSU_05870	GO:0005829	5	0.25	0
BSU_17390	GO:0050660	5	0.25	0
BSU_12100	GO:0005829	5	0.25	0
BSU_20040	GO:0050660	5	0.25	0
BSU_12210	GO:0050660	5	0.25	0
BSU_05740	GO:0005829	5	0.25	0
BSU_05910	GO:0005829	5	0.25	0
BSU_07080	GO:0005829	5	0.25	0
BSU_11720	GO:0005829	5	0.25	0
BSU_38500	GO:0005829	5	0.25	0
BSU_22620	GO:0050660	5	0.25	0
BSU_35080	GO:0005524	5	0.25	0
BSU_38190	GO:0005524	5	0.25	0
BSU_27070	GO:0005524	5	0.25	0
BSU_08060	GO:0005524	5	0.25	0
BSU_35790	GO:0005829	5	0.25	0
BSU_34130	GO:0005829	5	0.25	0
BSU_17380	GO:0042128	5	0.25	0
BSU_18480	GO:0042128	5	0.25	0
BSU_20040	GO:0042128	5	0.25	0
BSU_17390	GO:0042128	5	0.25	0
BSU_11720	GO:0042128	5	0.25	0
BSU_24050	GO:0042128	5	0.25	0
BSU_08060	GO:0042128	5	0.25	0
BSU_12910	GO:0042128	5	0.25	0
BSU_23800	GO:0042128	5	0.25	0
BSU_20040	GO:0005829	5	0.25	0
BSU_07560	GO:0005829	5	0.25	0
BSU_17390	GO:0005829	5	0.25	0
BSU_15620	GO:0005829	5	0.25	0
BSU_18670	GO:0005829	5	0.25	0
BSU_12920	GO:0005829	5	0.25	0
BSU_15850	GO:0005829	5	0.25	0
BSU_25500	GO:0005829	5	0.25	0
BSU_24050	GO:0005829	5	0.25	0
BSU_03320	GO:0019825	5	0.25	0
BSU_01640	GO:0030435	5	0.25	0
BSU_12020	GO:0004497	5	0.25	0
BSU_13750	GO:0046256	5	0.25	0
BSU_07990	GO:0046256	5	0.25	0
BSU_37820	GO:0046256	5	0.25	0
BSU_10390	GO:0046256	5	0.25	0
BSU_31840	GO:0046256	5	0.25	0
BSU_21440	GO:0046256	5	0.25	0
BSU_10530	GO:0046256	5	0.25	0
BSU_19310	GO:0046256	5	0.25	0
BSU_23990	GO:0046256	5	0.25	0
BSU_37680	GO:0046256	5	0.25	0
BSU_37810	GO:0046256	5	0.25	0
BSU_34790	GO:0046256	5	0.25	0
BSU_25780	GO:0046256	5	0.25	0
BSU_22610	GO:0046256	5	0.25	0
BSU_23070	GO:0046256	5	0.25	0
BSU_15110	GO:0046256	5	0.25	0
BSU_33530	GO:0046256	5	0.25	0
BSU_18260	GO:0046256	5	0.25	0
BSU_03990	GO:0046256	5	0.25	0
BSU_03860	GO:0046256	5	0.25	0
BSU_15850	GO:0004497	5	0.25	0
BSU_35790	GO:0004497	5	0.25	0
BSU_33530	GO:0140824	5	0.25	0
BSU_07080	GO:0004497	5	0.25	0
BSU_11720	GO:0140824	5	0.25	0
BSU_24050	GO:0140824	5	0.25	0
BSU_08060	GO:0140824	5	0.25	0
BSU_24050	GO:0004497	5	0.25	0
BSU_12910	GO:0140824	5	0.25	0
BSU_13010	GO:0046256	5	0.25	0
BSU_12920	GO:0004497	5	0.25	0
BSU_23800	GO:0140824	5	0.25	0
BSU_18480	GO:0140824	5	0.25	0
BSU_18670	GO:0004497	5	0.25	0
BSU_17340	GO:0046256	5	0.25	0
BSU_35330	GO:0046256	5	0.25	0
BSU_14300	GO:0046256	5	0.25	0
BSU_19330	GO:0046256	5	0.25	0
BSU_02830	GO:0046256	5	0.25	0
BSU_15590	GO:0008763	5	0.25	0
BSU_12000	GO:0030435	5	0.25	0
BSU_01570	GO:0005886	5	0.25	0
BSU_36550	GO:0046872	5	0.25	0
BSU_29710	GO:0005886	5	0.25	0
BSU_31260	GO:0046872	5	0.25	0
BSU_27070	GO:0046872	5	0.25	0
BSU_38580	GO:0046872	5	0.25	0
BSU_00530	GO:0005886	5	0.25	0
BSU_14730	GO:0030435	5	0.25	0
BSU_33730	GO:0046872	5	0.25	0
BSU_04160	GO:0030435	5	0.25	0
BSU_38700	GO:0030435	5	0.25	0
BSU_35080	GO:0030435	5	0.25	0
BSU_17450	GO:0030435	5	0.25	0
BSU_15600	GO:0008763	5	0.25	0
BSU_09930	GO:0030435	5	0.25	0
BSU_09100	GO:0030435	5	0.25	0
BSU_24980	GO:0046872	5	0.25	0
BSU_33720	GO:0046872	5	0.25	0
BSU_37180	GO:0046256	5	0.25	0
BSU_31260	GO:0055085	5	0.25	0
BSU_17390	GO:0004497	5	0.25	0
BSU_21440	GO:0055085	5	0.25	0
BSU_28910	GO:0055085	5	0.25	0
BSU_24870	GO:0055085	5	0.25	0
BSU_23980	GO:0055085	5	0.25	0
BSU_36550	GO:0055085	5	0.25	0
BSU_21350	GO:0055085	5	0.25	0
BSU_32150	GO:0005886	5	0.25	0
BSU_33830	GO:0046872	5	0.25	0
BSU_39020	GO:0055085	5	0.25	0
BSU_03440	GO:0055085	5	0.25	0
BSU_37390	GO:0055085	5	0.25	0
BSU_23960	GO:0055085	5	0.25	0
BSU_22930	GO:0005886	5	0.25	0
BSU_31920	GO:0005886	5	0.25	0
BSU_33820	GO:0046872	5	0.25	0
BSU_24980	GO:0005524	5	0.25	0
BSU_33390	GO:0005524	5	0.25	0
BSU_28390	GO:0006065	5	0.25	0
BSU_10770	GO:0004527	5	0.25	0
BSU_16440	GO:0004527	5	0.25	0
BSU_17340	GO:0003700	5	0.25	0
BSU_19200	GO:0003700	5	0.25	0
BSU_04160	GO:0003700	5	0.25	0
BSU_26840	GO:0003700	5	0.25	0
BSU_38600	GO:0003700	5	0.25	0
BSU_08080	GO:0004527	5	0.25	0
BSU_20250	GO:0003700	5	0.25	0
BSU_05910	GO:0006338	5	0.25	0
BSU_09910	GO:0003700	5	0.25	0
BSU_09930	GO:0003700	5	0.25	0
BSU_13410	GO:0003700	5	0.25	0
BSU_28770	GO:0004725	5	0.25	0
BSU_33960	GO:0004725	5	0.25	0
BSU_22100	GO:0004725	5	0.25	0
BSU_12300	GO:0004725	5	0.25	0
BSU_24320	GO:0003700	5	0.25	0
BSU_23760	GO:0006338	5	0.25	0
BSU_38860	GO:0004725	5	0.25	0
BSU_28770	GO:0006338	5	0.25	0
BSU_22470	GO:0006338	5	0.25	0
BSU_05740	GO:0005515	5	0.25	0
BSU_01530	GO:0006338	5	0.25	0
BSU_32460	GO:0006338	5	0.25	0
BSU_04110	GO:0006338	5	0.25	0
BSU_30630	GO:0006338	5	0.25	0
BSU_22930	GO:0006338	5	0.25	0
BSU_12560	GO:0004527	5	0.25	0
BSU_36290	GO:0006338	5	0.25	0
BSU_30150	GO:0004527	5	0.25	0
BSU_15880	GO:0004527	5	0.25	0
BSU_27120	GO:0004527	5	0.25	0
BSU_01570	GO:0006338	5	0.25	0
BSU_00530	GO:0006338	5	0.25	0
BSU_32290	GO:0006338	5	0.25	0
BSU_00390	GO:0006338	5	0.25	0
BSU_23070	GO:0004725	5	0.25	0
BSU_13010	GO:0004725	5	0.25	0
BSU_04080	GO:0006338	5	0.25	0
BSU_14590	GO:0005504	5	0.25	0
BSU_00710	GO:0003700	5	0.25	0
BSU_00330	GO:0005829	5	0.25	0
BSU_07050	GO:0005829	5	0.25	0
BSU_16330	GO:0005829	5	0.25	0
BSU_39810	GO:0005829	5	0.25	0
BSU_14590	GO:0005829	5	0.25	0
BSU_24040	GO:0005504	5	0.25	0
BSU_36410	GO:0005829	5	0.25	0
BSU_39750	GO:0003700	5	0.25	0
BSU_24450	GO:0015937	5	0.25	0
BSU_36410	GO:0009103	5	0.25	0
BSU_13750	GO:0015937	5	0.25	0
BSU_03960	GO:0015937	5	0.25	0
BSU_16970	GO:0015937	5	0.25	0
BSU_08440	GO:0015937	5	0.25	0
BSU_35730	GO:0015937	5	0.25	0
BSU_23760	GO:0003700	5	0.25	0
BSU_10970	GO:0003700	5	0.25	0
BSU_19200	GO:0004725	5	0.25	0
BSU_28390	GO:0003700	5	0.25	0
BSU_16330	GO:0005504	5	0.25	0
BSU_29000	GO:0003700	5	0.25	0
BSU_07050	GO:0005504	5	0.25	0
BSU_19540	GO:0003700	5	0.25	0
BSU_33680	GO:0003700	5	0.25	0
BSU_31920	GO:0003700	5	0.25	0
BSU_34750	GO:0003700	5	0.25	0
BSU_05870	GO:0003700	5	0.25	0
BSU_11660	GO:0003700	5	0.25	0
BSU_12020	GO:0003700	5	0.25	0
BSU_35790	GO:0003700	5	0.25	0
BSU_16230	GO:0005504	5	0.25	0
BSU_06420	GO:0003700	5	0.25	0
BSU_13550	GO:0003700	5	0.25	0
BSU_38860	GO:0003700	5	0.25	0
BSU_12300	GO:0003700	5	0.25	0
BSU_14190	GO:0006338	5	0.25	0
BSU_39550	GO:0006338	5	0.25	0
BSU_38040	GO:0015937	5	0.25	0
BSU_09100	GO:0032259	5	0.25	0
BSU_13690	GO:0006814	5	0.25	0
BSU_00390	GO:0046677	5	0.25	0
BSU_32290	GO:0046677	5	0.25	0
BSU_00530	GO:0046677	5	0.25	0
BSU_24580	GO:0046677	5	0.25	0
BSU_22930	GO:0046677	5	0.25	0
BSU_16970	GO:0046677	5	0.25	0
BSU_14590	GO:0032259	5	0.25	0
BSU_37320	GO:0006814	5	0.25	0
BSU_16330	GO:0032259	5	0.25	0
BSU_06830	GO:0032259	5	0.25	0
BSU_05810	GO:0032259	5	0.25	0
BSU_23800	GO:0032259	5	0.25	0
BSU_02690	GO:0032259	5	0.25	0
BSU_03630	GO:0005886	5	0.25	0
BSU_04110	GO:0005886	5	0.25	0
BSU_01830	GO:0006814	5	0.25	0
BSU_03440	GO:0006814	5	0.25	0
BSU_04080	GO:0005886	5	0.25	0
BSU_23980	GO:0006814	5	0.25	0
BSU_06720	GO:0030153	5	0.25	0
BSU_20500	GO:0030153	5	0.25	0
BSU_14590	GO:0046872	5	0.25	0
BSU_05910	GO:0030153	5	0.25	0
BSU_23760	GO:0030153	5	0.25	0
BSU_09100	GO:0046872	5	0.25	0
BSU_24980	GO:0006814	5	0.25	0
BSU_23960	GO:0006814	5	0.25	0
BSU_12100	GO:0006814	5	0.25	0
BSU_23530	GO:0006814	5	0.25	0
BSU_27070	GO:0046872	5	0.25	0
BSU_31260	GO:0006814	5	0.25	0
BSU_14350	GO:0006814	5	0.25	0
BSU_32740	GO:0006814	5	0.25	0
BSU_39020	GO:0006814	5	0.25	0
BSU_03982	GO:0006814	5	0.25	0
BSU_32460	GO:0005886	5	0.25	0
BSU_36660	GO:0005886	5	0.25	0
BSU_36660	GO:0006338	5	0.25	0
BSU_23470	GO:0005515	5	0.25	0
BSU_09410	GO:0006338	5	0.25	0
BSU_05740	GO:0006338	5	0.25	0
BSU_02690	GO:0006338	5	0.25	0
BSU_06300	GO:0005515	5	0.25	0
BSU_02700	GO:0006338	5	0.25	0
BSU_08350	GO:0006338	5	0.25	0
BSU_27930	GO:0005515	5	0.25	0
BSU_12100	GO:0006338	5	0.25	0
BSU_02430	GO:0006338	5	0.25	0
BSU_22970	GO:0005515	5	0.25	0
BSU_12920	GO:0005515	5	0.25	0
BSU_09910	GO:0006338	5	0.25	0
BSU_13010	GO:0006338	5	0.25	0
BSU_35620	GO:0006338	5	0.25	0
BSU_40550	GO:0006338	5	0.25	0
BSU_36650	GO:0006338	5	0.25	0
BSU_14830	GO:0006338	5	0.25	0
BSU_09420	GO:0005515	5	0.25	0
BSU_36650	GO:0005886	5	0.25	0
BSU_01640	GO:0005886	5	0.25	0
BSU_07560	GO:0005886	5	0.25	0
BSU_09930	GO:0005886	5	0.25	0
BSU_07000	GO:0005886	5	0.25	0
BSU_07080	GO:0005886	5	0.25	0
BSU_09910	GO:0005886	5	0.25	0
BSU_02510	GO:0005886	5	0.25	0
BSU_15850	GO:0005886	5	0.25	0
BSU_23570	GO:0005886	5	0.25	0
BSU_03440	GO:0005515	5	0.25	0
BSU_38090	GO:0005886	5	0.25	0
BSU_35680	GO:0005886	5	0.25	0
BSU_10390	GO:0005886	5	0.25	0
BSU_12250	GO:0005886	5	0.25	0
BSU_21350	GO:0005886	5	0.25	0
BSU_38580	GO:0005515	5	0.25	0
BSU_03982	GO:0005515	5	0.25	0
BSU_34870	GO:0015937	5	0.25	0
BSU_40550	GO:0015937	5	0.25	0
BSU_33170	GO:0005524	5	0.25	0
BSU_02690	GO:0005737	5	0.25	0
BSU_01640	GO:0051082	5	0.25	0
BSU_05910	GO:0051082	5	0.25	0
BSU_28560	GO:0016783	5	0.25	0
BSU_23760	GO:0051082	5	0.25	0
BSU_03982	GO:0016874	5	0.25	0
BSU_04160	GO:0016874	5	0.25	0
BSU_21440	GO:0051082	5	0.25	0
BSU_15600	GO:0016874	5	0.25	0
BSU_18480	GO:0051082	5	0.25	0
BSU_15590	GO:0016874	5	0.25	0
BSU_17380	GO:0016874	5	0.25	0
BSU_30420	GO:0016874	5	0.25	0
BSU_06300	GO:0005737	5	0.25	0
BSU_33730	GO:0016874	5	0.25	0
BSU_33830	GO:0016874	5	0.25	0
BSU_35940	GO:0016874	5	0.25	0
BSU_34620	GO:0051082	5	0.25	0
BSU_23800	GO:0051082	5	0.25	0
BSU_20040	GO:0005737	5	0.25	0
BSU_05870	GO:0016783	5	0.25	0
BSU_19200	GO:0051082	5	0.25	0
BSU_33240	GO:0051082	5	0.25	0
BSU_38190	GO:0051082	5	0.25	0
BSU_31980	GO:0016783	5	0.25	0
BSU_34900	GO:0051082	5	0.25	0
BSU_35330	GO:0051082	5	0.25	0
BSU_15110	GO:0051082	5	0.25	0
BSU_24170	GO:0051082	5	0.25	0
BSU_12910	GO:0051082	5	0.25	0
BSU_25500	GO:0051082	5	0.25	0
BSU_39070	GO:0016783	5	0.25	0
BSU_07080	GO:0016783	5	0.25	0
BSU_34130	GO:0016783	5	0.25	0
BSU_10130	GO:0051082	5	0.25	0
BSU_07560	GO:0016783	5	0.25	0
BSU_03982	GO:0051082	5	0.25	0
BSU_05910	GO:0006450	5	0.25	0
BSU_17390	GO:0005737	5	0.25	0
BSU_40550	GO:0016783	5	0.25	0
BSU_23530	GO:0012501	5	0.25	0
BSU_14350	GO:0012501	5	0.25	0
BSU_18070	GO:0012501	5	0.25	0
BSU_17620	GO:0012501	5	0.25	0
BSU_37160	GO:0006950	5	0.25	0
BSU_37180	GO:0005524	5	0.25	0
BSU_35830	GO:0005524	5	0.25	0
BSU_14210	GO:0005524	5	0.25	0
BSU_06230	GO:0005524	5	0.25	0
BSU_00330	GO:0006950	5	0.25	0
BSU_02670	GO:0005524	5	0.25	0
BSU_10450	GO:0005524	5	0.25	0
BSU_23960	GO:0012501	5	0.25	0
BSU_23980	GO:0012501	5	0.25	0
BSU_24010	GO:0005524	5	0.25	0
BSU_33960	GO:0005524	5	0.25	0
BSU_24980	GO:0012501	5	0.25	0
BSU_33970	GO:0006950	5	0.25	0
BSU_32740	GO:0012501	5	0.25	0
BSU_28560	GO:0006450	5	0.25	0
BSU_05810	GO:0006950	5	0.25	0
BSU_12920	GO:0005737	5	0.25	0
BSU_15600	GO:0006450	5	0.25	0
BSU_15590	GO:0006450	5	0.25	0
BSU_24050	GO:0005737	5	0.25	0
BSU_17380	GO:0006450	5	0.25	0
BSU_05740	GO:0005737	5	0.25	0
BSU_09410	GO:0005737	5	0.25	0
BSU_37180	GO:0012501	5	0.25	0
BSU_07570	GO:0012501	5	0.25	0
BSU_01830	GO:0012501	5	0.25	0
BSU_37320	GO:0012501	5	0.25	0
BSU_36410	GO:0006950	5	0.25	0
BSU_03440	GO:0012501	5	0.25	0
BSU_12100	GO:0012501	5	0.25	0
BSU_03982	GO:0012501	5	0.25	0
BSU_39020	GO:0012501	5	0.25	0
BSU_35940	GO:0006072	5	0.25	0
BSU_38860	GO:0016783	5	0.25	0
BSU_34790	GO:0015937	5	0.25	0
BSU_41040	GO:0009103	5	0.25	0
BSU_07050	GO:0009103	5	0.25	0
BSU_32740	GO:0016301	5	0.25	0
BSU_39020	GO:0016301	5	0.25	0
BSU_23890	GO:0009103	5	0.25	0
BSU_12100	GO:0016301	5	0.25	0
BSU_03440	GO:0016301	5	0.25	0
BSU_37320	GO:0016301	5	0.25	0
BSU_01830	GO:0016301	5	0.25	0
BSU_14350	GO:0016301	5	0.25	0
BSU_37180	GO:0016301	5	0.25	0
BSU_39810	GO:0009103	5	0.25	0
BSU_07000	GO:0016301	5	0.25	0
BSU_07080	GO:0016301	5	0.25	0
BSU_33690	GO:0009103	5	0.25	0
BSU_30260	GO:0004529	5	0.25	0
BSU_34750	GO:0004529	5	0.25	0
BSU_13690	GO:0016301	5	0.25	0
BSU_31260	GO:0016301	5	0.25	0
BSU_05850	GO:0004529	5	0.25	0
BSU_24170	GO:0015937	5	0.25	0
BSU_25780	GO:0015937	5	0.25	0
BSU_19200	GO:0015937	5	0.25	0
BSU_33240	GO:0015937	5	0.25	0
BSU_38190	GO:0015937	5	0.25	0
BSU_34900	GO:0015937	5	0.25	0
BSU_35330	GO:0015937	5	0.25	0
BSU_15110	GO:0015937	5	0.25	0
BSU_25500	GO:0015937	5	0.25	0
BSU_23530	GO:0016301	5	0.25	0
BSU_10130	GO:0015937	5	0.25	0
BSU_34620	GO:0015937	5	0.25	0
BSU_01640	GO:0015937	5	0.25	0
BSU_05910	GO:0015937	5	0.25	0
BSU_00710	GO:0015937	5	0.25	0
BSU_23980	GO:0016301	5	0.25	0
BSU_23960	GO:0016301	5	0.25	0
BSU_33970	GO:0004529	5	0.25	0
BSU_19540	GO:0004529	5	0.25	0
BSU_38500	GO:0016783	5	0.25	0
BSU_06830	GO:0006072	5	0.25	0
BSU_20040	GO:0005524	5	0.25	0
BSU_18670	GO:0006072	5	0.25	0
BSU_27070	GO:0006072	5	0.25	0
BSU_09100	GO:0006072	5	0.25	0
BSU_14590	GO:0006072	5	0.25	0
BSU_22620	GO:0016783	5	0.25	0
BSU_16330	GO:0006072	5	0.25	0
BSU_15590	GO:0016783	5	0.25	0
BSU_18670	GO:0005524	5	0.25	0
BSU_15600	GO:0016783	5	0.25	0
BSU_13550	GO:0016783	5	0.25	0
BSU_05810	GO:0006072	5	0.25	0
BSU_13010	GO:0016783	5	0.25	0
BSU_00490	GO:0016783	5	0.25	0
BSU_06420	GO:0016783	5	0.25	0
BSU_36410	GO:0006072	5	0.25	0
BSU_17390	GO:0005524	5	0.25	0
BSU_09930	GO:0004529	5	0.25	0
BSU_29000	GO:0004529	5	0.25	0
BSU_09410	GO:0005524	5	0.25	0
BSU_27070	GO:0005524	5	0.25	0
BSU_03960	GO:0004529	5	0.25	0
BSU_12000	GO:0004529	5	0.25	0
BSU_14730	GO:0004529	5	0.25	0
BSU_04160	GO:0004529	5	0.25	0
BSU_38700	GO:0004529	5	0.25	0
BSU_35080	GO:0004529	5	0.25	0
BSU_17450	GO:0004529	5	0.25	0
BSU_12920	GO:0005524	5	0.25	0
BSU_05740	GO:0005524	5	0.25	0
BSU_09100	GO:0004529	5	0.25	0
BSU_20250	GO:0004529	5	0.25	0
BSU_01640	GO:0004529	5	0.25	0
BSU_05870	GO:0005524	5	0.25	0
BSU_35790	GO:0005524	5	0.25	0
BSU_24050	GO:0005524	5	0.25	0
BSU_05910	GO:0003677	5	0.25	0
BSU_34620	GO:0003677	5	0.25	0
BSU_10130	GO:0003677	5	0.25	0
BSU_25500	GO:0003677	5	0.25	0
BSU_29590	GO:0030170	5	0.25	0
BSU_17170	GO:0030170	5	0.25	0
BSU_16330	GO:0009097	5	0.25	0
BSU_07000	GO:0030170	5	0.25	0
BSU_07050	GO:0009097	5	0.25	0
BSU_18250	GO:0030170	5	0.25	0
BSU_14300	GO:0030170	5	0.25	0
BSU_18070	GO:0030170	5	0.25	0
BSU_06100	GO:0005737	5	0.25	0
BSU_29000	GO:0005737	5	0.25	0
BSU_03730	GO:0005737	5	0.25	0
BSU_18210	GO:0005737	5	0.25	0
BSU_37390	GO:0005737	5	0.25	0
BSU_34700	GO:0005737	5	0.25	0
BSU_33270	GO:0005737	5	0.25	0
BSU_12250	GO:0005737	5	0.25	0
BSU_36520	GO:0005737	5	0.25	0
BSU_27880	GO:0030170	5	0.25	0
BSU_10360	GO:0030170	5	0.25	0
BSU_06420	GO:0030170	5	0.25	0
BSU_16230	GO:0009097	5	0.25	0
BSU_05870	GO:0008616	5	0.25	0
BSU_10130	GO:0008616	5	0.25	0
BSU_12100	GO:0008616	5	0.25	0
BSU_34620	GO:0008616	5	0.25	0
BSU_02510	GO:0008616	5	0.25	0
BSU_37180	GO:0008616	5	0.25	0
BSU_05910	GO:0008616	5	0.25	0
BSU_15590	GO:0000049	5	0.25	0
BSU_30240	GO:0030170	5	0.25	0
BSU_15600	GO:0000049	5	0.25	0
BSU_14590	GO:0000049	5	0.25	0
BSU_11720	GO:0000049	5	0.25	0
BSU_09950	GO:0000049	5	0.25	0
BSU_38500	GO:0000049	5	0.25	0
BSU_31980	GO:0000049	5	0.25	0
BSU_05810	GO:0000049	5	0.25	0
BSU_19430	GO:0005737	5	0.25	0
BSU_04080	GO:0005737	5	0.25	0
BSU_14360	GO:0005737	5	0.25	0
BSU_12920	GO:0016874	5	0.25	0
BSU_27880	GO:0016874	5	0.25	0
BSU_20040	GO:0016874	5	0.25	0
BSU_17390	GO:0016874	5	0.25	0
BSU_10350	GO:0030170	5	0.25	0
BSU_13550	GO:0030170	5	0.25	0
BSU_18670	GO:0016874	5	0.25	0
BSU_00330	GO:0090729	5	0.25	0
BSU_39070	GO:0090729	5	0.25	0
BSU_06720	GO:0005737	5	0.25	0
BSU_15850	GO:0016874	5	0.25	0
BSU_24050	GO:0016874	5	0.25	0
BSU_07080	GO:0016874	5	0.25	0
BSU_14590	GO:0090729	5	0.25	0
BSU_09420	GO:0090729	5	0.25	0
BSU_35790	GO:0016874	5	0.25	0
BSU_12020	GO:0016874	5	0.25	0
BSU_15850	GO:0030170	5	0.25	0
BSU_15860	GO:0030170	5	0.25	0
BSU_30420	GO:0005737	5	0.25	0
BSU_24000	GO:0005737	5	0.25	0
BSU_23960	GO:0005737	5	0.25	0
BSU_15590	GO:0005737	5	0.25	0
BSU_10920	GO:0005737	5	0.25	0
BSU_28560	GO:0005737	5	0.25	0
BSU_10360	GO:0005737	5	0.25	0
BSU_20500	GO:0005737	5	0.25	0
BSU_29940	GO:0005737	5	0.25	0
BSU_25500	GO:0030170	5	0.25	0
BSU_10910	GO:0005737	5	0.25	0
BSU_02730	GO:0005737	5	0.25	0
BSU_38600	GO:0005737	5	0.25	0
BSU_12000	GO:0005737	5	0.25	0
BSU_04160	GO:0005737	5	0.25	0
BSU_22610	GO:0030170	5	0.25	0
BSU_22630	GO:0030170	5	0.25	0
BSU_15600	GO:0005737	5	0.25	0
BSU_12020	GO:0008616	5	0.25	0
BSU_35790	GO:0008616	5	0.25	0
BSU_06720	GO:0008616	5	0.25	0
BSU_37260	GO:0016491	5	0.25	0
BSU_15860	GO:0016491	5	0.25	0
BSU_09910	GO:0016491	5	0.25	0
BSU_10130	GO:0016491	5	0.25	0
BSU_34620	GO:0016491	5	0.25	0
BSU_02510	GO:0016491	5	0.25	0
BSU_11560	GO:0016491	5	0.25	0
BSU_02100	GO:0016491	5	0.25	0
BSU_32160	GO:0016491	5	0.25	0
BSU_33240	GO:0016491	5	0.25	0
BSU_06720	GO:0016491	5	0.25	0
BSU_28560	GO:0004784	5	0.25	0
BSU_07560	GO:0004784	5	0.25	0
BSU_34130	GO:0004784	5	0.25	0
BSU_07080	GO:0004784	5	0.25	0
BSU_39070	GO:0004784	5	0.25	0
BSU_05870	GO:0004784	5	0.25	0
BSU_17620	GO:0016491	5	0.25	0
BSU_24120	GO:0016491	5	0.25	0
BSU_31980	GO:0004784	5	0.25	0
BSU_30630	GO:0016491	5	0.25	0
BSU_11340	GO:0046872	5	0.25	0
BSU_24570	GO:0046872	5	0.25	0
BSU_18480	GO:0009228	5	0.25	0
BSU_23800	GO:0009228	5	0.25	0
BSU_12910	GO:0009228	5	0.25	0
BSU_24320	GO:0046872	5	0.25	0
BSU_03982	GO:0009228	5	0.25	0
BSU_07270	GO:0016491	5	0.25	0
BSU_38370	GO:0016491	5	0.25	0
BSU_34450	GO:0016491	5	0.25	0
BSU_22470	GO:0016491	5	0.25	0
BSU_31710	GO:0016491	5	0.25	0
BSU_16970	GO:0016491	5	0.25	0
BSU_39550	GO:0016491	5	0.25	0
BSU_33380	GO:0016491	5	0.25	0
BSU_40550	GO:0016491	5	0.25	0
BSU_06830	GO:0009228	5	0.25	0
BSU_40550	GO:0004784	5	0.25	0
BSU_19330	GO:0008616	5	0.25	0
BSU_15860	GO:0008616	5	0.25	0
BSU_40550	GO:0008616	5	0.25	0
BSU_38370	GO:0008616	5	0.25	0
BSU_29590	GO:0008616	5	0.25	0
BSU_27880	GO:0008616	5	0.25	0
BSU_24120	GO:0008616	5	0.25	0
BSU_33240	GO:0008616	5	0.25	0
BSU_17620	GO:0008616	5	0.25	0
BSU_15620	GO:0008616	5	0.25	0
BSU_33380	GO:0008616	5	0.25	0
BSU_22620	GO:0000049	5	0.25	0
BSU_09910	GO:0008616	5	0.25	0
BSU_15850	GO:0008616	5	0.25	0
BSU_25500	GO:0008616	5	0.25	0
BSU_07560	GO:0008616	5	0.25	0
BSU_34130	GO:0008616	5	0.25	0
BSU_07080	GO:0008616	5	0.25	0
BSU_30770	GO:0008616	5	0.25	0
BSU_39550	GO:0008616	5	0.25	0
BSU_38860	GO:0004784	5	0.25	0
BSU_13550	GO:0004784	5	0.25	0
BSU_09100	GO:0009228	5	0.25	0
BSU_38500	GO:0004784	5	0.25	0
BSU_25500	GO:0009228	5	0.25	0
BSU_06420	GO:0004784	5	0.25	0
BSU_00490	GO:0004784	5	0.25	0
BSU_24170	GO:0009228	5	0.25	0
BSU_13010	GO:0004784	5	0.25	0
BSU_15600	GO:0004784	5	0.25	0
BSU_12210	GO:0008616	5	0.25	0
BSU_15590	GO:0004784	5	0.25	0
BSU_18670	GO:0009228	5	0.25	0
BSU_22620	GO:0004784	5	0.25	0
BSU_15110	GO:0009228	5	0.25	0
BSU_31710	GO:0008616	5	0.25	0
BSU_03960	GO:0008616	5	0.25	0
BSU_16970	GO:0008616	5	0.25	0
BSU_05870	GO:0016874	5	0.25	0
BSU_35400	GO:0090729	5	0.25	0
BSU_35410	GO:0090729	5	0.25	0
BSU_15620	GO:0008237	5	0.25	0
BSU_32150	GO:0034219	5	0.25	0
BSU_04080	GO:0034219	5	0.25	0
BSU_23530	GO:0034219	5	0.25	0
BSU_24170	GO:0034219	5	0.25	0
BSU_00490	GO:0034219	5	0.25	0
BSU_17620	GO:0008237	5	0.25	0
BSU_15860	GO:0008237	5	0.25	0
BSU_33270	GO:0003910	5	0.25	0
BSU_04110	GO:0034219	5	0.25	0
BSU_34700	GO:0003910	5	0.25	0
BSU_09910	GO:0008237	5	0.25	0
BSU_15850	GO:0008237	5	0.25	0
BSU_25500	GO:0008237	5	0.25	0
BSU_34130	GO:0008237	5	0.25	0
BSU_07080	GO:0008237	5	0.25	0
BSU_19330	GO:0008237	5	0.25	0
BSU_31700	GO:0034219	5	0.25	0
BSU_22930	GO:0034219	5	0.25	0
BSU_37390	GO:0003910	5	0.25	0
BSU_17620	GO:0071978	5	0.25	0
BSU_23960	GO:0003910	5	0.25	0
BSU_29590	GO:0050660	5	0.25	0
BSU_27880	GO:0050660	5	0.25	0
BSU_04080	GO:0003910	5	0.25	0
BSU_19430	GO:0003910	5	0.25	0
BSU_33390	GO:0071978	5	0.25	0
BSU_33380	GO:0071978	5	0.25	0
BSU_18070	GO:0071978	5	0.25	0
BSU_12250	GO:0003910	5	0.25	0
BSU_07570	GO:0071978	5	0.25	0
BSU_29940	GO:0071978	5	0.25	0
BSU_18610	GO:0071978	5	0.25	0
BSU_29710	GO:0034219	5	0.25	0
BSU_36520	GO:0003910	5	0.25	0
BSU_01570	GO:0034219	5	0.25	0
BSU_31920	GO:0034219	5	0.25	0
BSU_06720	GO:0008237	5	0.25	0
BSU_35790	GO:0008237	5	0.25	0
BSU_10910	GO:0003910	5	0.25	0
BSU_34790	GO:0005524	5	0.25	0
BSU_03960	GO:0005524	5	0.25	0
BSU_16970	GO:0005524	5	0.25	0
BSU_08440	GO:0005524	5	0.25	0
BSU_35730	GO:0005524	5	0.25	0
BSU_34870	GO:0005524	5	0.25	0
BSU_38040	GO:0005524	5	0.25	0
BSU_40550	GO:0005524	5	0.25	0
BSU_25780	GO:0005524	5	0.25	0
BSU_02700	GO:0008237	5	0.25	0
BSU_19200	GO:0005524	5	0.25	0
BSU_33240	GO:0005524	5	0.25	0
BSU_38190	GO:0005524	5	0.25	0
BSU_34900	GO:0005524	5	0.25	0
BSU_35330	GO:0005524	5	0.25	0
BSU_15110	GO:0005524	5	0.25	0
BSU_24170	GO:0005524	5	0.25	0
BSU_06100	GO:0003910	5	0.25	0
BSU_08350	GO:0008237	5	0.25	0
BSU_12020	GO:0008237	5	0.25	0
BSU_03730	GO:0003910	5	0.25	0
BSU_05870	GO:0008237	5	0.25	0
BSU_10130	GO:0008237	5	0.25	0
BSU_12100	GO:0008237	5	0.25	0
BSU_34620	GO:0008237	5	0.25	0
BSU_02510	GO:0008237	5	0.25	0
BSU_37180	GO:0008237	5	0.25	0
BSU_05910	GO:0008237	5	0.25	0
BSU_21350	GO:0008237	5	0.25	0
BSU_07560	GO:0008237	5	0.25	0
BSU_38090	GO:0008237	5	0.25	0
BSU_02730	GO:0003910	5	0.25	0
BSU_34450	GO:0008237	5	0.25	0
BSU_01530	GO:0008237	5	0.25	0
BSU_31700	GO:0008237	5	0.25	0
BSU_09370	GO:0008237	5	0.25	0
BSU_29000	GO:0003910	5	0.25	0
BSU_10920	GO:0003910	5	0.25	0
BSU_06720	GO:0003910	5	0.25	0
BSU_35620	GO:0090729	5	0.25	0
BSU_10130	GO:0016798	5	0.25	0
BSU_38190	GO:0016798	5	0.25	0
BSU_01640	GO:0004519	5	0.25	0
BSU_34900	GO:0016798	5	0.25	0
BSU_35330	GO:0016798	5	0.25	0
BSU_15110	GO:0016798	5	0.25	0
BSU_24170	GO:0016798	5	0.25	0
BSU_25500	GO:0016798	5	0.25	0
BSU_12910	GO:0016798	5	0.25	0
BSU_19200	GO:0016798	5	0.25	0
BSU_01640	GO:0016798	5	0.25	0
BSU_05910	GO:0016798	5	0.25	0
BSU_00710	GO:0016798	5	0.25	0
BSU_23760	GO:0016798	5	0.25	0
BSU_20250	GO:0004519	5	0.25	0
BSU_36020	GO:0004519	5	0.25	0
BSU_09910	GO:0004519	5	0.25	0
BSU_33240	GO:0016798	5	0.25	0
BSU_11720	GO:0090729	5	0.25	0
BSU_19200	GO:0004519	5	0.25	0
BSU_03960	GO:0016798	5	0.25	0
BSU_05740	GO:0016874	5	0.25	0
BSU_09410	GO:0016874	5	0.25	0
BSU_22620	GO:0090729	5	0.25	0
BSU_05910	GO:0016874	5	0.25	0
BSU_19200	GO:0005886	5	0.25	0
BSU_32460	GO:0005886	5	0.25	0
BSU_09910	GO:0005886	5	0.25	0
BSU_16970	GO:0016798	5	0.25	0
BSU_25780	GO:0016798	5	0.25	0
BSU_08440	GO:0016798	5	0.25	0
BSU_35730	GO:0016798	5	0.25	0
BSU_34870	GO:0016798	5	0.25	0
BSU_40550	GO:0016798	5	0.25	0
BSU_15590	GO:0090729	5	0.25	0
BSU_34790	GO:0016798	5	0.25	0
BSU_15600	GO:0090729	5	0.25	0
BSU_09930	GO:0004519	5	0.25	0
BSU_35080	GO:0004519	5	0.25	0
BSU_05910	GO:0003910	5	0.25	0
BSU_35790	GO:0050660	5	0.25	0
BSU_15850	GO:0050660	5	0.25	0
BSU_30240	GO:0003910	5	0.25	0
BSU_24050	GO:0050660	5	0.25	0
BSU_30790	GO:0003910	5	0.25	0
BSU_07080	GO:0050660	5	0.25	0
BSU_18250	GO:0003910	5	0.25	0
BSU_13410	GO:0003910	5	0.25	0
BSU_12020	GO:0050660	5	0.25	0
BSU_18210	GO:0003910	5	0.25	0
BSU_05870	GO:0050660	5	0.25	0
BSU_09910	GO:0003910	5	0.25	0
BSU_05740	GO:0050660	5	0.25	0
BSU_09410	GO:0050660	5	0.25	0
BSU_01820	GO:0003910	5	0.25	0
BSU_23760	GO:0003910	5	0.25	0
BSU_05910	GO:0050660	5	0.25	0
BSU_12920	GO:0050660	5	0.25	0
BSU_28560	GO:0003910	5	0.25	0
BSU_04160	GO:0004519	5	0.25	0
BSU_19540	GO:0004519	5	0.25	0
BSU_26840	GO:0004519	5	0.25	0
BSU_13410	GO:0004519	5	0.25	0
BSU_03960	GO:0004519	5	0.25	0
BSU_29000	GO:0004519	5	0.25	0
BSU_23570	GO:0016853	5	0.25	0
BSU_11340	GO:0016853	5	0.25	0
BSU_24570	GO:0016853	5	0.25	0
BSU_33680	GO:0004519	5	0.25	0
BSU_10360	GO:0003910	5	0.25	0
BSU_31920	GO:0004519	5	0.25	0
BSU_26670	GO:0004519	5	0.25	0
BSU_19120	GO:0004519	5	0.25	0
BSU_24320	GO:0016853	5	0.25	0
BSU_34750	GO:0004519	5	0.25	0
BSU_30260	GO:0004519	5	0.25	0
BSU_18670	GO:0050660	5	0.25	0
BSU_01640	GO:0009228	5	0.25	0
BSU_05910	GO:0009228	5	0.25	0
BSU_23570	GO:0046872	5	0.25	0
BSU_14830	GO:0006537	5	0.25	1
BSU_22770	GO:0005737	5	0.25	0
BSU_37160	GO:0005737	5	0.25	0
BSU_38700	GO:0005737	5	0.25	0
BSU_14730	GO:0005737	5	0.25	0
BSU_10450	GO:0016020	5	0.25	1
BSU_27070	GO:0006364	5	0.25	0
BSU_06420	GO:0034023	5	0.25	1
BSU_24700	GO:0030420	5	0.25	1
BSU_23470	GO:0005737	5	0.25	0
BSU_14590	GO:0006364	5	0.25	0
BSU_16330	GO:0006364	5	0.25	0
BSU_32150	GO:0004145	5	0.25	1
BSU_33380	GO:0030288	5	0.25	1
BSU_05810	GO:0006364	5	0.25	0
BSU_11660	GO:0016853	5	0.25	1
BSU_35330	GO:0044781	5	0.25	1
BSU_17450	GO:0005737	5	0.25	0
BSU_30260	GO:0005737	5	0.25	1
BSU_24170	GO:0005737	5	0.25	1
BSU_33830	GO:0005737	5	0.25	0
BSU_37320	GO:0015112	5	0.25	1
BSU_41040	GO:0045121	5	0.25	0
BSU_23890	GO:0045121	5	0.25	0
BSU_24570	GO:0004047	5	0.25	1
BSU_36410	GO:0045121	5	0.25	0
BSU_24870	GO:0016020	5	0.25	1
BSU_35940	GO:0005737	5	0.25	0
BSU_33730	GO:0005737	5	0.25	0
BSU_00660	GO:0106310	5	0.25	1
BSU_17380	GO:0005737	5	0.25	0
BSU_39750	GO:0008880	5	0.25	1
BSU_19200	GO:0003677	5	0.25	1
BSU_15590	GO:0005737	5	0.25	0
BSU_15600	GO:0005737	5	0.25	0
BSU_30740	GO:0055085	5	0.25	1
BSU_14360	GO:0016887	5	0.25	1
BSU_39020	GO:0005886	5	0.25	1
BSU_08440	GO:0005737	5	0.25	1
BSU_24450	GO:0006414	5	0.25	1
BSU_23960	GO:0009307	5	0.25	0
BSU_37390	GO:0009307	5	0.25	0
BSU_34700	GO:0009307	5	0.25	0
BSU_33270	GO:0009307	5	0.25	0
BSU_12250	GO:0009307	5	0.25	0
BSU_36520	GO:0009307	5	0.25	0
BSU_19430	GO:0009307	5	0.25	0
BSU_04080	GO:0009307	5	0.25	0
BSU_10920	GO:0009307	5	0.25	0
BSU_27930	GO:0000160	5	0.25	1
BSU_10910	GO:0009307	5	0.25	0
BSU_28560	GO:0009307	5	0.25	0
BSU_10360	GO:0009307	5	0.25	0
BSU_06720	GO:0009307	5	0.25	0
BSU_20500	GO:0009307	5	0.25	0
BSU_05910	GO:0009307	5	0.25	0
BSU_23760	GO:0009307	5	0.25	0
BSU_18210	GO:0009307	5	0.25	0
BSU_03730	GO:0009307	5	0.25	0
BSU_36410	GO:0006364	5	0.25	0
BSU_29060	GO:0009307	5	0.25	0
BSU_30800	GO:0005829	5	0.25	1
BSU_32290	GO:0046872	5	0.25	1
BSU_30420	GO:0005886	5	0.25	1
BSU_09100	GO:0006364	5	0.25	0
BSU_15110	GO:0050661	5	0.25	1
BSU_41040	GO:0006364	5	0.25	0
BSU_23890	GO:0006364	5	0.25	0
BSU_29940	GO:0009307	5	0.25	0
BSU_02730	GO:0009307	5	0.25	0
BSU_24000	GO:0009307	5	0.25	0
BSU_24580	GO:0009307	5	0.25	0
BSU_18250	GO:0009307	5	0.25	0
BSU_39640	GO:0009307	5	0.25	0
BSU_30790	GO:0009307	5	0.25	0
BSU_30240	GO:0009307	5	0.25	0
BSU_29000	GO:0009307	5	0.25	0
BSU_38580	GO:0009401	5	0.25	1
BSU_24570	GO:0006546	5	0.25	1
BSU_15410	GO:0003735	5	0.25	1
BSU_04160	GO:0006950	5	0.25	0
BSU_31920	GO:0006950	5	0.25	0
BSU_33680	GO:0006950	5	0.25	0
BSU_19540	GO:0006950	5	0.25	0
BSU_29000	GO:0006950	5	0.25	0
BSU_38580	GO:0016020	5	0.25	1
BSU_13410	GO:0006950	5	0.25	0
BSU_26840	GO:0006950	5	0.25	0
BSU_19200	GO:0006950	5	0.25	0
BSU_12560	GO:0003677	5	0.25	1
BSU_09930	GO:0006950	5	0.25	0
BSU_09910	GO:0006950	5	0.25	0
BSU_20250	GO:0006950	5	0.25	0
BSU_01690	GO:0006950	5	0.25	0
BSU_05330	GO:0006950	5	0.25	0
BSU_08190	GO:0006950	5	0.25	0
BSU_09430	GO:0006950	5	0.25	0
BSU_37320	GO:0015113	5	0.25	0
BSU_37180	GO:0015113	5	0.25	0
BSU_19120	GO:0006950	5	0.25	0
BSU_13690	GO:0015113	5	0.25	0
BSU_23980	GO:0015113	5	0.25	0
BSU_23960	GO:0015113	5	0.25	0
BSU_23530	GO:0015113	5	0.25	0
BSU_30220	GO:0030170	5	0.25	1
BSU_17620	GO:0015113	5	0.25	0
BSU_18070	GO:0015113	5	0.25	0
BSU_14350	GO:0015113	5	0.25	0
BSU_20500	GO:0003910	5	0.25	1
BSU_01830	GO:0015113	5	0.25	0
BSU_24980	GO:0005886	5	0.25	1
BSU_32740	GO:0015113	5	0.25	0
BSU_07570	GO:0015113	5	0.25	0
BSU_39020	GO:0015113	5	0.25	0
BSU_03982	GO:0015113	5	0.25	0
BSU_12100	GO:0015113	5	0.25	0
BSU_03440	GO:0015113	5	0.25	0
BSU_30260	GO:0006950	5	0.25	0
BSU_26670	GO:0006950	5	0.25	0
BSU_08350	GO:0016042	5	0.25	1
BSU_33710	GO:0005886	5	0.25	1
BSU_14700	GO:0071555	5	0.25	0
BSU_04610	GO:0071555	5	0.25	0
BSU_24010	GO:0022857	5	0.25	1
BSU_07570	GO:0005215	5	0.25	1
BSU_24870	GO:0071555	5	0.25	0
BSU_29530	GO:0071555	5	0.25	0
BSU_28910	GO:0012501	5	0.25	1
BSU_15080	GO:0015934	5	0.25	1
BSU_38090	GO:0071555	5	0.25	0
BSU_09930	GO:0004527	5	0.25	1
BSU_05850	GO:0005737	5	0.25	1
BSU_12000	GO:0003677	5	0.25	1
BSU_38580	GO:0045121	5	0.25	0
BSU_40550	GO:0016787	5	0.25	1
BSU_39810	GO:0045121	5	0.25	0
BSU_09420	GO:0071555	5	0.25	1
BSU_17260	GO:0071555	5	0.25	0
BSU_11100	GO:0071555	5	0.25	0
BSU_03960	GO:0006950	5	0.25	0
BSU_22970	GO:0071555	5	0.25	0
BSU_35080	GO:0006950	5	0.25	0
BSU_36020	GO:0006950	5	0.25	0
BSU_01640	GO:0006950	5	0.25	0
BSU_09930	GO:0071555	5	0.25	0
BSU_09910	GO:0071555	5	0.25	0
BSU_06070	GO:0071555	5	0.25	0
BSU_17620	GO:0071555	5	0.25	0
BSU_27840	GO:0071555	5	0.25	0
BSU_02700	GO:0071555	5	0.25	0
BSU_30630	GO:0035539	5	0.25	1
BSU_34450	GO:0071555	5	0.25	0
BSU_31700	GO:0071555	5	0.25	0
BSU_07560	GO:0071555	5	0.25	0
BSU_39070	GO:0071555	5	0.25	0
BSU_38040	GO:0004564	5	0.25	1
BSU_08350	GO:0071555	5	0.25	0
BSU_33830	GO:0016020	5	0.25	1
BSU_18670	GO:0003723	5	0.25	0
BSU_00710	GO:0009228	5	0.25	0
BSU_09100	GO:0005829	5	0.25	0
BSU_02870	GO:0005886	5	0.25	1
BSU_37390	GO:0030153	5	0.25	1
BSU_07200	GO:0005262	5	0.25	1
BSU_28390	GO:0071555	5	0.25	1
BSU_18670	GO:0033609	5	0.25	1
BSU_27070	GO:0005829	5	0.25	0
BSU_09900	GO:0005886	5	0.25	1
BSU_16330	GO:0005829	5	0.25	0
BSU_05910	GO:0009229	5	0.25	0
BSU_05810	GO:0005829	5	0.25	0
BSU_10770	GO:0008236	5	0.25	1
BSU_14700	GO:0008237	5	0.25	1
BSU_03920	GO:0034219	5	0.25	1
BSU_03320	GO:0050660	5	0.25	1
BSU_34620	GO:0016798	5	0.25	1
BSU_36410	GO:0005829	5	0.25	0
BSU_23760	GO:0015937	5	0.25	1
BSU_37180	GO:0009229	5	0.25	0
BSU_31010	GO:0045121	5	0.25	1
BSU_12210	GO:0016705	5	0.25	1
BSU_15850	GO:0009229	5	0.25	0
BSU_25500	GO:0009229	5	0.25	0
BSU_07560	GO:0009229	5	0.25	0
BSU_34130	GO:0009229	5	0.25	0
BSU_07080	GO:0009229	5	0.25	0
BSU_19330	GO:0009229	5	0.25	0
BSU_06720	GO:0009229	5	0.25	0
BSU_35790	GO:0009229	5	0.25	0
BSU_02510	GO:0009229	5	0.25	0
BSU_12020	GO:0009229	5	0.25	0
BSU_05870	GO:0009229	5	0.25	0
BSU_10130	GO:0009229	5	0.25	0
BSU_00710	GO:0051082	5	0.25	1
BSU_12100	GO:0009229	5	0.25	0
BSU_34620	GO:0009229	5	0.25	0
BSU_09410	GO:0009229	5	0.25	0
BSU_06100	GO:0009307	5	0.25	1
BSU_09370	GO:0071555	5	0.25	1
BSU_15620	GO:0009229	5	0.25	0
BSU_15590	GO:0046872	5	0.25	0
BSU_22770	GO:0005829	5	0.25	0
BSU_12910	GO:0005829	5	0.25	0
BSU_23800	GO:0005829	5	0.25	0
BSU_18480	GO:0005829	5	0.25	0
BSU_36410	GO:0006397	5	0.25	0
BSU_38190	GO:0046872	5	0.25	0
BSU_18180	GO:0046872	5	0.25	0
BSU_37160	GO:0046872	5	0.25	0
BSU_09100	GO:0006397	5	0.25	0
BSU_05810	GO:0006397	5	0.25	0
BSU_16330	GO:0006397	5	0.25	0
BSU_14590	GO:0006397	5	0.25	0
BSU_27070	GO:0006397	5	0.25	0
BSU_07050	GO:0016780	5	0.25	0
BSU_09420	GO:0016780	5	0.25	0
BSU_16330	GO:0016780	5	0.25	0
BSU_38600	GO:0005829	5	0.25	0
BSU_22620	GO:0005829	5	0.25	0
BSU_24040	GO:0005829	5	0.25	0
BSU_15600	GO:0016881	5	0.25	0
BSU_24050	GO:0005829	5	0.25	0
BSU_14590	GO:0005829	5	0.25	0
BSU_08060	GO:0005829	5	0.25	0
BSU_27070	GO:0005829	5	0.25	0
BSU_24170	GO:0005829	5	0.25	0
BSU_09100	GO:0005829	5	0.25	0
BSU_06830	GO:0005829	5	0.25	0
BSU_15590	GO:0016881	5	0.25	0
BSU_41040	GO:0006397	5	0.25	0
BSU_05810	GO:0005829	5	0.25	0
BSU_03982	GO:0005829	5	0.25	0
BSU_01640	GO:0005829	5	0.25	0
BSU_05910	GO:0005829	5	0.25	0
BSU_00710	GO:0005829	5	0.25	0
BSU_17380	GO:0016881	5	0.25	0
BSU_23890	GO:0006397	5	0.25	0
BSU_09910	GO:0009229	5	0.25	0
BSU_15860	GO:0009229	5	0.25	0
BSU_27070	GO:0003723	5	0.25	0
BSU_07050	GO:0033554	5	0.25	0
BSU_19120	GO:0046872	5	0.25	1
BSU_33270	GO:0022857	5	0.25	1
BSU_35940	GO:0033554	5	0.25	0
BSU_27070	GO:0033554	5	0.25	0
BSU_08060	GO:0033554	5	0.25	0
BSU_38580	GO:0033554	5	0.25	0
BSU_05810	GO:0033554	5	0.25	0
BSU_30750	GO:0005886	5	0.25	1
BSU_05740	GO:0016791	5	0.25	1
BSU_36550	GO:0004222	5	0.25	1
BSU_19200	GO:0005737	5	0.25	1
BSU_27840	GO:0030435	5	0.25	1
BSU_05870	GO:0046872	5	0.25	1
BSU_34900	GO:0016829	5	0.25	1
BSU_09950	GO:0033554	5	0.25	0
BSU_14590	GO:0033554	5	0.25	0
BSU_21860	GO:0003756	5	0.25	1
BSU_05340	GO:0015700	5	0.25	1
BSU_18840	GO:0004553	5	0.25	1
BSU_06830	GO:0003723	5	0.25	0
BSU_15640	GO:0006412	5	0.25	1
BSU_10450	GO:0015293	5	0.25	1
BSU_03440	GO:0016020	5	0.25	1
BSU_05330	GO:0006355	5	0.25	1
BSU_09100	GO:0003723	5	0.25	0
BSU_14590	GO:0003723	5	0.25	0
BSU_16330	GO:0003723	5	0.25	0
BSU_30670	GO:0046872	5	0.25	1
BSU_32160	GO:0051537	5	0.25	1
BSU_05810	GO:0003723	5	0.25	0
BSU_04160	GO:0009401	5	0.25	1
BSU_06420	GO:0003824	5	0.25	1
BSU_03982	GO:0003723	5	0.25	0
BSU_32740	GO:0005886	5	0.25	1
BSU_23800	GO:0003723	5	0.25	0
BSU_18480	GO:0003723	5	0.25	0
BSU_34900	GO:0000105	5	0.25	1
BSU_21440	GO:0005886	5	0.25	1
BSU_20040	GO:0009229	5	0.25	0
BSU_30770	GO:0009229	5	0.25	0
BSU_22470	GO:0071793	5	0.25	1
BSU_09930	GO:0006259	5	0.25	0
BSU_30950	GO:0016757	5	0.25	1
BSU_12210	GO:0009229	5	0.25	0
BSU_39550	GO:0009229	5	0.25	0
BSU_33380	GO:0009229	5	0.25	0
BSU_06720	GO:0016301	5	0.25	1
BSU_40550	GO:0009229	5	0.25	0
BSU_00490	GO:0030436	5	0.25	1
BSU_38370	GO:0009229	5	0.25	0
BSU_29590	GO:0009229	5	0.25	0
BSU_27880	GO:0009229	5	0.25	0
BSU_38360	GO:0003723	5	0.25	1
BSU_24120	GO:0009229	5	0.25	0
BSU_33240	GO:0009229	5	0.25	0
BSU_17620	GO:0009229	5	0.25	0
BSU_22610	GO:0006571	5	0.25	1
BSU_17450	GO:0006355	5	0.25	1
BSU_30260	GO:0006259	5	0.25	0
BSU_12000	GO:0006259	5	0.25	0
BSU_34750	GO:0006259	5	0.25	0
BSU_33970	GO:0006259	5	0.25	0
BSU_05850	GO:0006259	5	0.25	0
BSU_19540	GO:0006259	5	0.25	0
BSU_29000	GO:0006259	5	0.25	0
BSU_14300	GO:0030366	5	0.25	1
BSU_03960	GO:0006259	5	0.25	0
BSU_14730	GO:0006259	5	0.25	0
BSU_33530	GO:0000166	5	0.25	1
BSU_04160	GO:0006259	5	0.25	0
BSU_38700	GO:0006259	5	0.25	0
BSU_35080	GO:0006259	5	0.25	0
BSU_17450	GO:0006259	5	0.25	0
BSU_09100	GO:0006259	5	0.25	0
BSU_20250	GO:0006259	5	0.25	0
BSU_01640	GO:0006259	5	0.25	0
BSU_25500	GO:0005524	5	0.25	0
BSU_10130	GO:0005524	5	0.25	0
BSU_12910	GO:0005524	5	0.25	0
BSU_12100	GO:0042906	5	0.25	0
BSU_24170	GO:0016740	5	0.25	0
BSU_38500	GO:0006826	5	0.25	0
BSU_37180	GO:0042906	5	0.25	0
BSU_01830	GO:0042906	5	0.25	0
BSU_37320	GO:0042906	5	0.25	0
BSU_03440	GO:0042906	5	0.25	0
BSU_17380	GO:0006826	5	0.25	0
BSU_03982	GO:0042906	5	0.25	0
BSU_07560	GO:0016740	5	0.25	0
BSU_39020	GO:0042906	5	0.25	0
BSU_15590	GO:0006826	5	0.25	0
BSU_15600	GO:0006826	5	0.25	0
BSU_07570	GO:0042906	5	0.25	0
BSU_32740	GO:0042906	5	0.25	0
BSU_14350	GO:0042906	5	0.25	0
BSU_18070	GO:0042906	5	0.25	0
BSU_28560	GO:0016740	5	0.25	0
BSU_34130	GO:0016740	5	0.25	0
BSU_24870	GO:0006813	5	0.25	0
BSU_00490	GO:0016740	5	0.25	0
BSU_33170	GO:0030435	5	0.25	0
BSU_33690	GO:0003677	5	0.25	0
BSU_22620	GO:0016740	5	0.25	0
BSU_15590	GO:0016740	5	0.25	0
BSU_15600	GO:0016740	5	0.25	0
BSU_13550	GO:0016740	5	0.25	0
BSU_13010	GO:0016740	5	0.25	0
BSU_06420	GO:0016740	5	0.25	0
BSU_07080	GO:0016740	5	0.25	0
BSU_38500	GO:0016740	5	0.25	0
BSU_38860	GO:0016740	5	0.25	0
BSU_40550	GO:0016740	5	0.25	0
BSU_16440	GO:0003677	5	0.25	0
BSU_31980	GO:0016740	5	0.25	0
BSU_05870	GO:0016740	5	0.25	0
BSU_39070	GO:0016740	5	0.25	0
BSU_17620	GO:0042906	5	0.25	0
BSU_23530	GO:0042906	5	0.25	0
BSU_30790	GO:0005886	5	0.25	0
BSU_12000	GO:0051775	5	0.25	0
BSU_08060	GO:0006412	5	0.25	0
BSU_27070	GO:0006412	5	0.25	0
BSU_09100	GO:0051775	5	0.25	0
BSU_24320	GO:0071555	5	0.25	0
BSU_33970	GO:0051775	5	0.25	0
BSU_05850	GO:0051775	5	0.25	0
BSU_01640	GO:0071555	5	0.25	0
BSU_14730	GO:0051775	5	0.25	0
BSU_05810	GO:0006412	5	0.25	0
BSU_38700	GO:0051775	5	0.25	0
BSU_23470	GO:0051775	5	0.25	0
BSU_17450	GO:0051775	5	0.25	0
BSU_18480	GO:0071555	5	0.25	0
BSU_23800	GO:0071555	5	0.25	0
BSU_22770	GO:0051775	5	0.25	0
BSU_37160	GO:0051775	5	0.25	0
BSU_38580	GO:0006412	5	0.25	0
BSU_07050	GO:0006412	5	0.25	0
BSU_23960	GO:0042906	5	0.25	0
BSU_31260	GO:0006813	5	0.25	0
BSU_33820	GO:0006813	5	0.25	0
BSU_33720	GO:0006813	5	0.25	0
BSU_23980	GO:0042906	5	0.25	0
BSU_24980	GO:0006813	5	0.25	0
BSU_23980	GO:0006813	5	0.25	0
BSU_36550	GO:0006813	5	0.25	0
BSU_21350	GO:0006813	5	0.25	0
BSU_14350	GO:0006813	5	0.25	0
BSU_09950	GO:0006412	5	0.25	0
BSU_24980	GO:0042906	5	0.25	0
BSU_32740	GO:0006813	5	0.25	0
BSU_39020	GO:0006813	5	0.25	0
BSU_03440	GO:0006813	5	0.25	0
BSU_14590	GO:0006412	5	0.25	0
BSU_30770	GO:0006813	5	0.25	0
BSU_11720	GO:0006412	5	0.25	0
BSU_18250	GO:0005886	5	0.25	0
BSU_36410	GO:0003677	5	0.25	0
BSU_03982	GO:0071555	5	0.25	0
BSU_33690	GO:0044780	5	0.25	0
BSU_05810	GO:0046872	5	0.25	0
BSU_38580	GO:0046872	5	0.25	0
BSU_39070	GO:0046872	5	0.25	0
BSU_30150	GO:0044780	5	0.25	0
BSU_08060	GO:0046872	5	0.25	0
BSU_27070	GO:0046872	5	0.25	0
BSU_35080	GO:0046872	5	0.25	0
BSU_41040	GO:0044780	5	0.25	0
BSU_08080	GO:0044780	5	0.25	0
BSU_21350	GO:0005886	5	0.25	0
BSU_12250	GO:0005886	5	0.25	0
BSU_31700	GO:0016887	5	0.25	0
BSU_32150	GO:0016887	5	0.25	0
BSU_23530	GO:0016887	5	0.25	0
BSU_00490	GO:0016887	5	0.25	0
BSU_10390	GO:0005886	5	0.25	0
BSU_10770	GO:0044780	5	0.25	0
BSU_15880	GO:0044780	5	0.25	0
BSU_29940	GO:0016887	5	0.25	0
BSU_15590	GO:0046872	5	0.25	0
BSU_30420	GO:0000160	5	0.25	0
BSU_39070	GO:0005978	5	0.25	0
BSU_18840	GO:0005978	5	0.25	0
BSU_34620	GO:0005978	5	0.25	0
BSU_34450	GO:0005978	5	0.25	0
BSU_35730	GO:0005978	5	0.25	0
BSU_22620	GO:0046872	5	0.25	0
BSU_15600	GO:0046872	5	0.25	0
BSU_31980	GO:0046872	5	0.25	0
BSU_14590	GO:0046872	5	0.25	0
BSU_11720	GO:0046872	5	0.25	0
BSU_16440	GO:0044780	5	0.25	0
BSU_09950	GO:0046872	5	0.25	0
BSU_12560	GO:0044780	5	0.25	0
BSU_27120	GO:0044780	5	0.25	0
BSU_38500	GO:0046872	5	0.25	0
BSU_29060	GO:0016887	5	0.25	0
BSU_24000	GO:0016887	5	0.25	0
BSU_30240	GO:0005886	5	0.25	0
BSU_14590	GO:0003677	5	0.25	0
BSU_05910	GO:0005886	5	0.25	0
BSU_20500	GO:0005886	5	0.25	0
BSU_06720	GO:0005886	5	0.25	0
BSU_10360	GO:0005886	5	0.25	0
BSU_28560	GO:0005886	5	0.25	0
BSU_10910	GO:0005886	5	0.25	0
BSU_10920	GO:0005886	5	0.25	0
BSU_16330	GO:0003677	5	0.25	0
BSU_27070	GO:0003677	5	0.25	0
BSU_06830	GO:0003677	5	0.25	0
BSU_31980	GO:0005886	5	0.25	0
BSU_04080	GO:0005886	5	0.25	0
BSU_05810	GO:0003677	5	0.25	0
BSU_19430	GO:0005886	5	0.25	0
BSU_18210	GO:0005886	5	0.25	0
BSU_29000	GO:0005886	5	0.25	0
BSU_23760	GO:0005886	5	0.25	0
BSU_18670	GO:0003677	5	0.25	0
BSU_24580	GO:0016887	5	0.25	0
BSU_19430	GO:0016887	5	0.25	0
BSU_18250	GO:0016887	5	0.25	0
BSU_30790	GO:0016887	5	0.25	0
BSU_30240	GO:0016887	5	0.25	0
BSU_02730	GO:0016887	5	0.25	0
BSU_18210	GO:0016887	5	0.25	0
BSU_35680	GO:0005886	5	0.25	0
BSU_36520	GO:0016887	5	0.25	0
BSU_10920	GO:0016887	5	0.25	0
BSU_06100	GO:0005886	5	0.25	0
BSU_10910	GO:0016887	5	0.25	0
BSU_10360	GO:0016887	5	0.25	0
BSU_06720	GO:0016887	5	0.25	0
BSU_20500	GO:0016887	5	0.25	0
BSU_23760	GO:0016887	5	0.25	0
BSU_23570	GO:0005886	5	0.25	0
BSU_37390	GO:0005886	5	0.25	0
BSU_12910	GO:0071555	5	0.25	0
BSU_05810	GO:0071555	5	0.25	0
BSU_24980	GO:0000160	5	0.25	0
BSU_19330	GO:0016829	5	0.25	0
BSU_27880	GO:0016829	5	0.25	0
BSU_33240	GO:0016829	5	0.25	0
BSU_17620	GO:0016829	5	0.25	0
BSU_09910	GO:0016829	5	0.25	0
BSU_25500	GO:0016829	5	0.25	0
BSU_34130	GO:0016829	5	0.25	0
BSU_07080	GO:0016829	5	0.25	0
BSU_06720	GO:0016829	5	0.25	0
BSU_40550	GO:0016829	5	0.25	0
BSU_35790	GO:0016829	5	0.25	0
BSU_12020	GO:0016829	5	0.25	0
BSU_05870	GO:0016829	5	0.25	0
BSU_12100	GO:0016829	5	0.25	0
BSU_34620	GO:0016829	5	0.25	0
BSU_09410	GO:0016829	5	0.25	0
BSU_37180	GO:0016829	5	0.25	0
BSU_29590	GO:0016829	5	0.25	0
BSU_30770	GO:0016829	5	0.25	0
BSU_00710	GO:0016829	5	0.25	0
BSU_06720	GO:0060187	5	0.25	0
BSU_03730	GO:0060187	5	0.25	0
BSU_18210	GO:0060187	5	0.25	0
BSU_34700	GO:0060187	5	0.25	0
BSU_33270	GO:0060187	5	0.25	0
BSU_12250	GO:0060187	5	0.25	0
BSU_19430	GO:0060187	5	0.25	0
BSU_10920	GO:0060187	5	0.25	0
BSU_20500	GO:0060187	5	0.25	0
BSU_33380	GO:0016829	5	0.25	0
BSU_23760	GO:0060187	5	0.25	0
BSU_13750	GO:0016829	5	0.25	0
BSU_31710	GO:0016829	5	0.25	0
BSU_03960	GO:0016829	5	0.25	0
BSU_16970	GO:0016829	5	0.25	0
BSU_12210	GO:0016829	5	0.25	0
BSU_39550	GO:0016829	5	0.25	0
BSU_05910	GO:0016829	5	0.25	0
BSU_39070	GO:0016829	5	0.25	0
BSU_06100	GO:0060187	5	0.25	0
BSU_40550	GO:0003677	5	0.25	0
BSU_13750	GO:0003677	5	0.25	0
BSU_27070	GO:0140359	5	0.25	0
BSU_16970	GO:0003677	5	0.25	0
BSU_08440	GO:0003677	5	0.25	0
BSU_35730	GO:0003677	5	0.25	0
BSU_34870	GO:0003677	5	0.25	0
BSU_38040	GO:0003677	5	0.25	0
BSU_34790	GO:0003677	5	0.25	0
BSU_24450	GO:0003677	5	0.25	0
BSU_25780	GO:0003677	5	0.25	0
BSU_33240	GO:0003677	5	0.25	0
BSU_38190	GO:0003677	5	0.25	0
BSU_34900	GO:0003677	5	0.25	0
BSU_35330	GO:0003677	5	0.25	0
BSU_15110	GO:0003677	5	0.25	0
BSU_24170	GO:0003677	5	0.25	0
BSU_32740	GO:0140359	5	0.25	0
BSU_32160	GO:0003677	5	0.25	0
BSU_18840	GO:0016829	5	0.25	0
BSU_36410	GO:0005886	5	0.25	0
BSU_10970	GO:0016829	5	0.25	0
BSU_07050	GO:0005886	5	0.25	0
BSU_16230	GO:0005886	5	0.25	0
BSU_12920	GO:0005886	5	0.25	0
BSU_09420	GO:0005886	5	0.25	0
BSU_08060	GO:0005886	5	0.25	0
BSU_05810	GO:0005886	5	0.25	0
BSU_16330	GO:0005886	5	0.25	0
BSU_11660	GO:0003677	5	0.25	0
BSU_03440	GO:0140359	5	0.25	0
BSU_35410	GO:0005886	5	0.25	0
BSU_00330	GO:0005886	5	0.25	0
BSU_38580	GO:0140359	5	0.25	0
BSU_33830	GO:0005886	5	0.25	0
BSU_33730	GO:0005886	5	0.25	0
BSU_27070	GO:0005886	5	0.25	0
BSU_02730	GO:0060187	5	0.25	0
BSU_30240	GO:0060187	5	0.25	0
BSU_29710	GO:0030436	5	0.25	0
BSU_10130	GO:0004425	5	0.25	0
BSU_03982	GO:0004312	5	0.25	0
BSU_23800	GO:0004312	5	0.25	0
BSU_18480	GO:0004312	5	0.25	0
BSU_11720	GO:0004312	5	0.25	0
BSU_37640	GO:0004312	5	0.25	0
BSU_12020	GO:0004425	5	0.25	0
BSU_05870	GO:0004425	5	0.25	0
BSU_12100	GO:0004425	5	0.25	0
BSU_06830	GO:0004312	5	0.25	0
BSU_34620	GO:0004425	5	0.25	0
BSU_02510	GO:0004425	5	0.25	0
BSU_37180	GO:0004425	5	0.25	0
BSU_05910	GO:0004425	5	0.25	0
BSU_03860	GO:0004425	5	0.25	0
BSU_18250	GO:0004425	5	0.25	0
BSU_07000	GO:0004425	5	0.25	0
BSU_05810	GO:0004312	5	0.25	0
BSU_16330	GO:0004312	5	0.25	0
BSU_30220	GO:0004425	5	0.25	0
BSU_36410	GO:0006526	5	0.25	0
BSU_01570	GO:0030436	5	0.25	0
BSU_03920	GO:0030436	5	0.25	0
BSU_31920	GO:0030436	5	0.25	0
BSU_22930	GO:0030436	5	0.25	0
BSU_04110	GO:0030436	5	0.25	0
BSU_32150	GO:0030436	5	0.25	0
BSU_06830	GO:0071555	5	0.25	0
BSU_09100	GO:0071555	5	0.25	0
BSU_14590	GO:0004312	5	0.25	0
BSU_27070	GO:0071555	5	0.25	0
BSU_18670	GO:0071555	5	0.25	0
BSU_38580	GO:0006526	5	0.25	0
BSU_07050	GO:0006526	5	0.25	0
BSU_09950	GO:0006526	5	0.25	0
BSU_14590	GO:0006526	5	0.25	0
BSU_09100	GO:0004312	5	0.25	0
BSU_17170	GO:0004425	5	0.25	0
BSU_10550	GO:0004425	5	0.25	0
BSU_30790	GO:0060187	5	0.25	0
BSU_34450	GO:0071555	5	0.25	0
BSU_12250	GO:0071555	5	0.25	0
BSU_19430	GO:0071555	5	0.25	0
BSU_10920	GO:0071555	5	0.25	0
BSU_06720	GO:0071555	5	0.25	0
BSU_20500	GO:0071555	5	0.25	0
BSU_23760	GO:0071555	5	0.25	0
BSU_30950	GO:0071555	5	0.25	0
BSU_07570	GO:0060187	5	0.25	0
BSU_34700	GO:0071555	5	0.25	0
BSU_37180	GO:0060187	5	0.25	0
BSU_29060	GO:0060187	5	0.25	0
BSU_29940	GO:0060187	5	0.25	0
BSU_24000	GO:0060187	5	0.25	0
BSU_24580	GO:0060187	5	0.25	0
BSU_18250	GO:0060187	5	0.25	0
BSU_39640	GO:0060187	5	0.25	0
BSU_33270	GO:0071555	5	0.25	0
BSU_18210	GO:0071555	5	0.25	0
BSU_29590	GO:0004425	5	0.25	0
BSU_02290	GO:0004425	5	0.25	0
BSU_27880	GO:0004425	5	0.25	0
BSU_10360	GO:0004425	5	0.25	0
BSU_06420	GO:0004425	5	0.25	0
BSU_31710	GO:0004425	5	0.25	0
BSU_36020	GO:0004425	5	0.25	0
BSU_07570	GO:0004425	5	0.25	0
BSU_22630	GO:0004425	5	0.25	0
BSU_33240	GO:0004425	5	0.25	0
BSU_03730	GO:0071555	5	0.25	0
BSU_03630	GO:0004425	5	0.25	0
BSU_18250	GO:0071555	5	0.25	0
BSU_39640	GO:0071555	5	0.25	0
BSU_30790	GO:0071555	5	0.25	0
BSU_30240	GO:0071555	5	0.25	0
BSU_06100	GO:0071555	5	0.25	0
BSU_02730	GO:0071555	5	0.25	0
BSU_24320	GO:0005978	5	0.25	0
BSU_11340	GO:0005978	5	0.25	0
BSU_34620	GO:0005524	5	0.25	0
BSU_33240	GO:0016740	5	0.25	0
BSU_39020	GO:0042626	5	0.25	0
BSU_07050	GO:0008889	5	0.25	0
BSU_05740	GO:0008889	5	0.25	0
BSU_07570	GO:0042626	5	0.25	0
BSU_32740	GO:0042626	5	0.25	0
BSU_22770	GO:0008889	5	0.25	0
BSU_19200	GO:0016740	5	0.25	0
BSU_38190	GO:0016740	5	0.25	0
BSU_16330	GO:0008889	5	0.25	0
BSU_14350	GO:0042626	5	0.25	0
BSU_34900	GO:0016740	5	0.25	0
BSU_35330	GO:0016740	5	0.25	0
BSU_21350	GO:0042626	5	0.25	0
BSU_36550	GO:0042626	5	0.25	0
BSU_15110	GO:0016740	5	0.25	0
BSU_23980	GO:0042626	5	0.25	0
BSU_03440	GO:0042626	5	0.25	0
BSU_24050	GO:0008889	5	0.25	0
BSU_18670	GO:0016740	5	0.25	0
BSU_15590	GO:0005886	5	0.25	0
BSU_05910	GO:0005886	5	0.25	0
BSU_06720	GO:0005886	5	0.25	0
BSU_10360	GO:0005886	5	0.25	0
BSU_28560	GO:0005886	5	0.25	0
BSU_10910	GO:0005886	5	0.25	0
BSU_15600	GO:0005886	5	0.25	0
BSU_10920	GO:0005886	5	0.25	0
BSU_17390	GO:0008889	5	0.25	0
BSU_12920	GO:0008889	5	0.25	0
BSU_38500	GO:0005886	5	0.25	0
BSU_31980	GO:0005886	5	0.25	0
BSU_04080	GO:0005886	5	0.25	0
BSU_18670	GO:0008889	5	0.25	0
BSU_37390	GO:0005886	5	0.25	0
BSU_18210	GO:0005886	5	0.25	0
BSU_29000	GO:0005886	5	0.25	0
BSU_24980	GO:0042626	5	0.25	0
BSU_24170	GO:0016740	5	0.25	0
BSU_36410	GO:0003962	5	0.25	0
BSU_27070	GO:0005886	5	0.25	0
BSU_09950	GO:0030152	5	0.25	0
BSU_38700	GO:0005886	5	0.25	0
BSU_07050	GO:0030152	5	0.25	0
BSU_16330	GO:0030152	5	0.25	0
BSU_05810	GO:0005886	5	0.25	0
BSU_36410	GO:0005886	5	0.25	0
BSU_36410	GO:0016787	5	0.25	0
BSU_05810	GO:0016787	5	0.25	0
BSU_07050	GO:0005886	5	0.25	0
BSU_06830	GO:0016787	5	0.25	0
BSU_16330	GO:0016787	5	0.25	0
BSU_06300	GO:0005886	5	0.25	0
BSU_14590	GO:0016787	5	0.25	0
BSU_12920	GO:0005886	5	0.25	0
BSU_09100	GO:0016787	5	0.25	0
BSU_27070	GO:0016787	5	0.25	0
BSU_37160	GO:0005886	5	0.25	0
BSU_33690	GO:0030152	5	0.25	0
BSU_25500	GO:0016740	5	0.25	0
BSU_34620	GO:0016740	5	0.25	0
BSU_33390	GO:0042626	5	0.25	0
BSU_06830	GO:0016740	5	0.25	0
BSU_10130	GO:0016740	5	0.25	0
BSU_03982	GO:0016740	5	0.25	0
BSU_12910	GO:0016740	5	0.25	0
BSU_23800	GO:0016740	5	0.25	0
BSU_18480	GO:0016740	5	0.25	0
BSU_01640	GO:0016740	5	0.25	0
BSU_39810	GO:0030152	5	0.25	0
BSU_05910	GO:0016740	5	0.25	0
BSU_00710	GO:0016740	5	0.25	0
BSU_23760	GO:0016740	5	0.25	0
BSU_24870	GO:0042626	5	0.25	0
BSU_12250	GO:0042626	5	0.25	0
BSU_09850	GO:0042626	5	0.25	0
BSU_28910	GO:0042626	5	0.25	0
BSU_16330	GO:0051992	5	0.25	0
BSU_09420	GO:0051992	5	0.25	0
BSU_36410	GO:0140663	5	0.25	0
BSU_35620	GO:0031222	5	0.25	0
BSU_38090	GO:0031222	5	0.25	0
BSU_17390	GO:0000287	5	0.25	0
BSU_14700	GO:0031222	5	0.25	0
BSU_34450	GO:0031222	5	0.25	0
BSU_01530	GO:0031222	5	0.25	0
BSU_31700	GO:0031222	5	0.25	0
BSU_09370	GO:0031222	5	0.25	0
BSU_07560	GO:0031222	5	0.25	0
BSU_24050	GO:0000287	5	0.25	0
BSU_08350	GO:0031222	5	0.25	0
BSU_02700	GO:0031222	5	0.25	0
BSU_06300	GO:0000287	5	0.25	0
BSU_05870	GO:0006144	5	0.25	0
BSU_12020	GO:0006144	5	0.25	0
BSU_39070	GO:0031222	5	0.25	0
BSU_18840	GO:0031222	5	0.25	0
BSU_12920	GO:0000287	5	0.25	0
BSU_16330	GO:0000287	5	0.25	0
BSU_35790	GO:0006144	5	0.25	0
BSU_12020	GO:0031222	5	0.25	0
BSU_01640	GO:0005524	5	0.25	0
BSU_00710	GO:0005524	5	0.25	0
BSU_34130	GO:0031222	5	0.25	0
BSU_07080	GO:0031222	5	0.25	0
BSU_19330	GO:0031222	5	0.25	0
BSU_06720	GO:0031222	5	0.25	0
BSU_35790	GO:0031222	5	0.25	0
BSU_05870	GO:0031222	5	0.25	0
BSU_05910	GO:0031222	5	0.25	0
BSU_10130	GO:0031222	5	0.25	0
BSU_12100	GO:0031222	5	0.25	0
BSU_07050	GO:0000287	5	0.25	0
BSU_05740	GO:0031222	5	0.25	0
BSU_09410	GO:0031222	5	0.25	0
BSU_02510	GO:0031222	5	0.25	0
BSU_37180	GO:0031222	5	0.25	0
BSU_34620	GO:0031222	5	0.25	0
BSU_29000	GO:0006144	5	0.25	0
BSU_16330	GO:0003962	5	0.25	0
BSU_10910	GO:0005886	5	0.25	0
BSU_27070	GO:0005886	5	0.25	0
BSU_36550	GO:0005886	5	0.25	0
BSU_37390	GO:0005886	5	0.25	0
BSU_07050	GO:0003962	5	0.25	0
BSU_05910	GO:0005886	5	0.25	0
BSU_10360	GO:0005886	5	0.25	0
BSU_28560	GO:0005886	5	0.25	0
BSU_15600	GO:0005886	5	0.25	0
BSU_02510	GO:0006144	5	0.25	0
BSU_15590	GO:0005886	5	0.25	0
BSU_17380	GO:0005886	5	0.25	0
BSU_38500	GO:0005886	5	0.25	0
BSU_31980	GO:0005886	5	0.25	0
BSU_04080	GO:0005886	5	0.25	0
BSU_14590	GO:0003962	5	0.25	0
BSU_07050	GO:0051992	5	0.25	0
BSU_24570	GO:0005737	5	0.25	0
BSU_37180	GO:0006144	5	0.25	0
BSU_35940	GO:0005737	5	0.25	0
BSU_17380	GO:0005737	5	0.25	0
BSU_33830	GO:0005737	5	0.25	0
BSU_33730	GO:0005737	5	0.25	0
BSU_02430	GO:0006144	5	0.25	0
BSU_14830	GO:0006144	5	0.25	0
BSU_09410	GO:0006144	5	0.25	0
BSU_05740	GO:0006144	5	0.25	0
BSU_02690	GO:0006144	5	0.25	0
BSU_12100	GO:0006144	5	0.25	0
BSU_16230	GO:0005737	5	0.25	0
BSU_35620	GO:0006144	5	0.25	0
BSU_40550	GO:0006144	5	0.25	0
BSU_36650	GO:0006144	5	0.25	0
BSU_36660	GO:0006144	5	0.25	0
BSU_04080	GO:0006144	5	0.25	0
BSU_04110	GO:0006144	5	0.25	0
BSU_05910	GO:0006144	5	0.25	0
BSU_00330	GO:0005886	5	0.25	0
BSU_18670	GO:0016787	5	0.25	0
BSU_13010	GO:0005978	5	0.25	0
BSU_25780	GO:0005886	5	0.25	0
BSU_12910	GO:0009089	5	0.25	0
BSU_23990	GO:0005886	5	0.25	0
BSU_21860	GO:0005886	5	0.25	0
BSU_37810	GO:0005886	5	0.25	0
BSU_32490	GO:0005886	5	0.25	0
BSU_03982	GO:0009089	5	0.25	0
BSU_34790	GO:0005886	5	0.25	0
BSU_22610	GO:0005886	5	0.25	0
BSU_18480	GO:0009089	5	0.25	0
BSU_23070	GO:0005886	5	0.25	0
BSU_06830	GO:0009089	5	0.25	0
BSU_20040	GO:0005886	5	0.25	0
BSU_15110	GO:0005886	5	0.25	0
BSU_33530	GO:0005886	5	0.25	0
BSU_24050	GO:0005886	5	0.25	0
BSU_19330	GO:0005886	5	0.25	0
BSU_23800	GO:0009089	5	0.25	0
BSU_34620	GO:0009089	5	0.25	0
BSU_25500	GO:0009089	5	0.25	0
BSU_23930	GO:0009098	5	0.25	0
BSU_27370	GO:0009098	5	0.25	0
BSU_17380	GO:0005886	5	0.25	0
BSU_17170	GO:0009098	5	0.25	0
BSU_22100	GO:0009098	5	0.25	0
BSU_30800	GO:0009098	5	0.25	0
BSU_19320	GO:0009098	5	0.25	0
BSU_30670	GO:0009098	5	0.25	0
BSU_13550	GO:0009098	5	0.25	0
BSU_01640	GO:0009089	5	0.25	0
BSU_13010	GO:0009098	5	0.25	0
BSU_00490	GO:0009098	5	0.25	0
BSU_06420	GO:0009098	5	0.25	0
BSU_36410	GO:0005886	5	0.25	0
BSU_00710	GO:0009089	5	0.25	0
BSU_00330	GO:0005886	5	0.25	0
BSU_05910	GO:0009089	5	0.25	0
BSU_09100	GO:0009089	5	0.25	0
BSU_12910	GO:0005886	5	0.25	0
BSU_33730	GO:0005886	5	0.25	0
BSU_37810	GO:0005978	5	0.25	0
BSU_12920	GO:0005737	5	0.25	0
BSU_03440	GO:0000160	5	0.25	0
BSU_03982	GO:0000160	5	0.25	0
BSU_38580	GO:0000160	5	0.25	0
BSU_09950	GO:0000160	5	0.25	0
BSU_36520	GO:0005978	5	0.25	0
BSU_39550	GO:0005978	5	0.25	0
BSU_13690	GO:0000160	5	0.25	0
BSU_06300	GO:0005737	5	0.25	0
BSU_38860	GO:0005978	5	0.25	0
BSU_31260	GO:0000160	5	0.25	0
BSU_23570	GO:0005978	5	0.25	0
BSU_22630	GO:0005978	5	0.25	0
BSU_17340	GO:0005978	5	0.25	0
BSU_35330	GO:0005978	5	0.25	0
BSU_14300	GO:0005978	5	0.25	0
BSU_23470	GO:0005737	5	0.25	0
BSU_06830	GO:0000160	5	0.25	0
BSU_23800	GO:0005886	5	0.25	0
BSU_18670	GO:0009089	5	0.25	0
BSU_18480	GO:0005886	5	0.25	0
BSU_02830	GO:0005886	5	0.25	0
BSU_24170	GO:0009089	5	0.25	0
BSU_15860	GO:0005886	5	0.25	0
BSU_15850	GO:0005886	5	0.25	0
BSU_25500	GO:0005886	5	0.25	0
BSU_24050	GO:0005737	5	0.25	0
BSU_15110	GO:0009089	5	0.25	0
BSU_07050	GO:0005737	5	0.25	0
BSU_35330	GO:0009089	5	0.25	0
BSU_16440	GO:0000725	5	0.25	0
BSU_36410	GO:0000725	5	0.25	0
BSU_00330	GO:0005737	5	0.25	0
BSU_35410	GO:0005737	5	0.25	0
BSU_35400	GO:0005737	5	0.25	0
BSU_09420	GO:0005737	5	0.25	0
BSU_34870	GO:0009098	5	0.25	0
BSU_33830	GO:0005886	5	0.25	0
BSU_00330	GO:0140663	5	0.25	0
BSU_16000	GO:0000271	5	0.25	0
BSU_10130	GO:0000271	5	0.25	0
BSU_34620	GO:0000271	5	0.25	0
BSU_23760	GO:0000271	5	0.25	0
BSU_35680	GO:0000271	5	0.25	0
BSU_22930	GO:0000271	5	0.25	0
BSU_01530	GO:0000271	5	0.25	0
BSU_41030	GO:0000271	5	0.25	0
BSU_02510	GO:0000271	5	0.25	0
BSU_34900	GO:0000271	5	0.25	0
BSU_30240	GO:0000271	5	0.25	0
BSU_30220	GO:0000271	5	0.25	0
BSU_18070	GO:0000271	5	0.25	0
BSU_14300	GO:0000271	5	0.25	0
BSU_22470	GO:0005737	5	0.25	0
BSU_33720	GO:0016887	5	0.25	0
BSU_33820	GO:0016887	5	0.25	0
BSU_15110	GO:0000271	5	0.25	0
BSU_33240	GO:0000271	5	0.25	0
BSU_12210	GO:0005737	5	0.25	0
BSU_07050	GO:0140663	5	0.25	0
BSU_15880	GO:0140663	5	0.25	0
BSU_24040	GO:0006096	5	0.25	0
BSU_14590	GO:0006096	5	0.25	0
BSU_16230	GO:0006096	5	0.25	0
BSU_00330	GO:0006096	5	0.25	0
BSU_33690	GO:0006096	5	0.25	0
BSU_09950	GO:0006096	5	0.25	0
BSU_23890	GO:0016887	5	0.25	0
BSU_19200	GO:0000271	5	0.25	0
BSU_41040	GO:0016887	5	0.25	0
BSU_39810	GO:0016887	5	0.25	0
BSU_38580	GO:0016887	5	0.25	0
BSU_09950	GO:0016887	5	0.25	0
BSU_09950	GO:0140663	5	0.25	0
BSU_14590	GO:0140663	5	0.25	0
BSU_31260	GO:0016887	5	0.25	0
BSU_31710	GO:0005737	5	0.25	0
BSU_39550	GO:0005737	5	0.25	0
BSU_38370	GO:0009098	5	0.25	0
BSU_29000	GO:0005737	5	0.25	0
BSU_12100	GO:0005737	5	0.25	0
BSU_09410	GO:0005737	5	0.25	0
BSU_02510	GO:0005737	5	0.25	0
BSU_37180	GO:0005737	5	0.25	0
BSU_15850	GO:0009098	5	0.25	0
BSU_15620	GO:0009098	5	0.25	0
BSU_15860	GO:0009098	5	0.25	0
BSU_34900	GO:0009098	5	0.25	0
BSU_10130	GO:0009098	5	0.25	0
BSU_21350	GO:0009098	5	0.25	0
BSU_35790	GO:0005737	5	0.25	0
BSU_12020	GO:0005737	5	0.25	0
BSU_05870	GO:0005737	5	0.25	0
BSU_22630	GO:0009098	5	0.25	0
BSU_23570	GO:0009098	5	0.25	0
BSU_24120	GO:0009098	5	0.25	0
BSU_07560	GO:0009098	5	0.25	0
BSU_28140	GO:0009098	5	0.25	0
BSU_33380	GO:0005737	5	0.25	0
BSU_15860	GO:0005737	5	0.25	0
BSU_31010	GO:0016887	5	0.25	0
BSU_30770	GO:0005737	5	0.25	0
BSU_38370	GO:0005737	5	0.25	0
BSU_29590	GO:0005737	5	0.25	0
BSU_27880	GO:0005737	5	0.25	0
BSU_24120	GO:0005737	5	0.25	0
BSU_17620	GO:0005737	5	0.25	0
BSU_15620	GO:0005737	5	0.25	0
BSU_02510	GO:0009098	5	0.25	0
BSU_09910	GO:0005737	5	0.25	0
BSU_15850	GO:0005737	5	0.25	0
BSU_07560	GO:0005737	5	0.25	0
BSU_34130	GO:0005737	5	0.25	0
BSU_07080	GO:0005737	5	0.25	0
BSU_19330	GO:0005737	5	0.25	0
BSU_06720	GO:0005737	5	0.25	0
BSU_39070	GO:0005524	5	0.25	0
BSU_38580	GO:0005524	5	0.25	0
BSU_13010	GO:0009231	5	0.25	0
BSU_02830	GO:0043878	5	0.25	0
BSU_35080	GO:0016787	5	0.25	0
BSU_24120	GO:0016787	5	0.25	0
BSU_35410	GO:0005524	5	0.25	0
BSU_00330	GO:0005524	5	0.25	0
BSU_24040	GO:0005524	5	0.25	0
BSU_38040	GO:0016787	5	0.25	0
BSU_04160	GO:0016787	5	0.25	0
BSU_23760	GO:0030420	5	0.25	0
BSU_34620	GO:0030420	5	0.25	0
BSU_10130	GO:0030420	5	0.25	0
BSU_17390	GO:0003924	5	0.25	0
BSU_15110	GO:0030420	5	0.25	0
BSU_34900	GO:0030420	5	0.25	0
BSU_33240	GO:0030420	5	0.25	0
BSU_19200	GO:0030420	5	0.25	0
BSU_18670	GO:0003924	5	0.25	0
BSU_40550	GO:0030420	5	0.25	0
BSU_23070	GO:0016787	5	0.25	0
BSU_38190	GO:0016787	5	0.25	0
BSU_09950	GO:0005524	5	0.25	0
BSU_07560	GO:0016787	5	0.25	0
BSU_06830	GO:0005524	5	0.25	0
BSU_05810	GO:0005524	5	0.25	0
BSU_31980	GO:0016787	5	0.25	0
BSU_05870	GO:0016787	5	0.25	0
BSU_39070	GO:0016787	5	0.25	0
BSU_07080	GO:0016787	5	0.25	0
BSU_34130	GO:0016787	5	0.25	0
BSU_28560	GO:0016787	5	0.25	0
BSU_37160	GO:0005524	5	0.25	0
BSU_24050	GO:0005524	5	0.25	0
BSU_24170	GO:0016787	5	0.25	0
BSU_22770	GO:0005524	5	0.25	0
BSU_14590	GO:0005524	5	0.25	0
BSU_08060	GO:0005524	5	0.25	0
BSU_38700	GO:0005524	5	0.25	0
BSU_14730	GO:0005524	5	0.25	0
BSU_12920	GO:0003924	5	0.25	0
BSU_34870	GO:0030420	5	0.25	0
BSU_16970	GO:0030420	5	0.25	0
BSU_24570	GO:1990169	5	0.25	0
BSU_07000	GO:0030420	5	0.25	0
BSU_16330	GO:0006289	5	0.25	0
BSU_06830	GO:0006289	5	0.25	0
BSU_09420	GO:1990169	5	0.25	0
BSU_12920	GO:1990169	5	0.25	0
BSU_05810	GO:0006289	5	0.25	0
BSU_06300	GO:1990169	5	0.25	0
BSU_36410	GO:0006289	5	0.25	0
BSU_37260	GO:0030420	5	0.25	0
BSU_16230	GO:1990169	5	0.25	0
BSU_09950	GO:0016491	5	0.25	0
BSU_07050	GO:0016491	5	0.25	0
BSU_18670	GO:0003677	5	0.25	0
BSU_27070	GO:0003677	5	0.25	0
BSU_05810	GO:0016491	5	0.25	0
BSU_38580	GO:0016491	5	0.25	0
BSU_14590	GO:0006289	5	0.25	0
BSU_19120	GO:0030420	5	0.25	0
BSU_24050	GO:0003924	5	0.25	0
BSU_05740	GO:0003924	5	0.25	0
BSU_16330	GO:0003924	5	0.25	0
BSU_13750	GO:0030420	5	0.25	0
BSU_24450	GO:0030420	5	0.25	0
BSU_32160	GO:0030420	5	0.25	0
BSU_07050	GO:0003924	5	0.25	0
BSU_11660	GO:0030420	5	0.25	0
BSU_31840	GO:0030420	5	0.25	0
BSU_17170	GO:0030420	5	0.25	0
BSU_09100	GO:0006289	5	0.25	0
BSU_18670	GO:0006289	5	0.25	0
BSU_27070	GO:0006289	5	0.25	0
BSU_30630	GO:0030420	5	0.25	0
BSU_10390	GO:0030420	5	0.25	0
BSU_22100	GO:0030420	5	0.25	0
BSU_16000	GO:0030420	5	0.25	0
BSU_41030	GO:0030420	5	0.25	0
BSU_16330	GO:0005524	5	0.25	0
BSU_09100	GO:0005524	5	0.25	0
BSU_38860	GO:0016787	5	0.25	0
BSU_23980	GO:0015878	5	0.25	0
BSU_19330	GO:0010181	5	0.25	0
BSU_03860	GO:0010181	5	0.25	0
BSU_02830	GO:0010181	5	0.25	0
BSU_37180	GO:0010181	5	0.25	0
BSU_34130	GO:0003677	5	0.25	0
BSU_07560	GO:0003677	5	0.25	0
BSU_24980	GO:0015878	5	0.25	0
BSU_23070	GO:0003677	5	0.25	0
BSU_15110	GO:0010181	5	0.25	0
BSU_24120	GO:0003677	5	0.25	0
BSU_31260	GO:0015878	5	0.25	0
BSU_14350	GO:0015878	5	0.25	0
BSU_13690	GO:0015878	5	0.25	0
BSU_38040	GO:0003677	5	0.25	0
BSU_32740	GO:0015878	5	0.25	0
BSU_03982	GO:0015878	5	0.25	0
BSU_33530	GO:0010181	5	0.25	0
BSU_23070	GO:0010181	5	0.25	0
BSU_28910	GO:0003677	5	0.25	0
BSU_31840	GO:0010181	5	0.25	0
BSU_32460	GO:0010181	5	0.25	0
BSU_03990	GO:0010181	5	0.25	0
BSU_37680	GO:0010181	5	0.25	0
BSU_18260	GO:0010181	5	0.25	0
BSU_07990	GO:0010181	5	0.25	0
BSU_37820	GO:0010181	5	0.25	0
BSU_10390	GO:0010181	5	0.25	0
BSU_21440	GO:0010181	5	0.25	0
BSU_22610	GO:0010181	5	0.25	0
BSU_10530	GO:0010181	5	0.25	0
BSU_19310	GO:0010181	5	0.25	0
BSU_13750	GO:0010181	5	0.25	0
BSU_23990	GO:0010181	5	0.25	0
BSU_37810	GO:0010181	5	0.25	0
BSU_34790	GO:0010181	5	0.25	0
BSU_25780	GO:0010181	5	0.25	0
BSU_03440	GO:0015878	5	0.25	0
BSU_01830	GO:0015878	5	0.25	0
BSU_00710	GO:0005886	5	0.25	0
BSU_06420	GO:0016787	5	0.25	0
BSU_32490	GO:0005886	5	0.25	0
BSU_34790	GO:0005886	5	0.25	0
BSU_25780	GO:0005886	5	0.25	0
BSU_00490	GO:0016787	5	0.25	0
BSU_22610	GO:0005886	5	0.25	0
BSU_23070	GO:0005886	5	0.25	0
BSU_20040	GO:0005886	5	0.25	0
BSU_15110	GO:0005886	5	0.25	0
BSU_21860	GO:0005886	5	0.25	0
BSU_33530	GO:0005886	5	0.25	0
BSU_19330	GO:0005886	5	0.25	0
BSU_03860	GO:0005886	5	0.25	0
BSU_12910	GO:0005886	5	0.25	0
BSU_23800	GO:0005886	5	0.25	0
BSU_18480	GO:0005886	5	0.25	0
BSU_02830	GO:0005886	5	0.25	0
BSU_37810	GO:0005886	5	0.25	0
BSU_23990	GO:0005886	5	0.25	0
BSU_34450	GO:0005886	5	0.25	0
BSU_36020	GO:0005886	5	0.25	0
BSU_23990	GO:0005886	5	0.25	0
BSU_19200	GO:0005886	5	0.25	0
BSU_35680	GO:0005886	5	0.25	0
BSU_10390	GO:0005886	5	0.25	0
BSU_12250	GO:0005886	5	0.25	0
BSU_21350	GO:0005886	5	0.25	0
BSU_15860	GO:0005886	5	0.25	0
BSU_07000	GO:0005886	5	0.25	0
BSU_13550	GO:0016787	5	0.25	0
BSU_18260	GO:0005886	5	0.25	0
BSU_02510	GO:0005886	5	0.25	0
BSU_10390	GO:0005886	5	0.25	0
BSU_31840	GO:0005886	5	0.25	0
BSU_10530	GO:0005886	5	0.25	0
BSU_19310	GO:0005886	5	0.25	0
BSU_13750	GO:0005886	5	0.25	0
BSU_27070	GO:0016491	5	0.25	0
BSU_24170	GO:0003677	5	0.25	0
BSU_25500	GO:0003677	5	0.25	0
BSU_39020	GO:0022857	5	0.25	0
BSU_24050	GO:0004315	5	0.25	0
BSU_14590	GO:0004315	5	0.25	0
BSU_08060	GO:0004315	5	0.25	0
BSU_01830	GO:0022857	5	0.25	0
BSU_03440	GO:0022857	5	0.25	0
BSU_12100	GO:0022857	5	0.25	0
BSU_03982	GO:0022857	5	0.25	0
BSU_23570	GO:0009252	5	0.25	0
BSU_37180	GO:0022857	5	0.25	0
BSU_13550	GO:0003824	5	0.25	0
BSU_13010	GO:0003824	5	0.25	0
BSU_11340	GO:0009252	5	0.25	0
BSU_24570	GO:0009252	5	0.25	0
BSU_38860	GO:0003824	5	0.25	0
BSU_40550	GO:0003824	5	0.25	0
BSU_24320	GO:0009252	5	0.25	0
BSU_24040	GO:0004315	5	0.25	0
BSU_11720	GO:0004315	5	0.25	0
BSU_24120	GO:0003824	5	0.25	0
BSU_20040	GO:0016787	5	0.25	0
BSU_15850	GO:0016787	5	0.25	0
BSU_36410	GO:0004315	5	0.25	0
BSU_12920	GO:0016787	5	0.25	0
BSU_18670	GO:0016787	5	0.25	0
BSU_15620	GO:0016787	5	0.25	0
BSU_15860	GO:0016787	5	0.25	0
BSU_17390	GO:0016787	5	0.25	0
BSU_33240	GO:0016787	5	0.25	0
BSU_17390	GO:0004315	5	0.25	0
BSU_37320	GO:0022857	5	0.25	0
BSU_32740	GO:0022857	5	0.25	0
BSU_24980	GO:0022857	5	0.25	0
BSU_33720	GO:0022857	5	0.25	0
BSU_06300	GO:0004315	5	0.25	0
BSU_33820	GO:0022857	5	0.25	0
BSU_17380	GO:0004315	5	0.25	0
BSU_23070	GO:0003824	5	0.25	0
BSU_22620	GO:0009252	5	0.25	0
BSU_25500	GO:0016787	5	0.25	0
BSU_10390	GO:0043878	5	0.25	0
BSU_26670	GO:0043878	5	0.25	0
BSU_06720	GO:0043878	5	0.25	0
BSU_03990	GO:0043878	5	0.25	0
BSU_37680	GO:0043878	5	0.25	0
BSU_18260	GO:0043878	5	0.25	0
BSU_07990	GO:0043878	5	0.25	0
BSU_37820	GO:0043878	5	0.25	0
BSU_31840	GO:0043878	5	0.25	0
BSU_02510	GO:0005886	5	0.25	0
BSU_10530	GO:0043878	5	0.25	0
BSU_13750	GO:0043878	5	0.25	0
BSU_23990	GO:0043878	5	0.25	0
BSU_22610	GO:0043878	5	0.25	0
BSU_23070	GO:0043878	5	0.25	0
BSU_15110	GO:0043878	5	0.25	0
BSU_19330	GO:0043878	5	0.25	0
BSU_23470	GO:0005886	5	0.25	0
BSU_15850	GO:0005886	5	0.25	0
BSU_27840	GO:0009252	5	0.25	0
BSU_39410	GO:0003824	5	0.25	0
BSU_00160	GO:0009252	5	0.25	0
BSU_12300	GO:0003824	5	0.25	0
BSU_22100	GO:0003824	5	0.25	0
BSU_33960	GO:0003824	5	0.25	0
BSU_28770	GO:0003824	5	0.25	0
BSU_39750	GO:0003824	5	0.25	0
BSU_29710	GO:0003824	5	0.25	0
BSU_34620	GO:0003824	5	0.25	0
BSU_01640	GO:0005886	5	0.25	0
BSU_01570	GO:0003824	5	0.25	0
BSU_16330	GO:0000287	5	0.25	0
BSU_21350	GO:0005886	5	0.25	0
BSU_36550	GO:0005886	5	0.25	0
BSU_38090	GO:0005886	5	0.25	0
BSU_07050	GO:0000287	5	0.25	0
BSU_23570	GO:0005886	5	0.25	0
BSU_16330	GO:0016020	5	0.25	0
BSU_09950	GO:0016020	5	0.25	0
BSU_35940	GO:0016491	5	0.25	0
BSU_34700	GO:0016020	5	0.25	0
BSU_13690	GO:0016020	5	0.25	0
BSU_03982	GO:0016020	5	0.25	0
BSU_12100	GO:0016020	5	0.25	0
BSU_01830	GO:0016020	5	0.25	0
BSU_37180	GO:0016020	5	0.25	0
BSU_37320	GO:0016020	5	0.25	0
BSU_05870	GO:0004170	5	0.25	0
BSU_33270	GO:0016020	5	0.25	0
BSU_23530	GO:0016020	5	0.25	0
BSU_14360	GO:0016020	5	0.25	0
BSU_30420	GO:0016020	5	0.25	0
BSU_12020	GO:0004170	5	0.25	0
BSU_35790	GO:0004170	5	0.25	0
BSU_07080	GO:0004170	5	0.25	0
BSU_34130	GO:0004170	5	0.25	0
BSU_24570	GO:0016746	5	0.25	0
BSU_12100	GO:0004170	5	0.25	0
BSU_23960	GO:0016020	5	0.25	0
BSU_24050	GO:0004170	5	0.25	0
BSU_17450	GO:0004170	5	0.25	0
BSU_06830	GO:0003677	5	0.25	0
BSU_03982	GO:0003677	5	0.25	0
BSU_12910	GO:0003677	5	0.25	0
BSU_23800	GO:0003677	5	0.25	0
BSU_18480	GO:0003677	5	0.25	0
BSU_05910	GO:0003677	5	0.25	0
BSU_14350	GO:0004170	5	0.25	0
BSU_00710	GO:0003677	5	0.25	0
BSU_30770	GO:0016020	5	0.25	0
BSU_05910	GO:0004170	5	0.25	0
BSU_09410	GO:0004170	5	0.25	0
BSU_05740	GO:0004170	5	0.25	0
BSU_24700	GO:0016020	5	0.25	0
BSU_36520	GO:0016020	5	0.25	0
BSU_08440	GO:0016020	5	0.25	0
BSU_01630	GO:0016020	5	0.25	0
BSU_07560	GO:0004170	5	0.25	0
BSU_25500	GO:0004170	5	0.25	0
BSU_24050	GO:0016787	5	0.25	0
BSU_02510	GO:0016787	5	0.25	0
BSU_35080	GO:0005737	5	0.25	0
BSU_35940	GO:0005737	5	0.25	0
BSU_35410	GO:0016020	5	0.25	0
BSU_00330	GO:0016020	5	0.25	0
BSU_35940	GO:0016020	5	0.25	0
BSU_05910	GO:0016787	5	0.25	0
BSU_37180	GO:0016787	5	0.25	0
BSU_05870	GO:0016787	5	0.25	0
BSU_28560	GO:0005737	5	0.25	0
BSU_12020	GO:0016787	5	0.25	0
BSU_35790	GO:0016787	5	0.25	0
BSU_06720	GO:0016787	5	0.25	0
BSU_07080	GO:0016787	5	0.25	0
BSU_34130	GO:0016787	5	0.25	0
BSU_07560	GO:0016787	5	0.25	0
BSU_31010	GO:0016020	5	0.25	0
BSU_36410	GO:0016020	5	0.25	0
BSU_08060	GO:0005737	5	0.25	0
BSU_15850	GO:0004170	5	0.25	0
BSU_36550	GO:0016746	5	0.25	0
BSU_12920	GO:0004170	5	0.25	0
BSU_22620	GO:0005737	5	0.25	0
BSU_15590	GO:0005737	5	0.25	0
BSU_15600	GO:0005737	5	0.25	0
BSU_11720	GO:0005737	5	0.25	0
BSU_06300	GO:0016746	5	0.25	0
BSU_27930	GO:0016746	5	0.25	0
BSU_23470	GO:0016746	5	0.25	0
BSU_07080	GO:0005737	5	0.25	0
BSU_27840	GO:0016746	5	0.25	0
BSU_22970	GO:0016746	5	0.25	0
BSU_12920	GO:0016746	5	0.25	0
BSU_06830	GO:0016746	5	0.25	0
BSU_05870	GO:0005737	5	0.25	0
BSU_08060	GO:0016746	5	0.25	0
BSU_39070	GO:0005737	5	0.25	0
BSU_13010	GO:0010181	5	0.25	0
BSU_14300	GO:0010181	5	0.25	0
BSU_37180	GO:0042906	5	0.25	0
BSU_19320	GO:0005829	5	0.25	0
BSU_40550	GO:0005829	5	0.25	0
BSU_06420	GO:0005829	5	0.25	0
BSU_00490	GO:0005829	5	0.25	0
BSU_13550	GO:0005829	5	0.25	0
BSU_23930	GO:0005829	5	0.25	0
BSU_30670	GO:0005829	5	0.25	0
BSU_18070	GO:0050845	5	0.25	0
BSU_22100	GO:0005829	5	0.25	0
BSU_07570	GO:0050845	5	0.25	0
BSU_17170	GO:0005829	5	0.25	0
BSU_17620	GO:0050845	5	0.25	0
BSU_27370	GO:0005829	5	0.25	0
BSU_34870	GO:0005829	5	0.25	0
BSU_38370	GO:0005829	5	0.25	0
BSU_24120	GO:0005829	5	0.25	0
BSU_21350	GO:0005829	5	0.25	0
BSU_07080	GO:0005829	5	0.25	0
BSU_07050	GO:0005778	5	0.25	0
BSU_15860	GO:0005829	5	0.25	0
BSU_10910	GO:0046316	5	0.25	0
BSU_00330	GO:0004747	5	0.25	0
BSU_07000	GO:0046316	5	0.25	0
BSU_18250	GO:0046316	5	0.25	0
BSU_23760	GO:0046316	5	0.25	0
BSU_03982	GO:0046316	5	0.25	0
BSU_06720	GO:0046316	5	0.25	0
BSU_16230	GO:0005778	5	0.25	0
BSU_15600	GO:0046316	5	0.25	0
BSU_37180	GO:0050845	5	0.25	0
BSU_27930	GO:0046316	5	0.25	0
BSU_16440	GO:0005778	5	0.25	0
BSU_04160	GO:0046316	5	0.25	0
BSU_12000	GO:0046316	5	0.25	0
BSU_38600	GO:0046316	5	0.25	0
BSU_02730	GO:0046316	5	0.25	0
BSU_24000	GO:0046316	5	0.25	0
BSU_34900	GO:0005829	5	0.25	0
BSU_15620	GO:0005829	5	0.25	0
BSU_30220	GO:0046316	5	0.25	0
BSU_17340	GO:0003677	5	0.25	0
BSU_20500	GO:0003677	5	0.25	0
BSU_05910	GO:0003677	5	0.25	0
BSU_23760	GO:0003677	5	0.25	0
BSU_30770	GO:0003677	5	0.25	0
BSU_23980	GO:0003677	5	0.25	0
BSU_23960	GO:0003677	5	0.25	0
BSU_38600	GO:0003677	5	0.25	0
BSU_24320	GO:0003677	5	0.25	0
BSU_10360	GO:0003677	5	0.25	0
BSU_33380	GO:0050845	5	0.25	0
BSU_33390	GO:0050845	5	0.25	0
BSU_35330	GO:0009435	5	0.25	0
BSU_15110	GO:0009435	5	0.25	0
BSU_18670	GO:0009435	5	0.25	0
BSU_29530	GO:0050845	5	0.25	0
BSU_24870	GO:0050845	5	0.25	0
BSU_06720	GO:0003677	5	0.25	0
BSU_28560	GO:0003677	5	0.25	0
BSU_15850	GO:0005829	5	0.25	0
BSU_34700	GO:0003677	5	0.25	0
BSU_07560	GO:0005829	5	0.25	0
BSU_10130	GO:0005829	5	0.25	0
BSU_28140	GO:0005829	5	0.25	0
BSU_02510	GO:0005829	5	0.25	0
BSU_03730	GO:0003677	5	0.25	0
BSU_18210	GO:0003677	5	0.25	0
BSU_37390	GO:0003677	5	0.25	0
BSU_33270	GO:0003677	5	0.25	0
BSU_10910	GO:0003677	5	0.25	0
BSU_12250	GO:0003677	5	0.25	0
BSU_36520	GO:0003677	5	0.25	0
BSU_19430	GO:0003677	5	0.25	0
BSU_04080	GO:0003677	5	0.25	0
BSU_14360	GO:0003677	5	0.25	0
BSU_31980	GO:0003677	5	0.25	0
BSU_10920	GO:0003677	5	0.25	0
BSU_17170	GO:0046316	5	0.25	0
BSU_10550	GO:0046316	5	0.25	0
BSU_25500	GO:0009435	5	0.25	0
BSU_28140	GO:0016052	5	0.25	0
BSU_02690	GO:0005506	5	0.25	0
BSU_05740	GO:0005506	5	0.25	0
BSU_09410	GO:0005506	5	0.25	0
BSU_02430	GO:0005506	5	0.25	0
BSU_24700	GO:0006751	5	0.25	0
BSU_07050	GO:0019346	5	0.25	0
BSU_02510	GO:0016052	5	0.25	0
BSU_10130	GO:0016052	5	0.25	0
BSU_19410	GO:0006751	5	0.25	0
BSU_07560	GO:0016052	5	0.25	0
BSU_15850	GO:0016052	5	0.25	0
BSU_15620	GO:0016052	5	0.25	0
BSU_15860	GO:0016052	5	0.25	0
BSU_34900	GO:0016052	5	0.25	0
BSU_21350	GO:0016052	5	0.25	0
BSU_22630	GO:0016052	5	0.25	0
BSU_00160	GO:0006751	5	0.25	0
BSU_12920	GO:0006751	5	0.25	0
BSU_24120	GO:0016052	5	0.25	0
BSU_31700	GO:0006751	5	0.25	0
BSU_05870	GO:0005506	5	0.25	0
BSU_07560	GO:0006751	5	0.25	0
BSU_09420	GO:0006751	5	0.25	0
BSU_35400	GO:0006751	5	0.25	0
BSU_35410	GO:0006751	5	0.25	0
BSU_35620	GO:0006751	5	0.25	0
BSU_09370	GO:0006751	5	0.25	0
BSU_38090	GO:0006751	5	0.25	0
BSU_35620	GO:0005506	5	0.25	0
BSU_10350	GO:0006751	5	0.25	0
BSU_24170	GO:0006751	5	0.25	0
BSU_11340	GO:0006751	5	0.25	0
BSU_37660	GO:0006751	5	0.25	0
BSU_37640	GO:0006751	5	0.25	0
BSU_36660	GO:0005506	5	0.25	0
BSU_36650	GO:0005506	5	0.25	0
BSU_23570	GO:0016052	5	0.25	0
BSU_38370	GO:0016052	5	0.25	0
BSU_29590	GO:0046316	5	0.25	0
BSU_25500	GO:0051301	5	0.25	0
BSU_18480	GO:0051301	5	0.25	0
BSU_23800	GO:0051301	5	0.25	0
BSU_12910	GO:0051301	5	0.25	0
BSU_03982	GO:0051301	5	0.25	0
BSU_17380	GO:0004747	5	0.25	0
BSU_06830	GO:0051301	5	0.25	0
BSU_09100	GO:0051301	5	0.25	0
BSU_24170	GO:0051301	5	0.25	0
BSU_05910	GO:0051301	5	0.25	0
BSU_18670	GO:0051301	5	0.25	0
BSU_15110	GO:0051301	5	0.25	0
BSU_03630	GO:0046316	5	0.25	0
BSU_06420	GO:0046316	5	0.25	0
BSU_10360	GO:0046316	5	0.25	0
BSU_27880	GO:0046316	5	0.25	0
BSU_36410	GO:0004747	5	0.25	0
BSU_01640	GO:0051301	5	0.25	0
BSU_33730	GO:0004747	5	0.25	0
BSU_34870	GO:0016052	5	0.25	0
BSU_06420	GO:0016052	5	0.25	0
BSU_27370	GO:0016052	5	0.25	0
BSU_17170	GO:0016052	5	0.25	0
BSU_22100	GO:0016052	5	0.25	0
BSU_14590	GO:0019346	5	0.25	0
BSU_16330	GO:0019346	5	0.25	0
BSU_23930	GO:0016052	5	0.25	0
BSU_03630	GO:0016052	5	0.25	0
BSU_10360	GO:0016052	5	0.25	0
BSU_33830	GO:0004747	5	0.25	0
BSU_27880	GO:0016052	5	0.25	0
BSU_29590	GO:0016052	5	0.25	0
BSU_10550	GO:0016052	5	0.25	0
BSU_36410	GO:0019346	5	0.25	0
BSU_07000	GO:0016052	5	0.25	0
BSU_00710	GO:0051301	5	0.25	0
BSU_35940	GO:0004747	5	0.25	0
BSU_24170	GO:0009435	5	0.25	0
BSU_09100	GO:0009435	5	0.25	0
BSU_01830	GO:0042906	5	0.25	0
BSU_00490	GO:0071555	5	0.25	0
BSU_36550	GO:0071555	5	0.25	0
BSU_23470	GO:0071555	5	0.25	0
BSU_27840	GO:0071555	5	0.25	0
BSU_08060	GO:0009361	5	0.25	0
BSU_22970	GO:0071555	5	0.25	0
BSU_24170	GO:0071555	5	0.25	0
BSU_06830	GO:0071555	5	0.25	0
BSU_35790	GO:0005737	5	0.25	0
BSU_27930	GO:0071555	5	0.25	0
BSU_12020	GO:0005737	5	0.25	0
BSU_05870	GO:0005737	5	0.25	0
BSU_12100	GO:0005737	5	0.25	0
BSU_05740	GO:0005737	5	0.25	0
BSU_09410	GO:0005737	5	0.25	0
BSU_01820	GO:0003677	5	0.25	0
BSU_38360	GO:0003677	5	0.25	0
BSU_23530	GO:0071555	5	0.25	0
BSU_04080	GO:0071555	5	0.25	0
BSU_23990	GO:0003677	5	0.25	0
BSU_02700	GO:0071555	5	0.25	0
BSU_36650	GO:0071555	5	0.25	0
BSU_40550	GO:0071555	5	0.25	0
BSU_38500	GO:0009361	5	0.25	0
BSU_13010	GO:0071555	5	0.25	0
BSU_09910	GO:0071555	5	0.25	0
BSU_07050	GO:0009361	5	0.25	0
BSU_12100	GO:0071555	5	0.25	0
BSU_02690	GO:0071555	5	0.25	0
BSU_31700	GO:0071555	5	0.25	0
BSU_05740	GO:0071555	5	0.25	0
BSU_09410	GO:0071555	5	0.25	0
BSU_14830	GO:0071555	5	0.25	0
BSU_02430	GO:0071555	5	0.25	0
BSU_05810	GO:0009361	5	0.25	0
BSU_04110	GO:0071555	5	0.25	0
BSU_38580	GO:0009361	5	0.25	0
BSU_20500	GO:0003677	5	0.25	0
BSU_21440	GO:0005737	5	0.25	0
BSU_37180	GO:0006779	5	0.25	0
BSU_13690	GO:0042906	5	0.25	0
BSU_32150	GO:0042601	5	0.25	0
BSU_23980	GO:0042906	5	0.25	0
BSU_23960	GO:0042906	5	0.25	0
BSU_23530	GO:0042906	5	0.25	0
BSU_31260	GO:0042906	5	0.25	0
BSU_06420	GO:0003677	5	0.25	0
BSU_14350	GO:0042906	5	0.25	0
BSU_38860	GO:0003677	5	0.25	0
BSU_31920	GO:0042601	5	0.25	0
BSU_32740	GO:0042906	5	0.25	0
BSU_40550	GO:0003677	5	0.25	0
BSU_39020	GO:0042906	5	0.25	0
BSU_03982	GO:0042906	5	0.25	0
BSU_12100	GO:0042906	5	0.25	0
BSU_03440	GO:0042906	5	0.25	0
BSU_37320	GO:0042906	5	0.25	0
BSU_22930	GO:0042601	5	0.25	0
BSU_03920	GO:0042601	5	0.25	0
BSU_06300	GO:0005737	5	0.25	0
BSU_17390	GO:0005737	5	0.25	0
BSU_21860	GO:0005737	5	0.25	0
BSU_37810	GO:0005737	5	0.25	0
BSU_32490	GO:0005737	5	0.25	0
BSU_21440	GO:0003677	5	0.25	0
BSU_38090	GO:0003677	5	0.25	0
BSU_17380	GO:0005737	5	0.25	0
BSU_20040	GO:0005737	5	0.25	0
BSU_13550	GO:0003677	5	0.25	0
BSU_01570	GO:0042601	5	0.25	0
BSU_33530	GO:0005737	5	0.25	0
BSU_11720	GO:0005737	5	0.25	0
BSU_24050	GO:0005737	5	0.25	0
BSU_08060	GO:0005737	5	0.25	0
BSU_13010	GO:0003677	5	0.25	0
BSU_00490	GO:0003677	5	0.25	0
BSU_29710	GO:0042601	5	0.25	0
BSU_36660	GO:0071555	5	0.25	0
BSU_01830	GO:0006779	5	0.25	0
BSU_33270	GO:0050845	5	0.25	0
BSU_12000	GO:0000976	5	0.25	0
BSU_34750	GO:0000976	5	0.25	0
BSU_05850	GO:0000976	5	0.25	0
BSU_06830	GO:0000156	5	0.25	0
BSU_29000	GO:0000976	5	0.25	0
BSU_14590	GO:0000156	5	0.25	0
BSU_03960	GO:0000976	5	0.25	0
BSU_09100	GO:0000156	5	0.25	0
BSU_14730	GO:0000976	5	0.25	0
BSU_05330	GO:0000976	5	0.25	0
BSU_04160	GO:0000976	5	0.25	0
BSU_38700	GO:0000976	5	0.25	0
BSU_35080	GO:0000976	5	0.25	0
BSU_17450	GO:0000976	5	0.25	0
BSU_12020	GO:0003677	5	0.25	0
BSU_09930	GO:0000976	5	0.25	0
BSU_09100	GO:0000976	5	0.25	0
BSU_08190	GO:0000976	5	0.25	0
BSU_01690	GO:0000976	5	0.25	0
BSU_03982	GO:0003677	5	0.25	0
BSU_18670	GO:0000156	5	0.25	0
BSU_06830	GO:0009435	5	0.25	0
BSU_34700	GO:0050845	5	0.25	0
BSU_03982	GO:0009435	5	0.25	0
BSU_12910	GO:0009435	5	0.25	0
BSU_23800	GO:0009435	5	0.25	0
BSU_18480	GO:0009435	5	0.25	0
BSU_34620	GO:0009435	5	0.25	0
BSU_01640	GO:0009435	5	0.25	0
BSU_05810	GO:0000156	5	0.25	0
BSU_05910	GO:0009435	5	0.25	0
BSU_16330	GO:0000156	5	0.25	0
BSU_27930	GO:0000156	5	0.25	0
BSU_00710	GO:0009435	5	0.25	0
BSU_05910	GO:0000976	5	0.25	0
BSU_00710	GO:0000976	5	0.25	0
BSU_36410	GO:0000156	5	0.25	0
BSU_20250	GO:0000976	5	0.25	0
BSU_01640	GO:0000976	5	0.25	0
BSU_37320	GO:0006779	5	0.25	0
BSU_17620	GO:0006779	5	0.25	0
BSU_15600	GO:0009361	5	0.25	0
BSU_14590	GO:0009361	5	0.25	0
BSU_11720	GO:0009361	5	0.25	0
BSU_23980	GO:0006779	5	0.25	0
BSU_23960	GO:0006779	5	0.25	0
BSU_23530	GO:0006779	5	0.25	0
BSU_09950	GO:0009361	5	0.25	0
BSU_18070	GO:0006779	5	0.25	0
BSU_22620	GO:0009361	5	0.25	0
BSU_14350	GO:0006779	5	0.25	0
BSU_32740	GO:0006779	5	0.25	0
BSU_07570	GO:0006779	5	0.25	0
BSU_39020	GO:0006779	5	0.25	0
BSU_03982	GO:0006779	5	0.25	0
BSU_12100	GO:0006779	5	0.25	0
BSU_03440	GO:0006779	5	0.25	0
BSU_15590	GO:0009361	5	0.25	0
BSU_22620	GO:0003677	5	0.25	0
BSU_27070	GO:0003677	5	0.25	0
BSU_08060	GO:0003924	5	0.25	0
BSU_38600	GO:0003677	5	0.25	0
BSU_05870	GO:0003677	5	0.25	0
BSU_35790	GO:0003677	5	0.25	0
BSU_24320	GO:0003677	5	0.25	0
BSU_22770	GO:0003677	5	0.25	0
BSU_27070	GO:0003924	5	0.25	0
BSU_23470	GO:0003677	5	0.25	0
BSU_38580	GO:0003924	5	0.25	0
BSU_14590	GO:0003924	5	0.25	0
BSU_05810	GO:0003924	5	0.25	0
BSU_07050	GO:0003924	5	0.25	0
BSU_10910	GO:0003677	5	0.25	0
BSU_15600	GO:0003677	5	0.25	0
BSU_27930	GO:0003677	5	0.25	0
BSU_09950	GO:0003924	5	0.25	0
BSU_11720	GO:0003924	5	0.25	0
BSU_03860	GO:0043878	5	0.25	0
BSU_37180	GO:0043878	5	0.25	0
BSU_05810	GO:0005524	5	0.25	0
BSU_03990	GO:0003700	5	0.25	0
BSU_17620	GO:0005737	5	0.25	0
BSU_24120	GO:0005737	5	0.25	0
BSU_38370	GO:0005737	5	0.25	0
BSU_07050	GO:0015293	5	0.25	0
BSU_33380	GO:0005737	5	0.25	0
BSU_39550	GO:0005737	5	0.25	0
BSU_31710	GO:0005737	5	0.25	0
BSU_31010	GO:0015293	5	0.25	0
BSU_22470	GO:0005737	5	0.25	0
BSU_34450	GO:0005737	5	0.25	0
BSU_07270	GO:0005737	5	0.25	0
BSU_33690	GO:0015293	5	0.25	0
BSU_02100	GO:0005737	5	0.25	0
BSU_28770	GO:0005737	5	0.25	0
BSU_14700	GO:0005737	5	0.25	0
BSU_41040	GO:0015293	5	0.25	0
BSU_23890	GO:0015293	5	0.25	0
BSU_15860	GO:0005737	5	0.25	0
BSU_09910	GO:0005737	5	0.25	0
BSU_19330	GO:0005737	5	0.25	0
BSU_31980	GO:0004324	5	0.25	0
BSU_18670	GO:0030170	5	0.25	0
BSU_27070	GO:0030170	5	0.25	0
BSU_00490	GO:0004324	5	0.25	0
BSU_06420	GO:0004324	5	0.25	0
BSU_09100	GO:0030170	5	0.25	0
BSU_38500	GO:0004324	5	0.25	0
BSU_06830	GO:0030170	5	0.25	0
BSU_05810	GO:0030170	5	0.25	0
BSU_06720	GO:0005737	5	0.25	0
BSU_03982	GO:0030170	5	0.25	0
BSU_12910	GO:0030170	5	0.25	0
BSU_23800	GO:0030170	5	0.25	0
BSU_18480	GO:0030170	5	0.25	0
BSU_37180	GO:0005737	5	0.25	0
BSU_01640	GO:0030170	5	0.25	0
BSU_02510	GO:0005737	5	0.25	0
BSU_10970	GO:0005737	5	0.25	0
BSU_24000	GO:0005737	5	0.25	0
BSU_29940	GO:0005737	5	0.25	0
BSU_24120	GO:0005737	5	0.25	0
BSU_33380	GO:0005737	5	0.25	0
BSU_26840	GO:0003700	5	0.25	0
BSU_30770	GO:0005737	5	0.25	0
BSU_38370	GO:0005737	5	0.25	0
BSU_12000	GO:0003700	5	0.25	0
BSU_29590	GO:0005737	5	0.25	0
BSU_27880	GO:0005737	5	0.25	0
BSU_38600	GO:0003700	5	0.25	0
BSU_12210	GO:0005737	5	0.25	0
BSU_17620	GO:0005737	5	0.25	0
BSU_15860	GO:0005737	5	0.25	0
BSU_15620	GO:0005737	5	0.25	0
BSU_09910	GO:0005737	5	0.25	0
BSU_15850	GO:0005737	5	0.25	0
BSU_07560	GO:0005737	5	0.25	0
BSU_34130	GO:0005737	5	0.25	0
BSU_39550	GO:0005737	5	0.25	0
BSU_04160	GO:0003700	5	0.25	0
BSU_36410	GO:0015293	5	0.25	0
BSU_11100	GO:0005737	5	0.25	0
BSU_30670	GO:0005737	5	0.25	0
BSU_23930	GO:0005737	5	0.25	0
BSU_30150	GO:0015293	5	0.25	0
BSU_00390	GO:0005737	5	0.25	0
BSU_11560	GO:0005737	5	0.25	0
BSU_15880	GO:0015293	5	0.25	0
BSU_36290	GO:0005737	5	0.25	0
BSU_03630	GO:0003700	5	0.25	0
BSU_31710	GO:0005737	5	0.25	0
BSU_07570	GO:0003700	5	0.25	0
BSU_34450	GO:0005737	5	0.25	0
BSU_29000	GO:0005737	5	0.25	0
BSU_22470	GO:0005737	5	0.25	0
BSU_24320	GO:0003700	5	0.25	0
BSU_17340	GO:0003700	5	0.25	0
BSU_19200	GO:0003700	5	0.25	0
BSU_11720	GO:0004324	5	0.25	0
BSU_15600	GO:0004324	5	0.25	0
BSU_15590	GO:0004324	5	0.25	0
BSU_03960	GO:0000105	5	0.25	0
BSU_12100	GO:0016740	5	0.25	0
BSU_34620	GO:0016740	5	0.25	0
BSU_31980	GO:0005886	5	0.25	0
BSU_09410	GO:0016740	5	0.25	0
BSU_02510	GO:0016740	5	0.25	0
BSU_37180	GO:0016740	5	0.25	0
BSU_05910	GO:0016740	5	0.25	0
BSU_16970	GO:0000105	5	0.25	0
BSU_10130	GO:0016740	5	0.25	0
BSU_08440	GO:0000105	5	0.25	0
BSU_35730	GO:0000105	5	0.25	0
BSU_38040	GO:0000105	5	0.25	0
BSU_40550	GO:0000105	5	0.25	0
BSU_34790	GO:0000105	5	0.25	0
BSU_17390	GO:0004324	5	0.25	0
BSU_25780	GO:0000105	5	0.25	0
BSU_38500	GO:0005886	5	0.25	0
BSU_05870	GO:0016740	5	0.25	0
BSU_12210	GO:0004324	5	0.25	0
BSU_09910	GO:0016740	5	0.25	0
BSU_11720	GO:0005886	5	0.25	0
BSU_24120	GO:0016740	5	0.25	0
BSU_33240	GO:0016740	5	0.25	0
BSU_17620	GO:0016740	5	0.25	0
BSU_20040	GO:0016740	5	0.25	0
BSU_15860	GO:0016740	5	0.25	0
BSU_15620	GO:0016740	5	0.25	0
BSU_15850	GO:0016740	5	0.25	0
BSU_12020	GO:0016740	5	0.25	0
BSU_25500	GO:0016740	5	0.25	0
BSU_07560	GO:0016740	5	0.25	0
BSU_34130	GO:0016740	5	0.25	0
BSU_07080	GO:0016740	5	0.25	0
BSU_19330	GO:0016740	5	0.25	0
BSU_06720	GO:0016740	5	0.25	0
BSU_35790	GO:0016740	5	0.25	0
BSU_20040	GO:0004324	5	0.25	0
BSU_19200	GO:0000105	5	0.25	0
BSU_01640	GO:0000917	5	0.25	0
BSU_08190	GO:0000917	5	0.25	0
BSU_19200	GO:0000917	5	0.25	0
BSU_09930	GO:0000917	5	0.25	0
BSU_09910	GO:0000917	5	0.25	0
BSU_20250	GO:0000917	5	0.25	0
BSU_34750	GO:0000917	5	0.25	0
BSU_01690	GO:0000917	5	0.25	0
BSU_05330	GO:0000917	5	0.25	0
BSU_09430	GO:0000917	5	0.25	0
BSU_26840	GO:0000917	5	0.25	0
BSU_30260	GO:0000917	5	0.25	0
BSU_19120	GO:0000917	5	0.25	0
BSU_26670	GO:0000917	5	0.25	0
BSU_03960	GO:0000917	5	0.25	0
BSU_35080	GO:0000917	5	0.25	0
BSU_17450	GO:0000917	5	0.25	0
BSU_36020	GO:0000917	5	0.25	0
BSU_04160	GO:0000917	5	0.25	0
BSU_12000	GO:0000917	5	0.25	0
BSU_33240	GO:0000105	5	0.25	0
BSU_34620	GO:0000105	5	0.25	0
BSU_38190	GO:0000105	5	0.25	0
BSU_35330	GO:0000105	5	0.25	0
BSU_15110	GO:0000105	5	0.25	0
BSU_24170	GO:0000105	5	0.25	0
BSU_25500	GO:0000105	5	0.25	0
BSU_10130	GO:0000105	5	0.25	0
BSU_12910	GO:0000105	5	0.25	0
BSU_01640	GO:0000105	5	0.25	0
BSU_13410	GO:0000917	5	0.25	0
BSU_05910	GO:0000105	5	0.25	0
BSU_00710	GO:0000105	5	0.25	0
BSU_23760	GO:0000105	5	0.25	0
BSU_14830	GO:0000105	5	0.25	0
BSU_02430	GO:0000105	5	0.25	0
BSU_29000	GO:0000917	5	0.25	0
BSU_22620	GO:0004324	5	0.25	0
BSU_07080	GO:0005737	5	0.25	0
BSU_19330	GO:0005737	5	0.25	0
BSU_06720	GO:0005737	5	0.25	0
BSU_38090	GO:0005886	5	0.25	0
BSU_05870	GO:0005886	5	0.25	0
BSU_10130	GO:0005886	5	0.25	0
BSU_34620	GO:0005886	5	0.25	0
BSU_02510	GO:0005886	5	0.25	0
BSU_05910	GO:0005886	5	0.25	0
BSU_21350	GO:0005886	5	0.25	0
BSU_12000	GO:0005524	5	0.25	0
BSU_17260	GO:0005886	5	0.25	0
BSU_35790	GO:0005886	5	0.25	0
BSU_19410	GO:0005886	5	0.25	0
BSU_09370	GO:0005886	5	0.25	0
BSU_11100	GO:0005886	5	0.25	0
BSU_14700	GO:0005886	5	0.25	0
BSU_37180	GO:0050661	5	0.25	0
BSU_12910	GO:0033014	5	0.25	0
BSU_23800	GO:0033014	5	0.25	0
BSU_12020	GO:0005886	5	0.25	0
BSU_27070	GO:0005524	5	0.25	0
BSU_02830	GO:0050661	5	0.25	0
BSU_15860	GO:0005886	5	0.25	0
BSU_40550	GO:0005886	5	0.25	0
BSU_38370	GO:0005886	5	0.25	0
BSU_29590	GO:0005886	5	0.25	0
BSU_27880	GO:0005886	5	0.25	0
BSU_08060	GO:0005524	5	0.25	0
BSU_24120	GO:0005886	5	0.25	0
BSU_33240	GO:0005886	5	0.25	0
BSU_15620	GO:0005886	5	0.25	0
BSU_06720	GO:0005886	5	0.25	0
BSU_09910	GO:0005886	5	0.25	0
BSU_15850	GO:0005886	5	0.25	0
BSU_25500	GO:0005886	5	0.25	0
BSU_07560	GO:0005886	5	0.25	0
BSU_34130	GO:0005886	5	0.25	0
BSU_07080	GO:0005886	5	0.25	0
BSU_19330	GO:0005886	5	0.25	0
BSU_18480	GO:0033014	5	0.25	0
BSU_01640	GO:0033014	5	0.25	0
BSU_39550	GO:0005886	5	0.25	0
BSU_27880	GO:0009231	5	0.25	0
BSU_05870	GO:0033014	5	0.25	0
BSU_28390	GO:0033014	5	0.25	0
BSU_31840	GO:0050661	5	0.25	0
BSU_37820	GO:0050661	5	0.25	0
BSU_03990	GO:0050661	5	0.25	0
BSU_14300	GO:0009231	5	0.25	0
BSU_18070	GO:0009231	5	0.25	0
BSU_29590	GO:0009231	5	0.25	0
BSU_21440	GO:0050661	5	0.25	0
BSU_06300	GO:0004657	5	0.25	0
BSU_30220	GO:0009231	5	0.25	0
BSU_17380	GO:0004657	5	0.25	0
BSU_20040	GO:0004657	5	0.25	0
BSU_17390	GO:0004657	5	0.25	0
BSU_24320	GO:0009231	5	0.25	0
BSU_11340	GO:0009231	5	0.25	0
BSU_35790	GO:0033014	5	0.25	0
BSU_10530	GO:0050661	5	0.25	0
BSU_18480	GO:0050661	5	0.25	0
BSU_22610	GO:0050661	5	0.25	0
BSU_23800	GO:0050661	5	0.25	0
BSU_12910	GO:0050661	5	0.25	0
BSU_03860	GO:0050661	5	0.25	0
BSU_19330	GO:0050661	5	0.25	0
BSU_33530	GO:0050661	5	0.25	0
BSU_20040	GO:0050661	5	0.25	0
BSU_23070	GO:0050661	5	0.25	0
BSU_25780	GO:0050661	5	0.25	0
BSU_19310	GO:0050661	5	0.25	0
BSU_34790	GO:0050661	5	0.25	0
BSU_32490	GO:0050661	5	0.25	0
BSU_24040	GO:0033014	5	0.25	0
BSU_03630	GO:0033014	5	0.25	0
BSU_37810	GO:0050661	5	0.25	0
BSU_21860	GO:0050661	5	0.25	0
BSU_23990	GO:0050661	5	0.25	0
BSU_38580	GO:0005524	5	0.25	0
BSU_12210	GO:0005886	5	0.25	0
BSU_35790	GO:0005737	5	0.25	0
BSU_12910	GO:0003700	5	0.25	0
BSU_00710	GO:0003700	5	0.25	0
BSU_05910	GO:0003700	5	0.25	0
BSU_08080	GO:0051287	5	0.25	0
BSU_10770	GO:0051287	5	0.25	0
BSU_34620	GO:0003700	5	0.25	0
BSU_18480	GO:0003700	5	0.25	0
BSU_23800	GO:0003700	5	0.25	0
BSU_07560	GO:0016042	5	0.25	0
BSU_34750	GO:0003700	5	0.25	0
BSU_09370	GO:0016042	5	0.25	0
BSU_36410	GO:0030435	5	0.25	0
BSU_31700	GO:0016042	5	0.25	0
BSU_01530	GO:0016042	5	0.25	0
BSU_34450	GO:0016042	5	0.25	0
BSU_31010	GO:0030435	5	0.25	0
BSU_14700	GO:0016042	5	0.25	0
BSU_23760	GO:0003700	5	0.25	0
BSU_31920	GO:0003700	5	0.25	0
BSU_30150	GO:0030435	5	0.25	0
BSU_20250	GO:0003700	5	0.25	0
BSU_12020	GO:0005737	5	0.25	0
BSU_05870	GO:0005737	5	0.25	0
BSU_12100	GO:0005737	5	0.25	0
BSU_02510	GO:0005737	5	0.25	0
BSU_37180	GO:0005737	5	0.25	0
BSU_27120	GO:0051287	5	0.25	0
BSU_12560	GO:0051287	5	0.25	0
BSU_09910	GO:0003700	5	0.25	0
BSU_33680	GO:0003700	5	0.25	0
BSU_09930	GO:0003700	5	0.25	0
BSU_41040	GO:0051287	5	0.25	0
BSU_13410	GO:0003700	5	0.25	0
BSU_29000	GO:0003700	5	0.25	0
BSU_16440	GO:0051287	5	0.25	0
BSU_15880	GO:0051287	5	0.25	0
BSU_19540	GO:0003700	5	0.25	0
BSU_38090	GO:0016042	5	0.25	0
BSU_11100	GO:0016042	5	0.25	0
BSU_16970	GO:0005886	5	0.25	0
BSU_12910	GO:0032993	5	0.25	0
BSU_24170	GO:0032993	5	0.25	0
BSU_25500	GO:0032993	5	0.25	0
BSU_09100	GO:0032993	5	0.25	0
BSU_11720	GO:0005524	5	0.25	0
BSU_06830	GO:0032993	5	0.25	0
BSU_09950	GO:0005524	5	0.25	0
BSU_03982	GO:0032993	5	0.25	0
BSU_23800	GO:0032993	5	0.25	0
BSU_18670	GO:0032993	5	0.25	0
BSU_18480	GO:0032993	5	0.25	0
BSU_34620	GO:0032993	5	0.25	0
BSU_01640	GO:0032993	5	0.25	0
BSU_05910	GO:0032993	5	0.25	0
BSU_07050	GO:0005524	5	0.25	0
BSU_00710	GO:0032993	5	0.25	0
BSU_05810	GO:0005524	5	0.25	0
BSU_14590	GO:0005524	5	0.25	0
BSU_22620	GO:0005524	5	0.25	0
BSU_14830	GO:0016042	5	0.25	0
BSU_04080	GO:0016042	5	0.25	0
BSU_12100	GO:0016042	5	0.25	0
BSU_09910	GO:0016042	5	0.25	0
BSU_13010	GO:0016042	5	0.25	0
BSU_33690	GO:0030435	5	0.25	0
BSU_40550	GO:0016042	5	0.25	0
BSU_39810	GO:0030435	5	0.25	0
BSU_39550	GO:0016042	5	0.25	0
BSU_16970	GO:0016042	5	0.25	0
BSU_15110	GO:0032993	5	0.25	0
BSU_14190	GO:0016042	5	0.25	0
BSU_16230	GO:0030435	5	0.25	0
BSU_41040	GO:0030435	5	0.25	0
BSU_23890	GO:0030435	5	0.25	0
BSU_22470	GO:0016042	5	0.25	0
BSU_32460	GO:0016042	5	0.25	0
BSU_35330	GO:0032993	5	0.25	0
BSU_14590	GO:0005886	5	0.25	0
BSU_38370	GO:0016740	5	0.25	0
BSU_15600	GO:0005886	5	0.25	0
BSU_26840	GO:0000150	5	0.25	0
BSU_01640	GO:0000150	5	0.25	0
BSU_20250	GO:0000150	5	0.25	0
BSU_36020	GO:0000150	5	0.25	0
BSU_09910	GO:0000150	5	0.25	0
BSU_19200	GO:0000150	5	0.25	0
BSU_29590	GO:0043041	5	0.25	0
BSU_27880	GO:0043041	5	0.25	0
BSU_13410	GO:0000150	5	0.25	0
BSU_40550	GO:0003677	5	0.25	0
BSU_03960	GO:0000150	5	0.25	0
BSU_03630	GO:0043041	5	0.25	0
BSU_31980	GO:0043041	5	0.25	0
BSU_38500	GO:0043041	5	0.25	0
BSU_29000	GO:0000150	5	0.25	0
BSU_28560	GO:0043041	5	0.25	0
BSU_19540	GO:0000150	5	0.25	0
BSU_31980	GO:0003677	5	0.25	0
BSU_38860	GO:0003677	5	0.25	0
BSU_31920	GO:0000150	5	0.25	0
BSU_38090	GO:0003677	5	0.25	0
BSU_41030	GO:0003677	5	0.25	0
BSU_38360	GO:0003677	5	0.25	0
BSU_14350	GO:0003677	5	0.25	0
BSU_36520	GO:0008270	5	0.25	0
BSU_32460	GO:0003677	5	0.25	0
BSU_37810	GO:0008270	5	0.25	0
BSU_21440	GO:0003677	5	0.25	0
BSU_23570	GO:0008270	5	0.25	0
BSU_24320	GO:0008270	5	0.25	0
BSU_22630	GO:0008270	5	0.25	0
BSU_35330	GO:0008270	5	0.25	0
BSU_13550	GO:0003677	5	0.25	0
BSU_11340	GO:0008270	5	0.25	0
BSU_13010	GO:0003677	5	0.25	0
BSU_00490	GO:0003677	5	0.25	0
BSU_06420	GO:0003677	5	0.25	0
BSU_33680	GO:0000150	5	0.25	0
BSU_26670	GO:0000150	5	0.25	0
BSU_15410	GO:0003677	5	0.25	0
BSU_19330	GO:0045454	5	0.25	0
BSU_31840	GO:0045454	5	0.25	0
BSU_10530	GO:0045454	5	0.25	0
BSU_19310	GO:0045454	5	0.25	0
BSU_13750	GO:0045454	5	0.25	0
BSU_22610	GO:0045454	5	0.25	0
BSU_23070	GO:0045454	5	0.25	0
BSU_15110	GO:0045454	5	0.25	0
BSU_03860	GO:0045454	5	0.25	0
BSU_37820	GO:0045454	5	0.25	0
BSU_02830	GO:0045454	5	0.25	0
BSU_37180	GO:0045454	5	0.25	0
BSU_04110	GO:0005886	5	0.25	0
BSU_32460	GO:0005886	5	0.25	0
BSU_04080	GO:0005886	5	0.25	0
BSU_36660	GO:0005886	5	0.25	0
BSU_36650	GO:0005886	5	0.25	0
BSU_10390	GO:0045454	5	0.25	0
BSU_07990	GO:0045454	5	0.25	0
BSU_19120	GO:0000150	5	0.25	0
BSU_32740	GO:0140359	5	0.25	0
BSU_36410	GO:0043754	5	0.25	0
BSU_09430	GO:0000150	5	0.25	0
BSU_08190	GO:0000150	5	0.25	0
BSU_05330	GO:0000150	5	0.25	0
BSU_16230	GO:0043754	5	0.25	0
BSU_03440	GO:0140359	5	0.25	0
BSU_39020	GO:0140359	5	0.25	0
BSU_27070	GO:0140359	5	0.25	0
BSU_18260	GO:0045454	5	0.25	0
BSU_14590	GO:0043754	5	0.25	0
BSU_14350	GO:0140359	5	0.25	0
BSU_31260	GO:0140359	5	0.25	0
BSU_24040	GO:0043754	5	0.25	0
BSU_06720	GO:0045454	5	0.25	0
BSU_03990	GO:0045454	5	0.25	0
BSU_37680	GO:0045454	5	0.25	0
BSU_16000	GO:0003677	5	0.25	0
BSU_38600	GO:0003677	5	0.25	0
BSU_09930	GO:0005886	5	0.25	0
BSU_17450	GO:0005886	5	0.25	0
BSU_26840	GO:0003700	5	0.25	0
BSU_19200	GO:0003700	5	0.25	0
BSU_09910	GO:0003700	5	0.25	0
BSU_20250	GO:0003700	5	0.25	0
BSU_38320	GO:0003700	5	0.25	0
BSU_03320	GO:0005886	5	0.25	0
BSU_07560	GO:0005886	5	0.25	0
BSU_36650	GO:0005886	5	0.25	0
BSU_02690	GO:0005886	5	0.25	0
BSU_36660	GO:0005886	5	0.25	0
BSU_04080	GO:0005886	5	0.25	0
BSU_04110	GO:0005886	5	0.25	0
BSU_24010	GO:0008324	5	0.25	0
BSU_33960	GO:0008324	5	0.25	0
BSU_03630	GO:0005886	5	0.25	0
BSU_36020	GO:0005886	5	0.25	0
BSU_13410	GO:0003700	5	0.25	0
BSU_29000	GO:0003700	5	0.25	0
BSU_28390	GO:0005886	5	0.25	0
BSU_38860	GO:0003700	5	0.25	0
BSU_37820	GO:0003700	5	0.25	0
BSU_07080	GO:0005886	5	0.25	0
BSU_07000	GO:0005886	5	0.25	0
BSU_30800	GO:0003700	5	0.25	0
BSU_36520	GO:0003700	5	0.25	0
BSU_39550	GO:0003700	5	0.25	0
BSU_37810	GO:0003700	5	0.25	0
BSU_09930	GO:0005886	5	0.25	0
BSU_19540	GO:0003700	5	0.25	0
BSU_22630	GO:0003700	5	0.25	0
BSU_17340	GO:0003700	5	0.25	0
BSU_35330	GO:0003700	5	0.25	0
BSU_14300	GO:0003700	5	0.25	0
BSU_13010	GO:0003700	5	0.25	0
BSU_31920	GO:0003700	5	0.25	0
BSU_33680	GO:0003700	5	0.25	0
BSU_04160	GO:0005886	5	0.25	0
BSU_09100	GO:0005886	5	0.25	0
BSU_17340	GO:0003677	5	0.25	0
BSU_16440	GO:0003824	5	0.25	0
BSU_01830	GO:0005515	5	0.25	0
BSU_37180	GO:0005515	5	0.25	0
BSU_04110	GO:0005515	5	0.25	0
BSU_31700	GO:0005515	5	0.25	0
BSU_04080	GO:0005515	5	0.25	0
BSU_27930	GO:0005515	5	0.25	0
BSU_36410	GO:0003824	5	0.25	0
BSU_22970	GO:0005515	5	0.25	0
BSU_37320	GO:0005515	5	0.25	0
BSU_24170	GO:0005515	5	0.25	0
BSU_00490	GO:0005515	5	0.25	0
BSU_23470	GO:0005515	5	0.25	0
BSU_23530	GO:0005515	5	0.25	0
BSU_17620	GO:0003677	5	0.25	0
BSU_06100	GO:0003677	5	0.25	0
BSU_24320	GO:0003677	5	0.25	0
BSU_07050	GO:0003824	5	0.25	0
BSU_03440	GO:0005515	5	0.25	0
BSU_05740	GO:0005886	5	0.25	0
BSU_30420	GO:0008324	5	0.25	0
BSU_03730	GO:0008324	5	0.25	0
BSU_12920	GO:0005886	5	0.25	0
BSU_34700	GO:0008324	5	0.25	0
BSU_33270	GO:0008324	5	0.25	0
BSU_15880	GO:0003824	5	0.25	0
BSU_14360	GO:0008324	5	0.25	0
BSU_33820	GO:0008324	5	0.25	0
BSU_24980	GO:0008324	5	0.25	0
BSU_12100	GO:0005515	5	0.25	0
BSU_14350	GO:0008324	5	0.25	0
BSU_32740	GO:0008324	5	0.25	0
BSU_07570	GO:0008324	5	0.25	0
BSU_37320	GO:0008324	5	0.25	0
BSU_30770	GO:0008324	5	0.25	0
BSU_39020	GO:0005515	5	0.25	0
BSU_03982	GO:0005515	5	0.25	0
BSU_07560	GO:0005886	5	0.25	0
BSU_07000	GO:0005886	5	0.25	0
BSU_40550	GO:0016740	5	0.25	0
BSU_35410	GO:0071555	5	0.25	0
BSU_19200	GO:0005886	5	0.25	0
BSU_05810	GO:1902210	5	0.25	0
BSU_09950	GO:0071555	5	0.25	0
BSU_23800	GO:1902210	5	0.25	0
BSU_12920	GO:0071555	5	0.25	0
BSU_14590	GO:0071555	5	0.25	0
BSU_35400	GO:0071555	5	0.25	0
BSU_22620	GO:0071555	5	0.25	0
BSU_14590	GO:1902210	5	0.25	0
BSU_16230	GO:1902210	5	0.25	0
BSU_13690	GO:1902210	5	0.25	0
BSU_16330	GO:1902210	5	0.25	0
BSU_15590	GO:0071555	5	0.25	0
BSU_15600	GO:0071555	5	0.25	0
BSU_15110	GO:0050660	5	0.25	0
BSU_11720	GO:0071555	5	0.25	0
BSU_06830	GO:1902210	5	0.25	0
BSU_09100	GO:1902210	5	0.25	0
BSU_38600	GO:0000976	5	0.25	0
BSU_20500	GO:0003700	5	0.25	0
BSU_11720	GO:0016787	5	0.25	0
BSU_14590	GO:0016787	5	0.25	0
BSU_13410	GO:0003700	5	0.25	0
BSU_34750	GO:0003700	5	0.25	0
BSU_23760	GO:0003700	5	0.25	0
BSU_05910	GO:0003700	5	0.25	0
BSU_05810	GO:0006417	5	0.25	0
BSU_06720	GO:0003700	5	0.25	0
BSU_36020	GO:0005886	5	0.25	0
BSU_36410	GO:0006417	5	0.25	0
BSU_02510	GO:0005886	5	0.25	0
BSU_09910	GO:0005886	5	0.25	0
BSU_16230	GO:0006417	5	0.25	0
BSU_07000	GO:0005886	5	0.25	0
BSU_32460	GO:0005886	5	0.25	0
BSU_04110	GO:0005886	5	0.25	0
BSU_18670	GO:0050660	5	0.25	0
BSU_24170	GO:0050660	5	0.25	0
BSU_09930	GO:0003700	5	0.25	0
BSU_01690	GO:0000976	5	0.25	0
BSU_16330	GO:0030488	5	0.25	0
BSU_19120	GO:0000976	5	0.25	0
BSU_05810	GO:0030488	5	0.25	0
BSU_34750	GO:0000976	5	0.25	0
BSU_08190	GO:0000976	5	0.25	0
BSU_36410	GO:0030488	5	0.25	0
BSU_05330	GO:0000976	5	0.25	0
BSU_22620	GO:0005886	5	0.25	0
BSU_31920	GO:0000976	5	0.25	0
BSU_03960	GO:0016740	5	0.25	0
BSU_16970	GO:0016740	5	0.25	0
BSU_12210	GO:0016740	5	0.25	0
BSU_39550	GO:0016740	5	0.25	0
BSU_33380	GO:0016740	5	0.25	0
BSU_30770	GO:0016740	5	0.25	0
BSU_15590	GO:0005886	5	0.25	0
BSU_14590	GO:0030488	5	0.25	0
BSU_29000	GO:0000976	5	0.25	0
BSU_25500	GO:0050660	5	0.25	0
BSU_12910	GO:0050660	5	0.25	0
BSU_01640	GO:0000976	5	0.25	0
BSU_09100	GO:0050660	5	0.25	0
BSU_20250	GO:0000976	5	0.25	0
BSU_06830	GO:0050660	5	0.25	0
BSU_36020	GO:0000976	5	0.25	0
BSU_09910	GO:0000976	5	0.25	0
BSU_03982	GO:0050660	5	0.25	0
BSU_23800	GO:0050660	5	0.25	0
BSU_03960	GO:0000976	5	0.25	0
BSU_18480	GO:0050660	5	0.25	0
BSU_19200	GO:0000976	5	0.25	0
BSU_01640	GO:0050660	5	0.25	0
BSU_05910	GO:0050660	5	0.25	0
BSU_00710	GO:0050660	5	0.25	0
BSU_26840	GO:0000976	5	0.25	0
BSU_13410	GO:0000976	5	0.25	0
BSU_09950	GO:0016787	5	0.25	0
BSU_09910	GO:0003700	5	0.25	0
BSU_07080	GO:0005886	5	0.25	0
BSU_33720	GO:0140359	5	0.25	0
BSU_02700	GO:0004553	5	0.25	0
BSU_23930	GO:0004553	5	0.25	0
BSU_30670	GO:0004553	5	0.25	0
BSU_19320	GO:0004553	5	0.25	0
BSU_30800	GO:0004553	5	0.25	0
BSU_22100	GO:0004553	5	0.25	0
BSU_17170	GO:0004553	5	0.25	0
BSU_27370	GO:0004553	5	0.25	0
BSU_12250	GO:0005886	5	0.25	0
BSU_33820	GO:0140359	5	0.25	0
BSU_34870	GO:0004553	5	0.25	0
BSU_38370	GO:0004553	5	0.25	0
BSU_24120	GO:0004553	5	0.25	0
BSU_23570	GO:0004553	5	0.25	0
BSU_22630	GO:0004553	5	0.25	0
BSU_21350	GO:0004553	5	0.25	0
BSU_08350	GO:0004553	5	0.25	0
BSU_10390	GO:0005886	5	0.25	0
BSU_15860	GO:0004553	5	0.25	0
BSU_23980	GO:0140359	5	0.25	0
BSU_09910	GO:0005886	5	0.25	0
BSU_02510	GO:0005886	5	0.25	0
BSU_15850	GO:0005886	5	0.25	0
BSU_01640	GO:0005886	5	0.25	0
BSU_23570	GO:0005886	5	0.25	0
BSU_38090	GO:0005886	5	0.25	0
BSU_36550	GO:0140359	5	0.25	0
BSU_35680	GO:0005886	5	0.25	0
BSU_35680	GO:0005886	5	0.25	0
BSU_24980	GO:0140359	5	0.25	0
BSU_10390	GO:0005886	5	0.25	0
BSU_12250	GO:0005886	5	0.25	0
BSU_21350	GO:0005886	5	0.25	0
BSU_31920	GO:0005886	5	0.25	0
BSU_22930	GO:0005886	5	0.25	0
BSU_32150	GO:0005886	5	0.25	0
BSU_34900	GO:0004553	5	0.25	0
BSU_15620	GO:0004553	5	0.25	0
BSU_20250	GO:0003700	5	0.25	0
BSU_38580	GO:0016787	5	0.25	0
BSU_17340	GO:0003700	5	0.25	0
BSU_27070	GO:0016787	5	0.25	0
BSU_19200	GO:0003700	5	0.25	0
BSU_23470	GO:0003700	5	0.25	0
BSU_04160	GO:0003700	5	0.25	0
BSU_14730	GO:0003700	5	0.25	0
BSU_08060	GO:0016787	5	0.25	0
BSU_05810	GO:0016787	5	0.25	0
BSU_04110	GO:0003700	5	0.25	0
BSU_07050	GO:0016787	5	0.25	0
BSU_26840	GO:0003700	5	0.25	0
BSU_12000	GO:0003700	5	0.25	0
BSU_38600	GO:0003700	5	0.25	0
BSU_29000	GO:0003700	5	0.25	0
BSU_19540	GO:0003700	5	0.25	0
BSU_33680	GO:0003700	5	0.25	0
BSU_24320	GO:0003700	5	0.25	0
BSU_04080	GO:0003700	5	0.25	0
BSU_15850	GO:0004553	5	0.25	0
BSU_12020	GO:0004553	5	0.25	0
BSU_07560	GO:0004553	5	0.25	0
BSU_10130	GO:0004553	5	0.25	0
BSU_28140	GO:0004553	5	0.25	0
BSU_02510	GO:0004553	5	0.25	0
BSU_01570	GO:0004553	5	0.25	0
BSU_38190	GO:0004553	5	0.25	0
BSU_35790	GO:0004553	5	0.25	0
BSU_05870	GO:0004553	5	0.25	0
BSU_35940	GO:0016787	5	0.25	0
BSU_12100	GO:0004553	5	0.25	0
BSU_07000	GO:0004553	5	0.25	0
BSU_38040	GO:0004553	5	0.25	0
BSU_34130	GO:0004553	5	0.25	0
BSU_07080	GO:0004553	5	0.25	0
BSU_00160	GO:0004553	5	0.25	0
BSU_28910	GO:0140359	5	0.25	0
BSU_39070	GO:0006751	5	0.25	0
BSU_16330	GO:0005506	5	0.25	0
BSU_09410	GO:0005737	5	0.25	0
BSU_23890	GO:0030435	5	0.25	0
BSU_22470	GO:0016740	5	0.25	0
BSU_36410	GO:0016788	5	0.25	0
BSU_29000	GO:0016740	5	0.25	0
BSU_23980	GO:0015648	5	0.25	0
BSU_23960	GO:0015648	5	0.25	0
BSU_23530	GO:0015648	5	0.25	0
BSU_17620	GO:0015648	5	0.25	0
BSU_18070	GO:0015648	5	0.25	0
BSU_14350	GO:0015648	5	0.25	0
BSU_32740	GO:0015648	5	0.25	0
BSU_07570	GO:0015648	5	0.25	0
BSU_39020	GO:0015648	5	0.25	0
BSU_12100	GO:0015648	5	0.25	0
BSU_37320	GO:0015648	5	0.25	0
BSU_01830	GO:0015648	5	0.25	0
BSU_37180	GO:0015648	5	0.25	0
BSU_24980	GO:0008643	5	0.25	0
BSU_13750	GO:0016740	5	0.25	0
BSU_31710	GO:0016740	5	0.25	0
BSU_03960	GO:0016740	5	0.25	0
BSU_40550	GO:0016740	5	0.25	0
BSU_15620	GO:0016740	5	0.25	0
BSU_15860	GO:0016740	5	0.25	0
BSU_17620	GO:0016740	5	0.25	0
BSU_16330	GO:0016788	5	0.25	0
BSU_33240	GO:0016740	5	0.25	0
BSU_24120	GO:0016740	5	0.25	0
BSU_38370	GO:0016740	5	0.25	0
BSU_30770	GO:0016740	5	0.25	0
BSU_07050	GO:0016788	5	0.25	0
BSU_33380	GO:0016740	5	0.25	0
BSU_39550	GO:0016740	5	0.25	0
BSU_12210	GO:0016740	5	0.25	0
BSU_35410	GO:0016788	5	0.25	0
BSU_09420	GO:0016788	5	0.25	0
BSU_14590	GO:0016788	5	0.25	0
BSU_16970	GO:0016740	5	0.25	0
BSU_23980	GO:0008643	5	0.25	0
BSU_23960	GO:0008643	5	0.25	0
BSU_23530	GO:0008643	5	0.25	0
BSU_40550	GO:0071793	5	0.25	0
BSU_31710	GO:0071793	5	0.25	0
BSU_03960	GO:0071793	5	0.25	0
BSU_16970	GO:0071793	5	0.25	0
BSU_12210	GO:0071793	5	0.25	0
BSU_39550	GO:0071793	5	0.25	0
BSU_33380	GO:0071793	5	0.25	0
BSU_30770	GO:0071793	5	0.25	0
BSU_38370	GO:0071793	5	0.25	0
BSU_13750	GO:0071793	5	0.25	0
BSU_29590	GO:0071793	5	0.25	0
BSU_27880	GO:0071793	5	0.25	0
BSU_24120	GO:0071793	5	0.25	0
BSU_33240	GO:0071793	5	0.25	0
BSU_02830	GO:0006635	5	0.25	0
BSU_17620	GO:0071793	5	0.25	0
BSU_15860	GO:0071793	5	0.25	0
BSU_37180	GO:0006635	5	0.25	0
BSU_18250	GO:0006635	5	0.25	0
BSU_17620	GO:0008643	5	0.25	0
BSU_39020	GO:0008643	5	0.25	0
BSU_18070	GO:0008643	5	0.25	0
BSU_14350	GO:0008643	5	0.25	0
BSU_02700	GO:0006635	5	0.25	0
BSU_08350	GO:0006635	5	0.25	0
BSU_32740	GO:0008643	5	0.25	0
BSU_07570	GO:0008643	5	0.25	0
BSU_04110	GO:0006635	5	0.25	0
BSU_03982	GO:0008643	5	0.25	0
BSU_29000	GO:0071793	5	0.25	0
BSU_10360	GO:0006635	5	0.25	0
BSU_12100	GO:0008643	5	0.25	0
BSU_03440	GO:0008643	5	0.25	0
BSU_37320	GO:0008643	5	0.25	0
BSU_28560	GO:0006635	5	0.25	0
BSU_01830	GO:0008643	5	0.25	0
BSU_37180	GO:0008643	5	0.25	0
BSU_09910	GO:0016740	5	0.25	0
BSU_15850	GO:0016740	5	0.25	0
BSU_25500	GO:0016740	5	0.25	0
BSU_02510	GO:0016301	5	0.25	0
BSU_12020	GO:0016301	5	0.25	0
BSU_05870	GO:0016301	5	0.25	0
BSU_10130	GO:0016301	5	0.25	0
BSU_12100	GO:0016301	5	0.25	0
BSU_34620	GO:0016301	5	0.25	0
BSU_03440	GO:0016757	5	0.25	0
BSU_09410	GO:0016301	5	0.25	0
BSU_37180	GO:0016301	5	0.25	0
BSU_07080	GO:0016301	5	0.25	0
BSU_05910	GO:0016301	5	0.25	0
BSU_02290	GO:0016301	5	0.25	0
BSU_18070	GO:0016301	5	0.25	0
BSU_19330	GO:0016301	5	0.25	0
BSU_17260	GO:0016757	5	0.25	0
BSU_14700	GO:0016757	5	0.25	0
BSU_04610	GO:0016757	5	0.25	0
BSU_35790	GO:0016301	5	0.25	0
BSU_34130	GO:0016301	5	0.25	0
BSU_09370	GO:0016757	5	0.25	0
BSU_24120	GO:0016301	5	0.25	0
BSU_39550	GO:0016301	5	0.25	0
BSU_33380	GO:0016301	5	0.25	0
BSU_30770	GO:0016301	5	0.25	0
BSU_40550	GO:0016301	5	0.25	0
BSU_38370	GO:0016301	5	0.25	0
BSU_29590	GO:0016301	5	0.25	0
BSU_27880	GO:0016301	5	0.25	0
BSU_33240	GO:0016301	5	0.25	0
BSU_07560	GO:0016301	5	0.25	0
BSU_17620	GO:0016301	5	0.25	0
BSU_15860	GO:0016301	5	0.25	0
BSU_15620	GO:0016301	5	0.25	0
BSU_01830	GO:0016757	5	0.25	0
BSU_09910	GO:0016301	5	0.25	0
BSU_15850	GO:0016301	5	0.25	0
BSU_25500	GO:0016301	5	0.25	0
BSU_24870	GO:0016757	5	0.25	0
BSU_29530	GO:0016757	5	0.25	0
BSU_07560	GO:0016740	5	0.25	0
BSU_34620	GO:0016740	5	0.25	0
BSU_24120	GO:0005975	5	0.25	0
BSU_23070	GO:0005975	5	0.25	0
BSU_40550	GO:0005975	5	0.25	0
BSU_38860	GO:0005975	5	0.25	0
BSU_13010	GO:0005975	5	0.25	0
BSU_13550	GO:0005975	5	0.25	0
BSU_02510	GO:0016740	5	0.25	0
BSU_12100	GO:0016740	5	0.25	0
BSU_22100	GO:0005975	5	0.25	0
BSU_10130	GO:0016740	5	0.25	0
BSU_12020	GO:0016740	5	0.25	0
BSU_35790	GO:0016740	5	0.25	0
BSU_06720	GO:0016740	5	0.25	0
BSU_19330	GO:0016740	5	0.25	0
BSU_07080	GO:0016740	5	0.25	0
BSU_34130	GO:0016740	5	0.25	0
BSU_12300	GO:0005975	5	0.25	0
BSU_33960	GO:0005975	5	0.25	0
BSU_23990	GO:0016757	5	0.25	0
BSU_37180	GO:0016740	5	0.25	0
BSU_19200	GO:0016757	5	0.25	0
BSU_02670	GO:0016757	5	0.25	0
BSU_24010	GO:0016757	5	0.25	0
BSU_41030	GO:0016757	5	0.25	0
BSU_16000	GO:0016757	5	0.25	0
BSU_05910	GO:0016740	5	0.25	0
BSU_14190	GO:0016757	5	0.25	0
BSU_06720	GO:0016757	5	0.25	0
BSU_28770	GO:0005975	5	0.25	0
BSU_27370	GO:0016757	5	0.25	0
BSU_02730	GO:0005975	5	0.25	0
BSU_06720	GO:0005975	5	0.25	0
BSU_23760	GO:0005975	5	0.25	0
BSU_39410	GO:0005975	5	0.25	0
BSU_29710	GO:0005975	5	0.25	0
BSU_39750	GO:0005975	5	0.25	0
BSU_15620	GO:0071793	5	0.25	0
BSU_09910	GO:0071793	5	0.25	0
BSU_15850	GO:0071793	5	0.25	0
BSU_10390	GO:0006571	5	0.25	0
BSU_07080	GO:0005886	5	0.25	0
BSU_20250	GO:0006281	5	0.25	0
BSU_06070	GO:0006281	5	0.25	0
BSU_18260	GO:0006571	5	0.25	0
BSU_07990	GO:0006571	5	0.25	0
BSU_37820	GO:0006571	5	0.25	0
BSU_07000	GO:0005886	5	0.25	0
BSU_31840	GO:0006571	5	0.25	0
BSU_00390	GO:0006281	5	0.25	0
BSU_21440	GO:0006571	5	0.25	0
BSU_10530	GO:0006571	5	0.25	0
BSU_19310	GO:0006571	5	0.25	0
BSU_13750	GO:0006571	5	0.25	0
BSU_23990	GO:0006571	5	0.25	0
BSU_21860	GO:0006571	5	0.25	0
BSU_37810	GO:0006571	5	0.25	0
BSU_38360	GO:0006281	5	0.25	0
BSU_23760	GO:0006281	5	0.25	0
BSU_25780	GO:0006571	5	0.25	0
BSU_02510	GO:0005886	5	0.25	0
BSU_38090	GO:0005886	5	0.25	0
BSU_01640	GO:0005886	5	0.25	0
BSU_15110	GO:0006281	5	0.25	0
BSU_24170	GO:0006281	5	0.25	0
BSU_25500	GO:0006281	5	0.25	0
BSU_15850	GO:0005886	5	0.25	0
BSU_10130	GO:0006281	5	0.25	0
BSU_03982	GO:0006281	5	0.25	0
BSU_00710	GO:0006281	5	0.25	0
BSU_12910	GO:0006281	5	0.25	0
BSU_23800	GO:0006281	5	0.25	0
BSU_18480	GO:0006281	5	0.25	0
BSU_34620	GO:0006281	5	0.25	0
BSU_01640	GO:0006281	5	0.25	0
BSU_05910	GO:0006281	5	0.25	0
BSU_09910	GO:0005886	5	0.25	0
BSU_34790	GO:0006571	5	0.25	0
BSU_23070	GO:0006571	5	0.25	0
BSU_34900	GO:0006281	5	0.25	0
BSU_27070	GO:0005975	5	0.25	0
BSU_15590	GO:0009102	5	0.25	0
BSU_05810	GO:0005975	5	0.25	0
BSU_22620	GO:0009102	5	0.25	0
BSU_06830	GO:0005975	5	0.25	0
BSU_16330	GO:0005975	5	0.25	0
BSU_14590	GO:0005975	5	0.25	0
BSU_09100	GO:0005975	5	0.25	0
BSU_18670	GO:0005975	5	0.25	0
BSU_36410	GO:0005975	5	0.25	0
BSU_17450	GO:0005886	5	0.25	0
BSU_03320	GO:0005886	5	0.25	0
BSU_02690	GO:0005886	5	0.25	0
BSU_05910	GO:0005886	5	0.25	0
BSU_07050	GO:0005886	5	0.25	0
BSU_28560	GO:0005886	5	0.25	0
BSU_15600	GO:0005886	5	0.25	0
BSU_15600	GO:0009102	5	0.25	0
BSU_14590	GO:0009102	5	0.25	0
BSU_15110	GO:0006571	5	0.25	0
BSU_07560	GO:0005886	5	0.25	0
BSU_33530	GO:0006571	5	0.25	0
BSU_19330	GO:0006571	5	0.25	0
BSU_03860	GO:0006571	5	0.25	0
BSU_12910	GO:0006571	5	0.25	0
BSU_02830	GO:0006571	5	0.25	0
BSU_37180	GO:0006571	5	0.25	0
BSU_22630	GO:0006571	5	0.25	0
BSU_31980	GO:0009102	5	0.25	0
BSU_11720	GO:0009102	5	0.25	0
BSU_38500	GO:0009102	5	0.25	0
BSU_04080	GO:0005886	5	0.25	0
BSU_32460	GO:0005886	5	0.25	0
BSU_04110	GO:0005886	5	0.25	0
BSU_03630	GO:0005886	5	0.25	0
BSU_35940	GO:0005975	5	0.25	0
BSU_09950	GO:0009102	5	0.25	0
BSU_35330	GO:0006281	5	0.25	0
BSU_38190	GO:0006281	5	0.25	0
BSU_25500	GO:0071793	5	0.25	0
BSU_03982	GO:0016020	5	0.25	0
BSU_30770	GO:0016020	5	0.25	0
BSU_30420	GO:0016020	5	0.25	0
BSU_23960	GO:0016020	5	0.25	0
BSU_23530	GO:0016020	5	0.25	0
BSU_03860	GO:0006635	5	0.25	0
BSU_13690	GO:0016020	5	0.25	0
BSU_19330	GO:0006635	5	0.25	0
BSU_12100	GO:0016020	5	0.25	0
BSU_01630	GO:0016020	5	0.25	0
BSU_37320	GO:0016020	5	0.25	0
BSU_01830	GO:0016020	5	0.25	0
BSU_37180	GO:0016020	5	0.25	0
BSU_27930	GO:0016020	5	0.25	0
BSU_33530	GO:0006635	5	0.25	0
BSU_15110	GO:0006635	5	0.25	0
BSU_20040	GO:0006635	5	0.25	0
BSU_14360	GO:0016020	5	0.25	0
BSU_08440	GO:0016020	5	0.25	0
BSU_22610	GO:0006635	5	0.25	0
BSU_12020	GO:0071793	5	0.25	0
BSU_07560	GO:0071793	5	0.25	0
BSU_34130	GO:0071793	5	0.25	0
BSU_07080	GO:0071793	5	0.25	0
BSU_19330	GO:0071793	5	0.25	0
BSU_06720	GO:0071793	5	0.25	0
BSU_18480	GO:0006635	5	0.25	0
BSU_35790	GO:0071793	5	0.25	0
BSU_10130	GO:0071793	5	0.25	0
BSU_36520	GO:0016020	5	0.25	0
BSU_12100	GO:0071793	5	0.25	0
BSU_34620	GO:0071793	5	0.25	0
BSU_23800	GO:0006635	5	0.25	0
BSU_02510	GO:0071793	5	0.25	0
BSU_37180	GO:0071793	5	0.25	0
BSU_05910	GO:0071793	5	0.25	0
BSU_12910	GO:0006635	5	0.25	0
BSU_23070	GO:0006635	5	0.25	0
BSU_25780	GO:0006635	5	0.25	0
BSU_33240	GO:0006281	5	0.25	0
BSU_38500	GO:0016779	5	0.25	0
BSU_16330	GO:0000049	5	0.25	0
BSU_22620	GO:0016779	5	0.25	0
BSU_36410	GO:0000049	5	0.25	0
BSU_15600	GO:0016779	5	0.25	0
BSU_14590	GO:0016779	5	0.25	0
BSU_11720	GO:0016779	5	0.25	0
BSU_09950	GO:0016779	5	0.25	0
BSU_07050	GO:0016779	5	0.25	0
BSU_18670	GO:0003677	5	0.25	0
BSU_05810	GO:0016779	5	0.25	0
BSU_16230	GO:0000049	5	0.25	0
BSU_21350	GO:0005886	5	0.25	0
BSU_12250	GO:0005886	5	0.25	0
BSU_10390	GO:0005886	5	0.25	0
BSU_35680	GO:0005886	5	0.25	0
BSU_19200	GO:0006281	5	0.25	0
BSU_14590	GO:0000049	5	0.25	0
BSU_27070	GO:0003677	5	0.25	0
BSU_34790	GO:0006635	5	0.25	0
BSU_19310	GO:0006635	5	0.25	0
BSU_32490	GO:0006635	5	0.25	0
BSU_06300	GO:0004108	5	0.25	0
BSU_37810	GO:0006635	5	0.25	0
BSU_21860	GO:0006635	5	0.25	0
BSU_23990	GO:0006635	5	0.25	0
BSU_13750	GO:0006635	5	0.25	0
BSU_12920	GO:0004108	5	0.25	0
BSU_10530	GO:0006635	5	0.25	0
BSU_14590	GO:0003677	5	0.25	0
BSU_21440	GO:0006635	5	0.25	0
BSU_31840	GO:0006635	5	0.25	0
BSU_07050	GO:0003677	5	0.25	0
BSU_36410	GO:0003677	5	0.25	0
BSU_05810	GO:0003677	5	0.25	0
BSU_06830	GO:0003677	5	0.25	0
BSU_16330	GO:0003677	5	0.25	0
BSU_12210	GO:0016301	5	0.25	0
BSU_16970	GO:0016301	5	0.25	0
BSU_03960	GO:0016301	5	0.25	0
BSU_26840	GO:0000160	5	0.25	0
BSU_08190	GO:0000160	5	0.25	0
BSU_09430	GO:0000160	5	0.25	0
BSU_30260	GO:0000160	5	0.25	0
BSU_19120	GO:0000160	5	0.25	0
BSU_26670	GO:0000160	5	0.25	0
BSU_03960	GO:0000160	5	0.25	0
BSU_38600	GO:0000160	5	0.25	0
BSU_17340	GO:0000160	5	0.25	0
BSU_01690	GO:0000160	5	0.25	0
BSU_36020	GO:0000160	5	0.25	0
BSU_01640	GO:0000160	5	0.25	0
BSU_24320	GO:0000160	5	0.25	0
BSU_35680	GO:0006508	5	0.25	0
BSU_41030	GO:0006508	5	0.25	0
BSU_16000	GO:0006508	5	0.25	0
BSU_22930	GO:0006508	5	0.25	0
BSU_05330	GO:0000160	5	0.25	0
BSU_20250	GO:0000160	5	0.25	0
BSU_32150	GO:0006508	5	0.25	0
BSU_36550	GO:0005886	5	0.25	0
BSU_31260	GO:0065002	5	0.25	0
BSU_29710	GO:0003677	5	0.25	0
BSU_09950	GO:0065002	5	0.25	0
BSU_38580	GO:0065002	5	0.25	0
BSU_41040	GO:0065002	5	0.25	0
BSU_23890	GO:0065002	5	0.25	0
BSU_21350	GO:0005886	5	0.25	0
BSU_39810	GO:0065002	5	0.25	0
BSU_09910	GO:0000160	5	0.25	0
BSU_34750	GO:0000160	5	0.25	0
BSU_31920	GO:0000160	5	0.25	0
BSU_12250	GO:0005886	5	0.25	0
BSU_33680	GO:0000160	5	0.25	0
BSU_19540	GO:0000160	5	0.25	0
BSU_29000	GO:0000160	5	0.25	0
BSU_13410	GO:0000160	5	0.25	0
BSU_08350	GO:0006508	5	0.25	0
BSU_17620	GO:0006508	5	0.25	0
BSU_33820	GO:0065002	5	0.25	0
BSU_10910	GO:0005886	5	0.25	0
BSU_23760	GO:0005886	5	0.25	0
BSU_20250	GO:0003723	5	0.25	0
BSU_05910	GO:0005886	5	0.25	0
BSU_20500	GO:0005886	5	0.25	0
BSU_06720	GO:0005886	5	0.25	0
BSU_10360	GO:0005886	5	0.25	0
BSU_28560	GO:0005886	5	0.25	0
BSU_15600	GO:0005886	5	0.25	0
BSU_23760	GO:0003723	5	0.25	0
BSU_10920	GO:0005886	5	0.25	0
BSU_15590	GO:0005886	5	0.25	0
BSU_38580	GO:0009055	5	0.25	0
BSU_05810	GO:0009055	5	0.25	0
BSU_07050	GO:0009055	5	0.25	0
BSU_38500	GO:0005886	5	0.25	0
BSU_31980	GO:0005886	5	0.25	0
BSU_01820	GO:0003723	5	0.25	0
BSU_00710	GO:0003723	5	0.25	0
BSU_13750	GO:0003723	5	0.25	0
BSU_19200	GO:0003723	5	0.25	0
BSU_03960	GO:0003723	5	0.25	0
BSU_16970	GO:0003723	5	0.25	0
BSU_34870	GO:0003723	5	0.25	0
BSU_38040	GO:0003723	5	0.25	0
BSU_40550	GO:0003723	5	0.25	0
BSU_34790	GO:0003723	5	0.25	0
BSU_25780	GO:0003723	5	0.25	0
BSU_33240	GO:0003723	5	0.25	0
BSU_05910	GO:0003723	5	0.25	0
BSU_34900	GO:0003723	5	0.25	0
BSU_35330	GO:0003723	5	0.25	0
BSU_15110	GO:0003723	5	0.25	0
BSU_24170	GO:0003723	5	0.25	0
BSU_25500	GO:0003723	5	0.25	0
BSU_10130	GO:0003723	5	0.25	0
BSU_34620	GO:0003723	5	0.25	0
BSU_33720	GO:0065002	5	0.25	0
BSU_35940	GO:0065002	5	0.25	0
BSU_37390	GO:0005886	5	0.25	0
BSU_22620	GO:0016491	5	0.25	0
BSU_15600	GO:0016491	5	0.25	0
BSU_15590	GO:0016491	5	0.25	0
BSU_07050	GO:0016020	5	0.25	0
BSU_14590	GO:0016020	5	0.25	0
BSU_09420	GO:0016020	5	0.25	0
BSU_35400	GO:0016020	5	0.25	0
BSU_35410	GO:0016020	5	0.25	0
BSU_12920	GO:0016020	5	0.25	0
BSU_09950	GO:0016491	5	0.25	0
BSU_05740	GO:0005737	5	0.25	0
BSU_07050	GO:0005737	5	0.25	0
BSU_14700	GO:0030435	5	0.25	0
BSU_17170	GO:0030435	5	0.25	0
BSU_02700	GO:0030435	5	0.25	0
BSU_11100	GO:0008270	5	0.25	0
BSU_11560	GO:0008270	5	0.25	0
BSU_09100	GO:0016020	5	0.25	0
BSU_16230	GO:0016020	5	0.25	0
BSU_32290	GO:0008270	5	0.25	0
BSU_22620	GO:0005524	5	0.25	0
BSU_15590	GO:0050660	5	0.25	0
BSU_15600	GO:0050660	5	0.25	0
BSU_11720	GO:0050660	5	0.25	0
BSU_00490	GO:0050660	5	0.25	0
BSU_06420	GO:0050660	5	0.25	0
BSU_11720	GO:0005524	5	0.25	0
BSU_38500	GO:0050660	5	0.25	0
BSU_31980	GO:0050660	5	0.25	0
BSU_31010	GO:0016020	5	0.25	0
BSU_27070	GO:0016491	5	0.25	0
BSU_38580	GO:0016491	5	0.25	0
BSU_05810	GO:0016491	5	0.25	0
BSU_07050	GO:0016491	5	0.25	0
BSU_38500	GO:0016491	5	0.25	0
BSU_09950	GO:0016020	5	0.25	0
BSU_35940	GO:0016020	5	0.25	0
BSU_00390	GO:0008270	5	0.25	0
BSU_30670	GO:0008270	5	0.25	0
BSU_31010	GO:0065002	5	0.25	0
BSU_03320	GO:0005737	5	0.25	0
BSU_34620	GO:0016787	5	0.25	0
BSU_24050	GO:0005737	5	0.25	0
BSU_12920	GO:0005737	5	0.25	0
BSU_17390	GO:0005737	5	0.25	0
BSU_16230	GO:0006605	5	0.25	0
BSU_20040	GO:0005737	5	0.25	0
BSU_06300	GO:0005737	5	0.25	0
BSU_17340	GO:0003677	5	0.25	0
BSU_37180	GO:0016787	5	0.25	0
BSU_09950	GO:0006605	5	0.25	0
BSU_33690	GO:0006605	5	0.25	0
BSU_30150	GO:0006605	5	0.25	0
BSU_39810	GO:0006605	5	0.25	0
BSU_31010	GO:0006605	5	0.25	0
BSU_23890	GO:0006605	5	0.25	0
BSU_41040	GO:0006605	5	0.25	0
BSU_07000	GO:0016787	5	0.25	0
BSU_07570	GO:0016787	5	0.25	0
BSU_29940	GO:0008270	5	0.25	0
BSU_23760	GO:0046872	5	0.25	0
BSU_24000	GO:0008270	5	0.25	0
BSU_10970	GO:0008270	5	0.25	0
BSU_02100	GO:0008270	5	0.25	0
BSU_10390	GO:0008270	5	0.25	0
BSU_13750	GO:0008270	5	0.25	0
BSU_16970	GO:0008270	5	0.25	0
BSU_34900	GO:0046872	5	0.25	0
BSU_01530	GO:0046872	5	0.25	0
BSU_18070	GO:0016787	5	0.25	0
BSU_08350	GO:0046872	5	0.25	0
BSU_02700	GO:0046872	5	0.25	0
BSU_24870	GO:0016787	5	0.25	0
BSU_29530	GO:0016787	5	0.25	0
BSU_33390	GO:0016787	5	0.25	0
BSU_33380	GO:0016787	5	0.25	0
BSU_17620	GO:0016787	5	0.25	0
BSU_04080	GO:0005886	5	0.25	0
BSU_18210	GO:0005886	5	0.25	0
BSU_31710	GO:0016301	5	0.25	0
BSU_27930	GO:0015969	5	0.25	0
BSU_03982	GO:0015969	5	0.25	0
BSU_05810	GO:0015969	5	0.25	0
BSU_33830	GO:0055085	5	0.25	0
BSU_33730	GO:0055085	5	0.25	0
BSU_15600	GO:0015969	5	0.25	0
BSU_27070	GO:0015969	5	0.25	0
BSU_36550	GO:0055085	5	0.25	0
BSU_04160	GO:0015969	5	0.25	0
BSU_13690	GO:0055085	5	0.25	0
BSU_31260	GO:0055085	5	0.25	0
BSU_12000	GO:0015969	5	0.25	0
BSU_38600	GO:0015969	5	0.25	0
BSU_27070	GO:0055085	5	0.25	0
BSU_38580	GO:0055085	5	0.25	0
BSU_23890	GO:0055085	5	0.25	0
BSU_28390	GO:0016757	5	0.25	0
BSU_09950	GO:0055085	5	0.25	0
BSU_17380	GO:0030152	5	0.25	0
BSU_05870	GO:0008840	5	0.25	0
BSU_37640	GO:0055085	5	0.25	0
BSU_03440	GO:0055085	5	0.25	0
BSU_17620	GO:0016787	5	0.25	0
BSU_33240	GO:0016787	5	0.25	0
BSU_24120	GO:0016787	5	0.25	0
BSU_27880	GO:0016787	5	0.25	0
BSU_29590	GO:0016787	5	0.25	0
BSU_38370	GO:0016787	5	0.25	0
BSU_30770	GO:0016787	5	0.25	0
BSU_15590	GO:0030152	5	0.25	0
BSU_33380	GO:0016787	5	0.25	0
BSU_30420	GO:0030152	5	0.25	0
BSU_33730	GO:0030152	5	0.25	0
BSU_33830	GO:0030152	5	0.25	0
BSU_35940	GO:0030152	5	0.25	0
BSU_09930	GO:0055085	5	0.25	0
BSU_15600	GO:0030152	5	0.25	0
BSU_12020	GO:0008840	5	0.25	0
BSU_12100	GO:0008840	5	0.25	0
BSU_03982	GO:0055085	5	0.25	0
BSU_15620	GO:0008840	5	0.25	0
BSU_24120	GO:0008840	5	0.25	0
BSU_23570	GO:0008840	5	0.25	0
BSU_36650	GO:0016757	5	0.25	0
BSU_22630	GO:0008840	5	0.25	0
BSU_21350	GO:0008840	5	0.25	0
BSU_34900	GO:0008840	5	0.25	0
BSU_15860	GO:0008840	5	0.25	0
BSU_15850	GO:0008840	5	0.25	0
BSU_34870	GO:0008840	5	0.25	0
BSU_07560	GO:0008840	5	0.25	0
BSU_10130	GO:0008840	5	0.25	0
BSU_28140	GO:0008840	5	0.25	0
BSU_02510	GO:0008840	5	0.25	0
BSU_36660	GO:0016757	5	0.25	0
BSU_10970	GO:0008840	5	0.25	0
BSU_13750	GO:0016301	5	0.25	0
BSU_38370	GO:0008840	5	0.25	0
BSU_27370	GO:0008840	5	0.25	0
BSU_34620	GO:0008840	5	0.25	0
BSU_09410	GO:0016757	5	0.25	0
BSU_09410	GO:0008840	5	0.25	0
BSU_37180	GO:0008840	5	0.25	0
BSU_05910	GO:0008840	5	0.25	0
BSU_00710	GO:0008840	5	0.25	0
BSU_39070	GO:0008840	5	0.25	0
BSU_18840	GO:0008840	5	0.25	0
BSU_02430	GO:0016757	5	0.25	0
BSU_05740	GO:0016757	5	0.25	0
BSU_35620	GO:0016757	5	0.25	0
BSU_23930	GO:0008840	5	0.25	0
BSU_30670	GO:0008840	5	0.25	0
BSU_02690	GO:0016757	5	0.25	0
BSU_19320	GO:0008840	5	0.25	0
BSU_30800	GO:0008840	5	0.25	0
BSU_22100	GO:0008840	5	0.25	0
BSU_17170	GO:0008840	5	0.25	0
BSU_20040	GO:0016787	5	0.25	0
BSU_38580	GO:0055085	5	0.25	0
BSU_29000	GO:0005886	5	0.25	0
BSU_23800	GO:0050660	5	0.25	0
BSU_07050	GO:0016020	5	0.25	0
BSU_16330	GO:0016020	5	0.25	0
BSU_09950	GO:0016020	5	0.25	0
BSU_15110	GO:0050660	5	0.25	0
BSU_37180	GO:0050660	5	0.25	0
BSU_02830	GO:0050660	5	0.25	0
BSU_18480	GO:0050660	5	0.25	0
BSU_12910	GO:0050660	5	0.25	0
BSU_14590	GO:0016020	5	0.25	0
BSU_16230	GO:0006354	5	0.25	0
BSU_03860	GO:0050660	5	0.25	0
BSU_19330	GO:0050660	5	0.25	0
BSU_33530	GO:0050660	5	0.25	0
BSU_24570	GO:0006354	5	0.25	0
BSU_20040	GO:0050660	5	0.25	0
BSU_23070	GO:0050660	5	0.25	0
BSU_24040	GO:0016020	5	0.25	0
BSU_12300	GO:0071793	5	0.25	0
BSU_25780	GO:0050660	5	0.25	0
BSU_35680	GO:0071793	5	0.25	0
BSU_06100	GO:0005886	5	0.25	0
BSU_09950	GO:0009055	5	0.25	0
BSU_10530	GO:0071793	5	0.25	0
BSU_14590	GO:0009055	5	0.25	0
BSU_07270	GO:0071793	5	0.25	0
BSU_34450	GO:0071793	5	0.25	0
BSU_30950	GO:0071793	5	0.25	0
BSU_31010	GO:0009055	5	0.25	0
BSU_23070	GO:0071793	5	0.25	0
BSU_09100	GO:0005576	5	0.25	0
BSU_14300	GO:0071793	5	0.25	0
BSU_16330	GO:0005576	5	0.25	0
BSU_05810	GO:0005576	5	0.25	0
BSU_13010	GO:0071793	5	0.25	0
BSU_36410	GO:0005576	5	0.25	0
BSU_38860	GO:0071793	5	0.25	0
BSU_22610	GO:0050660	5	0.25	0
BSU_34790	GO:0050660	5	0.25	0
BSU_15860	GO:0016787	5	0.25	0
BSU_07080	GO:0016787	5	0.25	0
BSU_34620	GO:0016787	5	0.25	0
BSU_10130	GO:0016787	5	0.25	0
BSU_05870	GO:0016787	5	0.25	0
BSU_12020	GO:0016787	5	0.25	0
BSU_35790	GO:0016787	5	0.25	0
BSU_06720	GO:0016787	5	0.25	0
BSU_19330	GO:0016787	5	0.25	0
BSU_34130	GO:0016787	5	0.25	0
BSU_37180	GO:0016787	5	0.25	0
BSU_07560	GO:0016787	5	0.25	0
BSU_25500	GO:0016787	5	0.25	0
BSU_15850	GO:0016787	5	0.25	0
BSU_18670	GO:0016787	5	0.25	0
BSU_13690	GO:0055085	5	0.25	0
BSU_15620	GO:0016787	5	0.25	0
BSU_09950	GO:0055085	5	0.25	0
BSU_02510	GO:0016787	5	0.25	0
BSU_05910	GO:0016787	5	0.25	0
BSU_32490	GO:0050660	5	0.25	0
BSU_10530	GO:0050660	5	0.25	0
BSU_37810	GO:0050660	5	0.25	0
BSU_21860	GO:0050660	5	0.25	0
BSU_23990	GO:0050660	5	0.25	0
BSU_37160	GO:0006354	5	0.25	0
BSU_38700	GO:0006354	5	0.25	0
BSU_14730	GO:0006354	5	0.25	0
BSU_19310	GO:0050660	5	0.25	0
BSU_21440	GO:0050660	5	0.25	0
BSU_12920	GO:0050440	5	0.25	0
BSU_31840	GO:0050660	5	0.25	0
BSU_37820	GO:0050660	5	0.25	0
BSU_16230	GO:0033592	5	0.25	0
BSU_06300	GO:0050440	5	0.25	0
BSU_36410	GO:0033592	5	0.25	0
BSU_16330	GO:0033592	5	0.25	0
BSU_14590	GO:0033592	5	0.25	0
BSU_15590	GO:0005886	5	0.25	0
BSU_23470	GO:0005886	5	0.25	0
BSU_35400	GO:0005886	5	0.25	0
BSU_38860	GO:0003933	5	0.25	0
BSU_38190	GO:0003933	5	0.25	0
BSU_24170	GO:0003933	5	0.25	0
BSU_28560	GO:0003933	5	0.25	0
BSU_07560	GO:0003933	5	0.25	0
BSU_34130	GO:0003933	5	0.25	0
BSU_07080	GO:0003933	5	0.25	0
BSU_40550	GO:0003933	5	0.25	0
BSU_06420	GO:0003933	5	0.25	0
BSU_24120	GO:0003933	5	0.25	0
BSU_00490	GO:0003933	5	0.25	0
BSU_13010	GO:0003933	5	0.25	0
BSU_13550	GO:0003933	5	0.25	0
BSU_39640	GO:0005829	5	0.25	0
BSU_40550	GO:0005829	5	0.25	0
BSU_32160	GO:0005829	5	0.25	0
BSU_20500	GO:0005829	5	0.25	0
BSU_23070	GO:0003933	5	0.25	0
BSU_38040	GO:0003933	5	0.25	0
BSU_03730	GO:0005829	5	0.25	0
BSU_14190	GO:0005524	5	0.25	0
BSU_09850	GO:0015727	5	0.25	0
BSU_19330	GO:0005524	5	0.25	0
BSU_36020	GO:0005524	5	0.25	0
BSU_07570	GO:0005524	5	0.25	0
BSU_34900	GO:0005524	5	0.25	0
BSU_14830	GO:0005524	5	0.25	0
BSU_37180	GO:0005524	5	0.25	0
BSU_24870	GO:0005524	5	0.25	0
BSU_28910	GO:0003933	5	0.25	0
BSU_38090	GO:0005524	5	0.25	0
BSU_21440	GO:0005524	5	0.25	0
BSU_26840	GO:0005524	5	0.25	0
BSU_30950	GO:0005524	5	0.25	0
BSU_00900	GO:0005524	5	0.25	0
BSU_07270	GO:0005524	5	0.25	0
BSU_19410	GO:0003933	5	0.25	0
BSU_07990	GO:0005829	5	0.25	0
BSU_07200	GO:0005829	5	0.25	0
BSU_01830	GO:0015727	5	0.25	0
BSU_21350	GO:0032259	5	0.25	0
BSU_17340	GO:0032259	5	0.25	0
BSU_02510	GO:0032259	5	0.25	0
BSU_10130	GO:0032259	5	0.25	0
BSU_07560	GO:0032259	5	0.25	0
BSU_15850	GO:0032259	5	0.25	0
BSU_15860	GO:0032259	5	0.25	0
BSU_34900	GO:0032259	5	0.25	0
BSU_22630	GO:0032259	5	0.25	0
BSU_24700	GO:0032259	5	0.25	0
BSU_23570	GO:0032259	5	0.25	0
BSU_24120	GO:0032259	5	0.25	0
BSU_38370	GO:0032259	5	0.25	0
BSU_34870	GO:0032259	5	0.25	0
BSU_27370	GO:0032259	5	0.25	0
BSU_17170	GO:0032259	5	0.25	0
BSU_14590	GO:0002131	5	0.25	0
BSU_23890	GO:0002131	5	0.25	0
BSU_41040	GO:0002131	5	0.25	0
BSU_02100	GO:0005829	5	0.25	0
BSU_11660	GO:0046677	5	0.25	0
BSU_00160	GO:0006222	5	0.25	0
BSU_38700	GO:0006222	5	0.25	0
BSU_14730	GO:0006222	5	0.25	0
BSU_00390	GO:0046677	5	0.25	0
BSU_35730	GO:0006222	5	0.25	0
BSU_16970	GO:0046677	5	0.25	0
BSU_13750	GO:0046677	5	0.25	0
BSU_28140	GO:0032259	5	0.25	0
BSU_06830	GO:0006222	5	0.25	0
BSU_25500	GO:0032259	5	0.25	0
BSU_15620	GO:0032259	5	0.25	0
BSU_36550	GO:0006222	5	0.25	0
BSU_27840	GO:0006222	5	0.25	0
BSU_17450	GO:0006222	5	0.25	0
BSU_21860	GO:0032259	5	0.25	0
BSU_23990	GO:0032259	5	0.25	0
BSU_37180	GO:0015727	5	0.25	0
BSU_37320	GO:0015727	5	0.25	0
BSU_16330	GO:0002131	5	0.25	0
BSU_23800	GO:0008311	5	0.25	0
BSU_27930	GO:0005524	5	0.25	0
BSU_06830	GO:0008311	5	0.25	0
BSU_05810	GO:0008311	5	0.25	0
BSU_05910	GO:0030152	5	0.25	0
BSU_03982	GO:0008311	5	0.25	0
BSU_37180	GO:0030152	5	0.25	0
BSU_12910	GO:0008311	5	0.25	0
BSU_18480	GO:0008311	5	0.25	0
BSU_05810	GO:0005524	5	0.25	0
BSU_02510	GO:0030152	5	0.25	0
BSU_09410	GO:0030152	5	0.25	0
BSU_05740	GO:0030152	5	0.25	0
BSU_01640	GO:0008311	5	0.25	0
BSU_05910	GO:0008311	5	0.25	0
BSU_34620	GO:0030152	5	0.25	0
BSU_00710	GO:0008311	5	0.25	0
BSU_09100	GO:0008311	5	0.25	0
BSU_24170	GO:0008311	5	0.25	0
BSU_05870	GO:0030152	5	0.25	0
BSU_12000	GO:0005524	5	0.25	0
BSU_35790	GO:0008881	5	0.25	0
BSU_12020	GO:0008881	5	0.25	0
BSU_05870	GO:0008881	5	0.25	0
BSU_38190	GO:0003677	5	0.25	0
BSU_23070	GO:0003677	5	0.25	0
BSU_24120	GO:0003677	5	0.25	0
BSU_27070	GO:0005524	5	0.25	0
BSU_01530	GO:0008881	5	0.25	0
BSU_16230	GO:0005524	5	0.25	0
BSU_27370	GO:0008881	5	0.25	0
BSU_19410	GO:0008881	5	0.25	0
BSU_09370	GO:0008881	5	0.25	0
BSU_35730	GO:0008881	5	0.25	0
BSU_35620	GO:0008881	5	0.25	0
BSU_27070	GO:0008311	5	0.25	0
BSU_24570	GO:0005524	5	0.25	0
BSU_12100	GO:0030152	5	0.25	0
BSU_12020	GO:0030152	5	0.25	0
BSU_03440	GO:0015727	5	0.25	0
BSU_17620	GO:0015727	5	0.25	0
BSU_29590	GO:0030152	5	0.25	0
BSU_37640	GO:0016597	5	0.25	0
BSU_38370	GO:0030152	5	0.25	0
BSU_27140	GO:0046677	5	0.25	0
BSU_23980	GO:0015727	5	0.25	0
BSU_23960	GO:0015727	5	0.25	0
BSU_23530	GO:0015727	5	0.25	0
BSU_18070	GO:0015727	5	0.25	0
BSU_24120	GO:0030152	5	0.25	0
BSU_14350	GO:0015727	5	0.25	0
BSU_32740	GO:0015727	5	0.25	0
BSU_07570	GO:0015727	5	0.25	0
BSU_39020	GO:0015727	5	0.25	0
BSU_03982	GO:0015727	5	0.25	0
BSU_30800	GO:0046677	5	0.25	0
BSU_12100	GO:0015727	5	0.25	0
BSU_27880	GO:0030152	5	0.25	0
BSU_33240	GO:0030152	5	0.25	0
BSU_35790	GO:0030152	5	0.25	0
BSU_18480	GO:0016597	5	0.25	0
BSU_06720	GO:0030152	5	0.25	0
BSU_19330	GO:0030152	5	0.25	0
BSU_07080	GO:0030152	5	0.25	0
BSU_34130	GO:0030152	5	0.25	0
BSU_07560	GO:0030152	5	0.25	0
BSU_12910	GO:0016597	5	0.25	0
BSU_23800	GO:0016597	5	0.25	0
BSU_24050	GO:0030152	5	0.25	0
BSU_20040	GO:0030152	5	0.25	0
BSU_25500	GO:0030152	5	0.25	0
BSU_15850	GO:0030152	5	0.25	0
BSU_09910	GO:0030152	5	0.25	0
BSU_01640	GO:0016597	5	0.25	0
BSU_18670	GO:0030152	5	0.25	0
BSU_15620	GO:0030152	5	0.25	0
BSU_15860	GO:0030152	5	0.25	0
BSU_22100	GO:0032259	5	0.25	0
BSU_23930	GO:0032259	5	0.25	0
BSU_13550	GO:0008881	5	0.25	0
BSU_12000	GO:0005737	5	0.25	0
BSU_18070	GO:0030366	5	0.25	0
BSU_05810	GO:0044550	5	0.25	0
BSU_06720	GO:0005737	5	0.25	0
BSU_10910	GO:0005737	5	0.25	0
BSU_15600	GO:0005737	5	0.25	0
BSU_16230	GO:0042802	5	0.25	0
BSU_04160	GO:0005737	5	0.25	0
BSU_38600	GO:0005737	5	0.25	0
BSU_29590	GO:0030366	5	0.25	0
BSU_02730	GO:0005737	5	0.25	0
BSU_20500	GO:0005737	5	0.25	0
BSU_10360	GO:0005737	5	0.25	0
BSU_28560	GO:0005737	5	0.25	0
BSU_10920	GO:0005737	5	0.25	0
BSU_15590	GO:0005737	5	0.25	0
BSU_23960	GO:0005737	5	0.25	0
BSU_27880	GO:0030366	5	0.25	0
BSU_07050	GO:0044550	5	0.25	0
BSU_14360	GO:0005737	5	0.25	0
BSU_39550	GO:0030366	5	0.25	0
BSU_02700	GO:0000034	5	0.25	0
BSU_03990	GO:0030366	5	0.25	0
BSU_37820	GO:0030366	5	0.25	0
BSU_11720	GO:0044550	5	0.25	0
BSU_30800	GO:0030366	5	0.25	0
BSU_09950	GO:0044550	5	0.25	0
BSU_36520	GO:0030366	5	0.25	0
BSU_37810	GO:0030366	5	0.25	0
BSU_30220	GO:0030366	5	0.25	0
BSU_38860	GO:0030366	5	0.25	0
BSU_22630	GO:0030366	5	0.25	0
BSU_17340	GO:0030366	5	0.25	0
BSU_35330	GO:0030366	5	0.25	0
BSU_13010	GO:0030366	5	0.25	0
BSU_11340	GO:0030366	5	0.25	0
BSU_38500	GO:0044550	5	0.25	0
BSU_30420	GO:0005737	5	0.25	0
BSU_36410	GO:0042802	5	0.25	0
BSU_09910	GO:0000034	5	0.25	0
BSU_09420	GO:0005737	5	0.25	0
BSU_01690	GO:0005737	5	0.25	0
BSU_24320	GO:0005737	5	0.25	0
BSU_37160	GO:0005737	5	0.25	0
BSU_22770	GO:0005737	5	0.25	0
BSU_23470	GO:0005737	5	0.25	0
BSU_38600	GO:0005737	5	0.25	0
BSU_39070	GO:0005737	5	0.25	0
BSU_09950	GO:0030435	5	0.25	0
BSU_33720	GO:0030435	5	0.25	0
BSU_38580	GO:0030435	5	0.25	0
BSU_35400	GO:0005737	5	0.25	0
BSU_39810	GO:0030435	5	0.25	0
BSU_35410	GO:0005737	5	0.25	0
BSU_35620	GO:0005737	5	0.25	0
BSU_02430	GO:0005737	5	0.25	0
BSU_41040	GO:0030435	5	0.25	0
BSU_12000	GO:0005737	5	0.25	0
BSU_35940	GO:0030435	5	0.25	0
BSU_04080	GO:0005737	5	0.25	0
BSU_05870	GO:0005737	5	0.25	0
BSU_36520	GO:0005737	5	0.25	0
BSU_12250	GO:0005737	5	0.25	0
BSU_33270	GO:0005737	5	0.25	0
BSU_34700	GO:0005737	5	0.25	0
BSU_37390	GO:0005737	5	0.25	0
BSU_18210	GO:0005737	5	0.25	0
BSU_03730	GO:0005737	5	0.25	0
BSU_38580	GO:0005737	5	0.25	0
BSU_14730	GO:0005737	5	0.25	0
BSU_35790	GO:0005737	5	0.25	0
BSU_09930	GO:0005737	5	0.25	0
BSU_17450	GO:0005737	5	0.25	0
BSU_35080	GO:0005737	5	0.25	0
BSU_31010	GO:0030435	5	0.25	0
BSU_38700	GO:0005737	5	0.25	0
BSU_04160	GO:0005737	5	0.25	0
BSU_08350	GO:0000034	5	0.25	0
BSU_13010	GO:0000034	5	0.25	0
BSU_22620	GO:0032259	5	0.25	0
BSU_38580	GO:0042802	5	0.25	0
BSU_30630	GO:0005829	5	0.25	0
BSU_22930	GO:0005829	5	0.25	0
BSU_28770	GO:0005829	5	0.25	0
BSU_01570	GO:0005829	5	0.25	0
BSU_24580	GO:0005829	5	0.25	0
BSU_00530	GO:0005829	5	0.25	0
BSU_09950	GO:0042802	5	0.25	0
BSU_32290	GO:0005829	5	0.25	0
BSU_04110	GO:0005829	5	0.25	0
BSU_39810	GO:0042802	5	0.25	0
BSU_05910	GO:0005829	5	0.25	0
BSU_37180	GO:0005829	5	0.25	0
BSU_41040	GO:0042802	5	0.25	0
BSU_23890	GO:0042802	5	0.25	0
BSU_02510	GO:0005829	5	0.25	0
BSU_34620	GO:0005829	5	0.25	0
BSU_31260	GO:0042802	5	0.25	0
BSU_32460	GO:0005829	5	0.25	0
BSU_39550	GO:0005886	5	0.25	0
BSU_09910	GO:0005829	5	0.25	0
BSU_36410	GO:0002131	5	0.25	0
BSU_02430	GO:0005829	5	0.25	0
BSU_14830	GO:0005829	5	0.25	0
BSU_09410	GO:0005829	5	0.25	0
BSU_02700	GO:0005829	5	0.25	0
BSU_08350	GO:0005829	5	0.25	0
BSU_12100	GO:0005829	5	0.25	0
BSU_40550	GO:0005829	5	0.25	0
BSU_01530	GO:0005829	5	0.25	0
BSU_04080	GO:0005829	5	0.25	0
BSU_16970	GO:0005829	5	0.25	0
BSU_35940	GO:0042802	5	0.25	0
BSU_33820	GO:0042802	5	0.25	0
BSU_33720	GO:0042802	5	0.25	0
BSU_14190	GO:0005829	5	0.25	0
BSU_22470	GO:0005829	5	0.25	0
BSU_10130	GO:0005829	5	0.25	0
BSU_35620	GO:0030288	5	0.25	0
BSU_39550	GO:0000034	5	0.25	0
BSU_01570	GO:0000034	5	0.25	0
BSU_14590	GO:0044550	5	0.25	0
BSU_32160	GO:0000034	5	0.25	0
BSU_36290	GO:0000034	5	0.25	0
BSU_00390	GO:0000034	5	0.25	0
BSU_32290	GO:0000034	5	0.25	0
BSU_00530	GO:0000034	5	0.25	0
BSU_24580	GO:0000034	5	0.25	0
BSU_28770	GO:0000034	5	0.25	0
BSU_15600	GO:0044550	5	0.25	0
BSU_22930	GO:0000034	5	0.25	0
BSU_30630	GO:0000034	5	0.25	0
BSU_32460	GO:0000034	5	0.25	0
BSU_01530	GO:0000034	5	0.25	0
BSU_22470	GO:0000034	5	0.25	0
BSU_14190	GO:0000034	5	0.25	0
BSU_16970	GO:0000034	5	0.25	0
BSU_22770	GO:0008081	5	0.25	0
BSU_15590	GO:0044550	5	0.25	0
BSU_06830	GO:0030288	5	0.25	0
BSU_18670	GO:0008081	5	0.25	0
BSU_22970	GO:0030288	5	0.25	0
BSU_24700	GO:0030288	5	0.25	0
BSU_02430	GO:0030288	5	0.25	0
BSU_17390	GO:0008081	5	0.25	0
BSU_09410	GO:0030288	5	0.25	0
BSU_05740	GO:0030288	5	0.25	0
BSU_02690	GO:0030288	5	0.25	0
BSU_36650	GO:0030288	5	0.25	0
BSU_22620	GO:0044550	5	0.25	0
BSU_36660	GO:0030288	5	0.25	0
BSU_12920	GO:0008081	5	0.25	0
BSU_24050	GO:0008081	5	0.25	0
BSU_16330	GO:0008081	5	0.25	0
BSU_12920	GO:0030288	5	0.25	0
BSU_07050	GO:0008081	5	0.25	0
BSU_05740	GO:0008081	5	0.25	0
BSU_06420	GO:0008881	5	0.25	0
BSU_24170	GO:0003677	5	0.25	0
BSU_16230	GO:0005886	5	0.25	0
BSU_23930	GO:0004497	5	0.25	0
BSU_30240	GO:0004497	5	0.25	0
BSU_30220	GO:0004497	5	0.25	0
BSU_11100	GO:0004497	5	0.25	0
BSU_36290	GO:0004497	5	0.25	0
BSU_11560	GO:0004497	5	0.25	0
BSU_00390	GO:0004497	5	0.25	0
BSU_32290	GO:0004497	5	0.25	0
BSU_29940	GO:0004497	5	0.25	0
BSU_10910	GO:0030163	5	0.25	0
BSU_24000	GO:0004497	5	0.25	0
BSU_10970	GO:0004497	5	0.25	0
BSU_10390	GO:0004497	5	0.25	0
BSU_30630	GO:0004497	5	0.25	0
BSU_22470	GO:0004497	5	0.25	0
BSU_13750	GO:0004497	5	0.25	0
BSU_16970	GO:0004497	5	0.25	0
BSU_03860	GO:0004497	5	0.25	0
BSU_28560	GO:0030163	5	0.25	0
BSU_33380	GO:0004497	5	0.25	0
BSU_40550	GO:0030436	5	0.25	0
BSU_07560	GO:0030436	5	0.25	0
BSU_34130	GO:0030436	5	0.25	0
BSU_07080	GO:0030436	5	0.25	0
BSU_39070	GO:0030436	5	0.25	0
BSU_05870	GO:0030436	5	0.25	0
BSU_14700	GO:0030163	5	0.25	0
BSU_31980	GO:0030436	5	0.25	0
BSU_38860	GO:0030436	5	0.25	0
BSU_10360	GO:0030163	5	0.25	0
BSU_23760	GO:0030163	5	0.25	0
BSU_05910	GO:0030163	5	0.25	0
BSU_06420	GO:0030436	5	0.25	0
BSU_13010	GO:0030436	5	0.25	0
BSU_20500	GO:0030163	5	0.25	0
BSU_13550	GO:0030436	5	0.25	0
BSU_06720	GO:0030163	5	0.25	0
BSU_39550	GO:0004497	5	0.25	0
BSU_17620	GO:0004497	5	0.25	0
BSU_24170	GO:0030436	5	0.25	0
BSU_02430	GO:0006355	5	0.25	0
BSU_09930	GO:0006355	5	0.25	0
BSU_09100	GO:0006355	5	0.25	0
BSU_20250	GO:0006355	5	0.25	0
BSU_04080	GO:0006355	5	0.25	0
BSU_03320	GO:0006355	5	0.25	0
BSU_02690	GO:0006355	5	0.25	0
BSU_14830	GO:0006355	5	0.25	0
BSU_36660	GO:0006355	5	0.25	0
BSU_19540	GO:0006355	5	0.25	0
BSU_36650	GO:0006355	5	0.25	0
BSU_00330	GO:0004850	5	0.25	0
BSU_10390	GO:0000166	5	0.25	0
BSU_07050	GO:0004850	5	0.25	0
BSU_31840	GO:0000166	5	0.25	0
BSU_21440	GO:0000166	5	0.25	0
BSU_16330	GO:0004850	5	0.25	0
BSU_29000	GO:0006355	5	0.25	0
BSU_34750	GO:0006355	5	0.25	0
BSU_10130	GO:0004497	5	0.25	0
BSU_03982	GO:0051301	5	0.25	0
BSU_30670	GO:0004497	5	0.25	0
BSU_18670	GO:0051301	5	0.25	0
BSU_27070	GO:0051301	5	0.25	0
BSU_24170	GO:0051301	5	0.25	0
BSU_25500	GO:0051301	5	0.25	0
BSU_09100	GO:0051301	5	0.25	0
BSU_06830	GO:0051301	5	0.25	0
BSU_12910	GO:0051301	5	0.25	0
BSU_06830	GO:0006355	5	0.25	0
BSU_23800	GO:0051301	5	0.25	0
BSU_18480	GO:0051301	5	0.25	0
BSU_01640	GO:0051301	5	0.25	0
BSU_05910	GO:0051301	5	0.25	0
BSU_00710	GO:0051301	5	0.25	0
BSU_36550	GO:0006355	5	0.25	0
BSU_27840	GO:0006355	5	0.25	0
BSU_28560	GO:0030436	5	0.25	0
BSU_38190	GO:0030436	5	0.25	0
BSU_13750	GO:0000166	5	0.25	0
BSU_13010	GO:0016746	5	0.25	0
BSU_39750	GO:0016746	5	0.25	0
BSU_28770	GO:0016746	5	0.25	0
BSU_33960	GO:0016746	5	0.25	0
BSU_22100	GO:0016746	5	0.25	0
BSU_12300	GO:0016746	5	0.25	0
BSU_23070	GO:0016746	5	0.25	0
BSU_38860	GO:0016746	5	0.25	0
BSU_04080	GO:0005886	5	0.25	0
BSU_39410	GO:0016746	5	0.25	0
BSU_37390	GO:0005886	5	0.25	0
BSU_29000	GO:0005886	5	0.25	0
BSU_14590	GO:0009061	5	0.25	0
BSU_24040	GO:0009061	5	0.25	0
BSU_07050	GO:0009061	5	0.25	0
BSU_16330	GO:0009061	5	0.25	0
BSU_01640	GO:0004527	5	0.25	0
BSU_29710	GO:0016746	5	0.25	0
BSU_02830	GO:0016746	5	0.25	0
BSU_36020	GO:0004527	5	0.25	0
BSU_35410	GO:0005886	5	0.25	0
BSU_12920	GO:0005886	5	0.25	0
BSU_09420	GO:0005886	5	0.25	0
BSU_08060	GO:0005886	5	0.25	0
BSU_05810	GO:0005886	5	0.25	0
BSU_36410	GO:0005886	5	0.25	0
BSU_16330	GO:0005886	5	0.25	0
BSU_17380	GO:0005886	5	0.25	0
BSU_00330	GO:0005886	5	0.25	0
BSU_03860	GO:0016746	5	0.25	0
BSU_33830	GO:0005886	5	0.25	0
BSU_33730	GO:0005886	5	0.25	0
BSU_36550	GO:0005886	5	0.25	0
BSU_38500	GO:0005886	5	0.25	0
BSU_27070	GO:0005886	5	0.25	0
BSU_31980	GO:0005886	5	0.25	0
BSU_19330	GO:0016746	5	0.25	0
BSU_20250	GO:0004527	5	0.25	0
BSU_09100	GO:0004527	5	0.25	0
BSU_23070	GO:0030436	5	0.25	0
BSU_33270	GO:0030163	5	0.25	0
BSU_17260	GO:0030163	5	0.25	0
BSU_38090	GO:0030163	5	0.25	0
BSU_23960	GO:0030163	5	0.25	0
BSU_30420	GO:0030163	5	0.25	0
BSU_14360	GO:0030163	5	0.25	0
BSU_16440	GO:0006285	5	0.25	0
BSU_12250	GO:0030163	5	0.25	0
BSU_34700	GO:0030163	5	0.25	0
BSU_29530	GO:0030163	5	0.25	0
BSU_37390	GO:0030163	5	0.25	0
BSU_03730	GO:0030163	5	0.25	0
BSU_06100	GO:0030163	5	0.25	0
BSU_09370	GO:0030163	5	0.25	0
BSU_24120	GO:0030436	5	0.25	0
BSU_19410	GO:0030163	5	0.25	0
BSU_21350	GO:0005886	5	0.25	0
BSU_24870	GO:0030163	5	0.25	0
BSU_30150	GO:0006285	5	0.25	0
BSU_17450	GO:0004527	5	0.25	0
BSU_13410	GO:0004527	5	0.25	0
BSU_35080	GO:0004527	5	0.25	0
BSU_24570	GO:0016757	5	0.25	0
BSU_38700	GO:0004527	5	0.25	0
BSU_04160	GO:0004527	5	0.25	0
BSU_14730	GO:0004527	5	0.25	0
BSU_26840	GO:0004527	5	0.25	0
BSU_12000	GO:0004527	5	0.25	0
BSU_03960	GO:0004527	5	0.25	0
BSU_41040	GO:0006285	5	0.25	0
BSU_29000	GO:0004527	5	0.25	0
BSU_15880	GO:0006285	5	0.25	0
BSU_19540	GO:0004527	5	0.25	0
BSU_08080	GO:0006285	5	0.25	0
BSU_05850	GO:0004527	5	0.25	0
BSU_10770	GO:0006285	5	0.25	0
BSU_34750	GO:0004527	5	0.25	0
BSU_19310	GO:0000166	5	0.25	0
BSU_23990	GO:0000166	5	0.25	0
BSU_28560	GO:0003677	5	0.25	0
BSU_24320	GO:0003677	5	0.25	0
BSU_33390	GO:0098660	5	0.25	0
BSU_16230	GO:0005737	5	0.25	0
BSU_23890	GO:0005737	5	0.25	0
BSU_41040	GO:0005737	5	0.25	0
BSU_23980	GO:0098660	5	0.25	0
BSU_21350	GO:0098660	5	0.25	0
BSU_14350	GO:0098660	5	0.25	0
BSU_32740	GO:0098660	5	0.25	0
BSU_12250	GO:0098660	5	0.25	0
BSU_07570	GO:0098660	5	0.25	0
BSU_17340	GO:0003677	5	0.25	0
BSU_39020	GO:0098660	5	0.25	0
BSU_03440	GO:0098660	5	0.25	0
BSU_38600	GO:0003677	5	0.25	0
BSU_24980	GO:0098660	5	0.25	0
BSU_35410	GO:0016020	5	0.25	0
BSU_24870	GO:0098660	5	0.25	0
BSU_09850	GO:0098660	5	0.25	0
BSU_21440	GO:0003677	5	0.25	0
BSU_12020	GO:0006508	5	0.25	0
BSU_25500	GO:0006508	5	0.25	0
BSU_07560	GO:0006508	5	0.25	0
BSU_34130	GO:0006508	5	0.25	0
BSU_07080	GO:0006508	5	0.25	0
BSU_19330	GO:0006508	5	0.25	0
BSU_06720	GO:0006508	5	0.25	0
BSU_35790	GO:0006508	5	0.25	0
BSU_10130	GO:0006508	5	0.25	0
BSU_31010	GO:0005737	5	0.25	0
BSU_12100	GO:0006508	5	0.25	0
BSU_34620	GO:0006508	5	0.25	0
BSU_02510	GO:0006508	5	0.25	0
BSU_37180	GO:0006508	5	0.25	0
BSU_05910	GO:0006508	5	0.25	0
BSU_39810	GO:0005737	5	0.25	0
BSU_28910	GO:0098660	5	0.25	0
BSU_16230	GO:0016020	5	0.25	0
BSU_06300	GO:0016020	5	0.25	0
BSU_09910	GO:0006508	5	0.25	0
BSU_09910	GO:0006355	5	0.25	0
BSU_38090	GO:0006355	5	0.25	0
BSU_21440	GO:0006355	5	0.25	0
BSU_01820	GO:0006355	5	0.25	0
BSU_07000	GO:0006355	5	0.25	0
BSU_31920	GO:0006355	5	0.25	0
BSU_33680	GO:0006355	5	0.25	0
BSU_13410	GO:0006355	5	0.25	0
BSU_22620	GO:0008881	5	0.25	0
BSU_13010	GO:0006355	5	0.25	0
BSU_39750	GO:0008881	5	0.25	0
BSU_05870	GO:0003677	5	0.25	0
BSU_07080	GO:0003677	5	0.25	0
BSU_34130	GO:0003677	5	0.25	0
BSU_07560	GO:0003677	5	0.25	0
BSU_12300	GO:0008881	5	0.25	0
BSU_38860	GO:0008881	5	0.25	0
BSU_13550	GO:0006355	5	0.25	0
BSU_00490	GO:0006355	5	0.25	0
BSU_38090	GO:0003677	5	0.25	0
BSU_31010	GO:0016020	5	0.25	0
BSU_27930	GO:0016020	5	0.25	0
BSU_23470	GO:0016020	5	0.25	0
BSU_12920	GO:0016020	5	0.25	0
BSU_06830	GO:0016020	5	0.25	0
BSU_00330	GO:0016020	5	0.25	0
BSU_13550	GO:0003677	5	0.25	0
BSU_24700	GO:0016020	5	0.25	0
BSU_13010	GO:0003677	5	0.25	0
BSU_06420	GO:0006355	5	0.25	0
BSU_35940	GO:0016020	5	0.25	0
BSU_00490	GO:0003677	5	0.25	0
BSU_06420	GO:0003677	5	0.25	0
BSU_09950	GO:0016020	5	0.25	0
BSU_38860	GO:0003677	5	0.25	0
BSU_40550	GO:0003677	5	0.25	0
BSU_13690	GO:0016020	5	0.25	0
BSU_15850	GO:0006508	5	0.25	0
BSU_15620	GO:0006508	5	0.25	0
BSU_21860	GO:0000166	5	0.25	0
BSU_38860	GO:0019344	5	0.25	0
BSU_09950	GO:0016887	5	0.25	0
BSU_31010	GO:0016887	5	0.25	0
BSU_36410	GO:0016887	5	0.25	0
BSU_39810	GO:0016887	5	0.25	0
BSU_36520	GO:0019344	5	0.25	0
BSU_37810	GO:0019344	5	0.25	0
BSU_33720	GO:0016887	5	0.25	0
BSU_33820	GO:0016887	5	0.25	0
BSU_37180	GO:0000166	5	0.25	0
BSU_23570	GO:0019344	5	0.25	0
BSU_22630	GO:0019344	5	0.25	0
BSU_23890	GO:0016887	5	0.25	0
BSU_35330	GO:0019344	5	0.25	0
BSU_13010	GO:0019344	5	0.25	0
BSU_11340	GO:0019344	5	0.25	0
BSU_38580	GO:0016887	5	0.25	0
BSU_30150	GO:0016887	5	0.25	0
BSU_02830	GO:0000166	5	0.25	0
BSU_13690	GO:0016887	5	0.25	0
BSU_23890	GO:0016887	5	0.25	0
BSU_37810	GO:0000166	5	0.25	0
BSU_32490	GO:0000166	5	0.25	0
BSU_39810	GO:0016887	5	0.25	0
BSU_34790	GO:0000166	5	0.25	0
BSU_25780	GO:0000166	5	0.25	0
BSU_22610	GO:0000166	5	0.25	0
BSU_23070	GO:0000166	5	0.25	0
BSU_20040	GO:0000166	5	0.25	0
BSU_18480	GO:0000166	5	0.25	0
BSU_41040	GO:0016887	5	0.25	0
BSU_15110	GO:0000166	5	0.25	0
BSU_19330	GO:0000166	5	0.25	0
BSU_03860	GO:0000166	5	0.25	0
BSU_33690	GO:0016887	5	0.25	0
BSU_12910	GO:0000166	5	0.25	0
BSU_23800	GO:0000166	5	0.25	0
BSU_09950	GO:0016887	5	0.25	0
BSU_31260	GO:0016887	5	0.25	0
BSU_15860	GO:0006508	5	0.25	0
BSU_33380	GO:0006508	5	0.25	0
BSU_31710	GO:0006508	5	0.25	0
BSU_15880	GO:0005737	5	0.25	0
BSU_03960	GO:0006508	5	0.25	0
BSU_30150	GO:0005737	5	0.25	0
BSU_16970	GO:0006508	5	0.25	0
BSU_12210	GO:0006508	5	0.25	0
BSU_39550	GO:0006508	5	0.25	0
BSU_30770	GO:0006508	5	0.25	0
BSU_27120	GO:0005737	5	0.25	0
BSU_40550	GO:0006508	5	0.25	0
BSU_38370	GO:0006508	5	0.25	0
BSU_29590	GO:0006508	5	0.25	0
BSU_27880	GO:0006508	5	0.25	0
BSU_24120	GO:0006508	5	0.25	0
BSU_33240	GO:0006508	5	0.25	0
BSU_17620	GO:0006508	5	0.25	0
BSU_13750	GO:0006508	5	0.25	0
BSU_33690	GO:0005737	5	0.25	0
BSU_24320	GO:0019344	5	0.25	0
BSU_36550	GO:0005215	5	0.25	0
BSU_28910	GO:0005215	5	0.25	0
BSU_09850	GO:0005215	5	0.25	0
BSU_12250	GO:0005215	5	0.25	0
BSU_24870	GO:0005215	5	0.25	0
BSU_33390	GO:0005215	5	0.25	0
BSU_24980	GO:0005215	5	0.25	0
BSU_23980	GO:0005215	5	0.25	0
BSU_21350	GO:0005215	5	0.25	0
BSU_22470	GO:0006508	5	0.25	0
BSU_14350	GO:0005215	5	0.25	0
BSU_32740	GO:0005215	5	0.25	0
BSU_07050	GO:0005737	5	0.25	0
BSU_39020	GO:0005215	5	0.25	0
BSU_03440	GO:0005215	5	0.25	0
BSU_34450	GO:0006508	5	0.25	0
BSU_29000	GO:0006508	5	0.25	0
BSU_12250	GO:0005886	5	0.25	0
BSU_15860	GO:0009055	5	0.25	0
BSU_37320	GO:0016020	5	0.25	0
BSU_03982	GO:0006525	5	0.25	0
BSU_23070	GO:0003824	5	0.25	0
BSU_12910	GO:0006525	5	0.25	0
BSU_17380	GO:0003824	5	0.25	0
BSU_17340	GO:0046872	5	0.25	0
BSU_20500	GO:0046872	5	0.25	0
BSU_12910	GO:0050661	5	0.25	0
BSU_12100	GO:0035435	5	0.25	0
BSU_18480	GO:0050661	5	0.25	0
BSU_40550	GO:0003824	5	0.25	0
BSU_15620	GO:0009423	5	0.25	0
BSU_38860	GO:0003824	5	0.25	0
BSU_20040	GO:0003824	5	0.25	0
BSU_03440	GO:0035435	5	0.25	0
BSU_02830	GO:0050661	5	0.25	0
BSU_34900	GO:0046872	5	0.25	0
BSU_37180	GO:0050661	5	0.25	0
BSU_13690	GO:0030420	5	0.25	0
BSU_14350	GO:0030420	5	0.25	0
BSU_18210	GO:0046872	5	0.25	0
BSU_03860	GO:0050661	5	0.25	0
BSU_33530	GO:0009423	5	0.25	0
BSU_03982	GO:0035435	5	0.25	0
BSU_07560	GO:0009423	5	0.25	0
BSU_05910	GO:0006525	5	0.25	0
BSU_01640	GO:0006525	5	0.25	0
BSU_37810	GO:0003756	5	0.25	0
BSU_10130	GO:0009423	5	0.25	0
BSU_39020	GO:0035435	5	0.25	0
BSU_19330	GO:0050661	5	0.25	0
BSU_09100	GO:0004315	5	0.25	0
BSU_28140	GO:0009423	5	0.25	0
BSU_02510	GO:0009423	5	0.25	0
BSU_25500	GO:0004315	5	0.25	0
BSU_24170	GO:0004315	5	0.25	0
BSU_13750	GO:0003756	5	0.25	0
BSU_07270	GO:0009423	5	0.25	0
BSU_10530	GO:0009423	5	0.25	0
BSU_18480	GO:0006525	5	0.25	0
BSU_23800	GO:0006525	5	0.25	0
BSU_17390	GO:0003824	5	0.25	0
BSU_23760	GO:0046872	5	0.25	0
BSU_15590	GO:0008360	5	0.25	0
BSU_30420	GO:0000155	5	0.25	0
BSU_13010	GO:0003824	5	0.25	0
BSU_23760	GO:0030420	5	0.25	0
BSU_31980	GO:0000155	5	0.25	0
BSU_00710	GO:0030420	5	0.25	0
BSU_08060	GO:0003824	5	0.25	0
BSU_01530	GO:0016977	5	0.25	0
BSU_05910	GO:0030420	5	0.25	0
BSU_34450	GO:0016977	5	0.25	0
BSU_01640	GO:0030420	5	0.25	0
BSU_34620	GO:0030420	5	0.25	0
BSU_18480	GO:0030420	5	0.25	0
BSU_12910	GO:0030420	5	0.25	0
BSU_23530	GO:0030420	5	0.25	0
BSU_40550	GO:0003677	5	0.25	0
BSU_03982	GO:0030420	5	0.25	0
BSU_38860	GO:0003677	5	0.25	0
BSU_24700	GO:0006750	5	0.25	0
BSU_24050	GO:0003824	5	0.25	0
BSU_34900	GO:0004315	5	0.25	0
BSU_18670	GO:0004315	5	0.25	0
BSU_35330	GO:0004315	5	0.25	0
BSU_06830	GO:0006525	5	0.25	0
BSU_18250	GO:0046872	5	0.25	0
BSU_37320	GO:0035435	5	0.25	0
BSU_33530	GO:0003824	5	0.25	0
BSU_31260	GO:0030420	5	0.25	0
BSU_17170	GO:0046872	5	0.25	0
BSU_11720	GO:0003824	5	0.25	0
BSU_09100	GO:0006525	5	0.25	0
BSU_30220	GO:0046872	5	0.25	0
BSU_15110	GO:0004315	5	0.25	0
BSU_24120	GO:0003677	5	0.25	0
BSU_10550	GO:0046872	5	0.25	0
BSU_01830	GO:0035435	5	0.25	0
BSU_37180	GO:0035435	5	0.25	0
BSU_07560	GO:0030420	5	0.25	0
BSU_23070	GO:0003677	5	0.25	0
BSU_15600	GO:0008360	5	0.25	0
BSU_15850	GO:0009423	5	0.25	0
BSU_32490	GO:0003756	5	0.25	0
BSU_03982	GO:0009314	5	0.25	0
BSU_23800	GO:0003756	5	0.25	0
BSU_25780	GO:0003677	5	0.25	0
BSU_23930	GO:0009423	5	0.25	0
BSU_30670	GO:0009423	5	0.25	0
BSU_27930	GO:0003677	5	0.25	0
BSU_19320	GO:0009423	5	0.25	0
BSU_03982	GO:0004315	5	0.25	0
BSU_02830	GO:0003756	5	0.25	0
BSU_18480	GO:0003756	5	0.25	0
BSU_34790	GO:0003677	5	0.25	0
BSU_12300	GO:0003677	5	0.25	0
BSU_02700	GO:0016977	5	0.25	0
BSU_12910	GO:0003756	5	0.25	0
BSU_08350	GO:0016977	5	0.25	0
BSU_30800	GO:0009423	5	0.25	0
BSU_14350	GO:0006525	5	0.25	0
BSU_22100	GO:0009423	5	0.25	0
BSU_03860	GO:0003756	5	0.25	0
BSU_17450	GO:0006525	5	0.25	0
BSU_37180	GO:0003756	5	0.25	0
BSU_28910	GO:0015793	5	0.25	0
BSU_00710	GO:0016491	5	0.25	0
BSU_23990	GO:0003756	5	0.25	0
BSU_38190	GO:0003677	5	0.25	0
BSU_33240	GO:0003677	5	0.25	0
BSU_27070	GO:0009380	5	0.25	0
BSU_22610	GO:0050661	5	0.25	0
BSU_18670	GO:0009380	5	0.25	0
BSU_24870	GO:0015793	5	0.25	0
BSU_01640	GO:0016491	5	0.25	0
BSU_07570	GO:0030435	5	0.25	0
BSU_05910	GO:0016491	5	0.25	0
BSU_12100	GO:0009423	5	0.25	0
BSU_34620	GO:0009423	5	0.25	0
BSU_23070	GO:0050661	5	0.25	0
BSU_05740	GO:0009423	5	0.25	0
BSU_09410	GO:0009423	5	0.25	0
BSU_37180	GO:0009423	5	0.25	0
BSU_05910	GO:0009423	5	0.25	0
BSU_32160	GO:0003756	5	0.25	0
BSU_39020	GO:0030435	5	0.25	0
BSU_17170	GO:0009423	5	0.25	0
BSU_28770	GO:0003677	5	0.25	0
BSU_21860	GO:0003824	5	0.25	0
BSU_22610	GO:0003756	5	0.25	0
BSU_37810	GO:0003824	5	0.25	0
BSU_24120	GO:0009423	5	0.25	0
BSU_22100	GO:0003677	5	0.25	0
BSU_23570	GO:0009423	5	0.25	0
BSU_32490	GO:0003824	5	0.25	0
BSU_25780	GO:0003756	5	0.25	0
BSU_06830	GO:0004315	5	0.25	0
BSU_34790	GO:0003824	5	0.25	0
BSU_25780	GO:0003824	5	0.25	0
BSU_34790	GO:0003756	5	0.25	0
BSU_00710	GO:0006525	5	0.25	0
BSU_22630	GO:0009423	5	0.25	0
BSU_32740	GO:0030420	5	0.25	0
BSU_21350	GO:0009423	5	0.25	0
BSU_34900	GO:0009423	5	0.25	0
BSU_15860	GO:0009423	5	0.25	0
BSU_23070	GO:0003756	5	0.25	0
BSU_24570	GO:0006525	5	0.25	0
BSU_19330	GO:0003756	5	0.25	0
BSU_20040	GO:0003756	5	0.25	0
BSU_03982	GO:0030435	5	0.25	0
BSU_33530	GO:0050661	5	0.25	0
BSU_12100	GO:0030435	5	0.25	0
BSU_27370	GO:0009423	5	0.25	0
BSU_22620	GO:0006525	5	0.25	0
BSU_33530	GO:0003756	5	0.25	0
BSU_03440	GO:0030435	5	0.25	0
BSU_37320	GO:0030435	5	0.25	0
BSU_33960	GO:0003677	5	0.25	0
BSU_21440	GO:0003824	5	0.25	0
BSU_01830	GO:0030435	5	0.25	0
BSU_34870	GO:0009423	5	0.25	0
BSU_15110	GO:0003756	5	0.25	0
BSU_06300	GO:0003824	5	0.25	0
BSU_38370	GO:0009423	5	0.25	0
BSU_12300	GO:0016747	5	0.25	0
BSU_37180	GO:0030435	5	0.25	0
BSU_23960	GO:0000155	5	0.25	0
BSU_10130	GO:0030420	5	0.25	0
BSU_26670	GO:0045892	5	0.25	0
BSU_16330	GO:0009252	5	0.25	0
BSU_14350	GO:0006071	5	0.25	0
BSU_01530	GO:0003677	5	0.25	0
BSU_37320	GO:0046872	5	0.25	0
BSU_05910	GO:0009314	5	0.25	0
BSU_17340	GO:0046872	5	0.25	0
BSU_07560	GO:0005886	5	0.25	0
BSU_37660	GO:0006750	5	0.25	0
BSU_34870	GO:0003824	5	0.25	0
BSU_01640	GO:0009314	5	0.25	0
BSU_23960	GO:0030420	5	0.25	0
BSU_20250	GO:0045892	5	0.25	0
BSU_38370	GO:0003824	5	0.25	0
BSU_24120	GO:0003824	5	0.25	0
BSU_11340	GO:0006750	5	0.25	0
BSU_33720	GO:0065002	5	0.25	0
BSU_33820	GO:0065002	5	0.25	0
BSU_31260	GO:0006071	5	0.25	0
BSU_35940	GO:0065002	5	0.25	0
BSU_20500	GO:0046872	5	0.25	0
BSU_37640	GO:0006750	5	0.25	0
BSU_17340	GO:0003677	5	0.25	0
BSU_13690	GO:0006071	5	0.25	0
BSU_31920	GO:0042601	5	0.25	0
BSU_21860	GO:0046872	5	0.25	0
BSU_23930	GO:0003824	5	0.25	0
BSU_22930	GO:0042601	5	0.25	0
BSU_23990	GO:0046872	5	0.25	0
BSU_30670	GO:0003824	5	0.25	0
BSU_01690	GO:0045892	5	0.25	0
BSU_31260	GO:0065002	5	0.25	0
BSU_14830	GO:0046872	5	0.25	0
BSU_19320	GO:0003824	5	0.25	0
BSU_34900	GO:0046872	5	0.25	0
BSU_32150	GO:0016977	5	0.25	0
BSU_04110	GO:0042601	5	0.25	0
BSU_30800	GO:0003824	5	0.25	0
BSU_22100	GO:0003824	5	0.25	0
BSU_18840	GO:0046872	5	0.25	0
BSU_14590	GO:0009252	5	0.25	0
BSU_21350	GO:0046872	5	0.25	0
BSU_24170	GO:0006750	5	0.25	0
BSU_22470	GO:0003677	5	0.25	0
BSU_03320	GO:0003824	5	0.25	0
BSU_01640	GO:0046872	5	0.25	0
BSU_23960	GO:0006071	5	0.25	0
BSU_15620	GO:0016836	5	0.25	0
BSU_15860	GO:0016836	5	0.25	0
BSU_23980	GO:0006071	5	0.25	0
BSU_34900	GO:0016836	5	0.25	0
BSU_09910	GO:0045892	5	0.25	0
BSU_21350	GO:0016836	5	0.25	0
BSU_22630	GO:0016836	5	0.25	0
BSU_25500	GO:0003824	5	0.25	0
BSU_23570	GO:0016836	5	0.25	0
BSU_23530	GO:0042601	5	0.25	0
BSU_24120	GO:0016836	5	0.25	0
BSU_12910	GO:0046872	5	0.25	0
BSU_38370	GO:0016836	5	0.25	0
BSU_09930	GO:0045892	5	0.25	0
BSU_34870	GO:0016836	5	0.25	0
BSU_10350	GO:0006750	5	0.25	0
BSU_15850	GO:0016836	5	0.25	0
BSU_18480	GO:0009314	5	0.25	0
BSU_07560	GO:0016836	5	0.25	0
BSU_00710	GO:0046872	5	0.25	0
BSU_31700	GO:0042601	5	0.25	0
BSU_23800	GO:0009314	5	0.25	0
BSU_32150	GO:0042601	5	0.25	0
BSU_31010	GO:0065002	5	0.25	0
BSU_12910	GO:0009314	5	0.25	0
BSU_09100	GO:0045892	5	0.25	0
BSU_05810	GO:0009252	5	0.25	0
BSU_18210	GO:0046872	5	0.25	0
BSU_23760	GO:0046872	5	0.25	0
BSU_00710	GO:0046872	5	0.25	0
BSU_09930	GO:0005886	5	0.25	0
BSU_04080	GO:0042601	5	0.25	0
BSU_23530	GO:0006071	5	0.25	0
BSU_02510	GO:0016836	5	0.25	0
BSU_28140	GO:0016836	5	0.25	0
BSU_10130	GO:0016836	5	0.25	0
BSU_00710	GO:0009314	5	0.25	0
BSU_32460	GO:0003677	5	0.25	0
BSU_23760	GO:0046872	5	0.25	0
BSU_37320	GO:0006071	5	0.25	0
BSU_19120	GO:0045892	5	0.25	0
BSU_15590	GO:0000155	5	0.25	0
BSU_10390	GO:0003756	5	0.25	0
BSU_12100	GO:0006071	5	0.25	0
BSU_15600	GO:0000155	5	0.25	0
BSU_10910	GO:0000155	5	0.25	0
BSU_03982	GO:0006071	5	0.25	0
BSU_28560	GO:0000155	5	0.25	0
BSU_10360	GO:0000155	5	0.25	0
BSU_35330	GO:0030420	5	0.25	0
BSU_34900	GO:0030420	5	0.25	0
BSU_39020	GO:0006071	5	0.25	0
BSU_12910	GO:0003824	5	0.25	0
BSU_13010	GO:0003677	5	0.25	0
BSU_30260	GO:0045892	5	0.25	0
BSU_39810	GO:0065002	5	0.25	0
BSU_21350	GO:0016977	5	0.25	0
BSU_03440	GO:0006071	5	0.25	0
BSU_01570	GO:0016977	5	0.25	0
BSU_27070	GO:0009252	5	0.25	0
BSU_15110	GO:0030420	5	0.25	0
BSU_23980	GO:0030420	5	0.25	0
BSU_17380	GO:0000155	5	0.25	0
BSU_14700	GO:0016977	5	0.25	0
BSU_00160	GO:0006750	5	0.25	0
BSU_25500	GO:0030420	5	0.25	0
BSU_19310	GO:0003756	5	0.25	0
BSU_11100	GO:0016977	5	0.25	0
BSU_34620	GO:0016977	5	0.25	0
BSU_24170	GO:0030420	5	0.25	0
BSU_24980	GO:0030420	5	0.25	0
BSU_10530	GO:0003756	5	0.25	0
BSU_24980	GO:0035435	5	0.25	0
BSU_13550	GO:0003824	5	0.25	0
BSU_21440	GO:0003756	5	0.25	0
BSU_31840	GO:0003756	5	0.25	0
BSU_01830	GO:0006071	5	0.25	0
BSU_07000	GO:0016977	5	0.25	0
BSU_13550	GO:0003677	5	0.25	0
BSU_38190	GO:0030420	5	0.25	0
BSU_24870	GO:0046872	5	0.25	0
BSU_34870	GO:0030420	5	0.25	0
BSU_29710	GO:0042601	5	0.25	0
BSU_30630	GO:0003677	5	0.25	0
BSU_01570	GO:0042601	5	0.25	0
BSU_35730	GO:0030420	5	0.25	0
BSU_01630	GO:0030420	5	0.25	0
BSU_05330	GO:0045892	5	0.25	0
BSU_08440	GO:0030420	5	0.25	0
BSU_12920	GO:0006750	5	0.25	0
BSU_16970	GO:0030420	5	0.25	0
BSU_10920	GO:0046872	5	0.25	0
BSU_19430	GO:0046872	5	0.25	0
BSU_00900	GO:0046872	5	0.25	0
BSU_37810	GO:0046872	5	0.25	0
BSU_37820	GO:0046872	5	0.25	0
BSU_26840	GO:0046872	5	0.25	0
BSU_32740	GO:0006071	5	0.25	0
BSU_03920	GO:0042601	5	0.25	0
BSU_09950	GO:0065002	5	0.25	0
BSU_38040	GO:0030420	5	0.25	0
BSU_33240	GO:0030420	5	0.25	0
BSU_31980	GO:0030420	5	0.25	0
BSU_19200	GO:0030420	5	0.25	0
BSU_22930	GO:0003677	5	0.25	0
BSU_23890	GO:0065002	5	0.25	0
BSU_41040	GO:0065002	5	0.25	0
BSU_09430	GO:0045892	5	0.25	0
BSU_19410	GO:0006750	5	0.25	0
BSU_05910	GO:0000155	5	0.25	0
BSU_23800	GO:0003824	5	0.25	0
BSU_08190	GO:0045892	5	0.25	0
BSU_18480	GO:0003824	5	0.25	0
BSU_25780	GO:0030420	5	0.25	0
BSU_21440	GO:0000155	5	0.25	0
BSU_34790	GO:0030420	5	0.25	0
BSU_40550	GO:0030420	5	0.25	0
BSU_38500	GO:0000155	5	0.25	0
BSU_38580	GO:0065002	5	0.25	0
BSU_35620	GO:0000155	5	0.25	0
BSU_32740	GO:0030435	5	0.25	0
BSU_07000	GO:0003677	5	0.25	0
BSU_05870	GO:0009423	5	0.25	0
BSU_39810	GO:1902475	5	0.25	0
BSU_35620	GO:0019556	5	0.25	0
BSU_31260	GO:1902475	5	0.25	0
BSU_37320	GO:0016020	5	0.25	0
BSU_27070	GO:1902475	5	0.25	0
BSU_01830	GO:0016020	5	0.25	0
BSU_38500	GO:0008270	5	0.25	0
BSU_17380	GO:0051156	5	0.25	0
BSU_38580	GO:1902475	5	0.25	0
BSU_23960	GO:0051156	5	0.25	0
BSU_01570	GO:0005737	5	0.25	0
BSU_37810	GO:0003677	5	0.25	0
BSU_38500	GO:0051156	5	0.25	0
BSU_36020	GO:0030435	5	0.25	0
BSU_23890	GO:1902475	5	0.25	0
BSU_02690	GO:0019556	5	0.25	0
BSU_31980	GO:0051156	5	0.25	0
BSU_09910	GO:0030435	5	0.25	0
BSU_19200	GO:0030435	5	0.25	0
BSU_13410	GO:0030435	5	0.25	0
BSU_15590	GO:0051156	5	0.25	0
BSU_15600	GO:0051156	5	0.25	0
BSU_09950	GO:0035999	5	0.25	0
BSU_10360	GO:0051156	5	0.25	0
BSU_31840	GO:0050661	5	0.25	0
BSU_15590	GO:0008270	5	0.25	0
BSU_12100	GO:0016020	5	0.25	0
BSU_12210	GO:0016651	5	0.25	0
BSU_12910	GO:0006355	5	0.25	0
BSU_23800	GO:0006355	5	0.25	0
BSU_21440	GO:0050661	5	0.25	0
BSU_18670	GO:0016491	5	0.25	0
BSU_28560	GO:0051156	5	0.25	0
BSU_10910	GO:0051156	5	0.25	0
BSU_09850	GO:0055085	5	0.25	0
BSU_15600	GO:0008270	5	0.25	0
BSU_11720	GO:0035999	5	0.25	0
BSU_11720	GO:0008270	5	0.25	0
BSU_27070	GO:0016491	5	0.25	0
BSU_24170	GO:0016491	5	0.25	0
BSU_33820	GO:1902475	5	0.25	0
BSU_33830	GO:1902475	5	0.25	0
BSU_05740	GO:0019556	5	0.25	0
BSU_30420	GO:0051156	5	0.25	0
BSU_00490	GO:0003677	5	0.25	0
BSU_08350	GO:0005737	5	0.25	0
BSU_02700	GO:0005737	5	0.25	0
BSU_12210	GO:0005737	5	0.25	0
BSU_33680	GO:0030435	5	0.25	0
BSU_30670	GO:0042838	5	0.25	0
BSU_37640	GO:0005737	5	0.25	0
BSU_23930	GO:0042838	5	0.25	0
BSU_26670	GO:0030435	5	0.25	0
BSU_26600	GO:0005737	5	0.25	0
BSU_27140	GO:0005737	5	0.25	0
BSU_11340	GO:0005737	5	0.25	0
BSU_29710	GO:0005737	5	0.25	0
BSU_23990	GO:0050661	5	0.25	0
BSU_18840	GO:0042838	5	0.25	0
BSU_19120	GO:0030435	5	0.25	0
BSU_31980	GO:0008360	5	0.25	0
BSU_35410	GO:0097588	5	0.25	0
BSU_10360	GO:0005737	5	0.25	0
BSU_33720	GO:1902475	5	0.25	0
BSU_28560	GO:0005737	5	0.25	0
BSU_12250	GO:0055085	5	0.25	0
BSU_24870	GO:0055085	5	0.25	0
BSU_33730	GO:1902475	5	0.25	0
BSU_31980	GO:0008270	5	0.25	0
BSU_26840	GO:0030435	5	0.25	0
BSU_03440	GO:0005737	5	0.25	0
BSU_38090	GO:0005737	5	0.25	0
BSU_10530	GO:0050661	5	0.25	0
BSU_37180	GO:0016020	5	0.25	0
BSU_19310	GO:0050661	5	0.25	0
BSU_05810	GO:0008270	5	0.25	0
BSU_21440	GO:0005737	5	0.25	0
BSU_13750	GO:0050661	5	0.25	0
BSU_36520	GO:0003677	5	0.25	0
BSU_19320	GO:0042838	5	0.25	0
BSU_31710	GO:0005737	5	0.25	0
BSU_18250	GO:0005737	5	0.25	0
BSU_28910	GO:0055085	5	0.25	0
BSU_03982	GO:0006355	5	0.25	0
BSU_07050	GO:0019556	5	0.25	0
BSU_19200	GO:0030435	5	0.25	0
BSU_35620	GO:0031160	5	0.25	0
BSU_33240	GO:0030435	5	0.25	0
BSU_34900	GO:0030435	5	0.25	0
BSU_35330	GO:0030435	5	0.25	0
BSU_16230	GO:0015833	5	0.25	0
BSU_15110	GO:0030435	5	0.25	0
BSU_10390	GO:0055085	5	0.25	0
BSU_09420	GO:0031160	5	0.25	0
BSU_04610	GO:0055085	5	0.25	0
BSU_27140	GO:0055085	5	0.25	0
BSU_28390	GO:0031160	5	0.25	0
BSU_34130	GO:0016651	5	0.25	0
BSU_07080	GO:0016651	5	0.25	0
BSU_19330	GO:0016651	5	0.25	0
BSU_25500	GO:0030435	5	0.25	0
BSU_06720	GO:0016651	5	0.25	0
BSU_35790	GO:0016651	5	0.25	0
BSU_07560	GO:0016651	5	0.25	0
BSU_41040	GO:0015833	5	0.25	0
BSU_21440	GO:0055085	5	0.25	0
BSU_23890	GO:0015833	5	0.25	0
BSU_15850	GO:0016651	5	0.25	0
BSU_25500	GO:0016651	5	0.25	0
BSU_34870	GO:0030435	5	0.25	0
BSU_23570	GO:0003677	5	0.25	0
BSU_03920	GO:0055085	5	0.25	0
BSU_35730	GO:0031160	5	0.25	0
BSU_25780	GO:0005829	5	0.25	0
BSU_38040	GO:0030435	5	0.25	0
BSU_27930	GO:0005829	5	0.25	0
BSU_40550	GO:0030435	5	0.25	0
BSU_34790	GO:0030435	5	0.25	0
BSU_25780	GO:0030435	5	0.25	0
BSU_34790	GO:0005829	5	0.25	0
BSU_18610	GO:0055085	5	0.25	0
BSU_38500	GO:0005829	5	0.25	0
BSU_40550	GO:0005829	5	0.25	0
BSU_24050	GO:0016651	5	0.25	0
BSU_22620	GO:0035999	5	0.25	0
BSU_12020	GO:0016651	5	0.25	0
BSU_22620	GO:0008270	5	0.25	0
BSU_09410	GO:0016651	5	0.25	0
BSU_37180	GO:0016651	5	0.25	0
BSU_05910	GO:0016651	5	0.25	0
BSU_24170	GO:0006355	5	0.25	0
BSU_15590	GO:0035999	5	0.25	0
BSU_05910	GO:0051156	5	0.25	0
BSU_25500	GO:0006355	5	0.25	0
BSU_38860	GO:0016747	5	0.25	0
BSU_31010	GO:0015833	5	0.25	0
BSU_03982	GO:0016020	5	0.25	0
BSU_24050	GO:0019556	5	0.25	0
BSU_16330	GO:0019556	5	0.25	0
BSU_10130	GO:0006355	5	0.25	0
BSU_03320	GO:0016651	5	0.25	0
BSU_11340	GO:0016651	5	0.25	0
BSU_15600	GO:0035999	5	0.25	0
BSU_14590	GO:0035999	5	0.25	0
BSU_30800	GO:0042838	5	0.25	0
BSU_02510	GO:0016651	5	0.25	0
BSU_30150	GO:0015833	5	0.25	0
BSU_10390	GO:0050661	5	0.25	0
BSU_05740	GO:0016651	5	0.25	0
BSU_07050	GO:0004659	5	0.25	0
BSU_18670	GO:0019556	5	0.25	0
BSU_39810	GO:0015833	5	0.25	0
BSU_10130	GO:0030435	5	0.25	0
BSU_05870	GO:0016651	5	0.25	0
BSU_03960	GO:0045892	5	0.25	0
BSU_34620	GO:0030435	5	0.25	0
BSU_33690	GO:0015833	5	0.25	0
BSU_12920	GO:0019556	5	0.25	0
BSU_05910	GO:0030435	5	0.25	0
BSU_22100	GO:0042838	5	0.25	0
BSU_00710	GO:0030435	5	0.25	0
BSU_23760	GO:0030435	5	0.25	0
BSU_12100	GO:0016651	5	0.25	0
BSU_16330	GO:0004659	5	0.25	0
BSU_09950	GO:1902475	5	0.25	0
BSU_34620	GO:0016651	5	0.25	0
BSU_38500	GO:0008360	5	0.25	0
BSU_39550	GO:0005737	5	0.25	0
BSU_12020	GO:0009423	5	0.25	0
BSU_34750	GO:0003700	5	0.25	0
BSU_05340	GO:0006355	5	0.25	0
BSU_05810	GO:0009380	5	0.25	0
BSU_03440	GO:0030420	5	0.25	0
BSU_23800	GO:0003700	5	0.25	0
BSU_37180	GO:0005737	5	0.25	0
BSU_12100	GO:0030420	5	0.25	0
BSU_18480	GO:0003700	5	0.25	0
BSU_12910	GO:0003677	5	0.25	0
BSU_36550	GO:0015793	5	0.25	0
BSU_33380	GO:0005737	5	0.25	0
BSU_24980	GO:0030435	5	0.25	0
BSU_23980	GO:0015793	5	0.25	0
BSU_06830	GO:0009380	5	0.25	0
BSU_03982	GO:0030420	5	0.25	0
BSU_16330	GO:0009380	5	0.25	0
BSU_19540	GO:0003700	5	0.25	0
BSU_24980	GO:0015793	5	0.25	0
BSU_39020	GO:0030420	5	0.25	0
BSU_23800	GO:0003677	5	0.25	0
BSU_12910	GO:0003700	5	0.25	0
BSU_03982	GO:0016491	5	0.25	0
BSU_18480	GO:0003677	5	0.25	0
BSU_12020	GO:0005737	5	0.25	0
BSU_05910	GO:0003677	5	0.25	0
BSU_09930	GO:0006355	5	0.25	0
BSU_14350	GO:0015793	5	0.25	0
BSU_05870	GO:0005737	5	0.25	0
BSU_00710	GO:0004315	5	0.25	0
BSU_11720	GO:0003700	5	0.25	0
BSU_24050	GO:0003700	5	0.25	0
BSU_09910	GO:0006355	5	0.25	0
BSU_31260	GO:0015793	5	0.25	0
BSU_12100	GO:0005737	5	0.25	0
BSU_37320	GO:0030420	5	0.25	0
BSU_20250	GO:0006355	5	0.25	0
BSU_08060	GO:0003700	5	0.25	0
BSU_02510	GO:0005737	5	0.25	0
BSU_21350	GO:0015793	5	0.25	0
BSU_34620	GO:0003677	5	0.25	0
BSU_23980	GO:0030435	5	0.25	0
BSU_05740	GO:0005737	5	0.25	0
BSU_23960	GO:0030435	5	0.25	0
BSU_34620	GO:0004315	5	0.25	0
BSU_15110	GO:0003677	5	0.25	0
BSU_18480	GO:0004315	5	0.25	0
BSU_34790	GO:0050661	5	0.25	0
BSU_23800	GO:0004315	5	0.25	0
BSU_38600	GO:0003700	5	0.25	0
BSU_12000	GO:0003700	5	0.25	0
BSU_14730	GO:0003700	5	0.25	0
BSU_04160	GO:0003700	5	0.25	0
BSU_38700	GO:0003700	5	0.25	0
BSU_12910	GO:0004315	5	0.25	0
BSU_23470	GO:0003700	5	0.25	0
BSU_35330	GO:0003677	5	0.25	0
BSU_25780	GO:0050661	5	0.25	0
BSU_22770	GO:0003700	5	0.25	0
BSU_24320	GO:0003700	5	0.25	0
BSU_34900	GO:0003677	5	0.25	0
BSU_35790	GO:0009423	5	0.25	0
BSU_33820	GO:0015793	5	0.25	0
BSU_09100	GO:0009380	5	0.25	0
BSU_09410	GO:0005737	5	0.25	0
BSU_28390	GO:0005737	5	0.25	0
BSU_29000	GO:0003700	5	0.25	0
BSU_05910	GO:0004315	5	0.25	0
BSU_03982	GO:0003677	5	0.25	0
BSU_01640	GO:0004315	5	0.25	0
BSU_23890	GO:0097588	5	0.25	0
BSU_14590	GO:0009380	5	0.25	0
BSU_31260	GO:0030435	5	0.25	0
BSU_10130	GO:0003677	5	0.25	0
BSU_14350	GO:0030435	5	0.25	0
BSU_25500	GO:0003677	5	0.25	0
BSU_13690	GO:0030435	5	0.25	0
BSU_09930	GO:0003700	5	0.25	0
BSU_09100	GO:0003700	5	0.25	0
BSU_41040	GO:0097588	5	0.25	0
BSU_20250	GO:0003700	5	0.25	0
BSU_24170	GO:0003677	5	0.25	0
BSU_33720	GO:0015793	5	0.25	0
BSU_35790	GO:0005737	5	0.25	0
BSU_00330	GO:0097588	5	0.25	0
BSU_10350	GO:0005737	5	0.25	0
BSU_21350	GO:0055085	5	0.25	0
BSU_05910	GO:0006355	5	0.25	0
BSU_05910	GO:0042838	5	0.25	0
BSU_23070	GO:0016747	5	0.25	0
BSU_00710	GO:0006355	5	0.25	0
BSU_37180	GO:0042838	5	0.25	0
BSU_09410	GO:0042838	5	0.25	0
BSU_23760	GO:0006355	5	0.25	0
BSU_32740	GO:0035435	5	0.25	0
BSU_16330	GO:0097588	5	0.25	0
BSU_02510	GO:0030435	5	0.25	0
BSU_02700	GO:0030435	5	0.25	0
BSU_34620	GO:0042838	5	0.25	0
BSU_38500	GO:0035999	5	0.25	0
BSU_12100	GO:0042838	5	0.25	0
BSU_24120	GO:0005737	5	0.25	0
BSU_04080	GO:0005737	5	0.25	0
BSU_39020	GO:0055085	5	0.25	0
BSU_27880	GO:0005737	5	0.25	0
BSU_29590	GO:0005737	5	0.25	0
BSU_25500	GO:0016491	5	0.25	0
BSU_23980	GO:0055085	5	0.25	0
BSU_30770	GO:0005737	5	0.25	0
BSU_03920	GO:0005737	5	0.25	0
BSU_31920	GO:0005737	5	0.25	0
BSU_22930	GO:0005737	5	0.25	0
BSU_04110	GO:0005737	5	0.25	0
BSU_39070	GO:0042838	5	0.25	0
BSU_21860	GO:0050661	5	0.25	0
BSU_35400	GO:0097588	5	0.25	0
BSU_00710	GO:0042838	5	0.25	0
BSU_38370	GO:0005737	5	0.25	0
BSU_18480	GO:0006355	5	0.25	0
BSU_34620	GO:0006355	5	0.25	0
BSU_16230	GO:0097588	5	0.25	0
BSU_37810	GO:0050661	5	0.25	0
BSU_09430	GO:0030435	5	0.25	0
BSU_31700	GO:0005737	5	0.25	0
BSU_32150	GO:0005737	5	0.25	0
BSU_07050	GO:0035999	5	0.25	0
BSU_23760	GO:0003677	5	0.25	0
BSU_06720	GO:0005737	5	0.25	0
BSU_39020	GO:0015793	5	0.25	0
BSU_07570	GO:0035435	5	0.25	0
BSU_13410	GO:0006355	5	0.25	0
BSU_15620	GO:0005737	5	0.25	0
BSU_37180	GO:0030420	5	0.25	0
BSU_17380	GO:0008360	5	0.25	0
BSU_22970	GO:0005737	5	0.25	0
BSU_01830	GO:0030420	5	0.25	0
BSU_32740	GO:0015793	5	0.25	0
BSU_09910	GO:0005737	5	0.25	0
BSU_15850	GO:0005737	5	0.25	0
BSU_07560	GO:0005737	5	0.25	0
BSU_06830	GO:0016491	5	0.25	0
BSU_34130	GO:0005737	5	0.25	0
BSU_07080	GO:0005737	5	0.25	0
BSU_00490	GO:0005737	5	0.25	0
BSU_19330	GO:0005737	5	0.25	0
BSU_36410	GO:0009380	5	0.25	0
BSU_29000	GO:0006355	5	0.25	0
BSU_19540	GO:0006355	5	0.25	0
BSU_34750	GO:0006355	5	0.25	0
BSU_15860	GO:0005737	5	0.25	0
BSU_23530	GO:0005737	5	0.25	0
BSU_36550	GO:0005737	5	0.25	0
BSU_05810	GO:0035999	5	0.25	0
BSU_37160	GO:0097588	5	0.25	0
BSU_27840	GO:0005737	5	0.25	0
BSU_09100	GO:0016491	5	0.25	0
BSU_00710	GO:0003677	5	0.25	0
BSU_38580	GO:0035999	5	0.25	0
BSU_38700	GO:0097588	5	0.25	0
BSU_03440	GO:0015793	5	0.25	0
BSU_17620	GO:0005737	5	0.25	0
BSU_31920	GO:0006355	5	0.25	0
BSU_08060	GO:0035999	5	0.25	0
BSU_05870	GO:0042838	5	0.25	0
BSU_12020	GO:0042838	5	0.25	0
BSU_20040	GO:0005737	5	0.25	0
BSU_33680	GO:0006355	5	0.25	0
BSU_38090	GO:0006750	5	0.25	0
BSU_27370	GO:0016836	5	0.25	0
BSU_33690	GO:0003677	5	0.25	0
BSU_37820	GO:0016740	5	0.25	0
BSU_29530	GO:0016020	5	0.25	0
BSU_03730	GO:0030435	5	0.25	0
BSU_16970	GO:0051537	5	0.25	0
BSU_08440	GO:0051537	5	0.25	0
BSU_02510	GO:0005886	5	0.25	0
BSU_34900	GO:0106435	5	0.25	0
BSU_09910	GO:0005886	5	0.25	0
BSU_03982	GO:0016020	5	0.25	0
BSU_10920	GO:0003677	5	0.25	0
BSU_10360	GO:0005886	5	0.25	0
BSU_35730	GO:0051537	5	0.25	0
BSU_34870	GO:0051537	5	0.25	0
BSU_03990	GO:0016740	5	0.25	0
BSU_10130	GO:0106435	5	0.25	0
BSU_38500	GO:0005829	5	0.25	0
BSU_00390	GO:0016740	5	0.25	0
BSU_08440	GO:0016020	5	0.25	0
BSU_36290	GO:0016740	5	0.25	0
BSU_19200	GO:0106435	5	0.25	0
BSU_37320	GO:0042907	5	0.25	0
BSU_30800	GO:0016740	5	0.25	0
BSU_03960	GO:0051537	5	0.25	0
BSU_23530	GO:0016020	5	0.25	0
BSU_15620	GO:0015293	5	0.25	0
BSU_06300	GO:0016616	5	0.25	0
BSU_19430	GO:0003677	5	0.25	0
BSU_11720	GO:0005829	5	0.25	0
BSU_07000	GO:0043565	5	0.25	0
BSU_13010	GO:0016740	5	0.25	0
BSU_17340	GO:0016740	5	0.25	0
BSU_15860	GO:0015293	5	0.25	0
BSU_13690	GO:0016020	5	0.25	0
BSU_38860	GO:0016740	5	0.25	0
BSU_39550	GO:0016740	5	0.25	0
BSU_18070	GO:0035429	5	0.25	0
BSU_20040	GO:0015293	5	0.25	0
BSU_38090	GO:0005886	5	0.25	0
BSU_05910	GO:0005886	5	0.25	0
BSU_17620	GO:0035429	5	0.25	0
BSU_12100	GO:0016020	5	0.25	0
BSU_07000	GO:0005886	5	0.25	0
BSU_23760	GO:0016740	5	0.25	0
BSU_37320	GO:0016020	5	0.25	0
BSU_32290	GO:0106435	5	0.25	0
BSU_03630	GO:0016616	5	0.25	0
BSU_25780	GO:0051537	5	0.25	0
BSU_30770	GO:0016020	5	0.25	0
BSU_32460	GO:0005886	5	0.25	0
BSU_04110	GO:0005886	5	0.25	0
BSU_02730	GO:0030435	5	0.25	0
BSU_36410	GO:0004527	5	0.25	0
BSU_33970	GO:0004527	5	0.25	0
BSU_05850	GO:0004527	5	0.25	0
BSU_36020	GO:0005886	5	0.25	0
BSU_30150	GO:0006289	5	0.25	0
BSU_17620	GO:0015293	5	0.25	0
BSU_01830	GO:0016020	5	0.25	0
BSU_41040	GO:0006289	5	0.25	0
BSU_10770	GO:0006289	5	0.25	0
BSU_20500	GO:0003677	5	0.25	0
BSU_07560	GO:0005886	5	0.25	0
BSU_16440	GO:0006289	5	0.25	0
BSU_14360	GO:0016020	5	0.25	0
BSU_31980	GO:0005829	5	0.25	0
BSU_38040	GO:0051537	5	0.25	0
BSU_40550	GO:0051537	5	0.25	0
BSU_34620	GO:0016740	5	0.25	0
BSU_23760	GO:0003677	5	0.25	0
BSU_34620	GO:0106435	5	0.25	0
BSU_10130	GO:0016740	5	0.25	0
BSU_23760	GO:0106435	5	0.25	0
BSU_34790	GO:0051537	5	0.25	0
BSU_36290	GO:0106435	5	0.25	0
BSU_33380	GO:0016020	5	0.25	0
BSU_05810	GO:0004124	5	0.25	0
BSU_03982	GO:0004124	5	0.25	0
BSU_17340	GO:0043565	5	0.25	0
BSU_12910	GO:0004124	5	0.25	0
BSU_23800	GO:0004124	5	0.25	0
BSU_18480	GO:0004124	5	0.25	0
BSU_00390	GO:0106435	5	0.25	0
BSU_30240	GO:0016740	5	0.25	0
BSU_23960	GO:0016020	5	0.25	0
BSU_17170	GO:0016836	5	0.25	0
BSU_23800	GO:0005524	5	0.25	0
BSU_03730	GO:0003677	5	0.25	0
BSU_33270	GO:0042907	5	0.25	0
BSU_00330	GO:0005737	5	0.25	0
BSU_39020	GO:0035429	5	0.25	0
BSU_32150	GO:0016740	5	0.25	0
BSU_12910	GO:0005524	5	0.25	0
BSU_14360	GO:0042907	5	0.25	0
BSU_10360	GO:0022857	5	0.25	0
BSU_18480	GO:0005524	5	0.25	0
BSU_12250	GO:0003677	5	0.25	0
BSU_34620	GO:0005524	5	0.25	0
BSU_28560	GO:0022857	5	0.25	0
BSU_10910	GO:0022857	5	0.25	0
BSU_10920	GO:0022857	5	0.25	0
BSU_33820	GO:0042907	5	0.25	0
BSU_25500	GO:0015293	5	0.25	0
BSU_33720	GO:0042907	5	0.25	0
BSU_23960	GO:0022857	5	0.25	0
BSU_34700	GO:0042907	5	0.25	0
BSU_06300	GO:0005737	5	0.25	0
BSU_17390	GO:0005737	5	0.25	0
BSU_12920	GO:0005737	5	0.25	0
BSU_07080	GO:0015293	5	0.25	0
BSU_34130	GO:0015293	5	0.25	0
BSU_06830	GO:0005524	5	0.25	0
BSU_09410	GO:0016051	5	0.25	0
BSU_23760	GO:0022857	5	0.25	0
BSU_10130	GO:0005524	5	0.25	0
BSU_24010	GO:0042907	5	0.25	0
BSU_05910	GO:0022857	5	0.25	0
BSU_07050	GO:0005737	5	0.25	0
BSU_14830	GO:0016051	5	0.25	0
BSU_02430	GO:0016051	5	0.25	0
BSU_34700	GO:0030435	5	0.25	0
BSU_20500	GO:0022857	5	0.25	0
BSU_06720	GO:0022857	5	0.25	0
BSU_07560	GO:0015293	5	0.25	0
BSU_03982	GO:0005524	5	0.25	0
BSU_12100	GO:0035429	5	0.25	0
BSU_01640	GO:0005524	5	0.25	0
BSU_18210	GO:0003677	5	0.25	0
BSU_32490	GO:0016616	5	0.25	0
BSU_02730	GO:0022857	5	0.25	0
BSU_26600	GO:0016740	5	0.25	0
BSU_30770	GO:0016020	5	0.25	0
BSU_30420	GO:0016020	5	0.25	0
BSU_15590	GO:0005886	5	0.25	0
BSU_29000	GO:0022857	5	0.25	0
BSU_23980	GO:0005515	5	0.25	0
BSU_15590	GO:0005829	5	0.25	0
BSU_24450	GO:0016740	5	0.25	0
BSU_15600	GO:0005886	5	0.25	0
BSU_30240	GO:0022857	5	0.25	0
BSU_10910	GO:0005886	5	0.25	0
BSU_24980	GO:0042907	5	0.25	0
BSU_30790	GO:0022857	5	0.25	0
BSU_15600	GO:0005829	5	0.25	0
BSU_14350	GO:0042907	5	0.25	0
BSU_28560	GO:0005886	5	0.25	0
BSU_32740	GO:0042907	5	0.25	0
BSU_22620	GO:0005829	5	0.25	0
BSU_27140	GO:0016740	5	0.25	0
BSU_15850	GO:0015293	5	0.25	0
BSU_14360	GO:0016020	5	0.25	0
BSU_09910	GO:0015293	5	0.25	0
BSU_00710	GO:0005524	5	0.25	0
BSU_31980	GO:0022857	5	0.25	0
BSU_36520	GO:0016020	5	0.25	0
BSU_17380	GO:0005886	5	0.25	0
BSU_18210	GO:0030435	5	0.25	0
BSU_08440	GO:0016020	5	0.25	0
BSU_01630	GO:0016020	5	0.25	0
BSU_10390	GO:0005886	5	0.25	0
BSU_04080	GO:0022857	5	0.25	0
BSU_19430	GO:0022857	5	0.25	0
BSU_36520	GO:0022857	5	0.25	0
BSU_12250	GO:0022857	5	0.25	0
BSU_30420	GO:0042907	5	0.25	0
BSU_07570	GO:0035429	5	0.25	0
BSU_37390	GO:0022857	5	0.25	0
BSU_18210	GO:0022857	5	0.25	0
BSU_37180	GO:0016020	5	0.25	0
BSU_00530	GO:0106435	5	0.25	0
BSU_19200	GO:0051537	5	0.25	0
BSU_12020	GO:0016020	5	0.25	0
BSU_07560	GO:0016020	5	0.25	0
BSU_34130	GO:0016020	5	0.25	0
BSU_07080	GO:0016020	5	0.25	0
BSU_19330	GO:0016020	5	0.25	0
BSU_05330	GO:0043565	5	0.25	0
BSU_00710	GO:0044781	5	0.25	0
BSU_06720	GO:0016020	5	0.25	0
BSU_35790	GO:0016020	5	0.25	0
BSU_31260	GO:0016491	5	0.25	0
BSU_14730	GO:0004527	5	0.25	0
BSU_23760	GO:0044781	5	0.25	0
BSU_28560	GO:0005829	5	0.25	0
BSU_22930	GO:0106435	5	0.25	0
BSU_30630	GO:0106435	5	0.25	0
BSU_27070	GO:0005829	5	0.25	0
BSU_36290	GO:0044781	5	0.25	0
BSU_29590	GO:0051537	5	0.25	0
BSU_06830	GO:0005886	5	0.25	0
BSU_27070	GO:0016491	5	0.25	0
BSU_25500	GO:0016020	5	0.25	0
BSU_24040	GO:0004527	5	0.25	0
BSU_07570	GO:0016887	5	0.25	0
BSU_28770	GO:0106435	5	0.25	0
BSU_02690	GO:0046677	5	0.25	0
BSU_05740	GO:0046677	5	0.25	0
BSU_33240	GO:0016020	5	0.25	0
BSU_09410	GO:0046677	5	0.25	0
BSU_17620	GO:0016020	5	0.25	0
BSU_14830	GO:0046677	5	0.25	0
BSU_20040	GO:0016020	5	0.25	0
BSU_02430	GO:0046677	5	0.25	0
BSU_08060	GO:0005829	5	0.25	0
BSU_15860	GO:0016020	5	0.25	0
BSU_15620	GO:0016020	5	0.25	0
BSU_31700	GO:0016020	5	0.25	0
BSU_00710	GO:0051537	5	0.25	0
BSU_23760	GO:0051537	5	0.25	0
BSU_09910	GO:0016020	5	0.25	0
BSU_15850	GO:0016020	5	0.25	0
BSU_00390	GO:0044781	5	0.25	0
BSU_27880	GO:0051537	5	0.25	0
BSU_37180	GO:0051537	5	0.25	0
BSU_09370	GO:0005886	5	0.25	0
BSU_32460	GO:0106435	5	0.25	0
BSU_37180	GO:0016020	5	0.25	0
BSU_38090	GO:0005886	5	0.25	0
BSU_05910	GO:0016020	5	0.25	0
BSU_23570	GO:0006782	5	0.25	0
BSU_09430	GO:0043565	5	0.25	0
BSU_30240	GO:0030435	5	0.25	0
BSU_30790	GO:0030435	5	0.25	0
BSU_18670	GO:0044183	5	0.25	0
BSU_21350	GO:0005886	5	0.25	0
BSU_36550	GO:0005886	5	0.25	0
BSU_38190	GO:0046872	5	0.25	0
BSU_27070	GO:0044183	5	0.25	0
BSU_16440	GO:0003677	5	0.25	0
BSU_35330	GO:0046872	5	0.25	0
BSU_00490	GO:0005886	5	0.25	0
BSU_30800	GO:0044781	5	0.25	0
BSU_02510	GO:0016020	5	0.25	0
BSU_06100	GO:0030435	5	0.25	0
BSU_22970	GO:0005886	5	0.25	0
BSU_24980	GO:0016491	5	0.25	0
BSU_32740	GO:0016887	5	0.25	0
BSU_36550	GO:0016491	5	0.25	0
BSU_03990	GO:0044781	5	0.25	0
BSU_37820	GO:0044781	5	0.25	0
BSU_21860	GO:0051537	5	0.25	0
BSU_31700	GO:0005886	5	0.25	0
BSU_05870	GO:0016020	5	0.25	0
BSU_10130	GO:0016020	5	0.25	0
BSU_19410	GO:0005886	5	0.25	0
BSU_06070	GO:0005886	5	0.25	0
BSU_20250	GO:0005886	5	0.25	0
BSU_28390	GO:0046677	5	0.25	0
BSU_12100	GO:0016020	5	0.25	0
BSU_34620	GO:0016020	5	0.25	0
BSU_07050	GO:0003677	5	0.25	0
BSU_12920	GO:0005886	5	0.25	0
BSU_09410	GO:0016020	5	0.25	0
BSU_05910	GO:0051537	5	0.25	0
BSU_38580	GO:0016491	5	0.25	0
BSU_39020	GO:0016887	5	0.25	0
BSU_03440	GO:0046677	5	0.25	0
BSU_33240	GO:0015293	5	0.25	0
BSU_01570	GO:0106435	5	0.25	0
BSU_41040	GO:0008233	5	0.25	0
BSU_37180	GO:0016887	5	0.25	0
BSU_01830	GO:0046677	5	0.25	0
BSU_12100	GO:0016020	5	0.25	0
BSU_37320	GO:0016020	5	0.25	0
BSU_05810	GO:0005829	5	0.25	0
BSU_01830	GO:0016887	5	0.25	0
BSU_23890	GO:0008233	5	0.25	0
BSU_01830	GO:0016020	5	0.25	0
BSU_35410	GO:0004527	5	0.25	0
BSU_07050	GO:0016763	5	0.25	0
BSU_37320	GO:0016887	5	0.25	0
BSU_24170	GO:0051537	5	0.25	0
BSU_24120	GO:0015293	5	0.25	0
BSU_25500	GO:0051537	5	0.25	0
BSU_15110	GO:0051537	5	0.25	0
BSU_15880	GO:0006289	5	0.25	0
BSU_27880	GO:0015293	5	0.25	0
BSU_23570	GO:0016020	5	0.25	0
BSU_23960	GO:0016020	5	0.25	0
BSU_08080	GO:0006289	5	0.25	0
BSU_38700	GO:0004527	5	0.25	0
BSU_23530	GO:0016020	5	0.25	0
BSU_17450	GO:0004527	5	0.25	0
BSU_33240	GO:0051537	5	0.25	0
BSU_38190	GO:0051537	5	0.25	0
BSU_09100	GO:0004527	5	0.25	0
BSU_17620	GO:0016020	5	0.25	0
BSU_35330	GO:0005886	5	0.25	0
BSU_34900	GO:0051537	5	0.25	0
BSU_35330	GO:0051537	5	0.25	0
BSU_19200	GO:0005886	5	0.25	0
BSU_24580	GO:0106435	5	0.25	0
BSU_18070	GO:0016020	5	0.25	0
BSU_00330	GO:0016763	5	0.25	0
BSU_01640	GO:0016020	5	0.25	0
BSU_31010	GO:0008233	5	0.25	0
BSU_29590	GO:0015293	5	0.25	0
BSU_24120	GO:0016020	5	0.25	0
BSU_12210	GO:0015293	5	0.25	0
BSU_39070	GO:0005829	5	0.25	0
BSU_33380	GO:0016020	5	0.25	0
BSU_15620	GO:0006782	5	0.25	0
BSU_30770	GO:0016020	5	0.25	0
BSU_35620	GO:0046677	5	0.25	0
BSU_15860	GO:0006782	5	0.25	0
BSU_34620	GO:0051537	5	0.25	0
BSU_34900	GO:0006782	5	0.25	0
BSU_21350	GO:0006782	5	0.25	0
BSU_00330	GO:0004527	5	0.25	0
BSU_40550	GO:0016020	5	0.25	0
BSU_38370	GO:0016020	5	0.25	0
BSU_29590	GO:0016020	5	0.25	0
BSU_27880	GO:0016020	5	0.25	0
BSU_22630	GO:0006782	5	0.25	0
BSU_03982	GO:0016887	5	0.25	0
BSU_01640	GO:0051537	5	0.25	0
BSU_39550	GO:0016020	5	0.25	0
BSU_15850	GO:0006782	5	0.25	0
BSU_38580	GO:0005829	5	0.25	0
BSU_12210	GO:0016020	5	0.25	0
BSU_05870	GO:0005829	5	0.25	0
BSU_02510	GO:0006782	5	0.25	0
BSU_03440	GO:0016887	5	0.25	0
BSU_37180	GO:0016020	5	0.25	0
BSU_38370	GO:0015293	5	0.25	0
BSU_40550	GO:0015293	5	0.25	0
BSU_07560	GO:0006782	5	0.25	0
BSU_10130	GO:0051537	5	0.25	0
BSU_30770	GO:0015293	5	0.25	0
BSU_33380	GO:0015293	5	0.25	0
BSU_04080	GO:0046677	5	0.25	0
BSU_36660	GO:0046677	5	0.25	0
BSU_36650	GO:0046677	5	0.25	0
BSU_16970	GO:0016020	5	0.25	0
BSU_39550	GO:0015293	5	0.25	0
BSU_12100	GO:0016887	5	0.25	0
BSU_16330	GO:0016763	5	0.25	0
BSU_05740	GO:0016051	5	0.25	0
BSU_19330	GO:0015293	5	0.25	0
BSU_04610	GO:0016977	5	0.25	0
BSU_12020	GO:0005886	5	0.25	0
BSU_22100	GO:0016747	5	0.25	0
BSU_01570	GO:0005886	5	0.25	0
BSU_27070	GO:0071555	5	0.25	0
BSU_14590	GO:0004124	5	0.25	0
BSU_38190	GO:0005886	5	0.25	0
BSU_20040	GO:0017018	5	0.25	0
BSU_33730	GO:0003677	5	0.25	0
BSU_35790	GO:0005886	5	0.25	0
BSU_05870	GO:0005886	5	0.25	0
BSU_17340	GO:0008880	5	0.25	0
BSU_09100	GO:0009314	5	0.25	0
BSU_38580	GO:0097588	5	0.25	0
BSU_33830	GO:0003677	5	0.25	0
BSU_33960	GO:0016747	5	0.25	0
BSU_32740	GO:0071555	5	0.25	0
BSU_37660	GO:0046872	5	0.25	0
BSU_35940	GO:0003677	5	0.25	0
BSU_22620	GO:0006177	5	0.25	0
BSU_17390	GO:0017018	5	0.25	0
BSU_38500	GO:0003677	5	0.25	0
BSU_15590	GO:0006177	5	0.25	0
BSU_15600	GO:0006177	5	0.25	0
BSU_09100	GO:0004124	5	0.25	0
BSU_12920	GO:0017018	5	0.25	0
BSU_23980	GO:0071555	5	0.25	0
BSU_36550	GO:0071555	5	0.25	0
BSU_11340	GO:0005886	5	0.25	0
BSU_18670	GO:0017018	5	0.25	0
BSU_09950	GO:0006177	5	0.25	0
BSU_06830	GO:0009314	5	0.25	0
BSU_11720	GO:0006177	5	0.25	0
BSU_23990	GO:0005886	5	0.25	0
BSU_27840	GO:0005886	5	0.25	0
BSU_13010	GO:0003677	5	0.25	0
BSU_31260	GO:0071555	5	0.25	0
BSU_15620	GO:0017018	5	0.25	0
BSU_19200	GO:0005886	5	0.25	0
BSU_14350	GO:0071555	5	0.25	0
BSU_14590	GO:0006177	5	0.25	0
BSU_16330	GO:0004124	5	0.25	0
BSU_09950	GO:0097588	5	0.25	0
BSU_07000	GO:0005886	5	0.25	0
BSU_02700	GO:0003677	5	0.25	0
BSU_03440	GO:0071555	5	0.25	0
BSU_23800	GO:0016051	5	0.25	0
BSU_29940	GO:0003677	5	0.25	0
BSU_37160	GO:0003677	5	0.25	0
BSU_22770	GO:0003677	5	0.25	0
BSU_37320	GO:0020037	5	0.25	0
BSU_18480	GO:0016051	5	0.25	0
BSU_37180	GO:0016051	5	0.25	0
BSU_18480	GO:0016616	5	0.25	0
BSU_01830	GO:0016051	5	0.25	0
BSU_23800	GO:0016616	5	0.25	0
BSU_12100	GO:0020037	5	0.25	0
BSU_28770	GO:0016747	5	0.25	0
BSU_24000	GO:0003677	5	0.25	0
BSU_39020	GO:0020037	5	0.25	0
BSU_12910	GO:0016616	5	0.25	0
BSU_07570	GO:0020037	5	0.25	0
BSU_29060	GO:0003677	5	0.25	0
BSU_37180	GO:0020037	5	0.25	0
BSU_38040	GO:0005886	5	0.25	0
BSU_08350	GO:0003677	5	0.25	0
BSU_24320	GO:0006777	5	0.25	0
BSU_24170	GO:0009314	5	0.25	0
BSU_06830	GO:0004124	5	0.25	0
BSU_34130	GO:0005886	5	0.25	0
BSU_07080	GO:0005886	5	0.25	0
BSU_25500	GO:0020037	5	0.25	0
BSU_15620	GO:0020037	5	0.25	0
BSU_39070	GO:0005886	5	0.25	0
BSU_34620	GO:0005886	5	0.25	0
BSU_00160	GO:0005886	5	0.25	0
BSU_08060	GO:0003677	5	0.25	0
BSU_18840	GO:0005886	5	0.25	0
BSU_24050	GO:0003677	5	0.25	0
BSU_12910	GO:0016051	5	0.25	0
BSU_24040	GO:0003677	5	0.25	0
BSU_39020	GO:0071555	5	0.25	0
BSU_27070	GO:0003677	5	0.25	0
BSU_15850	GO:0017018	5	0.25	0
BSU_25500	GO:0017018	5	0.25	0
BSU_39550	GO:0003677	5	0.25	0
BSU_34900	GO:0003824	5	0.25	0
BSU_23890	GO:0006508	5	0.25	0
BSU_10130	GO:0003824	5	0.25	0
BSU_35330	GO:0046872	5	0.25	0
BSU_00710	GO:0017018	5	0.25	0
BSU_34900	GO:0046872	5	0.25	0
BSU_31010	GO:0006508	5	0.25	0
BSU_36410	GO:0006508	5	0.25	0
BSU_27880	GO:0016836	5	0.25	0
BSU_29590	GO:0016836	5	0.25	0
BSU_10550	GO:0016836	5	0.25	0
BSU_00490	GO:0042601	5	0.25	0
BSU_38190	GO:0046872	5	0.25	0
BSU_09410	GO:0017018	5	0.25	0
BSU_19200	GO:0046872	5	0.25	0
BSU_31700	GO:0006750	5	0.25	0
BSU_05740	GO:0017018	5	0.25	0
BSU_02510	GO:0003824	5	0.25	0
BSU_15860	GO:0003824	5	0.25	0
BSU_15110	GO:0046872	5	0.25	0
BSU_10970	GO:0003824	5	0.25	0
BSU_21350	GO:0003824	5	0.25	0
BSU_22100	GO:0016836	5	0.25	0
BSU_23930	GO:0016836	5	0.25	0
BSU_10360	GO:0016836	5	0.25	0
BSU_28560	GO:0016836	5	0.25	0
BSU_33690	GO:0006508	5	0.25	0
BSU_19200	GO:0045892	5	0.25	0
BSU_24980	GO:0006071	5	0.25	0
BSU_02700	GO:0016836	5	0.25	0
BSU_08350	GO:0016836	5	0.25	0
BSU_04110	GO:0016836	5	0.25	0
BSU_30150	GO:0006508	5	0.25	0
BSU_03630	GO:0016836	5	0.25	0
BSU_06420	GO:0016836	5	0.25	0
BSU_24170	GO:0046872	5	0.25	0
BSU_39810	GO:0006508	5	0.25	0
BSU_41040	GO:0006508	5	0.25	0
BSU_24170	GO:0042601	5	0.25	0
BSU_31010	GO:0009252	5	0.25	0
BSU_05910	GO:0008531	5	0.25	0
BSU_27070	GO:0004124	5	0.25	0
BSU_31980	GO:0006177	5	0.25	0
BSU_12020	GO:0017018	5	0.25	0
BSU_17380	GO:0003677	5	0.25	0
BSU_35790	GO:0017018	5	0.25	0
BSU_38500	GO:0006177	5	0.25	0
BSU_07080	GO:0017018	5	0.25	0
BSU_01640	GO:0005886	5	0.25	0
BSU_34130	GO:0017018	5	0.25	0
BSU_07560	GO:0017018	5	0.25	0
BSU_23570	GO:0005886	5	0.25	0
BSU_38090	GO:0005886	5	0.25	0
BSU_39810	GO:0097588	5	0.25	0
BSU_24050	GO:0017018	5	0.25	0
BSU_24980	GO:0071555	5	0.25	0
BSU_14190	GO:0003677	5	0.25	0
BSU_16970	GO:0003677	5	0.25	0
BSU_18670	GO:0004124	5	0.25	0
BSU_31710	GO:0016977	5	0.25	0
BSU_05870	GO:0017018	5	0.25	0
BSU_15850	GO:0005886	5	0.25	0
BSU_36410	GO:0003677	5	0.25	0
BSU_12100	GO:0017018	5	0.25	0
BSU_37640	GO:0008531	5	0.25	0
BSU_29590	GO:0008531	5	0.25	0
BSU_09370	GO:0006750	5	0.25	0
BSU_25780	GO:0046872	5	0.25	0
BSU_27880	GO:0008531	5	0.25	0
BSU_34790	GO:0046872	5	0.25	0
BSU_38040	GO:0046872	5	0.25	0
BSU_05810	GO:0009314	5	0.25	0
BSU_09910	GO:0005886	5	0.25	0
BSU_15600	GO:0003677	5	0.25	0
BSU_36410	GO:0009252	5	0.25	0
BSU_15590	GO:0003677	5	0.25	0
BSU_34870	GO:0046872	5	0.25	0
BSU_35730	GO:0046872	5	0.25	0
BSU_05910	GO:0017018	5	0.25	0
BSU_08440	GO:0046872	5	0.25	0
BSU_02510	GO:0005886	5	0.25	0
BSU_22630	GO:0008880	5	0.25	0
BSU_35330	GO:0008880	5	0.25	0
BSU_25500	GO:0005524	5	0.25	0
BSU_23570	GO:0005886	5	0.25	0
BSU_14590	GO:0019344	5	0.25	0
BSU_07080	GO:0005886	5	0.25	0
BSU_28910	GO:0015093	5	0.25	0
BSU_33390	GO:0020037	5	0.25	0
BSU_01640	GO:0005886	5	0.25	0
BSU_19430	GO:0030435	5	0.25	0
BSU_30790	GO:0003677	5	0.25	0
BSU_05910	GO:0015293	5	0.25	0
BSU_07050	GO:0004783	5	0.25	0
BSU_24580	GO:0003677	5	0.25	0
BSU_37180	GO:0015293	5	0.25	0
BSU_02510	GO:0015293	5	0.25	0
BSU_38580	GO:0004783	5	0.25	0
BSU_09410	GO:0015293	5	0.25	0
BSU_04080	GO:0005886	5	0.25	0
BSU_34790	GO:0005524	5	0.25	0
BSU_27930	GO:0005524	5	0.25	0
BSU_17390	GO:0016616	5	0.25	0
BSU_28390	GO:0008880	5	0.25	0
BSU_05870	GO:0008880	5	0.25	0
BSU_12020	GO:0008880	5	0.25	0
BSU_35620	GO:0016051	5	0.25	0
BSU_11660	GO:0008880	5	0.25	0
BSU_36650	GO:0016051	5	0.25	0
BSU_13410	GO:0045892	5	0.25	0
BSU_29000	GO:0005886	5	0.25	0
BSU_33720	GO:0015093	5	0.25	0
BSU_38860	GO:0008880	5	0.25	0
BSU_03630	GO:0005886	5	0.25	0
BSU_13550	GO:0008880	5	0.25	0
BSU_33820	GO:0015093	5	0.25	0
BSU_37390	GO:0005886	5	0.25	0
BSU_40550	GO:0016051	5	0.25	0
BSU_09950	GO:0019344	5	0.25	0
BSU_02510	GO:0005886	5	0.25	0
BSU_06420	GO:0008880	5	0.25	0
BSU_33380	GO:0020037	5	0.25	0
BSU_07000	GO:0005886	5	0.25	0
BSU_35790	GO:0008880	5	0.25	0
BSU_35680	GO:0005886	5	0.25	0
BSU_25780	GO:0005524	5	0.25	0
BSU_34620	GO:0015293	5	0.25	0
BSU_15110	GO:0005524	5	0.25	0
BSU_15850	GO:0005886	5	0.25	0
BSU_12100	GO:0016051	5	0.25	0
BSU_29530	GO:0016977	5	0.25	0
BSU_03440	GO:0042907	5	0.25	0
BSU_24870	GO:0016977	5	0.25	0
BSU_29530	GO:0020037	5	0.25	0
BSU_33270	GO:0030435	5	0.25	0
BSU_37320	GO:0035429	5	0.25	0
BSU_35680	GO:0005886	5	0.25	0
BSU_24040	GO:0004783	5	0.25	0
BSU_05870	GO:0015293	5	0.25	0
BSU_12020	GO:0015293	5	0.25	0
BSU_02730	GO:0003677	5	0.25	0
BSU_02690	GO:0016051	5	0.25	0
BSU_35790	GO:0015293	5	0.25	0
BSU_06720	GO:0015293	5	0.25	0
BSU_24170	GO:0005524	5	0.25	0
BSU_18670	GO:0005524	5	0.25	0
BSU_10130	GO:0015293	5	0.25	0
BSU_10390	GO:0005886	5	0.25	0
BSU_38500	GO:0005886	5	0.25	0
BSU_20040	GO:0016616	5	0.25	0
BSU_12100	GO:0015293	5	0.25	0
BSU_36520	GO:0030435	5	0.25	0
BSU_12250	GO:0030435	5	0.25	0
BSU_19200	GO:0005524	5	0.25	0
BSU_33240	GO:0005524	5	0.25	0
BSU_17380	GO:0016616	5	0.25	0
BSU_30240	GO:0003677	5	0.25	0
BSU_34750	GO:0045892	5	0.25	0
BSU_37180	GO:0035429	5	0.25	0
BSU_06100	GO:0003677	5	0.25	0
BSU_38190	GO:0005524	5	0.25	0
BSU_34900	GO:0005524	5	0.25	0
BSU_12250	GO:0005886	5	0.25	0
BSU_35330	GO:0005524	5	0.25	0
BSU_21350	GO:0005886	5	0.25	0
BSU_31980	GO:0005886	5	0.25	0
BSU_12000	GO:0045892	5	0.25	0
BSU_09950	GO:0004783	5	0.25	0
BSU_36660	GO:0016051	5	0.25	0
BSU_20500	GO:0030435	5	0.25	0
BSU_06720	GO:0030435	5	0.25	0
BSU_09930	GO:0005886	5	0.25	0
BSU_35620	GO:0006750	5	0.25	0
BSU_39750	GO:0016747	5	0.25	0
BSU_35410	GO:0006750	5	0.25	0
BSU_23570	GO:0006777	5	0.25	0
BSU_21350	GO:0008880	5	0.25	0
BSU_24040	GO:0016616	5	0.25	0
BSU_02510	GO:0008880	5	0.25	0
BSU_17620	GO:0020037	5	0.25	0
BSU_29710	GO:0016747	5	0.25	0
BSU_39410	GO:0016747	5	0.25	0
BSU_11720	GO:0016616	5	0.25	0
BSU_04110	GO:0016051	5	0.25	0
BSU_10360	GO:0030435	5	0.25	0
BSU_35400	GO:0006750	5	0.25	0
BSU_01570	GO:0008880	5	0.25	0
BSU_26840	GO:0008880	5	0.25	0
BSU_24050	GO:0016616	5	0.25	0
BSU_03860	GO:0016747	5	0.25	0
BSU_18070	GO:0020037	5	0.25	0
BSU_31260	GO:0097588	5	0.25	0
BSU_15860	GO:0016051	5	0.25	0
BSU_15850	GO:0016051	5	0.25	0
BSU_14300	GO:0008880	5	0.25	0
BSU_24570	GO:0006777	5	0.25	0
BSU_33730	GO:0003677	5	0.25	0
BSU_33830	GO:0003677	5	0.25	0
BSU_35940	GO:0003677	5	0.25	0
BSU_13010	GO:0008880	5	0.25	0
BSU_11340	GO:0008880	5	0.25	0
BSU_11340	GO:0006777	5	0.25	0
BSU_24320	GO:0008880	5	0.25	0
BSU_15860	GO:0005886	5	0.25	0
BSU_23760	GO:0030435	5	0.25	0
BSU_18250	GO:0003677	5	0.25	0
BSU_36410	GO:0003677	5	0.25	0
BSU_08060	GO:0016616	5	0.25	0
BSU_02830	GO:0016747	5	0.25	0
BSU_27930	GO:0071555	5	0.25	0
BSU_10970	GO:0008880	5	0.25	0
BSU_38700	GO:0045892	5	0.25	0
BSU_32740	GO:0015093	5	0.25	0
BSU_23960	GO:0030435	5	0.25	0
BSU_27070	GO:0015093	5	0.25	0
BSU_39640	GO:0003677	5	0.25	0
BSU_04160	GO:0045892	5	0.25	0
BSU_14350	GO:0015093	5	0.25	0
BSU_05910	GO:0008880	5	0.25	0
BSU_31260	GO:0015093	5	0.25	0
BSU_36550	GO:0015093	5	0.25	0
BSU_23980	GO:0015093	5	0.25	0
BSU_14730	GO:0045892	5	0.25	0
BSU_14590	GO:0004783	5	0.25	0
BSU_24980	GO:0015093	5	0.25	0
BSU_38580	GO:0019344	5	0.25	0
BSU_26840	GO:0045892	5	0.25	0
BSU_07050	GO:0019344	5	0.25	0
BSU_04080	GO:0016051	5	0.25	0
BSU_36020	GO:0005886	5	0.25	0
BSU_33530	GO:0008880	5	0.25	0
BSU_10910	GO:0030435	5	0.25	0
BSU_39070	GO:0006750	5	0.25	0
BSU_23530	GO:0020037	5	0.25	0
BSU_13690	GO:0071555	5	0.25	0
BSU_07000	GO:0008880	5	0.25	0
BSU_23960	GO:0020037	5	0.25	0
BSU_17380	GO:0003677	5	0.25	0
BSU_38040	GO:0008880	5	0.25	0
BSU_03440	GO:0015093	5	0.25	0
BSU_39020	GO:0015093	5	0.25	0
BSU_10920	GO:0030435	5	0.25	0
BSU_24040	GO:0019344	5	0.25	0
BSU_38190	GO:0008880	5	0.25	0
BSU_09420	GO:0006750	5	0.25	0
BSU_18840	GO:0008880	5	0.25	0
BSU_12100	GO:0008880	5	0.25	0
BSU_34620	GO:0008880	5	0.25	0
BSU_00160	GO:0008880	5	0.25	0
BSU_07560	GO:0006750	5	0.25	0
BSU_16970	GO:0030435	5	0.25	0
BSU_09910	GO:0016651	5	0.25	0
BSU_03960	GO:0030435	5	0.25	0
BSU_09930	GO:0005829	5	0.25	0
BSU_17620	GO:0032218	5	0.25	0
BSU_18070	GO:0032218	5	0.25	0
BSU_29000	GO:0003700	5	0.25	0
BSU_14350	GO:0032218	5	0.25	0
BSU_17620	GO:0006813	5	0.25	0
BSU_23990	GO:0006355	5	0.25	0
BSU_09950	GO:0042823	5	0.25	0
BSU_32160	GO:0006508	5	0.25	0
BSU_13750	GO:0006355	5	0.25	0
BSU_04110	GO:0005829	5	0.25	0
BSU_05870	GO:0016491	5	0.25	0
BSU_19320	GO:0051537	5	0.25	0
BSU_11720	GO:0042823	5	0.25	0
BSU_39070	GO:0016491	5	0.25	0
BSU_07080	GO:0016491	5	0.25	0
BSU_14590	GO:0042823	5	0.25	0
BSU_24450	GO:0006508	5	0.25	0
BSU_19310	GO:0006355	5	0.25	0
BSU_19540	GO:0003700	5	0.25	0
BSU_33680	GO:0003700	5	0.25	0
BSU_31920	GO:0003700	5	0.25	0
BSU_23530	GO:0032218	5	0.25	0
BSU_18670	GO:0051539	5	0.25	0
BSU_15110	GO:0006355	5	0.25	0
BSU_38500	GO:0016491	5	0.25	0
BSU_14590	GO:0005515	5	0.25	0
BSU_24040	GO:0005515	5	0.25	0
BSU_31980	GO:0042823	5	0.25	0
BSU_31980	GO:0016491	5	0.25	0
BSU_15880	GO:0006221	5	0.25	0
BSU_38500	GO:0042823	5	0.25	0
BSU_23070	GO:0006355	5	0.25	0
BSU_31840	GO:0006508	5	0.25	0
BSU_22610	GO:0006355	5	0.25	0
BSU_23930	GO:0051537	5	0.25	0
BSU_11660	GO:0006508	5	0.25	0
BSU_23980	GO:0032218	5	0.25	0
BSU_23960	GO:0032218	5	0.25	0
BSU_30670	GO:0051537	5	0.25	0
BSU_32740	GO:0032218	5	0.25	0
BSU_15600	GO:0042823	5	0.25	0
BSU_15590	GO:0042823	5	0.25	0
BSU_18070	GO:0006813	5	0.25	0
BSU_36520	GO:0016020	5	0.25	0
BSU_12100	GO:0032218	5	0.25	0
BSU_33270	GO:0016020	5	0.25	0
BSU_34700	GO:0016020	5	0.25	0
BSU_03440	GO:0032218	5	0.25	0
BSU_27370	GO:0051537	5	0.25	0
BSU_02430	GO:0016791	5	0.25	0
BSU_14830	GO:0016791	5	0.25	0
BSU_02690	GO:0016791	5	0.25	0
BSU_16330	GO:0008705	5	0.25	0
BSU_36410	GO:0006221	5	0.25	0
BSU_18070	GO:0016746	5	0.25	0
BSU_24450	GO:0016746	5	0.25	0
BSU_14590	GO:0008705	5	0.25	0
BSU_31710	GO:0016020	5	0.25	0
BSU_31840	GO:0006355	5	0.25	0
BSU_37320	GO:0032218	5	0.25	0
BSU_22620	GO:0042823	5	0.25	0
BSU_17170	GO:0051537	5	0.25	0
BSU_07570	GO:0032218	5	0.25	0
BSU_03982	GO:0032218	5	0.25	0
BSU_29530	GO:0016020	5	0.25	0
BSU_30800	GO:0051537	5	0.25	0
BSU_15600	GO:0005829	5	0.25	0
BSU_16230	GO:0008705	5	0.25	0
BSU_15590	GO:0005829	5	0.25	0
BSU_22100	GO:0051537	5	0.25	0
BSU_13410	GO:0003700	5	0.25	0
BSU_12000	GO:0003700	5	0.25	0
BSU_05810	GO:0005515	5	0.25	0
BSU_15620	GO:0005829	5	0.25	0
BSU_08060	GO:0005524	5	0.25	0
BSU_13750	GO:0006508	5	0.25	0
BSU_26840	GO:0003700	5	0.25	0
BSU_16330	GO:0005515	5	0.25	0
BSU_07050	GO:0008705	5	0.25	0
BSU_39020	GO:0032218	5	0.25	0
BSU_04160	GO:0003700	5	0.25	0
BSU_17170	GO:0006508	5	0.25	0
BSU_10550	GO:0016020	5	0.25	0
BSU_19200	GO:0005829	5	0.25	0
BSU_30420	GO:0015711	5	0.25	0
BSU_14360	GO:0015711	5	0.25	0
BSU_07050	GO:0005524	5	0.25	0
BSU_05810	GO:0032259	5	0.25	0
BSU_08440	GO:0016020	5	0.25	0
BSU_33820	GO:0015711	5	0.25	0
BSU_33720	GO:0015711	5	0.25	0
BSU_05740	GO:0005829	5	0.25	0
BSU_02690	GO:0005829	5	0.25	0
BSU_17390	GO:0045333	5	0.25	0
BSU_05810	GO:0042823	5	0.25	0
BSU_20040	GO:0045333	5	0.25	0
BSU_17380	GO:0045333	5	0.25	0
BSU_16330	GO:0032259	5	0.25	0
BSU_14590	GO:0032259	5	0.25	0
BSU_38500	GO:0005198	5	0.25	0
BSU_33380	GO:0016020	5	0.25	0
BSU_12100	GO:0005829	5	0.25	0
BSU_05910	GO:0003700	5	0.25	0
BSU_11720	GO:0045333	5	0.25	0
BSU_09950	GO:0005524	5	0.25	0
BSU_11720	GO:0005524	5	0.25	0
BSU_24040	GO:0045333	5	0.25	0
BSU_02730	GO:0016020	5	0.25	0
BSU_34620	GO:0003700	5	0.25	0
BSU_36550	GO:0051537	5	0.25	0
BSU_27840	GO:0051537	5	0.25	0
BSU_37820	GO:0009432	5	0.25	0
BSU_02430	GO:0005829	5	0.25	0
BSU_03990	GO:0009432	5	0.25	0
BSU_18480	GO:0045333	5	0.25	0
BSU_23800	GO:0045333	5	0.25	0
BSU_14830	GO:0005829	5	0.25	0
BSU_36410	GO:0032259	5	0.25	0
BSU_14590	GO:0005524	5	0.25	0
BSU_09410	GO:0005829	5	0.25	0
BSU_08060	GO:0045333	5	0.25	0
BSU_31980	GO:0005198	5	0.25	0
BSU_14590	GO:0045333	5	0.25	0
BSU_24050	GO:0045333	5	0.25	0
BSU_10530	GO:0006355	5	0.25	0
BSU_07270	GO:0006355	5	0.25	0
BSU_33390	GO:0006813	5	0.25	0
BSU_03860	GO:0006355	5	0.25	0
BSU_00710	GO:0003700	5	0.25	0
BSU_23760	GO:0003700	5	0.25	0
BSU_36650	GO:0005829	5	0.25	0
BSU_15590	GO:0016491	5	0.25	0
BSU_15600	GO:0016491	5	0.25	0
BSU_22620	GO:0005198	5	0.25	0
BSU_36660	GO:0005829	5	0.25	0
BSU_04080	GO:0005829	5	0.25	0
BSU_38580	GO:0005524	5	0.25	0
BSU_00490	GO:0016491	5	0.25	0
BSU_09410	GO:0045333	5	0.25	0
BSU_05740	GO:0045333	5	0.25	0
BSU_00490	GO:0051537	5	0.25	0
BSU_06420	GO:0016491	5	0.25	0
BSU_10390	GO:0006508	5	0.25	0
BSU_30630	GO:0006508	5	0.25	0
BSU_27070	GO:0051539	5	0.25	0
BSU_19330	GO:0006355	5	0.25	0
BSU_32740	GO:0015711	5	0.25	0
BSU_35620	GO:0005829	5	0.25	0
BSU_02830	GO:0006355	5	0.25	0
BSU_22970	GO:0051537	5	0.25	0
BSU_17620	GO:0016020	5	0.25	0
BSU_12210	GO:0016491	5	0.25	0
BSU_24170	GO:0051537	5	0.25	0
BSU_18070	GO:0016020	5	0.25	0
BSU_24980	GO:0015711	5	0.25	0
BSU_32490	GO:0045333	5	0.25	0
BSU_37180	GO:0006355	5	0.25	0
BSU_14350	GO:0015711	5	0.25	0
BSU_05810	GO:0005524	5	0.25	0
BSU_06300	GO:0045333	5	0.25	0
BSU_40550	GO:0005829	5	0.25	0
BSU_11720	GO:0005198	5	0.25	0
BSU_22620	GO:0016491	5	0.25	0
BSU_15600	GO:0005198	5	0.25	0
BSU_15590	GO:0005198	5	0.25	0
BSU_33380	GO:0006813	5	0.25	0
BSU_01830	GO:0032218	5	0.25	0
BSU_34870	GO:0051537	5	0.25	0
BSU_38370	GO:0051537	5	0.25	0
BSU_09100	GO:0051082	5	0.25	0
BSU_37180	GO:0006813	5	0.25	0
BSU_34700	GO:0016020	5	0.25	0
BSU_06830	GO:0046872	5	0.25	0
BSU_15590	GO:0006418	5	0.25	0
BSU_23570	GO:0005524	5	0.25	0
BSU_15600	GO:0006418	5	0.25	0
BSU_14590	GO:0006418	5	0.25	0
BSU_22630	GO:0005524	5	0.25	0
BSU_05870	GO:0036440	5	0.25	0
BSU_16970	GO:0006508	5	0.25	0
BSU_11720	GO:0006418	5	0.25	0
BSU_14590	GO:0051082	5	0.25	0
BSU_35790	GO:0036440	5	0.25	0
BSU_09100	GO:0046872	5	0.25	0
BSU_39070	GO:0036440	5	0.25	0
BSU_09950	GO:0006418	5	0.25	0
BSU_35330	GO:0005524	5	0.25	0
BSU_33380	GO:0016746	5	0.25	0
BSU_05910	GO:0006096	5	0.25	0
BSU_03982	GO:0046872	5	0.25	0
BSU_22620	GO:0006418	5	0.25	0
BSU_37810	GO:0005524	5	0.25	0
BSU_00710	GO:0046872	5	0.25	0
BSU_20040	GO:0005886	5	0.25	0
BSU_37640	GO:0036440	5	0.25	0
BSU_02100	GO:0016491	5	0.25	0
BSU_24320	GO:0005524	5	0.25	0
BSU_16440	GO:0006284	5	0.25	0
BSU_24570	GO:0005524	5	0.25	0
BSU_11340	GO:0005524	5	0.25	0
BSU_23570	GO:0005524	5	0.25	0
BSU_01640	GO:0046872	5	0.25	0
BSU_18670	GO:0051082	5	0.25	0
BSU_15880	GO:0016491	5	0.25	0
BSU_18480	GO:0046872	5	0.25	0
BSU_23800	GO:0046872	5	0.25	0
BSU_12910	GO:0046872	5	0.25	0
BSU_27070	GO:0051082	5	0.25	0
BSU_00160	GO:0036440	5	0.25	0
BSU_16330	GO:0051082	5	0.25	0
BSU_06830	GO:0051082	5	0.25	0
BSU_31010	GO:0016491	5	0.25	0
BSU_27840	GO:0000287	5	0.25	0
BSU_12910	GO:0004519	5	0.25	0
BSU_35330	GO:0046872	5	0.25	0
BSU_30240	GO:0005886	5	0.25	0
BSU_02430	GO:0000287	5	0.25	0
BSU_14830	GO:0000287	5	0.25	0
BSU_23800	GO:0004519	5	0.25	0
BSU_09410	GO:0000287	5	0.25	0
BSU_18480	GO:0004519	5	0.25	0
BSU_16330	GO:0016491	5	0.25	0
BSU_29000	GO:0005886	5	0.25	0
BSU_02700	GO:0000287	5	0.25	0
BSU_08350	GO:0000287	5	0.25	0
BSU_17340	GO:0003700	5	0.25	0
BSU_19200	GO:0003700	5	0.25	0
BSU_39550	GO:0016746	5	0.25	0
BSU_00490	GO:0003690	5	0.25	0
BSU_12100	GO:0000287	5	0.25	0
BSU_23570	GO:0036440	5	0.25	0
BSU_03982	GO:0004519	5	0.25	0
BSU_38190	GO:0036440	5	0.25	0
BSU_24320	GO:0005524	5	0.25	0
BSU_33270	GO:0016020	5	0.25	0
BSU_24700	GO:0016020	5	0.25	0
BSU_11340	GO:0005524	5	0.25	0
BSU_24170	GO:0046872	5	0.25	0
BSU_33390	GO:0015700	5	0.25	0
BSU_24570	GO:0005524	5	0.25	0
BSU_05810	GO:0051082	5	0.25	0
BSU_03982	GO:0051082	5	0.25	0
BSU_36520	GO:0016020	5	0.25	0
BSU_23800	GO:0051082	5	0.25	0
BSU_18480	GO:0051082	5	0.25	0
BSU_38500	GO:0006418	5	0.25	0
BSU_16970	GO:0016491	5	0.25	0
BSU_31980	GO:0006418	5	0.25	0
BSU_33380	GO:0015700	5	0.25	0
BSU_05810	GO:0004519	5	0.25	0
BSU_15110	GO:0046872	5	0.25	0
BSU_17390	GO:0005886	5	0.25	0
BSU_05850	GO:0005524	5	0.25	0
BSU_18670	GO:0005886	5	0.25	0
BSU_38500	GO:0005886	5	0.25	0
BSU_14590	GO:0042126	5	0.25	0
BSU_15620	GO:0051537	5	0.25	0
BSU_15590	GO:0005886	5	0.25	0
BSU_15600	GO:0005886	5	0.25	0
BSU_24040	GO:0042126	5	0.25	0
BSU_15850	GO:0051537	5	0.25	0
BSU_09910	GO:0016746	5	0.25	0
BSU_19200	GO:0006508	5	0.25	0
BSU_15880	GO:0006284	5	0.25	0
BSU_05910	GO:0016791	5	0.25	0
BSU_07560	GO:0051537	5	0.25	0
BSU_33830	GO:0005886	5	0.25	0
BSU_05870	GO:0016791	5	0.25	0
BSU_12020	GO:0016791	5	0.25	0
BSU_35790	GO:0016791	5	0.25	0
BSU_33730	GO:0005886	5	0.25	0
BSU_36550	GO:0005886	5	0.25	0
BSU_17380	GO:0005886	5	0.25	0
BSU_16440	GO:0006221	5	0.25	0
BSU_07080	GO:0016791	5	0.25	0
BSU_19330	GO:0016746	5	0.25	0
BSU_37180	GO:0032218	5	0.25	0
BSU_35620	GO:0016791	5	0.25	0
BSU_34870	GO:0006508	5	0.25	0
BSU_38040	GO:0006508	5	0.25	0
BSU_22630	GO:0051537	5	0.25	0
BSU_40550	GO:0006508	5	0.25	0
BSU_21350	GO:0051537	5	0.25	0
BSU_34620	GO:0016746	5	0.25	0
BSU_34790	GO:0006508	5	0.25	0
BSU_25780	GO:0006508	5	0.25	0
BSU_34900	GO:0051537	5	0.25	0
BSU_15860	GO:0051537	5	0.25	0
BSU_10130	GO:0016746	5	0.25	0
BSU_31980	GO:0005886	5	0.25	0
BSU_36650	GO:0016791	5	0.25	0
BSU_36660	GO:0016791	5	0.25	0
BSU_04080	GO:0016791	5	0.25	0
BSU_27070	GO:0005886	5	0.25	0
BSU_17620	GO:0016746	5	0.25	0
BSU_12920	GO:0005886	5	0.25	0
BSU_32290	GO:0016491	5	0.25	0
BSU_07050	GO:0016491	5	0.25	0
BSU_29940	GO:0016491	5	0.25	0
BSU_14590	GO:0004519	5	0.25	0
BSU_23760	GO:0006508	5	0.25	0
BSU_08080	GO:0006284	5	0.25	0
BSU_27070	GO:0005524	5	0.25	0
BSU_16330	GO:0004519	5	0.25	0
BSU_09410	GO:0005886	5	0.25	0
BSU_10770	GO:0006284	5	0.25	0
BSU_05740	GO:0005886	5	0.25	0
BSU_41040	GO:0006284	5	0.25	0
BSU_30150	GO:0006284	5	0.25	0
BSU_06830	GO:0004519	5	0.25	0
BSU_24000	GO:0016491	5	0.25	0
BSU_16330	GO:0005886	5	0.25	0
BSU_24050	GO:0005886	5	0.25	0
BSU_10970	GO:0016491	5	0.25	0
BSU_30670	GO:0016491	5	0.25	0
BSU_09100	GO:0004519	5	0.25	0
BSU_10130	GO:0051537	5	0.25	0
BSU_11560	GO:0016491	5	0.25	0
BSU_33240	GO:0006508	5	0.25	0
BSU_34900	GO:0006508	5	0.25	0
BSU_35330	GO:0006508	5	0.25	0
BSU_07050	GO:0042126	5	0.25	0
BSU_28140	GO:0051537	5	0.25	0
BSU_15110	GO:0006508	5	0.25	0
BSU_02510	GO:0051537	5	0.25	0
BSU_23570	GO:0051537	5	0.25	0
BSU_25500	GO:0006508	5	0.25	0
BSU_24120	GO:0051537	5	0.25	0
BSU_07570	GO:0006813	5	0.25	0
BSU_03730	GO:0016020	5	0.25	0
BSU_09950	GO:0016491	5	0.25	0
BSU_10130	GO:0006508	5	0.25	0
BSU_16330	GO:0042126	5	0.25	0
BSU_34620	GO:0006508	5	0.25	0
BSU_11100	GO:0016491	5	0.25	0
BSU_18480	GO:0003700	5	0.25	0
BSU_09930	GO:0008168	5	0.25	0
BSU_16330	GO:0006281	5	0.25	0
BSU_05910	GO:0016740	5	0.25	0
BSU_20250	GO:0005737	5	0.25	0
BSU_32290	GO:0006537	5	0.25	0
BSU_12100	GO:0006537	5	0.25	0
BSU_00390	GO:0006537	5	0.25	0
BSU_15110	GO:0006633	5	0.25	0
BSU_30800	GO:0045454	5	0.25	0
BSU_09950	GO:0016020	5	0.25	0
BSU_08350	GO:0006537	5	0.25	0
BSU_02700	GO:0006537	5	0.25	0
BSU_07200	GO:0005829	5	0.25	0
BSU_23530	GO:0016020	5	0.25	0
BSU_32160	GO:0005829	5	0.25	0
BSU_03982	GO:0016020	5	0.25	0
BSU_23960	GO:0016020	5	0.25	0
BSU_35330	GO:0006633	5	0.25	0
BSU_34900	GO:0006633	5	0.25	0
BSU_38190	GO:0006633	5	0.25	0
BSU_39550	GO:0045454	5	0.25	0
BSU_36020	GO:0005737	5	0.25	0
BSU_38090	GO:0005886	5	0.25	0
BSU_00530	GO:0006537	5	0.25	0
BSU_13690	GO:0016020	5	0.25	0
BSU_03982	GO:0006633	5	0.25	0
BSU_09910	GO:0006537	5	0.25	0
BSU_22770	GO:0005515	5	0.25	0
BSU_24040	GO:0009401	5	0.25	0
BSU_03990	GO:0045454	5	0.25	0
BSU_10130	GO:0006633	5	0.25	0
BSU_24050	GO:0009401	5	0.25	0
BSU_08060	GO:0009401	5	0.25	0
BSU_28770	GO:0006537	5	0.25	0
BSU_01570	GO:0006537	5	0.25	0
BSU_17450	GO:0005737	5	0.25	0
BSU_09930	GO:0005737	5	0.25	0
BSU_37820	GO:0045454	5	0.25	0
BSU_25500	GO:0006633	5	0.25	0
BSU_24170	GO:0006633	5	0.25	0
BSU_24580	GO:0006537	5	0.25	0
BSU_09910	GO:0005737	5	0.25	0
BSU_36290	GO:0006537	5	0.25	0
BSU_38860	GO:0045454	5	0.25	0
BSU_02690	GO:0006537	5	0.25	0
BSU_10360	GO:0006537	5	0.25	0
BSU_19540	GO:0005737	5	0.25	0
BSU_24170	GO:0006364	5	0.25	0
BSU_37640	GO:0016020	5	0.25	0
BSU_26670	GO:0005737	5	0.25	0
BSU_19200	GO:0005886	5	0.25	0
BSU_17450	GO:0006537	5	0.25	0
BSU_35330	GO:0005886	5	0.25	0
BSU_31980	GO:0004823	5	0.25	0
BSU_34620	GO:0016740	5	0.25	0
BSU_18480	GO:0016740	5	0.25	0
BSU_03982	GO:0003723	5	0.25	0
BSU_23890	GO:0034220	5	0.25	0
BSU_41040	GO:0034220	5	0.25	0
BSU_25500	GO:0006364	5	0.25	0
BSU_23800	GO:0016740	5	0.25	0
BSU_12910	GO:0016740	5	0.25	0
BSU_05810	GO:0003723	5	0.25	0
BSU_28560	GO:0006537	5	0.25	0
BSU_34900	GO:0006537	5	0.25	0
BSU_17340	GO:0045454	5	0.25	0
BSU_20500	GO:0006537	5	0.25	0
BSU_33240	GO:0006633	5	0.25	0
BSU_19200	GO:0006633	5	0.25	0
BSU_14300	GO:0045454	5	0.25	0
BSU_13010	GO:0045454	5	0.25	0
BSU_05740	GO:0006537	5	0.25	0
BSU_20500	GO:0005829	5	0.25	0
BSU_31700	GO:0005886	5	0.25	0
BSU_25780	GO:0006633	5	0.25	0
BSU_09410	GO:0006537	5	0.25	0
BSU_27930	GO:0006633	5	0.25	0
BSU_01640	GO:0016740	5	0.25	0
BSU_06720	GO:0140098	5	0.25	0
BSU_07990	GO:0005829	5	0.25	0
BSU_18480	GO:0003723	5	0.25	0
BSU_23800	GO:0003723	5	0.25	0
BSU_30420	GO:0016020	5	0.25	0
BSU_03730	GO:0005829	5	0.25	0
BSU_01640	GO:0005515	5	0.25	0
BSU_00390	GO:0045454	5	0.25	0
BSU_36290	GO:0045454	5	0.25	0
BSU_33730	GO:0009401	5	0.25	0
BSU_33830	GO:0009401	5	0.25	0
BSU_33820	GO:0009401	5	0.25	0
BSU_04080	GO:0006537	5	0.25	0
BSU_11660	GO:0045454	5	0.25	0
BSU_34900	GO:0006364	5	0.25	0
BSU_39810	GO:0009401	5	0.25	0
BSU_14190	GO:0006537	5	0.25	0
BSU_32740	GO:0005515	5	0.25	0
BSU_32160	GO:0045454	5	0.25	0
BSU_39640	GO:0005829	5	0.25	0
BSU_23470	GO:0005515	5	0.25	0
BSU_24450	GO:0045454	5	0.25	0
BSU_40550	GO:0006537	5	0.25	0
BSU_27930	GO:0005515	5	0.25	0
BSU_14730	GO:0005737	5	0.25	0
BSU_13750	GO:0045454	5	0.25	0
BSU_04160	GO:0005737	5	0.25	0
BSU_33720	GO:0009401	5	0.25	0
BSU_22970	GO:0005515	5	0.25	0
BSU_33720	GO:0005515	5	0.25	0
BSU_26840	GO:0005737	5	0.25	0
BSU_21350	GO:0005515	5	0.25	0
BSU_31260	GO:0005515	5	0.25	0
BSU_24980	GO:0005515	5	0.25	0
BSU_36650	GO:0006537	5	0.25	0
BSU_13410	GO:0005737	5	0.25	0
BSU_14350	GO:0005515	5	0.25	0
BSU_29000	GO:0005737	5	0.25	0
BSU_36550	GO:0009401	5	0.25	0
BSU_36660	GO:0006537	5	0.25	0
BSU_12000	GO:0005737	5	0.25	0
BSU_38700	GO:0005515	5	0.25	0
BSU_14730	GO:0005515	5	0.25	0
BSU_35330	GO:0006364	5	0.25	0
BSU_37160	GO:0005515	5	0.25	0
BSU_31260	GO:0009401	5	0.25	0
BSU_12920	GO:0005515	5	0.25	0
BSU_39550	GO:0006537	5	0.25	0
BSU_38700	GO:0005737	5	0.25	0
BSU_18070	GO:0016020	5	0.25	0
BSU_35080	GO:0005737	5	0.25	0
BSU_15110	GO:0045454	5	0.25	0
BSU_24320	GO:0005515	5	0.25	0
BSU_24870	GO:0005515	5	0.25	0
BSU_32460	GO:0006537	5	0.25	0
BSU_10130	GO:0045454	5	0.25	0
BSU_05910	GO:0006633	5	0.25	0
BSU_01640	GO:0006633	5	0.25	0
BSU_04110	GO:0006537	5	0.25	0
BSU_23760	GO:0016740	5	0.25	0
BSU_00710	GO:0016740	5	0.25	0
BSU_34620	GO:0045454	5	0.25	0
BSU_34620	GO:0006633	5	0.25	0
BSU_18480	GO:0006633	5	0.25	0
BSU_23800	GO:0006633	5	0.25	0
BSU_30630	GO:0006537	5	0.25	0
BSU_12910	GO:0006633	5	0.25	0
BSU_22930	GO:0006537	5	0.25	0
BSU_23760	GO:0045454	5	0.25	0
BSU_13010	GO:0006537	5	0.25	0
BSU_01530	GO:0006537	5	0.25	0
BSU_23890	GO:0009401	5	0.25	0
BSU_00710	GO:0006633	5	0.25	0
BSU_39020	GO:0005515	5	0.25	0
BSU_06300	GO:0005515	5	0.25	0
BSU_03440	GO:0005515	5	0.25	0
BSU_22470	GO:0006537	5	0.25	0
BSU_16970	GO:0045454	5	0.25	0
BSU_34870	GO:0045454	5	0.25	0
BSU_33820	GO:0005515	5	0.25	0
BSU_15110	GO:0006364	5	0.25	0
BSU_40550	GO:0045454	5	0.25	0
BSU_17620	GO:0016020	5	0.25	0
BSU_35620	GO:0006537	5	0.25	0
BSU_19200	GO:0045454	5	0.25	0
BSU_18670	GO:0006364	5	0.25	0
BSU_33240	GO:0045454	5	0.25	0
BSU_30770	GO:0005515	5	0.25	0
BSU_34900	GO:0045454	5	0.25	0
BSU_23760	GO:0006633	5	0.25	0
BSU_38500	GO:0004823	5	0.25	0
BSU_04160	GO:0005886	5	0.25	0
BSU_23800	GO:0003700	5	0.25	0
BSU_33680	GO:0006355	5	0.25	0
BSU_15600	GO:0016887	5	0.25	0
BSU_17450	GO:0006281	5	0.25	0
BSU_10910	GO:0016887	5	0.25	0
BSU_16330	GO:0008168	5	0.25	0
BSU_28560	GO:0016887	5	0.25	0
BSU_06830	GO:0008168	5	0.25	0
BSU_29530	GO:0006813	5	0.25	0
BSU_38700	GO:0006281	5	0.25	0
BSU_11340	GO:0009432	5	0.25	0
BSU_38600	GO:0140098	5	0.25	0
BSU_14730	GO:0006281	5	0.25	0
BSU_10360	GO:0016887	5	0.25	0
BSU_13010	GO:0009432	5	0.25	0
BSU_33380	GO:0016020	5	0.25	0
BSU_06830	GO:0051539	5	0.25	0
BSU_16330	GO:0051539	5	0.25	0
BSU_01640	GO:0006364	5	0.25	0
BSU_05810	GO:0008168	5	0.25	0
BSU_10920	GO:0016887	5	0.25	0
BSU_37320	GO:0016020	5	0.25	0
BSU_09100	GO:0006281	5	0.25	0
BSU_15590	GO:0016887	5	0.25	0
BSU_02430	GO:0003677	5	0.25	0
BSU_04080	GO:0016887	5	0.25	0
BSU_09950	GO:0034220	5	0.25	0
BSU_10390	GO:0005886	5	0.25	0
BSU_31980	GO:0016887	5	0.25	0
BSU_38500	GO:0016887	5	0.25	0
BSU_23800	GO:0006364	5	0.25	0
BSU_12100	GO:0016020	5	0.25	0
BSU_18480	GO:0006364	5	0.25	0
BSU_20500	GO:0009432	5	0.25	0
BSU_09910	GO:0009432	5	0.25	0
BSU_24870	GO:0006813	5	0.25	0
BSU_34620	GO:0006364	5	0.25	0
BSU_13410	GO:0009432	5	0.25	0
BSU_14590	GO:0008168	5	0.25	0
BSU_01820	GO:0009432	5	0.25	0
BSU_24320	GO:0009432	5	0.25	0
BSU_05910	GO:0006364	5	0.25	0
BSU_03982	GO:0008168	5	0.25	0
BSU_31920	GO:0006355	5	0.25	0
BSU_05910	GO:0016887	5	0.25	0
BSU_33970	GO:0006281	5	0.25	0
BSU_00710	GO:0006364	5	0.25	0
BSU_05740	GO:0006281	5	0.25	0
BSU_07050	GO:0006281	5	0.25	0
BSU_09100	GO:0051539	5	0.25	0
BSU_37160	GO:0003677	5	0.25	0
BSU_35330	GO:0016740	5	0.25	0
BSU_34900	GO:0016740	5	0.25	0
BSU_03440	GO:0015711	5	0.25	0
BSU_23530	GO:0051537	5	0.25	0
BSU_38190	GO:0016740	5	0.25	0
BSU_33240	GO:0016740	5	0.25	0
BSU_30800	GO:0009432	5	0.25	0
BSU_19200	GO:0016740	5	0.25	0
BSU_12910	GO:0003700	5	0.25	0
BSU_25780	GO:0016740	5	0.25	0
BSU_13550	GO:0005829	5	0.25	0
BSU_14350	GO:0016887	5	0.25	0
BSU_36520	GO:0009432	5	0.25	0
BSU_18670	GO:0016740	5	0.25	0
BSU_39550	GO:0009432	5	0.25	0
BSU_14300	GO:0009432	5	0.25	0
BSU_37180	GO:0016020	5	0.25	0
BSU_12250	GO:0005886	5	0.25	0
BSU_15110	GO:0016740	5	0.25	0
BSU_23800	GO:0008168	5	0.25	0
BSU_03982	GO:0003700	5	0.25	0
BSU_35330	GO:0009432	5	0.25	0
BSU_17340	GO:0009432	5	0.25	0
BSU_18480	GO:0008168	5	0.25	0
BSU_14590	GO:0051539	5	0.25	0
BSU_21350	GO:0005886	5	0.25	0
BSU_22630	GO:0009432	5	0.25	0
BSU_23570	GO:0009432	5	0.25	0
BSU_06720	GO:0016887	5	0.25	0
BSU_38860	GO:0009432	5	0.25	0
BSU_05850	GO:0006281	5	0.25	0
BSU_37810	GO:0009432	5	0.25	0
BSU_24170	GO:0016740	5	0.25	0
BSU_22770	GO:0003677	5	0.25	0
BSU_09410	GO:0003677	5	0.25	0
BSU_10130	GO:0016740	5	0.25	0
BSU_09930	GO:0016020	5	0.25	0
BSU_23470	GO:0005737	5	0.25	0
BSU_38600	GO:0005737	5	0.25	0
BSU_15590	GO:0003677	5	0.25	0
BSU_15600	GO:0003677	5	0.25	0
BSU_23800	GO:0051539	5	0.25	0
BSU_06830	GO:0016740	5	0.25	0
BSU_12910	GO:0051539	5	0.25	0
BSU_09910	GO:0006355	5	0.25	0
BSU_01640	GO:0005886	5	0.25	0
BSU_23570	GO:0005886	5	0.25	0
BSU_09420	GO:0003677	5	0.25	0
BSU_14590	GO:0003677	5	0.25	0
BSU_37180	GO:0005737	5	0.25	0
BSU_13550	GO:0140098	5	0.25	0
BSU_06420	GO:0140098	5	0.25	0
BSU_35790	GO:0140098	5	0.25	0
BSU_35080	GO:0005515	5	0.25	0
BSU_24320	GO:0140098	5	0.25	0
BSU_35730	GO:0005886	5	0.25	0
BSU_22770	GO:0140098	5	0.25	0
BSU_39810	GO:0034220	5	0.25	0
BSU_06830	GO:0003723	5	0.25	0
BSU_16330	GO:0003723	5	0.25	0
BSU_08190	GO:0005737	5	0.25	0
BSU_09100	GO:0006364	5	0.25	0
BSU_34700	GO:0006813	5	0.25	0
BSU_14590	GO:0003723	5	0.25	0
BSU_33270	GO:0006813	5	0.25	0
BSU_01690	GO:0005737	5	0.25	0
BSU_09100	GO:0003723	5	0.25	0
BSU_38580	GO:0034220	5	0.25	0
BSU_06830	GO:0006364	5	0.25	0
BSU_03982	GO:0016740	5	0.25	0
BSU_30770	GO:0016020	5	0.25	0
BSU_24320	GO:0005737	5	0.25	0
BSU_18480	GO:0051539	5	0.25	0
BSU_27070	GO:0034220	5	0.25	0
BSU_02100	GO:0005829	5	0.25	0
BSU_12020	GO:0140098	5	0.25	0
BSU_05740	GO:0003677	5	0.25	0
BSU_02510	GO:0005886	5	0.25	0
BSU_05810	GO:0003677	5	0.25	0
BSU_15850	GO:0005886	5	0.25	0
BSU_03982	GO:0003677	5	0.25	0
BSU_03320	GO:0003677	5	0.25	0
BSU_23800	GO:0003677	5	0.25	0
BSU_03982	GO:0006364	5	0.25	0
BSU_31010	GO:0140581	5	0.25	0
BSU_18480	GO:0003677	5	0.25	0
BSU_09100	GO:0008168	5	0.25	0
BSU_29000	GO:0016887	5	0.25	0
BSU_25500	GO:0016740	5	0.25	0
BSU_35680	GO:0005886	5	0.25	0
BSU_04160	GO:0005515	5	0.25	0
BSU_18210	GO:0016887	5	0.25	0
BSU_36520	GO:0016887	5	0.25	0
BSU_12910	GO:0006364	5	0.25	0
BSU_02690	GO:0003677	5	0.25	0
BSU_27070	GO:0008168	5	0.25	0
BSU_18670	GO:0008168	5	0.25	0
BSU_05870	GO:0140098	5	0.25	0
BSU_30150	GO:0140581	5	0.25	0
BSU_03982	GO:0051539	5	0.25	0
BSU_01830	GO:0005737	5	0.25	0
BSU_28390	GO:0140098	5	0.25	0
BSU_39070	GO:0003677	5	0.25	0
BSU_13410	GO:0006355	5	0.25	0
BSU_16330	GO:0003677	5	0.25	0
BSU_06830	GO:0003677	5	0.25	0
BSU_23890	GO:0140581	5	0.25	0
BSU_41040	GO:0140581	5	0.25	0
BSU_39810	GO:0140581	5	0.25	0
BSU_33690	GO:0140581	5	0.25	0
BSU_05870	GO:0003677	5	0.25	0
BSU_33730	GO:0034220	5	0.25	0
BSU_33830	GO:0034220	5	0.25	0
BSU_38580	GO:0003677	5	0.25	0
BSU_05810	GO:0051539	5	0.25	0
BSU_05910	GO:0140098	5	0.25	0
BSU_18210	GO:0005886	5	0.25	0
BSU_19430	GO:0005886	5	0.25	0
BSU_26840	GO:0003700	5	0.25	0
BSU_07570	GO:0090729	5	0.25	0
BSU_15850	GO:0042838	5	0.25	0
BSU_15620	GO:0042838	5	0.25	0
BSU_22620	GO:0005737	5	0.25	0
BSU_24980	GO:0016887	5	0.25	0
BSU_04160	GO:0005886	5	0.25	0
BSU_06070	GO:0003677	5	0.25	0
BSU_15860	GO:0042838	5	0.25	0
BSU_34900	GO:0042838	5	0.25	0
BSU_16330	GO:0005829	5	0.25	0
BSU_32740	GO:0016887	5	0.25	0
BSU_23980	GO:0016887	5	0.25	0
BSU_36550	GO:0016887	5	0.25	0
BSU_21350	GO:0042838	5	0.25	0
BSU_05910	GO:0000287	5	0.25	0
BSU_37180	GO:0000287	5	0.25	0
BSU_15590	GO:0005737	5	0.25	0
BSU_02510	GO:0000287	5	0.25	0
BSU_09410	GO:0000287	5	0.25	0
BSU_07570	GO:0005576	5	0.25	0
BSU_00710	GO:0006164	5	0.25	0
BSU_07560	GO:0042838	5	0.25	0
BSU_10130	GO:0042838	5	0.25	0
BSU_27880	GO:0000287	5	0.25	0
BSU_29590	GO:0000287	5	0.25	0
BSU_01830	GO:0090729	5	0.25	0
BSU_37320	GO:0090729	5	0.25	0
BSU_10970	GO:0042838	5	0.25	0
BSU_12000	GO:0005886	5	0.25	0
BSU_24170	GO:0003677	5	0.25	0
BSU_37640	GO:0000287	5	0.25	0
BSU_03440	GO:0090729	5	0.25	0
BSU_12100	GO:0090729	5	0.25	0
BSU_25500	GO:0003677	5	0.25	0
BSU_03982	GO:0090729	5	0.25	0
BSU_39020	GO:0090729	5	0.25	0
BSU_32740	GO:0005576	5	0.25	0
BSU_02510	GO:0042838	5	0.25	0
BSU_10130	GO:0003677	5	0.25	0
BSU_28140	GO:0042838	5	0.25	0
BSU_05740	GO:0000287	5	0.25	0
BSU_12910	GO:0003677	5	0.25	0
BSU_15600	GO:0005737	5	0.25	0
BSU_06300	GO:0005975	5	0.25	0
BSU_06420	GO:0005737	5	0.25	0
BSU_13550	GO:0005737	5	0.25	0
BSU_38860	GO:0005737	5	0.25	0
BSU_00710	GO:0003677	5	0.25	0
BSU_12300	GO:0005737	5	0.25	0
BSU_39020	GO:0005576	5	0.25	0
BSU_23760	GO:0003677	5	0.25	0
BSU_39750	GO:0005737	5	0.25	0
BSU_22620	GO:0005737	5	0.25	0
BSU_12100	GO:0005576	5	0.25	0
BSU_27070	GO:0016887	5	0.25	0
BSU_37320	GO:0005576	5	0.25	0
BSU_02730	GO:0003677	5	0.25	0
BSU_37180	GO:0005737	5	0.25	0
BSU_23570	GO:0042838	5	0.25	0
BSU_24120	GO:0042838	5	0.25	0
BSU_02510	GO:0005737	5	0.25	0
BSU_35790	GO:0005737	5	0.25	0
BSU_07050	GO:0005829	5	0.25	0
BSU_34620	GO:0000287	5	0.25	0
BSU_12020	GO:0005737	5	0.25	0
BSU_34620	GO:0003677	5	0.25	0
BSU_12100	GO:0000287	5	0.25	0
BSU_11720	GO:0005737	5	0.25	0
BSU_31260	GO:0016887	5	0.25	0
BSU_10130	GO:0000287	5	0.25	0
BSU_05870	GO:0000287	5	0.25	0
BSU_05910	GO:0006164	5	0.25	0
BSU_14350	GO:0016887	5	0.25	0
BSU_12020	GO:0000287	5	0.25	0
BSU_35790	GO:0000287	5	0.25	0
BSU_19330	GO:0000287	5	0.25	0
BSU_22630	GO:0042838	5	0.25	0
BSU_32740	GO:0090729	5	0.25	0
BSU_01640	GO:0006164	5	0.25	0
BSU_28390	GO:0005737	5	0.25	0
BSU_05910	GO:0003677	5	0.25	0
BSU_05870	GO:0005737	5	0.25	0
BSU_35330	GO:0005886	5	0.25	0
BSU_19200	GO:0005886	5	0.25	0
BSU_15110	GO:0003677	5	0.25	0
BSU_35730	GO:0003677	5	0.25	0
BSU_17170	GO:0016835	5	0.25	0
BSU_23890	GO:0005829	5	0.25	0
BSU_02690	GO:0006779	5	0.25	0
BSU_24170	GO:0046872	5	0.25	0
BSU_06830	GO:0003677	5	0.25	0
BSU_22100	GO:0016835	5	0.25	0
BSU_22470	GO:0005886	5	0.25	0
BSU_38040	GO:0003677	5	0.25	0
BSU_40550	GO:0003677	5	0.25	0
BSU_23930	GO:0016835	5	0.25	0
BSU_30770	GO:0005737	5	0.25	0
BSU_05850	GO:0005515	5	0.25	0
BSU_33970	GO:0005515	5	0.25	0
BSU_34790	GO:0003677	5	0.25	0
BSU_13750	GO:0005886	5	0.25	0
BSU_25780	GO:0003677	5	0.25	0
BSU_18840	GO:0016835	5	0.25	0
BSU_34870	GO:0003677	5	0.25	0
BSU_29530	GO:0005737	5	0.25	0
BSU_05870	GO:0030488	5	0.25	0
BSU_27370	GO:0016835	5	0.25	0
BSU_07270	GO:0005886	5	0.25	0
BSU_23570	GO:0016835	5	0.25	0
BSU_31010	GO:0071555	5	0.25	0
BSU_24120	GO:0016835	5	0.25	0
BSU_17620	GO:0035435	5	0.25	0
BSU_09100	GO:0046872	5	0.25	0
BSU_35620	GO:0006779	5	0.25	0
BSU_34450	GO:0005886	5	0.25	0
BSU_38370	GO:0016835	5	0.25	0
BSU_12920	GO:0003677	5	0.25	0
BSU_36410	GO:0071555	5	0.25	0
BSU_34870	GO:0016835	5	0.25	0
BSU_22620	GO:0006779	5	0.25	0
BSU_16970	GO:0003677	5	0.25	0
BSU_08440	GO:0003677	5	0.25	0
BSU_41040	GO:0005829	5	0.25	0
BSU_14590	GO:0071555	5	0.25	0
BSU_39070	GO:0016835	5	0.25	0
BSU_35620	GO:0016835	5	0.25	0
BSU_23470	GO:0005886	5	0.25	0
BSU_02700	GO:0016835	5	0.25	0
BSU_09910	GO:0005886	5	0.25	0
BSU_19330	GO:0005886	5	0.25	0
BSU_10130	GO:0005886	5	0.25	0
BSU_34130	GO:0030488	5	0.25	0
BSU_12100	GO:0016835	5	0.25	0
BSU_06720	GO:0000287	5	0.25	0
BSU_34620	GO:0005886	5	0.25	0
BSU_18070	GO:0000287	5	0.25	0
BSU_02290	GO:0000287	5	0.25	0
BSU_31700	GO:0005886	5	0.25	0
BSU_07560	GO:0030488	5	0.25	0
BSU_33240	GO:0003677	5	0.25	0
BSU_38190	GO:0003677	5	0.25	0
BSU_14300	GO:0000287	5	0.25	0
BSU_34900	GO:0003677	5	0.25	0
BSU_35330	GO:0003677	5	0.25	0
BSU_37180	GO:0090729	5	0.25	0
BSU_08350	GO:0016835	5	0.25	0
BSU_07080	GO:0030488	5	0.25	0
BSU_00710	GO:0016835	5	0.25	0
BSU_39070	GO:0030488	5	0.25	0
BSU_27070	GO:0046872	5	0.25	0
BSU_22620	GO:0016835	5	0.25	0
BSU_16970	GO:0005886	5	0.25	0
BSU_30260	GO:0005515	5	0.25	0
BSU_39550	GO:0005886	5	0.25	0
BSU_36410	GO:0005829	5	0.25	0
BSU_35080	GO:0006779	5	0.25	0
BSU_02430	GO:0016835	5	0.25	0
BSU_38090	GO:0005886	5	0.25	0
BSU_01690	GO:0005515	5	0.25	0
BSU_18070	GO:0035435	5	0.25	0
BSU_14830	GO:0016835	5	0.25	0
BSU_18070	GO:0005576	5	0.25	0
BSU_14350	GO:0005576	5	0.25	0
BSU_09410	GO:0016835	5	0.25	0
BSU_05740	GO:0016835	5	0.25	0
BSU_02690	GO:0016835	5	0.25	0
BSU_09410	GO:0005737	5	0.25	0
BSU_05740	GO:0005737	5	0.25	0
BSU_21350	GO:0016835	5	0.25	0
BSU_01640	GO:0005829	5	0.25	0
BSU_27070	GO:0006164	5	0.25	0
BSU_12100	GO:0055085	5	0.25	0
BSU_23760	GO:0005829	5	0.25	0
BSU_00710	GO:0005829	5	0.25	0
BSU_18670	GO:0006164	5	0.25	0
BSU_11340	GO:0003677	5	0.25	0
BSU_35940	GO:0005737	5	0.25	0
BSU_05910	GO:0005829	5	0.25	0
BSU_22970	GO:0031160	5	0.25	0
BSU_12100	GO:0005737	5	0.25	0
BSU_02510	GO:0005886	5	0.25	0
BSU_15850	GO:0005886	5	0.25	0
BSU_12920	GO:0031160	5	0.25	0
BSU_34620	GO:0005829	5	0.25	0
BSU_18480	GO:0005829	5	0.25	0
BSU_23800	GO:0005829	5	0.25	0
BSU_12910	GO:0005829	5	0.25	0
BSU_12250	GO:0005886	5	0.25	0
BSU_13750	GO:0030435	5	0.25	0
BSU_35730	GO:0005886	5	0.25	0
BSU_23570	GO:0005886	5	0.25	0
BSU_35080	GO:0005737	5	0.25	0
BSU_28560	GO:0005737	5	0.25	0
BSU_10390	GO:0006979	5	0.25	0
BSU_24450	GO:0030435	5	0.25	0
BSU_27930	GO:0031160	5	0.25	0
BSU_23960	GO:0090729	5	0.25	0
BSU_36550	GO:0031160	5	0.25	0
BSU_23470	GO:0031160	5	0.25	0
BSU_27840	GO:0031160	5	0.25	0
BSU_23980	GO:0090729	5	0.25	0
BSU_09100	GO:0006164	5	0.25	0
BSU_37820	GO:0006979	5	0.25	0
BSU_38320	GO:0005576	5	0.25	0
BSU_07990	GO:0006979	5	0.25	0
BSU_18260	GO:0006979	5	0.25	0
BSU_24170	GO:0006164	5	0.25	0
BSU_28910	GO:0005576	5	0.25	0
BSU_01640	GO:0005886	5	0.25	0
BSU_37640	GO:0004407	5	0.25	0
BSU_36550	GO:0005886	5	0.25	0
BSU_21350	GO:0005886	5	0.25	0
BSU_35790	GO:0004407	5	0.25	0
BSU_15110	GO:0005829	5	0.25	0
BSU_07200	GO:0055085	5	0.25	0
BSU_10770	GO:0005829	5	0.25	0
BSU_18260	GO:0050661	5	0.25	0
BSU_35330	GO:0003677	5	0.25	0
BSU_17170	GO:0042838	5	0.25	0
BSU_33690	GO:0005829	5	0.25	0
BSU_37820	GO:0050661	5	0.25	0
BSU_08080	GO:0005829	5	0.25	0
BSU_22630	GO:0003677	5	0.25	0
BSU_34900	GO:0005829	5	0.25	0
BSU_15860	GO:0016651	5	0.25	0
BSU_38190	GO:0005829	5	0.25	0
BSU_15620	GO:0016651	5	0.25	0
BSU_18670	GO:0016651	5	0.25	0
BSU_19410	GO:0031160	5	0.25	0
BSU_33240	GO:0005829	5	0.25	0
BSU_38320	GO:0055085	5	0.25	0
BSU_05870	GO:0004407	5	0.25	0
BSU_01640	GO:0045892	5	0.25	0
BSU_35680	GO:0055085	5	0.25	0
BSU_03982	GO:0005829	5	0.25	0
BSU_06830	GO:0031160	5	0.25	0
BSU_33830	GO:0048476	5	0.25	0
BSU_36020	GO:0045892	5	0.25	0
BSU_10130	GO:0005829	5	0.25	0
BSU_17450	GO:0045892	5	0.25	0
BSU_33730	GO:0048476	5	0.25	0
BSU_36410	GO:0048476	5	0.25	0
BSU_37180	GO:0055085	5	0.25	0
BSU_30150	GO:0005829	5	0.25	0
BSU_25500	GO:0005829	5	0.25	0
BSU_24170	GO:0005829	5	0.25	0
BSU_15880	GO:0005829	5	0.25	0
BSU_05340	GO:0055085	5	0.25	0
BSU_39410	GO:0055085	5	0.25	0
BSU_03990	GO:0050661	5	0.25	0
BSU_41040	GO:0005829	5	0.25	0
BSU_32160	GO:0030435	5	0.25	0
BSU_31840	GO:0006979	5	0.25	0
BSU_21440	GO:0006979	5	0.25	0
BSU_15620	GO:0005737	5	0.25	0
BSU_32150	GO:0005576	5	0.25	0
BSU_15860	GO:0005737	5	0.25	0
BSU_37810	GO:0005576	5	0.25	0
BSU_20040	GO:0005737	5	0.25	0
BSU_00710	GO:0005576	5	0.25	0
BSU_13010	GO:0016747	5	0.25	0
BSU_35330	GO:0005576	5	0.25	0
BSU_24320	GO:0003677	5	0.25	0
BSU_24120	GO:0005737	5	0.25	0
BSU_27880	GO:0005737	5	0.25	0
BSU_33820	GO:0016887	5	0.25	0
BSU_33720	GO:0016887	5	0.25	0
BSU_29590	GO:0005737	5	0.25	0
BSU_34870	GO:0042838	5	0.25	0
BSU_18840	GO:0005576	5	0.25	0
BSU_38370	GO:0005737	5	0.25	0
BSU_34620	GO:0005576	5	0.25	0
BSU_05850	GO:0032357	5	0.25	0
BSU_12910	GO:0006164	5	0.25	0
BSU_14730	GO:0032357	5	0.25	0
BSU_33970	GO:0032357	5	0.25	0
BSU_01830	GO:0005576	5	0.25	0
BSU_37180	GO:0005576	5	0.25	0
BSU_18480	GO:0006164	5	0.25	0
BSU_23800	GO:0006164	5	0.25	0
BSU_38580	GO:0016887	5	0.25	0
BSU_38370	GO:0042838	5	0.25	0
BSU_07050	GO:0032357	5	0.25	0
BSU_06720	GO:0005737	5	0.25	0
BSU_19330	GO:0005737	5	0.25	0
BSU_07080	GO:0005737	5	0.25	0
BSU_34130	GO:0005737	5	0.25	0
BSU_03440	GO:0016887	5	0.25	0
BSU_07560	GO:0005737	5	0.25	0
BSU_24050	GO:0005737	5	0.25	0
BSU_15850	GO:0005737	5	0.25	0
BSU_09910	GO:0005737	5	0.25	0
BSU_31710	GO:0005576	5	0.25	0
BSU_03982	GO:0006164	5	0.25	0
BSU_38700	GO:0032357	5	0.25	0
BSU_06830	GO:0006164	5	0.25	0
BSU_18070	GO:0090729	5	0.25	0
BSU_17620	GO:0090729	5	0.25	0
BSU_23070	GO:0006979	5	0.25	0
BSU_22610	GO:0006979	5	0.25	0
BSU_09100	GO:0032357	5	0.25	0
BSU_25780	GO:0006979	5	0.25	0
BSU_00160	GO:0005576	5	0.25	0
BSU_31840	GO:0030435	5	0.25	0
BSU_08060	GO:0005737	5	0.25	0
BSU_34790	GO:0006979	5	0.25	0
BSU_11660	GO:0030435	5	0.25	0
BSU_06300	GO:0031160	5	0.25	0
BSU_13690	GO:0035435	5	0.25	0
BSU_37810	GO:0006979	5	0.25	0
BSU_23530	GO:0090729	5	0.25	0
BSU_13750	GO:0006979	5	0.25	0
BSU_19310	GO:0006979	5	0.25	0
BSU_10530	GO:0006979	5	0.25	0
BSU_07080	GO:0005737	5	0.25	0
BSU_15110	GO:0006979	5	0.25	0
BSU_37180	GO:0006979	5	0.25	0
BSU_39070	GO:0005737	5	0.25	0
BSU_23960	GO:0016020	5	0.25	0
BSU_14350	GO:0035435	5	0.25	0
BSU_17170	GO:0030435	5	0.25	0
BSU_02830	GO:0006979	5	0.25	0
BSU_18480	GO:0006979	5	0.25	0
BSU_12910	GO:0006979	5	0.25	0
BSU_03860	GO:0006979	5	0.25	0
BSU_05810	GO:0006164	5	0.25	0
BSU_23530	GO:0016020	5	0.25	0
BSU_19330	GO:0006979	5	0.25	0
BSU_12920	GO:0005975	5	0.25	0
BSU_05870	GO:0005737	5	0.25	0
BSU_27370	GO:0042838	5	0.25	0
BSU_33530	GO:0006979	5	0.25	0
BSU_14350	GO:0090729	5	0.25	0
BSU_13690	GO:0016020	5	0.25	0
BSU_21350	GO:0005576	5	0.25	0
BSU_22630	GO:0016835	5	0.25	0
BSU_34900	GO:0016835	5	0.25	0
BSU_04080	GO:0005886	5	0.25	0
BSU_38190	GO:0046872	5	0.25	0
BSU_23960	GO:0006096	5	0.25	0
BSU_13750	GO:0016746	5	0.25	0
BSU_36410	GO:0016746	5	0.25	0
BSU_07570	GO:0003700	5	0.25	0
BSU_05810	GO:0016746	5	0.25	0
BSU_34900	GO:0046872	5	0.25	0
BSU_15590	GO:0003677	5	0.25	0
BSU_15600	GO:0003677	5	0.25	0
BSU_19200	GO:0046872	5	0.25	0
BSU_07050	GO:0004088	5	0.25	0
BSU_09950	GO:0008615	5	0.25	0
BSU_30420	GO:0016020	5	0.25	0
BSU_38500	GO:0006096	5	0.25	0
BSU_25780	GO:0046872	5	0.25	0
BSU_31980	GO:0006096	5	0.25	0
BSU_11720	GO:0008615	5	0.25	0
BSU_22470	GO:0016746	5	0.25	0
BSU_30420	GO:0006096	5	0.25	0
BSU_16230	GO:0016746	5	0.25	0
BSU_14590	GO:0000287	5	0.25	0
BSU_30770	GO:0016020	5	0.25	0
BSU_11720	GO:0000287	5	0.25	0
BSU_14300	GO:0000287	5	0.25	0
BSU_31980	GO:0008615	5	0.25	0
BSU_03730	GO:0003700	5	0.25	0
BSU_35330	GO:0000287	5	0.25	0
BSU_26840	GO:0003690	5	0.25	0
BSU_12100	GO:0003700	5	0.25	0
BSU_17340	GO:0000287	5	0.25	0
BSU_39020	GO:0003700	5	0.25	0
BSU_22630	GO:0000287	5	0.25	0
BSU_24040	GO:0016746	5	0.25	0
BSU_14590	GO:0016746	5	0.25	0
BSU_19200	GO:0003690	5	0.25	0
BSU_38500	GO:0008615	5	0.25	0
BSU_09950	GO:0000287	5	0.25	0
BSU_09910	GO:0003690	5	0.25	0
BSU_02510	GO:0003700	5	0.25	0
BSU_36020	GO:0003690	5	0.25	0
BSU_19410	GO:0030420	5	0.25	0
BSU_14590	GO:0008615	5	0.25	0
BSU_36410	GO:0004088	5	0.25	0
BSU_22630	GO:0006637	5	0.25	0
BSU_22620	GO:0005524	5	0.25	0
BSU_15590	GO:0008615	5	0.25	0
BSU_14700	GO:0016746	5	0.25	0
BSU_07570	GO:0015700	5	0.25	0
BSU_00330	GO:0042276	5	0.25	0
BSU_19200	GO:0003700	5	0.25	0
BSU_22620	GO:0030488	5	0.25	0
BSU_14590	GO:0005524	5	0.25	0
BSU_37160	GO:0042276	5	0.25	0
BSU_09930	GO:0003700	5	0.25	0
BSU_09910	GO:0003700	5	0.25	0
BSU_30800	GO:0016491	5	0.25	0
BSU_11720	GO:0005524	5	0.25	0
BSU_01640	GO:0046872	5	0.25	0
BSU_09950	GO:0005524	5	0.25	0
BSU_35330	GO:0006637	5	0.25	0
BSU_38580	GO:0004088	5	0.25	0
BSU_00390	GO:0016491	5	0.25	0
BSU_23570	GO:0006637	5	0.25	0
BSU_27370	GO:0003700	5	0.25	0
BSU_28770	GO:0016746	5	0.25	0
BSU_36520	GO:0006637	5	0.25	0
BSU_34450	GO:0016746	5	0.25	0
BSU_15600	GO:0008615	5	0.25	0
BSU_37640	GO:0046872	5	0.25	0
BSU_01830	GO:0030420	5	0.25	0
BSU_37810	GO:0006637	5	0.25	0
BSU_07270	GO:0016746	5	0.25	0
BSU_03440	GO:0030420	5	0.25	0
BSU_00710	GO:0046872	5	0.25	0
BSU_17620	GO:0003700	5	0.25	0
BSU_14300	GO:0003700	5	0.25	0
BSU_30630	GO:0016746	5	0.25	0
BSU_18070	GO:0003700	5	0.25	0
BSU_10390	GO:0016746	5	0.25	0
BSU_03982	GO:0030420	5	0.25	0
BSU_02100	GO:0016746	5	0.25	0
BSU_19120	GO:0016746	5	0.25	0
BSU_11340	GO:0000287	5	0.25	0
BSU_18070	GO:0015700	5	0.25	0
BSU_17380	GO:0003677	5	0.25	0
BSU_10910	GO:0005886	5	0.25	0
BSU_10360	GO:0005886	5	0.25	0
BSU_09910	GO:0003700	5	0.25	0
BSU_06720	GO:0005886	5	0.25	0
BSU_20500	GO:0005886	5	0.25	0
BSU_22620	GO:0004823	5	0.25	0
BSU_22470	GO:0000287	5	0.25	0
BSU_05910	GO:0005886	5	0.25	0
BSU_10360	GO:0006096	5	0.25	0
BSU_13410	GO:0003700	5	0.25	0
BSU_23760	GO:0005886	5	0.25	0
BSU_00330	GO:0032300	5	0.25	0
BSU_19120	GO:0003690	5	0.25	0
BSU_14360	GO:0016020	5	0.25	0
BSU_35680	GO:0005886	5	0.25	0
BSU_10390	GO:0005886	5	0.25	0
BSU_16970	GO:0016746	5	0.25	0
BSU_23960	GO:0015700	5	0.25	0
BSU_28560	GO:0005886	5	0.25	0
BSU_15600	GO:0005886	5	0.25	0
BSU_26670	GO:0003690	5	0.25	0
BSU_10920	GO:0005886	5	0.25	0
BSU_09910	GO:0000287	5	0.25	0
BSU_13010	GO:0000287	5	0.25	0
BSU_31980	GO:0005886	5	0.25	0
BSU_38500	GO:0005886	5	0.25	0
BSU_08440	GO:0016020	5	0.25	0
BSU_11720	GO:0004823	5	0.25	0
BSU_05330	GO:0003690	5	0.25	0
BSU_15600	GO:0004823	5	0.25	0
BSU_15590	GO:0004823	5	0.25	0
BSU_09430	GO:0003690	5	0.25	0
BSU_40550	GO:0000287	5	0.25	0
BSU_04080	GO:0000287	5	0.25	0
BSU_16970	GO:0000287	5	0.25	0
BSU_14190	GO:0000287	5	0.25	0
BSU_01630	GO:0016020	5	0.25	0
BSU_15590	GO:0005886	5	0.25	0
BSU_16230	GO:0016491	5	0.25	0
BSU_28560	GO:0006096	5	0.25	0
BSU_36550	GO:0005886	5	0.25	0
BSU_24320	GO:0000287	5	0.25	0
BSU_22930	GO:0000287	5	0.25	0
BSU_35940	GO:0000287	5	0.25	0
BSU_28770	GO:0000287	5	0.25	0
BSU_05810	GO:0008615	5	0.25	0
BSU_01570	GO:0000287	5	0.25	0
BSU_17620	GO:0015700	5	0.25	0
BSU_24040	GO:0032300	5	0.25	0
BSU_24580	GO:0000287	5	0.25	0
BSU_00530	GO:0000287	5	0.25	0
BSU_27070	GO:0000287	5	0.25	0
BSU_08060	GO:0000287	5	0.25	0
BSU_33690	GO:0032300	5	0.25	0
BSU_38580	GO:0000287	5	0.25	0
BSU_05810	GO:0000287	5	0.25	0
BSU_17380	GO:0006096	5	0.25	0
BSU_07050	GO:0000287	5	0.25	0
BSU_32290	GO:0000287	5	0.25	0
BSU_00390	GO:0000287	5	0.25	0
BSU_09950	GO:0032300	5	0.25	0
BSU_30630	GO:0000287	5	0.25	0
BSU_31710	GO:0016746	5	0.25	0
BSU_15590	GO:0006096	5	0.25	0
BSU_21350	GO:0005886	5	0.25	0
BSU_23530	GO:0015700	5	0.25	0
BSU_01530	GO:0000287	5	0.25	0
BSU_33730	GO:0032300	5	0.25	0
BSU_32460	GO:0000287	5	0.25	0
BSU_33680	GO:0003700	5	0.25	0
BSU_33830	GO:0032300	5	0.25	0
BSU_31920	GO:0003690	5	0.25	0
BSU_06100	GO:0005886	5	0.25	0
BSU_31920	GO:0003700	5	0.25	0
BSU_10910	GO:0006096	5	0.25	0
BSU_33680	GO:0003690	5	0.25	0
BSU_15600	GO:0006096	5	0.25	0
BSU_37390	GO:0005886	5	0.25	0
BSU_12250	GO:0005886	5	0.25	0
BSU_04110	GO:0000287	5	0.25	0
BSU_36410	GO:0032300	5	0.25	0
BSU_20250	GO:0003700	5	0.25	0
BSU_36410	GO:0003677	5	0.25	0
BSU_37180	GO:0005737	5	0.25	0
BSU_23530	GO:0035435	5	0.25	0
BSU_23570	GO:0006779	5	0.25	0
BSU_07570	GO:0005737	5	0.25	0
BSU_06830	GO:0046872	5	0.25	0
BSU_12100	GO:0000162	5	0.25	0
BSU_34620	GO:0000162	5	0.25	0
BSU_09410	GO:0000162	5	0.25	0
BSU_02510	GO:0000162	5	0.25	0
BSU_38500	GO:0030488	5	0.25	0
BSU_37180	GO:0000162	5	0.25	0
BSU_34750	GO:0003700	5	0.25	0
BSU_05910	GO:0000162	5	0.25	0
BSU_30150	GO:0071555	5	0.25	0
BSU_39810	GO:0071555	5	0.25	0
BSU_27930	GO:0003677	5	0.25	0
BSU_41040	GO:0071555	5	0.25	0
BSU_38860	GO:0030488	5	0.25	0
BSU_37180	GO:0015700	5	0.25	0
BSU_07050	GO:0008137	5	0.25	0
BSU_09950	GO:0008137	5	0.25	0
BSU_37320	GO:0015700	5	0.25	0
BSU_29940	GO:0005886	5	0.25	0
BSU_30670	GO:0005886	5	0.25	0
BSU_34130	GO:0000162	5	0.25	0
BSU_07080	GO:0000162	5	0.25	0
BSU_19330	GO:0000162	5	0.25	0
BSU_06720	GO:0000162	5	0.25	0
BSU_11100	GO:0005886	5	0.25	0
BSU_35790	GO:0000162	5	0.25	0
BSU_12020	GO:0000162	5	0.25	0
BSU_36290	GO:0005886	5	0.25	0
BSU_33690	GO:0071555	5	0.25	0
BSU_11560	GO:0005886	5	0.25	0
BSU_06300	GO:0003677	5	0.25	0
BSU_05870	GO:0000162	5	0.25	0
BSU_14590	GO:0008137	5	0.25	0
BSU_00390	GO:0005886	5	0.25	0
BSU_32290	GO:0005886	5	0.25	0
BSU_23930	GO:0005886	5	0.25	0
BSU_10130	GO:0000162	5	0.25	0
BSU_40550	GO:0030488	5	0.25	0
BSU_24980	GO:0030420	5	0.25	0
BSU_25780	GO:0015700	5	0.25	0
BSU_08190	GO:0016835	5	0.25	0
BSU_19120	GO:0005886	5	0.25	0
BSU_01690	GO:0016835	5	0.25	0
BSU_39070	GO:0006779	5	0.25	0
BSU_02100	GO:0005886	5	0.25	0
BSU_02510	GO:0016835	5	0.25	0
BSU_37320	GO:0005737	5	0.25	0
BSU_39810	GO:0005829	5	0.25	0
BSU_28140	GO:0016835	5	0.25	0
BSU_10130	GO:0016835	5	0.25	0
BSU_07560	GO:0016835	5	0.25	0
BSU_15850	GO:0016835	5	0.25	0
BSU_38600	GO:0005515	5	0.25	0
BSU_10390	GO:0005886	5	0.25	0
BSU_15620	GO:0016835	5	0.25	0
BSU_15860	GO:0016835	5	0.25	0
BSU_01830	GO:0005737	5	0.25	0
BSU_30630	GO:0005886	5	0.25	0
BSU_03440	GO:0005737	5	0.25	0
BSU_09950	GO:0071555	5	0.25	0
BSU_38580	GO:0008137	5	0.25	0
BSU_12000	GO:0005515	5	0.25	0
BSU_35680	GO:0000162	5	0.25	0
BSU_23890	GO:0071555	5	0.25	0
BSU_30950	GO:0000162	5	0.25	0
BSU_39020	GO:0005737	5	0.25	0
BSU_24000	GO:0005886	5	0.25	0
BSU_10970	GO:0005886	5	0.25	0
BSU_36550	GO:0003677	5	0.25	0
BSU_34450	GO:0000162	5	0.25	0
BSU_35730	GO:0000162	5	0.25	0
BSU_14700	GO:0005886	5	0.25	0
BSU_23470	GO:0003677	5	0.25	0
BSU_16230	GO:0020037	5	0.25	0
BSU_24700	GO:0006779	5	0.25	0
BSU_24570	GO:0020037	5	0.25	0
BSU_31980	GO:0030488	5	0.25	0
BSU_12100	GO:0005737	5	0.25	0
BSU_28770	GO:0005886	5	0.25	0
BSU_07560	GO:0000162	5	0.25	0
BSU_25500	GO:0000162	5	0.25	0
BSU_02700	GO:0005886	5	0.25	0
BSU_08060	GO:0005524	5	0.25	0
BSU_08060	GO:0005829	5	0.25	0
BSU_31260	GO:0030420	5	0.25	0
BSU_39550	GO:0019752	5	0.25	0
BSU_39070	GO:0005829	5	0.25	0
BSU_09950	GO:0004088	5	0.25	0
BSU_27070	GO:0005524	5	0.25	0
BSU_37810	GO:0019752	5	0.25	0
BSU_22620	GO:0008615	5	0.25	0
BSU_38580	GO:0005829	5	0.25	0
BSU_14590	GO:0004088	5	0.25	0
BSU_24320	GO:0006637	5	0.25	0
BSU_38860	GO:0019752	5	0.25	0
BSU_05810	GO:0005829	5	0.25	0
BSU_07050	GO:0042276	5	0.25	0
BSU_39020	GO:0015700	5	0.25	0
BSU_23570	GO:0019752	5	0.25	0
BSU_12000	GO:0005524	5	0.25	0
BSU_36520	GO:0019752	5	0.25	0
BSU_13010	GO:0030488	5	0.25	0
BSU_36410	GO:0046872	5	0.25	0
BSU_38580	GO:0005524	5	0.25	0
BSU_35080	GO:0005829	5	0.25	0
BSU_32740	GO:0030420	5	0.25	0
BSU_09100	GO:0042276	5	0.25	0
BSU_11340	GO:0006637	5	0.25	0
BSU_27070	GO:0005829	5	0.25	0
BSU_24570	GO:0006637	5	0.25	0
BSU_00490	GO:0003700	5	0.25	0
BSU_38700	GO:0042276	5	0.25	0
BSU_07050	GO:0005524	5	0.25	0
BSU_13690	GO:0030420	5	0.25	0
BSU_15590	GO:0030488	5	0.25	0
BSU_15600	GO:0030488	5	0.25	0
BSU_33970	GO:0042276	5	0.25	0
BSU_05810	GO:0005524	5	0.25	0
BSU_13550	GO:0030488	5	0.25	0
BSU_14350	GO:0030420	5	0.25	0
BSU_18480	GO:0046872	5	0.25	0
BSU_22630	GO:0019752	5	0.25	0
BSU_00490	GO:0030488	5	0.25	0
BSU_15850	GO:0000162	5	0.25	0
BSU_06420	GO:0030488	5	0.25	0
BSU_27880	GO:0000162	5	0.25	0
BSU_03982	GO:0046872	5	0.25	0
BSU_24120	GO:0000162	5	0.25	0
BSU_05810	GO:0046872	5	0.25	0
BSU_33240	GO:0000162	5	0.25	0
BSU_05810	GO:0046872	5	0.25	0
BSU_24320	GO:0019752	5	0.25	0
BSU_12100	GO:0015700	5	0.25	0
BSU_17620	GO:0000162	5	0.25	0
BSU_23980	GO:0030420	5	0.25	0
BSU_20040	GO:0000162	5	0.25	0
BSU_15860	GO:0000162	5	0.25	0
BSU_15620	GO:0000162	5	0.25	0
BSU_32740	GO:0005737	5	0.25	0
BSU_27070	GO:0046872	5	0.25	0
BSU_08350	GO:0005886	5	0.25	0
BSU_09910	GO:0000162	5	0.25	0
BSU_29590	GO:0000162	5	0.25	0
BSU_38370	GO:0000162	5	0.25	0
BSU_31980	GO:0005829	5	0.25	0
BSU_22620	GO:0005829	5	0.25	0
BSU_23800	GO:0046872	5	0.25	0
BSU_38500	GO:0005829	5	0.25	0
BSU_17340	GO:0019752	5	0.25	0
BSU_35330	GO:0019752	5	0.25	0
BSU_14300	GO:0019752	5	0.25	0
BSU_13010	GO:0019752	5	0.25	0
BSU_14590	GO:0046872	5	0.25	0
BSU_09420	GO:0046872	5	0.25	0
BSU_35410	GO:0046872	5	0.25	0
BSU_12910	GO:0046872	5	0.25	0
BSU_09950	GO:0005829	5	0.25	0
BSU_11340	GO:0019752	5	0.25	0
BSU_11720	GO:0005829	5	0.25	0
BSU_14590	GO:0005829	5	0.25	0
BSU_15600	GO:0005829	5	0.25	0
BSU_15590	GO:0005829	5	0.25	0
BSU_16330	GO:0042276	5	0.25	0
BSU_39810	GO:0005737	5	0.25	0
BSU_06100	GO:0022857	5	0.25	0
BSU_05740	GO:0005576	5	0.25	0
BSU_28560	GO:0004672	5	0.25	0
BSU_14730	GO:0005737	5	0.25	0
BSU_16230	GO:0005524	5	0.25	0
BSU_27070	GO:0052656	5	0.25	0
BSU_34130	GO:0034023	5	0.25	0
BSU_24580	GO:0005886	5	0.25	0
BSU_13410	GO:0006355	5	0.25	0
BSU_11720	GO:0008966	5	0.25	0
BSU_02730	GO:0005829	5	0.25	0
BSU_24170	GO:0005829	5	0.25	0
BSU_05870	GO:0008233	5	0.25	0
BSU_22610	GO:0042802	5	0.25	0
BSU_08060	GO:0052656	5	0.25	0
BSU_10360	GO:0004672	5	0.25	0
BSU_12020	GO:0008233	5	0.25	0
BSU_35790	GO:0008233	5	0.25	0
BSU_05910	GO:0004672	5	0.25	0
BSU_10910	GO:0004672	5	0.25	0
BSU_09950	GO:0008966	5	0.25	0
BSU_38600	GO:0005829	5	0.25	0
BSU_12000	GO:0005829	5	0.25	0
BSU_04160	GO:0005829	5	0.25	0
BSU_06720	GO:0008233	5	0.25	0
BSU_27930	GO:0005829	5	0.25	0
BSU_15600	GO:0004672	5	0.25	0
BSU_19330	GO:0008233	5	0.25	0
BSU_31980	GO:0005886	5	0.25	0
BSU_15590	GO:0004672	5	0.25	0
BSU_07080	GO:0008233	5	0.25	0
BSU_34130	GO:0008233	5	0.25	0
BSU_25500	GO:0005829	5	0.25	0
BSU_12100	GO:0008233	5	0.25	0
BSU_34620	GO:0008233	5	0.25	0
BSU_33730	GO:0005886	5	0.25	0
BSU_30220	GO:0009058	5	0.25	0
BSU_03960	GO:0008270	5	0.25	0
BSU_27070	GO:0005886	5	0.25	0
BSU_05810	GO:0055085	5	0.25	0
BSU_38500	GO:0005829	5	0.25	0
BSU_08060	GO:0070681	5	0.25	0
BSU_22630	GO:0042802	5	0.25	0
BSU_10550	GO:0009058	5	0.25	0
BSU_23960	GO:0005829	5	0.25	0
BSU_38500	GO:0005886	5	0.25	0
BSU_31920	GO:0006355	5	0.25	0
BSU_33680	GO:0006355	5	0.25	0
BSU_05910	GO:0008233	5	0.25	0
BSU_37180	GO:0008233	5	0.25	0
BSU_19540	GO:0006355	5	0.25	0
BSU_15590	GO:0005829	5	0.25	0
BSU_23530	GO:0004145	5	0.25	0
BSU_10920	GO:0005829	5	0.25	0
BSU_37180	GO:0015295	5	0.25	0
BSU_28560	GO:0005829	5	0.25	0
BSU_10360	GO:0005829	5	0.25	0
BSU_02510	GO:0008233	5	0.25	0
BSU_15110	GO:0006508	5	0.25	0
BSU_09410	GO:0008233	5	0.25	0
BSU_05740	GO:0008233	5	0.25	0
BSU_14590	GO:0008966	5	0.25	0
BSU_29000	GO:0006355	5	0.25	0
BSU_16440	GO:0003678	5	0.25	0
BSU_20500	GO:0005829	5	0.25	0
BSU_01830	GO:0015295	5	0.25	0
BSU_05910	GO:0005829	5	0.25	0
BSU_38580	GO:0052656	5	0.25	0
BSU_12560	GO:0006364	5	0.25	0
BSU_07080	GO:0034023	5	0.25	0
BSU_12020	GO:0006096	5	0.25	0
BSU_08060	GO:0008966	5	0.25	0
BSU_24980	GO:0016301	5	0.25	0
BSU_33390	GO:0035429	5	0.25	0
BSU_12920	GO:0005737	5	0.25	0
BSU_17380	GO:0004672	5	0.25	0
BSU_10390	GO:0005886	5	0.25	0
BSU_33380	GO:0035429	5	0.25	0
BSU_23960	GO:0004672	5	0.25	0
BSU_35680	GO:0005886	5	0.25	0
BSU_24570	GO:0052656	5	0.25	0
BSU_36410	GO:0016020	5	0.25	0
BSU_23980	GO:0055085	5	0.25	0
BSU_31010	GO:0016020	5	0.25	0
BSU_35940	GO:0016020	5	0.25	0
BSU_15880	GO:0003678	5	0.25	0
BSU_09930	GO:0006355	5	0.25	0
BSU_36550	GO:0055085	5	0.25	0
BSU_24570	GO:0005515	5	0.25	0
BSU_04080	GO:0004145	5	0.25	0
BSU_15600	GO:0005829	5	0.25	0
BSU_23760	GO:0009245	5	0.25	0
BSU_09950	GO:0016020	5	0.25	0
BSU_10910	GO:0005829	5	0.25	0
BSU_00710	GO:0009245	5	0.25	0
BSU_30150	GO:0003678	5	0.25	0
BSU_31260	GO:0055085	5	0.25	0
BSU_13690	GO:0016020	5	0.25	0
BSU_05910	GO:0009245	5	0.25	0
BSU_08190	GO:0080090	5	0.25	0
BSU_01640	GO:0010468	5	0.25	0
BSU_38580	GO:0008966	5	0.25	0
BSU_05330	GO:0080090	5	0.25	0
BSU_10970	GO:0009245	5	0.25	0
BSU_05870	GO:0034023	5	0.25	0
BSU_39070	GO:0034023	5	0.25	0
BSU_09910	GO:0006355	5	0.25	0
BSU_03630	GO:0009058	5	0.25	0
BSU_05810	GO:0052656	5	0.25	0
BSU_35940	GO:0016829	5	0.25	0
BSU_07050	GO:0052656	5	0.25	0
BSU_37320	GO:0015295	5	0.25	0
BSU_03982	GO:0003677	5	0.25	0
BSU_04160	GO:0005737	5	0.25	0
BSU_38500	GO:0008966	5	0.25	0
BSU_06420	GO:0009058	5	0.25	0
BSU_03440	GO:0015295	5	0.25	0
BSU_05870	GO:0006096	5	0.25	0
BSU_21350	GO:0005886	5	0.25	0
BSU_20250	GO:0006355	5	0.25	0
BSU_33730	GO:0005886	5	0.25	0
BSU_09100	GO:0005829	5	0.25	0
BSU_09950	GO:0052656	5	0.25	0
BSU_11720	GO:0052656	5	0.25	0
BSU_36520	GO:0016020	5	0.25	0
BSU_14590	GO:0052656	5	0.25	0
BSU_07560	GO:0008233	5	0.25	0
BSU_07050	GO:0008966	5	0.25	0
BSU_12250	GO:0005886	5	0.25	0
BSU_27070	GO:0070681	5	0.25	0
BSU_05810	GO:0008966	5	0.25	0
BSU_33830	GO:0005886	5	0.25	0
BSU_02510	GO:0006355	5	0.25	0
BSU_23470	GO:0016020	5	0.25	0
BSU_41040	GO:1902600	5	0.25	0
BSU_33830	GO:0005886	5	0.25	0
BSU_37180	GO:0055085	5	0.25	0
BSU_34700	GO:0016020	5	0.25	0
BSU_20040	GO:0006096	5	0.25	0
BSU_05740	GO:0015633	5	0.25	0
BSU_17620	GO:0006096	5	0.25	0
BSU_07050	GO:0015633	5	0.25	0
BSU_29530	GO:0016020	5	0.25	0
BSU_19200	GO:0005829	5	0.25	0
BSU_33240	GO:0005829	5	0.25	0
BSU_33240	GO:0006096	5	0.25	0
BSU_36520	GO:0016020	5	0.25	0
BSU_03982	GO:0016020	5	0.25	0
BSU_19430	GO:0005886	5	0.25	0
BSU_38190	GO:0005829	5	0.25	0
BSU_24170	GO:0034023	5	0.25	0
BSU_33270	GO:0016020	5	0.25	0
BSU_27070	GO:0030145	5	0.25	0
BSU_15860	GO:0006096	5	0.25	0
BSU_13690	GO:0055085	5	0.25	0
BSU_34900	GO:0005829	5	0.25	0
BSU_18210	GO:0005886	5	0.25	0
BSU_00490	GO:0004145	5	0.25	0
BSU_29000	GO:0005886	5	0.25	0
BSU_15110	GO:0008270	5	0.25	0
BSU_03730	GO:0016020	5	0.25	0
BSU_13750	GO:0005829	5	0.25	0
BSU_34900	GO:0006508	5	0.25	0
BSU_29530	GO:0016020	5	0.25	0
BSU_28560	GO:0034023	5	0.25	0
BSU_07050	GO:0005886	5	0.25	0
BSU_15110	GO:0005829	5	0.25	0
BSU_31710	GO:0016020	5	0.25	0
BSU_31260	GO:0055085	5	0.25	0
BSU_28910	GO:0055085	5	0.25	0
BSU_20040	GO:0015633	5	0.25	0
BSU_23800	GO:0051920	5	0.25	0
BSU_05810	GO:0005524	5	0.25	0
BSU_05810	GO:0051920	5	0.25	0
BSU_37180	GO:0043565	5	0.25	0
BSU_12100	GO:0016020	5	0.25	0
BSU_30420	GO:0003723	5	0.25	0
BSU_12920	GO:0005886	5	0.25	0
BSU_15850	GO:0006096	5	0.25	0
BSU_05870	GO:0005737	5	0.25	0
BSU_03982	GO:0051920	5	0.25	0
BSU_09910	GO:0006096	5	0.25	0
BSU_09420	GO:0005886	5	0.25	0
BSU_12910	GO:0051920	5	0.25	0
BSU_18670	GO:0030145	5	0.25	0
BSU_18670	GO:0005886	5	0.25	0
BSU_33240	GO:0006508	5	0.25	0
BSU_15620	GO:0006096	5	0.25	0
BSU_33380	GO:0016020	5	0.25	0
BSU_38190	GO:0006508	5	0.25	0
BSU_18480	GO:0051920	5	0.25	0
BSU_07050	GO:0070681	5	0.25	0
BSU_25500	GO:0008270	5	0.25	0
BSU_31710	GO:0016020	5	0.25	0
BSU_25780	GO:0005829	5	0.25	0
BSU_21440	GO:0055085	5	0.25	0
BSU_24170	GO:0008270	5	0.25	0
BSU_18670	GO:0006096	5	0.25	0
BSU_04080	GO:0005886	5	0.25	0
BSU_33720	GO:0005524	5	0.25	0
BSU_01640	GO:0009401	5	0.25	0
BSU_33820	GO:0005524	5	0.25	0
BSU_05810	GO:0070681	5	0.25	0
BSU_30240	GO:0005886	5	0.25	0
BSU_35330	GO:0008270	5	0.25	0
BSU_24980	GO:0003723	5	0.25	0
BSU_34750	GO:0006355	5	0.25	0
BSU_24050	GO:0005737	5	0.25	0
BSU_40550	GO:0008270	5	0.25	0
BSU_09850	GO:0015295	5	0.25	0
BSU_27120	GO:0003678	5	0.25	0
BSU_12020	GO:0016787	5	0.25	0
BSU_31980	GO:0008270	5	0.25	0
BSU_35410	GO:0005886	5	0.25	0
BSU_38040	GO:0008270	5	0.25	0
BSU_18250	GO:0005886	5	0.25	0
BSU_38580	GO:0070681	5	0.25	0
BSU_33690	GO:1902600	5	0.25	0
BSU_07560	GO:0034023	5	0.25	0
BSU_34870	GO:0008270	5	0.25	0
BSU_15590	GO:0008966	5	0.25	0
BSU_09950	GO:0055085	5	0.25	0
BSU_35730	GO:0008270	5	0.25	0
BSU_07050	GO:0006541	5	0.25	0
BSU_01630	GO:0008270	5	0.25	0
BSU_30150	GO:1902600	5	0.25	0
BSU_08440	GO:0008270	5	0.25	0
BSU_12560	GO:0003678	5	0.25	0
BSU_14350	GO:0003723	5	0.25	0
BSU_16970	GO:0008270	5	0.25	0
BSU_15600	GO:0008966	5	0.25	0
BSU_35400	GO:0016020	5	0.25	0
BSU_02730	GO:0016020	5	0.25	0
BSU_00330	GO:0005886	5	0.25	0
BSU_17390	GO:0015633	5	0.25	0
BSU_00710	GO:0003949	5	0.25	0
BSU_02730	GO:0016020	5	0.25	0
BSU_18670	GO:0015633	5	0.25	0
BSU_34790	GO:0008270	5	0.25	0
BSU_25780	GO:0008270	5	0.25	0
BSU_18670	GO:0005829	5	0.25	0
BSU_35330	GO:0006508	5	0.25	0
BSU_23760	GO:0042802	5	0.25	0
BSU_34900	GO:0008270	5	0.25	0
BSU_38190	GO:0008270	5	0.25	0
BSU_33240	GO:0008270	5	0.25	0
BSU_38580	GO:0055085	5	0.25	0
BSU_19200	GO:0008270	5	0.25	0
BSU_19430	GO:0003824	5	0.25	0
BSU_29530	GO:0055085	5	0.25	0
BSU_16230	GO:0005886	5	0.25	0
BSU_12000	GO:0005737	5	0.25	0
BSU_14350	GO:0006525	5	0.25	0
BSU_09420	GO:0005886	5	0.25	0
BSU_22620	GO:0008966	5	0.25	0
BSU_16330	GO:0015633	5	0.25	0
BSU_24050	GO:0015633	5	0.25	0
BSU_08060	GO:0005886	5	0.25	0
BSU_38190	GO:0016836	5	0.25	0
BSU_03730	GO:0016020	5	0.25	0
BSU_05810	GO:0005886	5	0.25	0
BSU_10390	GO:0005829	5	0.25	0
BSU_30790	GO:0005886	5	0.25	0
BSU_22620	GO:0009058	5	0.25	0
BSU_03440	GO:0008514	5	0.25	0
BSU_36410	GO:0005886	5	0.25	0
BSU_12920	GO:0015633	5	0.25	0
BSU_16330	GO:0005886	5	0.25	0
BSU_05870	GO:0016787	5	0.25	0
BSU_16230	GO:0005515	5	0.25	0
BSU_38090	GO:0005886	5	0.25	0
BSU_05810	GO:0016020	5	0.25	0
BSU_12910	GO:0016740	5	0.25	0
BSU_24170	GO:0030145	5	0.25	0
BSU_25500	GO:0003677	5	0.25	0
BSU_38580	GO:0016829	5	0.25	0
BSU_27880	GO:0017000	5	0.25	0
BSU_29590	GO:0017000	5	0.25	0
BSU_23800	GO:0016740	5	0.25	0
BSU_38190	GO:0009245	5	0.25	0
BSU_15880	GO:0006364	5	0.25	0
BSU_35790	GO:0009972	5	0.25	0
BSU_12020	GO:0009972	5	0.25	0
BSU_05870	GO:0009972	5	0.25	0
BSU_23890	GO:0042802	5	0.25	0
BSU_09910	GO:0030435	5	0.25	0
BSU_15850	GO:0030435	5	0.25	0
BSU_09100	GO:0030145	5	0.25	0
BSU_08060	GO:0016829	5	0.25	0
BSU_25500	GO:0030435	5	0.25	0
BSU_07560	GO:0030435	5	0.25	0
BSU_34130	GO:0030435	5	0.25	0
BSU_24170	GO:0003677	5	0.25	0
BSU_07080	GO:0030435	5	0.25	0
BSU_04110	GO:0005576	5	0.25	0
BSU_13410	GO:0003735	5	0.25	0
BSU_19330	GO:0030435	5	0.25	0
BSU_33240	GO:0009245	5	0.25	0
BSU_06720	GO:0030435	5	0.25	0
BSU_26840	GO:0003735	5	0.25	0
BSU_05810	GO:0016829	5	0.25	0
BSU_38370	GO:0008233	5	0.25	0
BSU_35790	GO:0030435	5	0.25	0
BSU_27370	GO:0005829	5	0.25	0
BSU_34900	GO:0009245	5	0.25	0
BSU_09430	GO:0080090	5	0.25	0
BSU_04110	GO:0005886	5	0.25	0
BSU_39020	GO:0015295	5	0.25	0
BSU_36650	GO:0005886	5	0.25	0
BSU_01640	GO:0009972	5	0.25	0
BSU_05910	GO:0009972	5	0.25	0
BSU_15860	GO:0008233	5	0.25	0
BSU_36660	GO:0005886	5	0.25	0
BSU_00710	GO:0009972	5	0.25	0
BSU_23760	GO:0009972	5	0.25	0
BSU_20040	GO:0008233	5	0.25	0
BSU_04080	GO:0005886	5	0.25	0
BSU_27070	GO:0016829	5	0.25	0
BSU_23760	GO:0009058	5	0.25	0
BSU_23960	GO:0016301	5	0.25	0
BSU_32460	GO:0005886	5	0.25	0
BSU_33240	GO:0008233	5	0.25	0
BSU_31010	GO:0042802	5	0.25	0
BSU_00710	GO:0005829	5	0.25	0
BSU_39810	GO:0042802	5	0.25	0
BSU_30150	GO:0042802	5	0.25	0
BSU_00710	GO:0009058	5	0.25	0
BSU_24120	GO:0008233	5	0.25	0
BSU_17620	GO:0005576	5	0.25	0
BSU_29000	GO:0009972	5	0.25	0
BSU_27880	GO:0008233	5	0.25	0
BSU_29590	GO:0008233	5	0.25	0
BSU_22620	GO:0017118	5	0.25	0
BSU_25500	GO:0006508	5	0.25	0
BSU_03960	GO:0003735	5	0.25	0
BSU_18480	GO:0016740	5	0.25	0
BSU_35330	GO:0009245	5	0.25	0
BSU_06830	GO:0030145	5	0.25	0
BSU_12020	GO:0030435	5	0.25	0
BSU_05870	GO:0030435	5	0.25	0
BSU_24320	GO:0005737	5	0.25	0
BSU_10130	GO:0006508	5	0.25	0
BSU_30420	GO:0016020	5	0.25	0
BSU_25780	GO:0009245	5	0.25	0
BSU_30770	GO:0016020	5	0.25	0
BSU_03982	GO:0016740	5	0.25	0
BSU_34620	GO:0009058	5	0.25	0
BSU_23530	GO:0005576	5	0.25	0
BSU_23800	GO:0010468	5	0.25	0
BSU_36550	GO:0005576	5	0.25	0
BSU_04610	GO:0005576	5	0.25	0
BSU_30220	GO:0030435	5	0.25	0
BSU_23470	GO:0005576	5	0.25	0
BSU_27840	GO:0005576	5	0.25	0
BSU_20500	GO:0046872	5	0.25	0
BSU_18480	GO:0009058	5	0.25	0
BSU_10130	GO:0030435	5	0.25	0
BSU_34790	GO:0009245	5	0.25	0
BSU_24980	GO:0007165	5	0.25	0
BSU_23800	GO:0009058	5	0.25	0
BSU_40550	GO:0009245	5	0.25	0
BSU_12910	GO:0009058	5	0.25	0
BSU_00710	GO:0003677	5	0.25	0
BSU_05810	GO:0016740	5	0.25	0
BSU_31980	GO:0009245	5	0.25	0
BSU_16230	GO:0016020	5	0.25	0
BSU_38040	GO:0009245	5	0.25	0
BSU_09910	GO:0003735	5	0.25	0
BSU_29590	GO:0030435	5	0.25	0
BSU_00530	GO:0008360	5	0.25	0
BSU_15590	GO:0019516	5	0.25	0
BSU_22620	GO:0019516	5	0.25	0
BSU_37320	GO:0046872	5	0.25	0
BSU_08350	GO:0046872	5	0.25	0
BSU_31710	GO:0030435	5	0.25	0
BSU_41040	GO:0042802	5	0.25	0
BSU_19200	GO:0009245	5	0.25	0
BSU_27070	GO:0003677	5	0.25	0
BSU_04080	GO:0005576	5	0.25	0
BSU_35080	GO:0005737	5	0.25	0
BSU_12100	GO:0030435	5	0.25	0
BSU_34620	GO:0030435	5	0.25	0
BSU_14830	GO:0046872	5	0.25	0
BSU_02700	GO:0046872	5	0.25	0
BSU_17340	GO:0046872	5	0.25	0
BSU_09410	GO:0030435	5	0.25	0
BSU_02510	GO:0030435	5	0.25	0
BSU_27930	GO:0005576	5	0.25	0
BSU_37180	GO:0030435	5	0.25	0
BSU_05910	GO:0030435	5	0.25	0
BSU_05910	GO:0009058	5	0.25	0
BSU_17450	GO:0005737	5	0.25	0
BSU_01640	GO:0009058	5	0.25	0
BSU_11340	GO:0030435	5	0.25	0
BSU_05910	GO:0003677	5	0.25	0
BSU_17260	GO:0005576	5	0.25	0
BSU_30800	GO:0030435	5	0.25	0
BSU_23530	GO:0016301	5	0.25	0
BSU_30790	GO:0030435	5	0.25	0
BSU_00710	GO:0010468	5	0.25	0
BSU_18480	GO:0010468	5	0.25	0
BSU_18670	GO:0010468	5	0.25	0
BSU_00900	GO:0030435	5	0.25	0
BSU_22100	GO:0005829	5	0.25	0
BSU_02430	GO:0005576	5	0.25	0
BSU_23980	GO:0016301	5	0.25	0
BSU_14830	GO:0005576	5	0.25	0
BSU_29000	GO:0003735	5	0.25	0
BSU_27880	GO:0009058	5	0.25	0
BSU_29590	GO:0009058	5	0.25	0
BSU_15850	GO:0005886	5	0.25	0
BSU_02510	GO:0005886	5	0.25	0
BSU_18480	GO:0003677	5	0.25	0
BSU_10770	GO:0003678	5	0.25	0
BSU_30150	GO:0006364	5	0.25	0
BSU_09910	GO:0005886	5	0.25	0
BSU_08080	GO:0003678	5	0.25	0
BSU_27070	GO:0055085	5	0.25	0
BSU_07560	GO:0005829	5	0.25	0
BSU_15850	GO:0005829	5	0.25	0
BSU_03982	GO:0009245	5	0.25	0
BSU_18260	GO:0005829	5	0.25	0
BSU_06720	GO:0005829	5	0.25	0
BSU_23760	GO:0003949	5	0.25	0
BSU_28560	GO:0017000	5	0.25	0
BSU_15620	GO:0005829	5	0.25	0
BSU_03982	GO:0015295	5	0.25	0
BSU_17170	GO:0009058	5	0.25	0
BSU_19120	GO:0080090	5	0.25	0
BSU_03982	GO:0005829	5	0.25	0
BSU_41040	GO:0003678	5	0.25	0
BSU_31700	GO:0004145	5	0.25	0
BSU_15850	GO:0008233	5	0.25	0
BSU_03982	GO:0005829	5	0.25	0
BSU_09910	GO:0008233	5	0.25	0
BSU_23760	GO:0005829	5	0.25	0
BSU_39020	GO:0055085	5	0.25	0
BSU_03440	GO:0055085	5	0.25	0
BSU_28140	GO:0005829	5	0.25	0
BSU_35620	GO:0005737	5	0.25	0
BSU_12910	GO:0009245	5	0.25	0
BSU_22930	GO:0005576	5	0.25	0
BSU_23570	GO:0005886	5	0.25	0
BSU_05910	GO:0010468	5	0.25	0
BSU_06830	GO:0003677	5	0.25	0
BSU_15880	GO:0006508	5	0.25	0
BSU_10360	GO:0009058	5	0.25	0
BSU_33820	GO:0007165	5	0.25	0
BSU_00330	GO:0006508	5	0.25	0
BSU_16330	GO:0006508	5	0.25	0
BSU_01640	GO:0005886	5	0.25	0
BSU_07050	GO:0006508	5	0.25	0
BSU_01640	GO:0009245	5	0.25	0
BSU_32740	GO:0003723	5	0.25	0
BSU_09950	GO:0006508	5	0.25	0
BSU_24050	GO:0008233	5	0.25	0
BSU_33690	GO:0006508	5	0.25	0
BSU_12100	GO:0015295	5	0.25	0
BSU_39810	GO:0006508	5	0.25	0
BSU_24570	GO:0005524	5	0.25	0
BSU_34620	GO:0009245	5	0.25	0
BSU_06830	GO:0005829	5	0.25	0
BSU_38700	GO:0005737	5	0.25	0
BSU_07990	GO:0005829	5	0.25	0
BSU_01640	GO:0016740	5	0.25	0
BSU_18480	GO:0009245	5	0.25	0
BSU_35680	GO:0005576	5	0.25	0
BSU_41030	GO:0005576	5	0.25	0
BSU_02510	GO:0005829	5	0.25	0
BSU_16000	GO:0005576	5	0.25	0
BSU_25500	GO:0008233	5	0.25	0
BSU_33690	GO:0042802	5	0.25	0
BSU_18670	GO:0008233	5	0.25	0
BSU_15110	GO:0009245	5	0.25	0
BSU_04110	GO:0008360	5	0.25	0
BSU_10130	GO:0009972	5	0.25	0
BSU_13010	GO:0005576	5	0.25	0
BSU_09910	GO:0005576	5	0.25	0
BSU_23960	GO:0016020	5	0.25	0
BSU_25500	GO:0009245	5	0.25	0
BSU_24120	GO:0005829	5	0.25	0
BSU_32150	GO:0005576	5	0.25	0
BSU_12100	GO:0005576	5	0.25	0
BSU_03982	GO:0009972	5	0.25	0
BSU_24170	GO:0009245	5	0.25	0
BSU_33730	GO:0007165	5	0.25	0
BSU_02690	GO:0005576	5	0.25	0
BSU_37640	GO:0006541	5	0.25	0
BSU_38370	GO:0005829	5	0.25	0
BSU_34870	GO:0005829	5	0.25	0
BSU_33830	GO:0007165	5	0.25	0
BSU_29000	GO:0030288	5	0.25	0
BSU_35790	GO:0006096	5	0.25	0
BSU_33240	GO:0016836	5	0.25	0
BSU_12910	GO:0009972	5	0.25	0
BSU_24170	GO:0006508	5	0.25	0
BSU_01640	GO:0005829	5	0.25	0
BSU_05910	GO:0005829	5	0.25	0
BSU_22620	GO:0006541	5	0.25	0
BSU_18480	GO:0009972	5	0.25	0
BSU_34620	GO:0009972	5	0.25	0
BSU_09410	GO:0005576	5	0.25	0
BSU_33380	GO:0055085	5	0.25	0
BSU_15620	GO:0008233	5	0.25	0
BSU_07560	GO:0005886	5	0.25	0
BSU_21350	GO:0005829	5	0.25	0
BSU_09930	GO:0005886	5	0.25	0
BSU_36410	GO:0042802	5	0.25	0
BSU_34620	GO:0005829	5	0.25	0
BSU_07570	GO:0003723	5	0.25	0
BSU_07000	GO:0009058	5	0.25	0
BSU_07080	GO:0005886	5	0.25	0
BSU_38500	GO:0017000	5	0.25	0
BSU_19200	GO:0009972	5	0.25	0
BSU_31980	GO:0017000	5	0.25	0
BSU_33240	GO:0009972	5	0.25	0
BSU_40550	GO:0005576	5	0.25	0
BSU_15880	GO:0042802	5	0.25	0
BSU_38190	GO:0009972	5	0.25	0
BSU_34900	GO:0009972	5	0.25	0
BSU_35330	GO:0009972	5	0.25	0
BSU_10130	GO:0009245	5	0.25	0
BSU_02690	GO:0005737	5	0.25	0
BSU_07000	GO:0005886	5	0.25	0
BSU_23530	GO:0016020	5	0.25	0
BSU_15110	GO:0009972	5	0.25	0
BSU_18250	GO:0009058	5	0.25	0
BSU_12910	GO:0005829	5	0.25	0
BSU_15860	GO:0005829	5	0.25	0
BSU_35790	GO:0016787	5	0.25	0
BSU_37680	GO:0005829	5	0.25	0
BSU_24170	GO:0009972	5	0.25	0
BSU_25500	GO:0009972	5	0.25	0
BSU_23800	GO:0005829	5	0.25	0
BSU_33720	GO:0007165	5	0.25	0
BSU_03630	GO:0017000	5	0.25	0
BSU_34900	GO:0005829	5	0.25	0
BSU_18480	GO:0005829	5	0.25	0
BSU_19200	GO:0006508	5	0.25	0
BSU_34700	GO:0016020	5	0.25	0
BSU_15600	GO:0019516	5	0.25	0
BSU_33680	GO:0043565	5	0.25	0
BSU_12100	GO:0016020	5	0.25	0
BSU_33270	GO:0016757	5	0.25	0
BSU_34700	GO:0016757	5	0.25	0
BSU_33270	GO:0016020	5	0.25	0
BSU_37320	GO:0006525	5	0.25	0
BSU_18210	GO:0016757	5	0.25	0
BSU_03730	GO:0016757	5	0.25	0
BSU_34620	GO:0003949	5	0.25	0
BSU_10130	GO:0016853	5	0.25	0
BSU_34700	GO:0016020	5	0.25	0
BSU_09910	GO:0009055	5	0.25	0
BSU_35410	GO:0016020	5	0.25	0
BSU_01830	GO:0006525	5	0.25	0
BSU_02730	GO:0016757	5	0.25	0
BSU_07570	GO:0016887	5	0.25	0
BSU_19430	GO:0016757	5	0.25	0
BSU_37180	GO:0006525	5	0.25	0
BSU_31920	GO:0043565	5	0.25	0
BSU_33820	GO:0003723	5	0.25	0
BSU_00330	GO:0016020	5	0.25	0
BSU_06100	GO:0016757	5	0.25	0
BSU_13010	GO:0005886	5	0.25	0
BSU_35080	GO:0009401	5	0.25	0
BSU_30240	GO:0016757	5	0.25	0
BSU_15850	GO:0009055	5	0.25	0
BSU_30790	GO:0016757	5	0.25	0
BSU_25500	GO:0009055	5	0.25	0
BSU_25500	GO:0016853	5	0.25	0
BSU_14360	GO:0008514	5	0.25	0
BSU_31710	GO:0016020	5	0.25	0
BSU_12250	GO:0016757	5	0.25	0
BSU_22970	GO:0005737	5	0.25	0
BSU_31260	GO:0016887	5	0.25	0
BSU_34620	GO:0019344	5	0.25	0
BSU_23990	GO:0016757	5	0.25	0
BSU_11340	GO:0004145	5	0.25	0
BSU_37820	GO:0016757	5	0.25	0
BSU_24120	GO:0034023	5	0.25	0
BSU_14350	GO:0016887	5	0.25	0
BSU_23760	GO:0016757	5	0.25	0
BSU_15860	GO:0009055	5	0.25	0
BSU_20500	GO:0016757	5	0.25	0
BSU_13690	GO:0016887	5	0.25	0
BSU_00490	GO:0005886	5	0.25	0
BSU_15620	GO:0009055	5	0.25	0
BSU_06720	GO:0016757	5	0.25	0
BSU_06830	GO:0010468	5	0.25	0
BSU_18480	GO:0019344	5	0.25	0
BSU_33820	GO:0008514	5	0.25	0
BSU_03440	GO:0006525	5	0.25	0
BSU_35080	GO:0034023	5	0.25	0
BSU_10920	GO:0016757	5	0.25	0
BSU_12100	GO:0006525	5	0.25	0
BSU_01640	GO:0019344	5	0.25	0
BSU_05910	GO:0019344	5	0.25	0
BSU_03960	GO:0009401	5	0.25	0
BSU_29530	GO:0016020	5	0.25	0
BSU_23760	GO:0016853	5	0.25	0
BSU_00710	GO:0016853	5	0.25	0
BSU_05910	GO:0016853	5	0.25	0
BSU_09420	GO:0005737	5	0.25	0
BSU_35790	GO:0005737	5	0.25	0
BSU_34620	GO:0016853	5	0.25	0
BSU_36520	GO:0016020	5	0.25	0
BSU_31710	GO:0055085	5	0.25	0
BSU_24170	GO:0016853	5	0.25	0
BSU_39810	GO:0046942	5	0.25	0
BSU_23890	GO:0046942	5	0.25	0
BSU_40550	GO:0006508	5	0.25	0
BSU_31980	GO:0016887	5	0.25	0
BSU_37320	GO:0016887	5	0.25	0
BSU_35790	GO:0009055	5	0.25	0
BSU_12020	GO:0009055	5	0.25	0
BSU_33730	GO:0046942	5	0.25	0
BSU_33830	GO:0046942	5	0.25	0
BSU_23470	GO:0016020	5	0.25	0
BSU_01830	GO:0016887	5	0.25	0
BSU_16330	GO:0000310	5	0.25	0
BSU_06830	GO:0000310	5	0.25	0
BSU_24120	GO:0006355	5	0.25	0
BSU_34790	GO:0006508	5	0.25	0
BSU_23070	GO:0034023	5	0.25	0
BSU_35330	GO:0016853	5	0.25	0
BSU_07560	GO:0009055	5	0.25	0
BSU_15590	GO:0005886	5	0.25	0
BSU_37180	GO:0016887	5	0.25	0
BSU_34900	GO:0016853	5	0.25	0
BSU_39640	GO:0016020	5	0.25	0
BSU_33240	GO:0016853	5	0.25	0
BSU_00710	GO:0019344	5	0.25	0
BSU_09850	GO:0055085	5	0.25	0
BSU_05870	GO:0009055	5	0.25	0
BSU_12920	GO:0016020	5	0.25	0
BSU_01640	GO:0003949	5	0.25	0
BSU_19200	GO:0016853	5	0.25	0
BSU_23570	GO:0006355	5	0.25	0
BSU_25780	GO:0006508	5	0.25	0
BSU_23760	GO:0019344	5	0.25	0
BSU_38370	GO:0006355	5	0.25	0
BSU_03440	GO:0016887	5	0.25	0
BSU_15110	GO:0016853	5	0.25	0
BSU_38500	GO:0016887	5	0.25	0
BSU_34130	GO:0009055	5	0.25	0
BSU_31010	GO:0016020	5	0.25	0
BSU_26670	GO:0043565	5	0.25	0
BSU_35410	GO:0016020	5	0.25	0
BSU_13550	GO:0005886	5	0.25	0
BSU_03730	GO:0016020	5	0.25	0
BSU_24170	GO:0008360	5	0.25	0
BSU_07080	GO:0009055	5	0.25	0
BSU_19330	GO:0009055	5	0.25	0
BSU_35940	GO:0016020	5	0.25	0
BSU_23570	GO:0005886	5	0.25	0
BSU_14590	GO:0000310	5	0.25	0
BSU_15600	GO:0005886	5	0.25	0
BSU_39020	GO:0016887	5	0.25	0
BSU_06720	GO:0009055	5	0.25	0
BSU_37180	GO:0016020	5	0.25	0
BSU_33720	GO:0046942	5	0.25	0
BSU_06300	GO:0016020	5	0.25	0
BSU_33820	GO:0046942	5	0.25	0
BSU_12100	GO:0016020	5	0.25	0
BSU_38040	GO:0006508	5	0.25	0
BSU_03982	GO:0016887	5	0.25	0
BSU_07050	GO:0005737	5	0.25	0
BSU_27370	GO:0006355	5	0.25	0
BSU_09950	GO:0016020	5	0.25	0
BSU_34870	GO:0006355	5	0.25	0
BSU_12100	GO:0016887	5	0.25	0
BSU_02730	GO:0016020	5	0.25	0
BSU_27930	GO:0016020	5	0.25	0
BSU_09100	GO:0000310	5	0.25	0
BSU_08440	GO:0016836	5	0.25	0
BSU_25500	GO:0006096	5	0.25	0
BSU_01690	GO:0005737	5	0.25	0
BSU_33270	GO:0003723	5	0.25	0
BSU_16000	GO:0016740	5	0.25	0
BSU_34700	GO:0003723	5	0.25	0
BSU_30420	GO:0008514	5	0.25	0
BSU_25500	GO:0016836	5	0.25	0
BSU_10550	GO:0016757	5	0.25	0
BSU_09420	GO:0016020	5	0.25	0
BSU_40550	GO:0009055	5	0.25	0
BSU_34870	GO:0042802	5	0.25	0
BSU_38370	GO:0009055	5	0.25	0
BSU_08060	GO:0016020	5	0.25	0
BSU_06300	GO:0005737	5	0.25	0
BSU_16970	GO:0042802	5	0.25	0
BSU_03730	GO:0003723	5	0.25	0
BSU_22620	GO:0006556	5	0.25	0
BSU_08440	GO:0006508	5	0.25	0
BSU_31010	GO:0005515	5	0.25	0
BSU_08190	GO:0005737	5	0.25	0
BSU_26840	GO:0043565	5	0.25	0
BSU_13410	GO:0043565	5	0.25	0
BSU_05810	GO:0016020	5	0.25	0
BSU_02510	GO:0016740	5	0.25	0
BSU_21440	GO:0005737	5	0.25	0
BSU_38090	GO:0005737	5	0.25	0
BSU_27370	GO:0008360	5	0.25	0
BSU_10130	GO:0016836	5	0.25	0
BSU_23890	GO:0005515	5	0.25	0
BSU_18610	GO:0055085	5	0.25	0
BSU_29590	GO:0009055	5	0.25	0
BSU_03440	GO:0005737	5	0.25	0
BSU_24170	GO:0016836	5	0.25	0
BSU_32740	GO:0008514	5	0.25	0
BSU_23800	GO:0019344	5	0.25	0
BSU_19200	GO:0043565	5	0.25	0
BSU_35680	GO:0016740	5	0.25	0
BSU_38700	GO:0009401	5	0.25	0
BSU_15600	GO:0005886	5	0.25	0
BSU_16440	GO:0005515	5	0.25	0
BSU_09910	GO:0043565	5	0.25	0
BSU_22930	GO:0016740	5	0.25	0
BSU_35330	GO:0042802	5	0.25	0
BSU_34900	GO:0042802	5	0.25	0
BSU_33240	GO:0042802	5	0.25	0
BSU_36020	GO:0043565	5	0.25	0
BSU_03960	GO:0006508	5	0.25	0
BSU_15110	GO:0016836	5	0.25	0
BSU_16970	GO:0006508	5	0.25	0
BSU_15590	GO:0005886	5	0.25	0
BSU_24980	GO:0008514	5	0.25	0
BSU_41030	GO:0016740	5	0.25	0
BSU_19200	GO:0042802	5	0.25	0
BSU_23760	GO:0016740	5	0.25	0
BSU_35620	GO:0005737	5	0.25	0
BSU_12920	GO:0016020	5	0.25	0
BSU_01530	GO:0016740	5	0.25	0
BSU_14350	GO:0008514	5	0.25	0
BSU_27070	GO:0000310	5	0.25	0
BSU_25780	GO:0042802	5	0.25	0
BSU_00490	GO:0008360	5	0.25	0
BSU_34790	GO:0042802	5	0.25	0
BSU_40550	GO:0042802	5	0.25	0
BSU_38040	GO:0042802	5	0.25	0
BSU_14730	GO:0009401	5	0.25	0
BSU_18670	GO:0000310	5	0.25	0
BSU_30240	GO:0016740	5	0.25	0
BSU_27880	GO:0009055	5	0.25	0
BSU_17380	GO:0016887	5	0.25	0
BSU_23960	GO:0016020	5	0.25	0
BSU_00710	GO:0016836	5	0.25	0
BSU_23760	GO:0016836	5	0.25	0
BSU_11660	GO:0042802	5	0.25	0
BSU_23530	GO:0016020	5	0.25	0
BSU_31840	GO:0042802	5	0.25	0
BSU_06420	GO:0005886	5	0.25	0
BSU_03982	GO:0019344	5	0.25	0
BSU_38500	GO:0006556	5	0.25	0
BSU_35730	GO:0006508	5	0.25	0
BSU_10550	GO:0016740	5	0.25	0
BSU_23470	GO:0009401	5	0.25	0
BSU_10350	GO:0004145	5	0.25	0
BSU_33960	GO:0003723	5	0.25	0
BSU_22770	GO:0005737	5	0.25	0
BSU_10130	GO:0016740	5	0.25	0
BSU_02690	GO:0005737	5	0.25	0
BSU_33380	GO:0016020	5	0.25	0
BSU_14360	GO:0003723	5	0.25	0
BSU_24170	GO:0004145	5	0.25	0
BSU_17170	GO:0042802	5	0.25	0
BSU_24010	GO:0003723	5	0.25	0
BSU_34870	GO:0006508	5	0.25	0
BSU_31980	GO:0006556	5	0.25	0
BSU_12920	GO:0005737	5	0.25	0
BSU_39020	GO:0006525	5	0.25	0
BSU_17620	GO:0009055	5	0.25	0
BSU_03982	GO:0006525	5	0.25	0
BSU_20040	GO:0009055	5	0.25	0
BSU_19200	GO:0016757	5	0.25	0
BSU_12910	GO:0019344	5	0.25	0
BSU_16330	GO:0016020	5	0.25	0
BSU_33720	GO:0008514	5	0.25	0
BSU_37160	GO:0005737	5	0.25	0
BSU_05910	GO:0016836	5	0.25	0
BSU_34620	GO:0016740	5	0.25	0
BSU_18070	GO:0016020	5	0.25	0
BSU_33690	GO:0005515	5	0.25	0
BSU_17620	GO:0016020	5	0.25	0
BSU_13750	GO:0042802	5	0.25	0
BSU_24120	GO:0009055	5	0.25	0
BSU_27120	GO:0005515	5	0.25	0
BSU_15590	GO:0006556	5	0.25	0
BSU_15600	GO:0006556	5	0.25	0
BSU_10130	GO:0019344	5	0.25	0
BSU_03982	GO:0016836	5	0.25	0
BSU_41040	GO:0005515	5	0.25	0
BSU_26840	GO:0009401	5	0.25	0
BSU_05740	GO:0005737	5	0.25	0
BSU_25500	GO:0042802	5	0.25	0
BSU_33240	GO:0009055	5	0.25	0
BSU_17390	GO:0005737	5	0.25	0
BSU_11720	GO:0006556	5	0.25	0
BSU_24450	GO:0042802	5	0.25	0
BSU_03920	GO:0055085	5	0.25	0
BSU_32160	GO:0042802	5	0.25	0
BSU_12910	GO:0016836	5	0.25	0
BSU_18480	GO:0016836	5	0.25	0
BSU_36410	GO:0016020	5	0.25	0
BSU_34620	GO:0016836	5	0.25	0
BSU_37180	GO:0016757	5	0.25	0
BSU_09410	GO:0005737	5	0.25	0
BSU_02430	GO:0005737	5	0.25	0
BSU_01640	GO:0016836	5	0.25	0
BSU_22630	GO:0006355	5	0.25	0
BSU_21350	GO:0006355	5	0.25	0
BSU_34900	GO:0006355	5	0.25	0
BSU_23800	GO:0005886	5	0.25	0
BSU_01830	GO:0009055	5	0.25	0
BSU_07050	GO:0005515	5	0.25	0
BSU_18070	GO:0019344	5	0.25	0
BSU_04160	GO:0005524	5	0.25	0
BSU_40550	GO:0016740	5	0.25	0
BSU_06720	GO:0006096	5	0.25	0
BSU_23760	GO:0008270	5	0.25	0
BSU_12100	GO:0016020	5	0.25	0
BSU_14300	GO:0019344	5	0.25	0
BSU_19330	GO:0006096	5	0.25	0
BSU_33380	GO:0016020	5	0.25	0
BSU_00710	GO:0008270	5	0.25	0
BSU_03982	GO:0000310	5	0.25	0
BSU_12910	GO:0005886	5	0.25	0
BSU_07080	GO:0006096	5	0.25	0
BSU_10130	GO:0006096	5	0.25	0
BSU_12000	GO:0005524	5	0.25	0
BSU_18480	GO:0005886	5	0.25	0
BSU_05910	GO:0008270	5	0.25	0
BSU_34130	GO:0006096	5	0.25	0
BSU_37180	GO:0016020	5	0.25	0
BSU_01640	GO:0008270	5	0.25	0
BSU_01640	GO:0005886	5	0.25	0
BSU_05340	GO:0055085	5	0.25	0
BSU_35410	GO:0005515	5	0.25	0
BSU_05910	GO:0005886	5	0.25	0
BSU_07560	GO:0006096	5	0.25	0
BSU_09430	GO:0043565	5	0.25	0
BSU_09100	GO:0051920	5	0.25	0
BSU_38600	GO:0005524	5	0.25	0
BSU_34360	GO:0030163	5	0.25	0
BSU_27070	GO:0005524	5	0.25	0
BSU_15860	GO:0006355	5	0.25	0
BSU_30770	GO:0003824	5	0.25	0
BSU_10910	GO:0005886	5	0.25	0
BSU_05810	GO:0000310	5	0.25	0
BSU_12910	GO:0003677	5	0.25	0
BSU_17450	GO:0009401	5	0.25	0
BSU_17380	GO:0005886	5	0.25	0
BSU_38370	GO:0003824	5	0.25	0
BSU_27070	GO:0010468	5	0.25	0
BSU_15600	GO:0005886	5	0.25	0
BSU_40550	GO:0003824	5	0.25	0
BSU_36020	GO:0009401	5	0.25	0
BSU_16330	GO:0016616	5	0.25	0
BSU_12100	GO:0006096	5	0.25	0
BSU_35680	GO:0055085	5	0.25	0
BSU_10920	GO:0005886	5	0.25	0
BSU_07050	GO:0005524	5	0.25	0
BSU_12210	GO:0003824	5	0.25	0
BSU_25500	GO:0005886	5	0.25	0
BSU_14590	GO:0016616	5	0.25	0
BSU_09100	GO:0005886	5	0.25	0
BSU_09420	GO:0005515	5	0.25	0
BSU_33380	GO:0003824	5	0.25	0
BSU_09100	GO:0016616	5	0.25	0
BSU_39550	GO:0003824	5	0.25	0
BSU_15590	GO:0005886	5	0.25	0
BSU_14590	GO:0005515	5	0.25	0
BSU_29590	GO:0019344	5	0.25	0
BSU_27880	GO:0019344	5	0.25	0
BSU_15880	GO:0030163	5	0.25	0
BSU_39410	GO:0055085	5	0.25	0
BSU_13690	GO:0006525	5	0.25	0
BSU_05330	GO:0043565	5	0.25	0
BSU_14590	GO:0070681	5	0.25	0
BSU_00710	GO:0005886	5	0.25	0
BSU_10130	GO:0008270	5	0.25	0
BSU_27070	GO:0016616	5	0.25	0
BSU_29530	GO:0016020	5	0.25	0
BSU_06830	GO:0051920	5	0.25	0
BSU_29000	GO:0005737	5	0.25	0
BSU_38500	GO:0005886	5	0.25	0
BSU_21350	GO:0005886	5	0.25	0
BSU_14350	GO:0005524	5	0.25	0
BSU_31260	GO:0005524	5	0.25	0
BSU_18670	GO:0016616	5	0.25	0
BSU_17340	GO:0043565	5	0.25	0
BSU_18070	GO:0016020	5	0.25	0
BSU_37320	GO:0016020	5	0.25	0
BSU_38090	GO:0005886	5	0.25	0
BSU_17620	GO:0016020	5	0.25	0
BSU_22770	GO:0009401	5	0.25	0
BSU_38190	GO:0034023	5	0.25	0
BSU_36550	GO:0005524	5	0.25	0
BSU_33270	GO:0016020	5	0.25	0
BSU_19410	GO:0005886	5	0.25	0
BSU_36520	GO:0035429	5	0.25	0
BSU_24870	GO:0035429	5	0.25	0
BSU_09370	GO:0005886	5	0.25	0
BSU_23980	GO:0005524	5	0.25	0
BSU_31980	GO:0005886	5	0.25	0
BSU_24980	GO:0005524	5	0.25	0
BSU_23530	GO:0016020	5	0.25	0
BSU_27070	GO:0005524	5	0.25	0
BSU_16440	GO:1902600	5	0.25	0
BSU_29530	GO:0035429	5	0.25	0
BSU_23960	GO:0016020	5	0.25	0
BSU_09950	GO:0016020	5	0.25	0
BSU_18480	GO:0000310	5	0.25	0
BSU_01830	GO:0055085	5	0.25	0
BSU_32740	GO:0005524	5	0.25	0
BSU_14590	GO:0051920	5	0.25	0
BSU_34620	GO:0008270	5	0.25	0
BSU_34870	GO:0016740	5	0.25	0
BSU_18480	GO:0008270	5	0.25	0
BSU_35400	GO:0005515	5	0.25	0
BSU_34620	GO:0042802	5	0.25	0
BSU_12910	GO:0008270	5	0.25	0
BSU_16440	GO:0030163	5	0.25	0
BSU_16970	GO:0016740	5	0.25	0
BSU_16230	GO:0005515	5	0.25	0
BSU_01830	GO:0016020	5	0.25	0
BSU_11720	GO:0070681	5	0.25	0
BSU_33690	GO:0030163	5	0.25	0
BSU_12910	GO:0000310	5	0.25	0
BSU_06830	GO:0005886	5	0.25	0
BSU_09950	GO:0070681	5	0.25	0
BSU_30150	GO:0030163	5	0.25	0
BSU_27930	GO:0005886	5	0.25	0
BSU_08080	GO:0030163	5	0.25	0
BSU_03440	GO:0005524	5	0.25	0
BSU_38580	GO:0005524	5	0.25	0
BSU_36550	GO:0005886	5	0.25	0
BSU_03982	GO:0008270	5	0.25	0
BSU_03982	GO:0055085	5	0.25	0
BSU_10770	GO:0030163	5	0.25	0
BSU_12100	GO:0055085	5	0.25	0
BSU_13690	GO:0016020	5	0.25	0
BSU_16330	GO:0051920	5	0.25	0
BSU_23800	GO:0000310	5	0.25	0
BSU_37640	GO:0019344	5	0.25	0
BSU_24120	GO:0003824	5	0.25	0
BSU_08060	GO:0005737	5	0.25	0
BSU_37180	GO:0006096	5	0.25	0
BSU_33820	GO:0006525	5	0.25	0
BSU_10130	GO:0006355	5	0.25	0
BSU_24170	GO:0010468	5	0.25	0
BSU_28140	GO:0006355	5	0.25	0
BSU_13690	GO:0046942	5	0.25	0
BSU_01630	GO:0016836	5	0.25	0
BSU_00330	GO:0016020	5	0.25	0
BSU_37320	GO:0016020	5	0.25	0
BSU_39810	GO:0005515	5	0.25	0
BSU_33720	GO:0006525	5	0.25	0
BSU_33240	GO:0016740	5	0.25	0
BSU_05910	GO:0006096	5	0.25	0
BSU_31260	GO:0046942	5	0.25	0
BSU_18480	GO:0016616	5	0.25	0
BSU_35330	GO:0016836	5	0.25	0
BSU_20500	GO:0005886	5	0.25	0
BSU_12100	GO:0009055	5	0.25	0
BSU_19120	GO:0043565	5	0.25	0
BSU_23760	GO:0005886	5	0.25	0
BSU_05910	GO:0005886	5	0.25	0
BSU_37180	GO:0016020	5	0.25	0
BSU_23800	GO:0016616	5	0.25	0
BSU_13750	GO:0016853	5	0.25	0
BSU_34900	GO:0016836	5	0.25	0
BSU_03730	GO:0016020	5	0.25	0
BSU_35940	GO:0055085	5	0.25	0
BSU_24700	GO:0016020	5	0.25	0
BSU_34700	GO:0016020	5	0.25	0
BSU_33270	GO:0016020	5	0.25	0
BSU_31010	GO:0016020	5	0.25	0
BSU_03960	GO:0016853	5	0.25	0
BSU_16970	GO:0016853	5	0.25	0
BSU_32740	GO:0016887	5	0.25	0
BSU_07200	GO:0055085	5	0.25	0
BSU_10130	GO:0009055	5	0.25	0
BSU_02730	GO:0055085	5	0.25	0
BSU_15620	GO:0006355	5	0.25	0
BSU_12250	GO:0005886	5	0.25	0
BSU_30150	GO:0005515	5	0.25	0
BSU_37180	GO:0016020	5	0.25	0
BSU_05910	GO:0003949	5	0.25	0
BSU_38580	GO:0046942	5	0.25	0
BSU_10130	GO:0042802	5	0.25	0
BSU_37390	GO:0005886	5	0.25	0
BSU_25780	GO:0016853	5	0.25	0
BSU_25500	GO:0010468	5	0.25	0
BSU_34790	GO:0016853	5	0.25	0
BSU_40550	GO:0016853	5	0.25	0
BSU_19540	GO:0005737	5	0.25	0
BSU_06830	GO:0016020	5	0.25	0
BSU_38040	GO:0016853	5	0.25	0
BSU_15110	GO:0016740	5	0.25	0
BSU_33820	GO:0016887	5	0.25	0
BSU_22620	GO:0005886	5	0.25	0
BSU_27140	GO:0004145	5	0.25	0
BSU_34900	GO:0016740	5	0.25	0
BSU_09950	GO:0046942	5	0.25	0
BSU_06100	GO:0005886	5	0.25	0
BSU_34870	GO:0016853	5	0.25	0
BSU_23980	GO:0016887	5	0.25	0
BSU_15850	GO:0006355	5	0.25	0
BSU_09100	GO:0005515	5	0.25	0
BSU_07560	GO:0006355	5	0.25	0
BSU_19200	GO:0016740	5	0.25	0
BSU_05910	GO:0003824	5	0.25	0
BSU_07050	GO:0016682	5	0.25	0
BSU_03982	GO:0005524	5	0.25	0
BSU_35730	GO:0005886	5	0.25	0
BSU_06720	GO:0003824	5	0.25	0
BSU_27930	GO:0005524	5	0.25	0
BSU_19330	GO:0003824	5	0.25	0
BSU_07080	GO:0003824	5	0.25	0
BSU_34130	GO:0003824	5	0.25	0
BSU_07560	GO:0003824	5	0.25	0
BSU_32740	GO:0006525	5	0.25	0
BSU_25500	GO:0003824	5	0.25	0
BSU_15850	GO:0003824	5	0.25	0
BSU_12910	GO:0003949	5	0.25	0
BSU_09910	GO:0003824	5	0.25	0
BSU_16330	GO:0016682	5	0.25	0
BSU_37180	GO:0009055	5	0.25	0
BSU_05810	GO:0005515	5	0.25	0
BSU_37180	GO:0003824	5	0.25	0
BSU_34620	GO:0006096	5	0.25	0
BSU_05810	GO:0005524	5	0.25	0
BSU_15620	GO:0003824	5	0.25	0
BSU_06830	GO:0016616	5	0.25	0
BSU_15860	GO:0003824	5	0.25	0
BSU_24040	GO:0005737	5	0.25	0
BSU_24570	GO:0005737	5	0.25	0
BSU_20040	GO:0003824	5	0.25	0
BSU_17620	GO:0003824	5	0.25	0
BSU_33240	GO:0003824	5	0.25	0
BSU_10360	GO:0005886	5	0.25	0
BSU_28560	GO:0005886	5	0.25	0
BSU_05910	GO:0009055	5	0.25	0
BSU_23800	GO:0003677	5	0.25	0
BSU_35790	GO:0003824	5	0.25	0
BSU_12020	GO:0003824	5	0.25	0
BSU_05870	GO:0003824	5	0.25	0
BSU_17620	GO:0016020	5	0.25	0
BSU_24450	GO:0016853	5	0.25	0
BSU_32160	GO:0016853	5	0.25	0
BSU_34620	GO:0009055	5	0.25	0
BSU_37180	GO:0016020	5	0.25	0
BSU_16330	GO:0005515	5	0.25	0
BSU_02510	GO:0003824	5	0.25	0
BSU_03982	GO:0016616	5	0.25	0
BSU_35940	GO:0016020	5	0.25	0
BSU_18070	GO:0016020	5	0.25	0
BSU_02510	GO:0006096	5	0.25	0
BSU_09410	GO:0003824	5	0.25	0
BSU_05740	GO:0003824	5	0.25	0
BSU_38320	GO:0055085	5	0.25	0
BSU_37320	GO:0016020	5	0.25	0
BSU_27120	GO:0030163	5	0.25	0
BSU_12560	GO:0030163	5	0.25	0
BSU_34620	GO:0003824	5	0.25	0
BSU_35730	GO:0016836	5	0.25	0
BSU_12100	GO:0003824	5	0.25	0
BSU_05810	GO:0016616	5	0.25	0
BSU_06720	GO:0005886	5	0.25	0
BSU_05740	GO:0009055	5	0.25	0
BSU_09410	GO:0006096	5	0.25	0
BSU_09410	GO:0009055	5	0.25	0
BSU_02510	GO:0009055	5	0.25	0
BSU_05740	GO:0006096	5	0.25	0
BSU_23980	GO:0006525	5	0.25	0
BSU_30220	GO:0019344	5	0.25	0
BSU_10130	GO:0003824	5	0.25	0
BSU_22470	GO:0030288	5	0.25	0
BSU_19200	GO:0003735	5	0.25	0
BSU_27880	GO:0030435	5	0.25	0
BSU_12100	GO:0016301	5	0.25	0
BSU_27070	GO:0004644	5	0.25	0
BSU_26840	GO:0043565	5	0.25	0
BSU_13410	GO:0043565	5	0.25	0
BSU_33390	GO:0030288	5	0.25	0
BSU_23760	GO:0016787	5	0.25	0
BSU_00710	GO:0016787	5	0.25	0
BSU_30630	GO:0008270	5	0.25	0
BSU_33390	GO:0015293	5	0.25	0
BSU_12920	GO:0005737	5	0.25	0
BSU_12210	GO:0009055	5	0.25	0
BSU_19200	GO:0046872	5	0.25	0
BSU_24870	GO:0015293	5	0.25	0
BSU_15880	GO:0008233	5	0.25	0
BSU_12250	GO:0015293	5	0.25	0
BSU_19200	GO:0016787	5	0.25	0
BSU_37180	GO:0016301	5	0.25	0
BSU_03440	GO:0016301	5	0.25	0
BSU_37320	GO:0016301	5	0.25	0
BSU_12100	GO:0006782	5	0.25	0
BSU_15880	GO:0009898	5	0.25	0
BSU_14350	GO:0016798	5	0.25	0
BSU_18070	GO:0016798	5	0.25	0
BSU_29000	GO:0003690	5	0.25	0
BSU_33690	GO:0009898	5	0.25	0
BSU_31980	GO:0003824	5	0.25	0
BSU_10390	GO:0008270	5	0.25	0
BSU_24870	GO:0003677	5	0.25	0
BSU_02510	GO:0003677	5	0.25	0
BSU_05910	GO:0016787	5	0.25	0
BSU_15850	GO:0003677	5	0.25	0
BSU_19540	GO:0003690	5	0.25	0
BSU_31980	GO:0016836	5	0.25	0
BSU_33680	GO:0003690	5	0.25	0
BSU_25780	GO:0016836	5	0.25	0
BSU_00490	GO:0003677	5	0.25	0
BSU_02510	GO:0030288	5	0.25	0
BSU_06720	GO:0006782	5	0.25	0
BSU_13550	GO:0003949	5	0.25	0
BSU_36020	GO:0043565	5	0.25	0
BSU_37180	GO:0030288	5	0.25	0
BSU_09910	GO:0043565	5	0.25	0
BSU_32740	GO:0016798	5	0.25	0
BSU_35790	GO:0006782	5	0.25	0
BSU_19120	GO:0003690	5	0.25	0
BSU_38580	GO:0046872	5	0.25	0
BSU_12020	GO:0006782	5	0.25	0
BSU_08060	GO:0046872	5	0.25	0
BSU_15880	GO:0003824	5	0.25	0
BSU_19200	GO:0043565	5	0.25	0
BSU_05870	GO:0006782	5	0.25	0
BSU_21350	GO:0015293	5	0.25	0
BSU_23980	GO:0015293	5	0.25	0
BSU_05910	GO:0030288	5	0.25	0
BSU_23990	GO:0003677	5	0.25	0
BSU_33690	GO:0008233	5	0.25	0
BSU_23960	GO:0035429	5	0.25	0
BSU_36410	GO:0016020	5	0.25	0
BSU_39020	GO:0016301	5	0.25	0
BSU_26670	GO:0003690	5	0.25	0
BSU_27070	GO:0046872	5	0.25	0
BSU_34870	GO:0003949	5	0.25	0
BSU_31920	GO:0003690	5	0.25	0
BSU_07270	GO:0008270	5	0.25	0
BSU_01830	GO:0016301	5	0.25	0
BSU_11340	GO:0009055	5	0.25	0
BSU_19330	GO:0006782	5	0.25	0
BSU_28770	GO:0008270	5	0.25	0
BSU_19120	GO:0008270	5	0.25	0
BSU_00390	GO:0003677	5	0.25	0
BSU_09100	GO:0004644	5	0.25	0
BSU_25500	GO:0016787	5	0.25	0
BSU_23530	GO:0016798	5	0.25	0
BSU_22620	GO:0005737	5	0.25	0
BSU_32150	GO:0008360	5	0.25	0
BSU_31700	GO:0008360	5	0.25	0
BSU_23960	GO:0016798	5	0.25	0
BSU_23980	GO:0016798	5	0.25	0
BSU_23760	GO:0046872	5	0.25	0
BSU_34900	GO:0046872	5	0.25	0
BSU_15590	GO:0005737	5	0.25	0
BSU_15600	GO:0005737	5	0.25	0
BSU_34360	GO:0009898	5	0.25	0
BSU_39020	GO:0003677	5	0.25	0
BSU_31010	GO:0046872	5	0.25	0
BSU_06830	GO:0004644	5	0.25	0
BSU_09100	GO:0004849	5	0.25	0
BSU_05910	GO:0009055	5	0.25	0
BSU_37180	GO:0009055	5	0.25	0
BSU_28390	GO:0003949	5	0.25	0
BSU_02510	GO:0009055	5	0.25	0
BSU_34900	GO:0016787	5	0.25	0
BSU_24980	GO:0016798	5	0.25	0
BSU_15880	GO:0046872	5	0.25	0
BSU_00710	GO:0046872	5	0.25	0
BSU_23530	GO:0015295	5	0.25	0
BSU_34130	GO:0016787	5	0.25	0
BSU_07080	GO:0016787	5	0.25	0
BSU_32290	GO:0003677	5	0.25	0
BSU_02100	GO:0008270	5	0.25	0
BSU_10770	GO:0009898	5	0.25	0
BSU_00530	GO:0003677	5	0.25	0
BSU_00530	GO:0046872	5	0.25	0
BSU_12100	GO:0003677	5	0.25	0
BSU_18670	GO:0004849	5	0.25	0
BSU_01640	GO:0016787	5	0.25	0
BSU_27070	GO:0004849	5	0.25	0
BSU_06720	GO:0003677	5	0.25	0
BSU_03960	GO:0003690	5	0.25	0
BSU_03320	GO:0009055	5	0.25	0
BSU_06420	GO:0003949	5	0.25	0
BSU_05910	GO:0030145	5	0.25	0
BSU_26840	GO:0003690	5	0.25	0
BSU_33240	GO:0016787	5	0.25	0
BSU_24170	GO:0004644	5	0.25	0
BSU_35940	GO:0046872	5	0.25	0
BSU_01570	GO:0003677	5	0.25	0
BSU_17620	GO:0016798	5	0.25	0
BSU_41040	GO:0046872	5	0.25	0
BSU_23890	GO:0046872	5	0.25	0
BSU_30150	GO:0009898	5	0.25	0
BSU_12000	GO:0046872	5	0.25	0
BSU_16440	GO:0009898	5	0.25	0
BSU_17380	GO:0016020	5	0.25	0
BSU_24580	GO:0003677	5	0.25	0
BSU_08080	GO:0009898	5	0.25	0
BSU_19200	GO:0003690	5	0.25	0
BSU_34620	GO:0006782	5	0.25	0
BSU_16230	GO:0046872	5	0.25	0
BSU_23530	GO:0035429	5	0.25	0
BSU_38190	GO:0016787	5	0.25	0
BSU_01640	GO:0030145	5	0.25	0
BSU_38040	GO:0016836	5	0.25	0
BSU_06720	GO:0016787	5	0.25	0
BSU_03960	GO:0080090	5	0.25	0
BSU_34900	GO:0005829	5	0.25	0
BSU_01690	GO:0003690	5	0.25	0
BSU_15860	GO:0005829	5	0.25	0
BSU_07080	GO:0017118	5	0.25	0
BSU_15600	GO:0009401	5	0.25	0
BSU_18670	GO:0016740	5	0.25	0
BSU_04110	GO:0003677	5	0.25	0
BSU_17620	GO:0015295	5	0.25	0
BSU_23800	GO:0016020	5	0.25	0
BSU_15620	GO:0005829	5	0.25	0
BSU_25780	GO:0016787	5	0.25	0
BSU_30630	GO:0003677	5	0.25	0
BSU_34130	GO:0017118	5	0.25	0
BSU_18480	GO:0016020	5	0.25	0
BSU_35790	GO:0030288	5	0.25	0
BSU_15590	GO:0046872	5	0.25	0
BSU_13410	GO:0080090	5	0.25	0
BSU_15850	GO:0005829	5	0.25	0
BSU_18840	GO:0005737	5	0.25	0
BSU_39070	GO:0005737	5	0.25	0
BSU_35620	GO:0005737	5	0.25	0
BSU_05330	GO:0003690	5	0.25	0
BSU_26840	GO:0080090	5	0.25	0
BSU_22620	GO:0005737	5	0.25	0
BSU_07560	GO:0005829	5	0.25	0
BSU_22930	GO:0003677	5	0.25	0
BSU_09950	GO:0003824	5	0.25	0
BSU_38500	GO:0000160	5	0.25	0
BSU_07560	GO:0017118	5	0.25	0
BSU_38860	GO:0003824	5	0.25	0
BSU_39070	GO:0017118	5	0.25	0
BSU_21350	GO:0005829	5	0.25	0
BSU_12910	GO:0016020	5	0.25	0
BSU_32460	GO:0003677	5	0.25	0
BSU_24050	GO:0016020	5	0.25	0
BSU_30220	GO:0016765	5	0.25	0
BSU_03630	GO:0005737	5	0.25	0
BSU_35410	GO:0008253	5	0.25	0
BSU_38370	GO:0005829	5	0.25	0
BSU_33240	GO:0003949	5	0.25	0
BSU_05910	GO:0005829	5	0.25	0
BSU_07570	GO:0050845	5	0.25	0
BSU_05810	GO:0000160	5	0.25	0
BSU_14350	GO:0015295	5	0.25	0
BSU_03982	GO:0000160	5	0.25	0
BSU_25780	GO:0046872	5	0.25	0
BSU_29000	GO:0080090	5	0.25	0
BSU_06720	GO:0030288	5	0.25	0
BSU_10360	GO:0005737	5	0.25	0
BSU_22620	GO:0046872	5	0.25	0
BSU_01530	GO:0003677	5	0.25	0
BSU_19330	GO:0016020	5	0.25	0
BSU_10910	GO:0009401	5	0.25	0
BSU_41030	GO:0003735	5	0.25	0
BSU_24120	GO:0005829	5	0.25	0
BSU_27880	GO:0005737	5	0.25	0
BSU_39020	GO:0050845	5	0.25	0
BSU_29590	GO:0005737	5	0.25	0
BSU_18070	GO:0015295	5	0.25	0
BSU_10550	GO:0005737	5	0.25	0
BSU_16000	GO:0003735	5	0.25	0
BSU_05870	GO:0017118	5	0.25	0
BSU_34790	GO:0016787	5	0.25	0
BSU_38190	GO:0003949	5	0.25	0
BSU_02830	GO:0016020	5	0.25	0
BSU_24170	GO:0003677	5	0.25	0
BSU_04080	GO:0003677	5	0.25	0
BSU_18070	GO:0016765	5	0.25	0
BSU_17340	GO:0003735	5	0.25	0
BSU_14300	GO:0016765	5	0.25	0
BSU_03982	GO:0016798	5	0.25	0
BSU_28140	GO:0005829	5	0.25	0
BSU_36410	GO:0004312	5	0.25	0
BSU_38500	GO:0046872	5	0.25	0
BSU_02510	GO:0005829	5	0.25	0
BSU_17620	GO:0016020	5	0.25	0
BSU_39020	GO:0016798	5	0.25	0
BSU_31980	GO:0004672	5	0.25	0
BSU_06830	GO:0000160	5	0.25	0
BSU_27120	GO:0009898	5	0.25	0
BSU_30420	GO:0004672	5	0.25	0
BSU_12560	GO:0009898	5	0.25	0
BSU_28560	GO:0005737	5	0.25	0
BSU_12100	GO:0030288	5	0.25	0
BSU_18670	GO:0004644	5	0.25	0
BSU_37180	GO:0016020	5	0.25	0
BSU_34620	GO:0030288	5	0.25	0
BSU_15590	GO:0016887	5	0.25	0
BSU_24050	GO:0006782	5	0.25	0
BSU_34450	GO:0008270	5	0.25	0
BSU_34130	GO:0006782	5	0.25	0
BSU_23530	GO:0003677	5	0.25	0
BSU_15600	GO:0016887	5	0.25	0
BSU_05810	GO:0046872	5	0.25	0
BSU_07570	GO:0015293	5	0.25	0
BSU_07570	GO:0016798	5	0.25	0
BSU_07080	GO:0006782	5	0.25	0
BSU_12100	GO:0016798	5	0.25	0
BSU_03440	GO:0016798	5	0.25	0
BSU_05810	GO:0004312	5	0.25	0
BSU_27880	GO:0016765	5	0.25	0
BSU_15600	GO:0046872	5	0.25	0
BSU_08190	GO:0003690	5	0.25	0
BSU_16330	GO:0008253	5	0.25	0
BSU_14590	GO:0046872	5	0.25	0
BSU_19200	GO:0080090	5	0.25	0
BSU_09430	GO:0003690	5	0.25	0
BSU_21440	GO:0005737	5	0.25	0
BSU_09910	GO:0080090	5	0.25	0
BSU_24050	GO:0005737	5	0.25	0
BSU_40550	GO:0003824	5	0.25	0
BSU_38090	GO:0005737	5	0.25	0
BSU_03440	GO:0005737	5	0.25	0
BSU_23470	GO:0000160	5	0.25	0
BSU_36020	GO:0080090	5	0.25	0
BSU_12020	GO:0030288	5	0.25	0
BSU_20250	GO:0080090	5	0.25	0
BSU_11720	GO:0046872	5	0.25	0
BSU_37180	GO:0016798	5	0.25	0
BSU_01830	GO:0016798	5	0.25	0
BSU_29590	GO:0016765	5	0.25	0
BSU_09420	GO:0000160	5	0.25	0
BSU_10130	GO:0030288	5	0.25	0
BSU_10130	GO:0005829	5	0.25	0
BSU_16330	GO:0004312	5	0.25	0
BSU_37320	GO:0016798	5	0.25	0
BSU_06830	GO:0004312	5	0.25	0
BSU_35330	GO:0003949	5	0.25	0
BSU_09950	GO:0046872	5	0.25	0
BSU_28770	GO:0003677	5	0.25	0
BSU_19330	GO:0016787	5	0.25	0
BSU_35790	GO:0016787	5	0.25	0
BSU_09420	GO:0008253	5	0.25	0
BSU_34130	GO:0009055	5	0.25	0
BSU_19330	GO:0009055	5	0.25	0
BSU_30670	GO:0006064	5	0.25	0
BSU_01640	GO:0046872	5	0.25	0
BSU_07080	GO:0009055	5	0.25	0
BSU_19320	GO:0006064	5	0.25	0
BSU_11340	GO:0044781	5	0.25	0
BSU_24170	GO:0003949	5	0.25	0
BSU_13010	GO:0044781	5	0.25	0
BSU_18480	GO:0046872	5	0.25	0
BSU_14300	GO:0044781	5	0.25	0
BSU_17340	GO:0044781	5	0.25	0
BSU_23800	GO:0046872	5	0.25	0
BSU_12910	GO:0046872	5	0.25	0
BSU_22630	GO:0044781	5	0.25	0
BSU_30150	GO:0008233	5	0.25	0
BSU_37810	GO:0044781	5	0.25	0
BSU_16230	GO:0005737	5	0.25	0
BSU_03982	GO:0046872	5	0.25	0
BSU_30800	GO:0006064	5	0.25	0
BSU_22100	GO:0006064	5	0.25	0
BSU_17620	GO:0016887	5	0.25	0
BSU_23570	GO:0044781	5	0.25	0
BSU_38860	GO:0044781	5	0.25	0
BSU_35680	GO:0016787	5	0.25	0
BSU_10770	GO:0006364	5	0.25	0
BSU_25500	GO:0003949	5	0.25	0
BSU_17170	GO:0006064	5	0.25	0
BSU_41030	GO:0016787	5	0.25	0
BSU_16000	GO:0016787	5	0.25	0
BSU_34870	GO:0006782	5	0.25	0
BSU_00710	GO:0046872	5	0.25	0
BSU_23930	GO:0006064	5	0.25	0
BSU_38500	GO:0004312	5	0.25	0
BSU_39810	GO:0008233	5	0.25	0
BSU_01640	GO:0004849	5	0.25	0
BSU_22100	GO:0006782	5	0.25	0
BSU_28390	GO:0006064	5	0.25	0
BSU_18480	GO:0016787	5	0.25	0
BSU_09950	GO:0008320	5	0.25	0
BSU_23980	GO:0016887	5	0.25	0
BSU_24320	GO:0044781	5	0.25	0
BSU_23800	GO:0004644	5	0.25	0
BSU_12910	GO:0016787	5	0.25	0
BSU_39750	GO:0006064	5	0.25	0
BSU_30770	GO:0006064	5	0.25	0
BSU_31920	GO:0008360	5	0.25	0
BSU_10130	GO:0003949	5	0.25	0
BSU_11720	GO:0004312	5	0.25	0
BSU_23530	GO:0016887	5	0.25	0
BSU_22930	GO:0008360	5	0.25	0
BSU_22470	GO:0106435	5	0.25	0
BSU_24170	GO:0046872	5	0.25	0
BSU_18610	GO:0015293	5	0.25	0
BSU_22620	GO:0006064	5	0.25	0
BSU_00710	GO:0006064	5	0.25	0
BSU_35620	GO:0006064	5	0.25	0
BSU_07560	GO:0016787	5	0.25	0
BSU_06720	GO:0009055	5	0.25	0
BSU_39070	GO:0006064	5	0.25	0
BSU_18840	GO:0006064	5	0.25	0
BSU_39070	GO:0016787	5	0.25	0
BSU_27370	GO:0006782	5	0.25	0
BSU_40550	GO:0006064	5	0.25	0
BSU_07560	GO:0009055	5	0.25	0
BSU_06830	GO:0046872	5	0.25	0
BSU_35790	GO:0009055	5	0.25	0
BSU_24120	GO:0006782	5	0.25	0
BSU_15850	GO:0009055	5	0.25	0
BSU_29940	GO:0030435	5	0.25	0
BSU_09910	GO:0009055	5	0.25	0
BSU_13690	GO:0016887	5	0.25	0
BSU_24000	GO:0030435	5	0.25	0
BSU_24580	GO:0030435	5	0.25	0
BSU_04080	GO:0005886	5	0.25	0
BSU_27930	GO:0005886	5	0.25	0
BSU_01530	GO:0106435	5	0.25	0
BSU_27370	GO:0016787	5	0.25	0
BSU_18670	GO:0009055	5	0.25	0
BSU_23470	GO:0005886	5	0.25	0
BSU_27840	GO:0005886	5	0.25	0
BSU_19410	GO:0016787	5	0.25	0
BSU_33820	GO:0016491	5	0.25	0
BSU_39550	GO:0044781	5	0.25	0
BSU_09370	GO:0016787	5	0.25	0
BSU_35730	GO:0016787	5	0.25	0
BSU_08080	GO:0006364	5	0.25	0
BSU_18250	GO:0030435	5	0.25	0
BSU_15620	GO:0009055	5	0.25	0
BSU_28390	GO:0016787	5	0.25	0
BSU_33830	GO:0016491	5	0.25	0
BSU_20040	GO:0009055	5	0.25	0
BSU_33720	GO:0016491	5	0.25	0
BSU_36410	GO:0003677	5	0.25	0
BSU_24170	GO:0005886	5	0.25	0
BSU_39640	GO:0030435	5	0.25	0
BSU_33730	GO:0016491	5	0.25	0
BSU_16440	GO:0006364	5	0.25	0
BSU_27070	GO:0046872	5	0.25	0
BSU_14350	GO:0016887	5	0.25	0
BSU_10130	GO:0016787	5	0.25	0
BSU_00710	GO:0030145	5	0.25	0
BSU_29060	GO:0030435	5	0.25	0
BSU_27370	GO:0006064	5	0.25	0
BSU_18070	GO:0016887	5	0.25	0
BSU_18480	GO:0004644	5	0.25	0
BSU_35940	GO:0008320	5	0.25	0
BSU_24570	GO:0005737	5	0.25	0
BSU_31010	GO:0008320	5	0.25	0
BSU_24050	GO:0009055	5	0.25	0
BSU_36520	GO:0044781	5	0.25	0
BSU_34870	GO:0006064	5	0.25	0
BSU_09100	GO:0044183	5	0.25	0
BSU_38370	GO:0006064	5	0.25	0
BSU_09100	GO:0046872	5	0.25	0
BSU_24120	GO:0006064	5	0.25	0
BSU_23570	GO:0006064	5	0.25	0
BSU_24170	GO:0046872	5	0.25	0
BSU_25500	GO:0009055	5	0.25	0
BSU_22630	GO:0006064	5	0.25	0
BSU_38370	GO:0006782	5	0.25	0
BSU_03982	GO:0016787	5	0.25	0
BSU_21350	GO:0006064	5	0.25	0
BSU_34900	GO:0006064	5	0.25	0
BSU_15860	GO:0006064	5	0.25	0
BSU_15620	GO:0006064	5	0.25	0
BSU_15850	GO:0006064	5	0.25	0
BSU_07560	GO:0006064	5	0.25	0
BSU_10130	GO:0006064	5	0.25	0
BSU_28140	GO:0006064	5	0.25	0
BSU_02510	GO:0006064	5	0.25	0
BSU_19120	GO:0043565	5	0.25	0
BSU_12910	GO:0004644	5	0.25	0
BSU_15110	GO:0003949	5	0.25	0
BSU_23960	GO:0015295	5	0.25	0
BSU_09950	GO:0046872	5	0.25	0
BSU_03982	GO:0004644	5	0.25	0
BSU_27140	GO:0055085	5	0.25	0
BSU_15590	GO:0008973	5	0.25	0
BSU_14590	GO:0046872	5	0.25	0
BSU_02700	GO:0106435	5	0.25	0
BSU_15600	GO:0008973	5	0.25	0
BSU_05870	GO:0003824	5	0.25	0
BSU_14590	GO:0008973	5	0.25	0
BSU_37180	GO:0006782	5	0.25	0
BSU_11100	GO:0016787	5	0.25	0
BSU_08350	GO:0106435	5	0.25	0
BSU_03982	GO:0044183	5	0.25	0
BSU_11720	GO:0008973	5	0.25	0
BSU_09950	GO:0005737	5	0.25	0
BSU_05810	GO:0044183	5	0.25	0
BSU_09950	GO:0008973	5	0.25	0
BSU_38090	GO:0016787	5	0.25	0
BSU_14700	GO:0016787	5	0.25	0
BSU_35940	GO:0005737	5	0.25	0
BSU_05910	GO:0006782	5	0.25	0
BSU_03920	GO:0008360	5	0.25	0
BSU_34790	GO:0016836	5	0.25	0
BSU_09850	GO:0015293	5	0.25	0
BSU_23530	GO:0016020	5	0.25	0
BSU_07050	GO:0005737	5	0.25	0
BSU_05810	GO:0004849	5	0.25	0
BSU_07050	GO:0005737	5	0.25	0
BSU_12000	GO:0005737	5	0.25	0
BSU_35790	GO:0003949	5	0.25	0
BSU_23800	GO:0044183	5	0.25	0
BSU_35330	GO:0046872	5	0.25	0
BSU_18480	GO:0044183	5	0.25	0
BSU_05910	GO:0016787	5	0.25	0
BSU_12020	GO:0016787	5	0.25	0
BSU_09410	GO:0009055	5	0.25	0
BSU_06830	GO:0004849	5	0.25	0
BSU_35330	GO:0016787	5	0.25	0
BSU_05740	GO:0009055	5	0.25	0
BSU_34620	GO:0009055	5	0.25	0
BSU_12100	GO:0009055	5	0.25	0
BSU_14700	GO:0008270	5	0.25	0
BSU_05810	GO:0004644	5	0.25	0
BSU_05870	GO:0016787	5	0.25	0
BSU_11720	GO:0005737	5	0.25	0
BSU_09950	GO:0005737	5	0.25	0
BSU_10130	GO:0016787	5	0.25	0
BSU_24040	GO:0046872	5	0.25	0
BSU_05740	GO:0006782	5	0.25	0
BSU_38580	GO:0046872	5	0.25	0
BSU_07050	GO:0005737	5	0.25	0
BSU_21350	GO:0030435	5	0.25	0
BSU_09410	GO:0006782	5	0.25	0
BSU_24120	GO:0003824	5	0.25	0
BSU_34620	GO:0016787	5	0.25	0
BSU_22620	GO:0008973	5	0.25	0
BSU_02510	GO:0016787	5	0.25	0
BSU_05870	GO:0003949	5	0.25	0
BSU_09420	GO:0005737	5	0.25	0
BSU_38580	GO:0005737	5	0.25	0
BSU_12020	GO:0003949	5	0.25	0
BSU_37180	GO:0016787	5	0.25	0
BSU_08060	GO:0005737	5	0.25	0
BSU_28910	GO:0015293	5	0.25	0
BSU_00710	GO:0004644	5	0.25	0
BSU_26670	GO:0043565	5	0.25	0
BSU_06420	GO:0006064	5	0.25	0
BSU_34130	GO:0003824	5	0.25	0
BSU_05740	GO:0005737	5	0.25	0
BSU_25500	GO:0016787	5	0.25	0
BSU_40550	GO:0016836	5	0.25	0
BSU_20250	GO:0003690	5	0.25	0
BSU_33680	GO:0043565	5	0.25	0
BSU_27930	GO:0009401	5	0.25	0
BSU_01640	GO:0003690	5	0.25	0
BSU_16970	GO:0106435	5	0.25	0
BSU_05810	GO:0008973	5	0.25	0
BSU_27140	GO:0015293	5	0.25	0
BSU_04610	GO:0015293	5	0.25	0
BSU_14190	GO:0106435	5	0.25	0
BSU_31920	GO:0043565	5	0.25	0
BSU_05870	GO:0009055	5	0.25	0
BSU_03982	GO:0004849	5	0.25	0
BSU_12020	GO:0009055	5	0.25	0
BSU_35790	GO:0006064	5	0.25	0
BSU_07560	GO:0003824	5	0.25	0
BSU_28560	GO:0003824	5	0.25	0
BSU_24170	GO:0003824	5	0.25	0
BSU_38580	GO:0008973	5	0.25	0
BSU_08060	GO:0008973	5	0.25	0
BSU_14590	GO:0044183	5	0.25	0
BSU_12020	GO:0006064	5	0.25	0
BSU_05870	GO:0006064	5	0.25	0
BSU_38580	GO:0008320	5	0.25	0
BSU_23960	GO:0016020	5	0.25	0
BSU_34620	GO:0016787	5	0.25	0
BSU_10390	GO:0015293	5	0.25	0
BSU_07050	GO:0008973	5	0.25	0
BSU_39550	GO:0106435	5	0.25	0
BSU_36410	GO:0008233	5	0.25	0
BSU_01640	GO:0004644	5	0.25	0
BSU_34450	GO:0016787	5	0.25	0
BSU_35080	GO:0003824	5	0.25	0
BSU_39070	GO:0003824	5	0.25	0
BSU_15110	GO:0046872	5	0.25	0
BSU_15110	GO:0016787	5	0.25	0
BSU_12910	GO:0004849	5	0.25	0
BSU_23070	GO:0003824	5	0.25	0
BSU_09910	GO:0106435	5	0.25	0
BSU_04610	GO:0055085	5	0.25	0
BSU_00330	GO:0005737	5	0.25	0
BSU_31700	GO:0016787	5	0.25	0
BSU_38190	GO:0003824	5	0.25	0
BSU_23800	GO:0004849	5	0.25	0
BSU_23980	GO:0015295	5	0.25	0
BSU_07570	GO:0030435	5	0.25	0
BSU_10390	GO:0055085	5	0.25	0
BSU_21440	GO:0015293	5	0.25	0
BSU_13010	GO:0106435	5	0.25	0
BSU_18480	GO:0004849	5	0.25	0
BSU_33170	GO:0015293	5	0.25	0
BSU_38500	GO:0008973	5	0.25	0
BSU_39020	GO:0030435	5	0.25	0
BSU_06830	GO:0044183	5	0.25	0
BSU_09910	GO:0003690	5	0.25	0
BSU_07080	GO:0003824	5	0.25	0
BSU_24170	GO:0016787	5	0.25	0
BSU_36020	GO:0003690	5	0.25	0
BSU_16330	GO:0044183	5	0.25	0
BSU_05910	GO:0004644	5	0.25	0
BSU_22470	GO:0008270	5	0.25	0
BSU_06420	GO:0005737	5	0.25	0
BSU_40550	GO:0034023	5	0.25	0
BSU_36410	GO:0090529	5	0.25	0
BSU_09420	GO:0090529	5	0.25	0
BSU_05810	GO:0006541	5	0.25	0
BSU_33240	GO:0006355	5	0.25	0
BSU_38190	GO:0006355	5	0.25	0
BSU_36410	GO:0006541	5	0.25	0
BSU_36410	GO:0016301	5	0.25	0
BSU_12100	GO:0003677	5	0.25	0
BSU_34620	GO:0006508	5	0.25	0
BSU_06830	GO:0016740	5	0.25	0
BSU_07200	GO:0005829	5	0.25	0
BSU_38860	GO:0019516	5	0.25	0
BSU_30770	GO:0071555	5	0.25	0
BSU_14190	GO:0046872	5	0.25	0
BSU_40550	GO:0019516	5	0.25	0
BSU_23570	GO:0071555	5	0.25	0
BSU_22620	GO:0003824	5	0.25	0
BSU_16330	GO:0004177	5	0.25	0
BSU_16330	GO:0005524	5	0.25	0
BSU_15620	GO:0008270	5	0.25	0
BSU_06830	GO:0004177	5	0.25	0
BSU_14590	GO:0005524	5	0.25	0
BSU_31980	GO:0034023	5	0.25	0
BSU_34900	GO:0006355	5	0.25	0
BSU_15860	GO:0008270	5	0.25	0
BSU_31980	GO:0019516	5	0.25	0
BSU_38860	GO:0005886	5	0.25	0
BSU_34900	GO:0003949	5	0.25	0
BSU_18670	GO:0003677	5	0.25	0
BSU_17620	GO:0008270	5	0.25	0
BSU_08350	GO:0003677	5	0.25	0
BSU_12910	GO:0006508	5	0.25	0
BSU_35330	GO:0006355	5	0.25	0
BSU_02700	GO:0003677	5	0.25	0
BSU_25500	GO:0008270	5	0.25	0
BSU_29710	GO:0008360	5	0.25	0
BSU_09910	GO:0008270	5	0.25	0
BSU_37160	GO:0005737	5	0.25	0
BSU_23760	GO:0046872	5	0.25	0
BSU_14590	GO:0004177	5	0.25	0
BSU_00490	GO:0005737	5	0.25	0
BSU_15590	GO:0005737	5	0.25	0
BSU_24870	GO:0046872	5	0.25	0
BSU_33730	GO:0016301	5	0.25	0
BSU_33720	GO:0016301	5	0.25	0
BSU_33830	GO:0016301	5	0.25	0
BSU_33820	GO:0016301	5	0.25	0
BSU_00330	GO:0090529	5	0.25	0
BSU_38500	GO:0019516	5	0.25	0
BSU_05810	GO:0030145	5	0.25	0
BSU_24050	GO:0005829	5	0.25	0
BSU_40550	GO:0005886	5	0.25	0
BSU_02430	GO:0003677	5	0.25	0
BSU_14830	GO:0003677	5	0.25	0
BSU_25500	GO:0005829	5	0.25	0
BSU_09410	GO:0003677	5	0.25	0
BSU_09910	GO:0005829	5	0.25	0
BSU_14590	GO:0006541	5	0.25	0
BSU_30770	GO:0030288	5	0.25	0
BSU_04080	GO:0046872	5	0.25	0
BSU_18180	GO:0005737	5	0.25	0
BSU_18670	GO:0005829	5	0.25	0
BSU_16330	GO:0006541	5	0.25	0
BSU_34450	GO:0003735	5	0.25	0
BSU_01630	GO:0016020	5	0.25	0
BSU_34130	GO:0005829	5	0.25	0
BSU_01570	GO:0008360	5	0.25	0
BSU_17620	GO:0110001	5	0.25	0
BSU_05810	GO:0046872	5	0.25	0
BSU_03982	GO:0046872	5	0.25	0
BSU_00330	GO:0005524	5	0.25	0
BSU_01530	GO:0046872	5	0.25	0
BSU_12910	GO:0046872	5	0.25	0
BSU_23800	GO:0046872	5	0.25	0
BSU_18480	GO:0046872	5	0.25	0
BSU_29590	GO:0030288	5	0.25	0
BSU_07560	GO:0019516	5	0.25	0
BSU_19320	GO:0046872	5	0.25	0
BSU_18070	GO:0071555	5	0.25	0
BSU_14350	GO:0071555	5	0.25	0
BSU_33380	GO:0008270	5	0.25	0
BSU_01640	GO:0046872	5	0.25	0
BSU_27880	GO:0030288	5	0.25	0
BSU_25500	GO:0003735	5	0.25	0
BSU_24870	GO:0055085	5	0.25	0
BSU_38360	GO:0003735	5	0.25	0
BSU_38500	GO:0004672	5	0.25	0
BSU_30800	GO:0046872	5	0.25	0
BSU_22100	GO:0046872	5	0.25	0
BSU_28560	GO:0019516	5	0.25	0
BSU_05810	GO:0004177	5	0.25	0
BSU_03982	GO:0004177	5	0.25	0
BSU_28560	GO:0005737	5	0.25	0
BSU_29590	GO:0003735	5	0.25	0
BSU_15600	GO:0005737	5	0.25	0
BSU_32740	GO:0071555	5	0.25	0
BSU_17620	GO:0071555	5	0.25	0
BSU_34130	GO:0019516	5	0.25	0
BSU_15590	GO:0003824	5	0.25	0
BSU_07080	GO:0019516	5	0.25	0
BSU_33240	GO:0008270	5	0.25	0
BSU_11340	GO:0071555	5	0.25	0
BSU_15600	GO:0003824	5	0.25	0
BSU_24570	GO:0071555	5	0.25	0
BSU_11720	GO:0003824	5	0.25	0
BSU_00490	GO:0003824	5	0.25	0
BSU_08440	GO:0016020	5	0.25	0
BSU_00490	GO:0034023	5	0.25	0
BSU_24120	GO:0008270	5	0.25	0
BSU_03982	GO:0030145	5	0.25	0
BSU_23530	GO:0008360	5	0.25	0
BSU_29000	GO:0006096	5	0.25	0
BSU_40550	GO:0030288	5	0.25	0
BSU_05870	GO:0019516	5	0.25	0
BSU_38370	GO:0008270	5	0.25	0
BSU_23980	GO:0071555	5	0.25	0
BSU_24320	GO:0071555	5	0.25	0
BSU_38040	GO:0003735	5	0.25	0
BSU_23960	GO:0071555	5	0.25	0
BSU_23530	GO:0071555	5	0.25	0
BSU_38500	GO:0003824	5	0.25	0
BSU_40550	GO:0008270	5	0.25	0
BSU_38370	GO:0030288	5	0.25	0
BSU_31980	GO:0003824	5	0.25	0
BSU_09100	GO:0046872	5	0.25	0
BSU_34870	GO:0016836	5	0.25	0
BSU_15110	GO:0006355	5	0.25	0
BSU_39070	GO:0019516	5	0.25	0
BSU_06830	GO:0046872	5	0.25	0
BSU_39550	GO:0030288	5	0.25	0
BSU_07560	GO:0008270	5	0.25	0
BSU_17170	GO:0046872	5	0.25	0
BSU_37180	GO:0005829	5	0.25	0
BSU_00330	GO:0071555	5	0.25	0
BSU_20250	GO:0003735	5	0.25	0
BSU_24570	GO:0005737	5	0.25	0
BSU_09100	GO:0070929	5	0.25	0
BSU_16970	GO:0006355	5	0.25	0
BSU_13750	GO:0030288	5	0.25	0
BSU_01830	GO:0042371	5	0.25	0
BSU_37180	GO:0008270	5	0.25	0
BSU_14590	GO:0070929	5	0.25	0
BSU_06830	GO:0071555	5	0.25	0
BSU_38580	GO:0007165	5	0.25	0
BSU_11340	GO:0005737	5	0.25	0
BSU_16330	GO:0070929	5	0.25	0
BSU_06830	GO:0070929	5	0.25	0
BSU_14830	GO:0046872	5	0.25	0
BSU_37320	GO:0042371	5	0.25	0
BSU_08440	GO:0006355	5	0.25	0
BSU_09410	GO:0005829	5	0.25	0
BSU_01630	GO:0006355	5	0.25	0
BSU_03440	GO:0042371	5	0.25	0
BSU_12100	GO:0042371	5	0.25	0
BSU_09950	GO:0090529	5	0.25	0
BSU_10130	GO:0009058	5	0.25	0
BSU_35730	GO:0006355	5	0.25	0
BSU_14350	GO:0016301	5	0.25	0
BSU_23990	GO:0046872	5	0.25	0
BSU_06420	GO:0019516	5	0.25	0
BSU_05740	GO:0005829	5	0.25	0
BSU_05810	GO:0070929	5	0.25	0
BSU_36410	GO:0071555	5	0.25	0
BSU_24170	GO:0005576	5	0.25	0
BSU_23570	GO:0005737	5	0.25	0
BSU_13550	GO:0034023	5	0.25	0
BSU_34870	GO:0009245	5	0.25	0
BSU_07200	GO:0005829	5	0.25	0
BSU_36550	GO:0007165	5	0.25	0
BSU_36020	GO:0003735	5	0.25	0
BSU_18070	GO:0030435	5	0.25	0
BSU_27880	GO:0042371	5	0.25	0
BSU_14300	GO:0030435	5	0.25	0
BSU_29590	GO:0042371	5	0.25	0
BSU_18840	GO:0046872	5	0.25	0
BSU_07570	GO:0015295	5	0.25	0
BSU_18670	GO:0070929	5	0.25	0
BSU_09950	GO:0016829	5	0.25	0
BSU_17390	GO:0005737	5	0.25	0
BSU_27070	GO:0070929	5	0.25	0
BSU_24320	GO:0009401	5	0.25	0
BSU_37640	GO:0042371	5	0.25	0
BSU_11720	GO:0016829	5	0.25	0
BSU_13550	GO:0019516	5	0.25	0
BSU_31980	GO:0005886	5	0.25	0
BSU_14590	GO:0016829	5	0.25	0
BSU_13010	GO:0019516	5	0.25	0
BSU_03982	GO:0009058	5	0.25	0
BSU_35730	GO:0009245	5	0.25	0
BSU_00490	GO:0019516	5	0.25	0
BSU_09100	GO:0004177	5	0.25	0
BSU_12910	GO:0010468	5	0.25	0
BSU_22970	GO:0005576	5	0.25	0
BSU_27070	GO:0007165	5	0.25	0
BSU_31260	GO:0016301	5	0.25	0
BSU_06300	GO:0005737	5	0.25	0
BSU_34620	GO:0005829	5	0.25	0
BSU_07080	GO:0005829	5	0.25	0
BSU_38580	GO:0071555	5	0.25	0
BSU_10130	GO:0008270	5	0.25	0
BSU_21440	GO:0003735	5	0.25	0
BSU_12100	GO:0005829	5	0.25	0
BSU_32740	GO:0015295	5	0.25	0
BSU_23890	GO:0016301	5	0.25	0
BSU_03960	GO:0030288	5	0.25	0
BSU_06720	GO:0008270	5	0.25	0
BSU_24320	GO:0003677	5	0.25	0
BSU_13010	GO:0046872	5	0.25	0
BSU_05870	GO:0005829	5	0.25	0
BSU_39810	GO:0016301	5	0.25	0
BSU_38580	GO:0016301	5	0.25	0
BSU_26840	GO:0046872	5	0.25	0
BSU_16970	GO:0030288	5	0.25	0
BSU_31260	GO:0016301	5	0.25	0
BSU_17340	GO:0003677	5	0.25	0
BSU_38600	GO:0003677	5	0.25	0
BSU_12020	GO:0005829	5	0.25	0
BSU_09930	GO:0005737	5	0.25	0
BSU_19330	GO:0008270	5	0.25	0
BSU_35790	GO:0005829	5	0.25	0
BSU_34130	GO:0008270	5	0.25	0
BSU_12210	GO:0030288	5	0.25	0
BSU_07990	GO:0005829	5	0.25	0
BSU_20250	GO:0005737	5	0.25	0
BSU_27070	GO:0006541	5	0.25	0
BSU_06720	GO:0005829	5	0.25	0
BSU_19330	GO:0005829	5	0.25	0
BSU_03730	GO:0005829	5	0.25	0
BSU_09950	GO:0071555	5	0.25	0
BSU_21350	GO:0055085	5	0.25	0
BSU_03982	GO:0042371	5	0.25	0
BSU_00490	GO:0005576	5	0.25	0
BSU_21860	GO:0046872	5	0.25	0
BSU_34870	GO:0006355	5	0.25	0
BSU_13690	GO:0016301	5	0.25	0
BSU_38040	GO:0006355	5	0.25	0
BSU_39020	GO:0042371	5	0.25	0
BSU_03982	GO:0070929	5	0.25	0
BSU_20040	GO:0005737	5	0.25	0
BSU_02510	GO:0008270	5	0.25	0
BSU_14590	GO:0090529	5	0.25	0
BSU_13010	GO:0034023	5	0.25	0
BSU_06830	GO:0005576	5	0.25	0
BSU_34620	GO:0008270	5	0.25	0
BSU_12910	GO:0070929	5	0.25	0
BSU_38090	GO:0003735	5	0.25	0
BSU_31980	GO:0006355	5	0.25	0
BSU_40550	GO:0006355	5	0.25	0
BSU_33380	GO:0016020	5	0.25	0
BSU_23800	GO:0070929	5	0.25	0
BSU_18480	GO:0070929	5	0.25	0
BSU_12100	GO:0008270	5	0.25	0
BSU_12920	GO:0071555	5	0.25	0
BSU_23890	GO:0071555	5	0.25	0
BSU_25500	GO:0009058	5	0.25	0
BSU_34790	GO:0006355	5	0.25	0
BSU_14360	GO:0016020	5	0.25	0
BSU_31710	GO:0030288	5	0.25	0
BSU_39810	GO:0071555	5	0.25	0
BSU_06830	GO:0016301	5	0.25	0
BSU_25780	GO:0006355	5	0.25	0
BSU_05870	GO:0003824	5	0.25	0
BSU_32460	GO:0046872	5	0.25	0
BSU_15880	GO:0005524	5	0.25	0
BSU_27140	GO:0050845	5	0.25	0
BSU_38500	GO:0017118	5	0.25	0
BSU_38860	GO:0017118	5	0.25	0
BSU_18260	GO:0110001	5	0.25	0
BSU_37820	GO:0016020	5	0.25	0
BSU_12910	GO:0016765	5	0.25	0
BSU_16970	GO:0003677	5	0.25	0
BSU_17260	GO:0110001	5	0.25	0
BSU_15880	GO:0016874	5	0.25	0
BSU_10390	GO:0050845	5	0.25	0
BSU_34620	GO:0016765	5	0.25	0
BSU_05910	GO:0003735	5	0.25	0
BSU_14190	GO:0003677	5	0.25	0
BSU_40550	GO:0017118	5	0.25	0
BSU_04610	GO:0050845	5	0.25	0
BSU_25500	GO:0030288	5	0.25	0
BSU_37260	GO:0110001	5	0.25	0
BSU_07560	GO:0030288	5	0.25	0
BSU_36410	GO:0009229	5	0.25	0
BSU_33170	GO:0050845	5	0.25	0
BSU_11660	GO:0003949	5	0.25	0
BSU_21440	GO:0050845	5	0.25	0
BSU_18070	GO:0016020	5	0.25	0
BSU_31980	GO:0017118	5	0.25	0
BSU_29000	GO:0016787	5	0.25	0
BSU_06720	GO:0009401	5	0.25	0
BSU_27120	GO:0006364	5	0.25	0
BSU_13010	GO:0003824	5	0.25	0
BSU_01640	GO:0016765	5	0.25	0
BSU_23990	GO:0016020	5	0.25	0
BSU_21860	GO:0016020	5	0.25	0
BSU_13550	GO:0003824	5	0.25	0
BSU_33960	GO:0050845	5	0.25	0
BSU_38580	GO:0016887	5	0.25	0
BSU_38600	GO:0000160	5	0.25	0
BSU_10130	GO:0016765	5	0.25	0
BSU_30790	GO:0005829	5	0.25	0
BSU_17170	GO:0110001	5	0.25	0
BSU_15620	GO:0030288	5	0.25	0
BSU_30630	GO:0110001	5	0.25	0
BSU_10390	GO:0110001	5	0.25	0
BSU_39750	GO:0003949	5	0.25	0
BSU_07570	GO:0071555	5	0.25	0
BSU_38500	GO:0005886	5	0.25	0
BSU_31710	GO:0008270	5	0.25	0
BSU_39550	GO:0003677	5	0.25	0
BSU_23930	GO:0005829	5	0.25	0
BSU_30670	GO:0005829	5	0.25	0
BSU_16000	GO:0110001	5	0.25	0
BSU_19320	GO:0005829	5	0.25	0
BSU_10970	GO:0003949	5	0.25	0
BSU_05910	GO:0006355	5	0.25	0
BSU_09910	GO:0030288	5	0.25	0
BSU_00710	GO:0006355	5	0.25	0
BSU_15850	GO:0030288	5	0.25	0
BSU_23760	GO:0006355	5	0.25	0
BSU_12000	GO:0000160	5	0.25	0
BSU_41030	GO:0110001	5	0.25	0
BSU_39810	GO:0008320	5	0.25	0
BSU_03982	GO:0010468	5	0.25	0
BSU_04160	GO:0000160	5	0.25	0
BSU_07050	GO:0016874	5	0.25	0
BSU_07050	GO:0005524	5	0.25	0
BSU_04080	GO:0003677	5	0.25	0
BSU_19200	GO:0016836	5	0.25	0
BSU_37810	GO:0016020	5	0.25	0
BSU_05910	GO:0016765	5	0.25	0
BSU_23890	GO:0008320	5	0.25	0
BSU_24120	GO:0005737	5	0.25	0
BSU_33390	GO:0050845	5	0.25	0
BSU_15600	GO:0000160	5	0.25	0
BSU_17170	GO:0005829	5	0.25	0
BSU_22630	GO:0005737	5	0.25	0
BSU_07050	GO:0003824	5	0.25	0
BSU_16330	GO:0009229	5	0.25	0
BSU_34130	GO:0030288	5	0.25	0
BSU_00490	GO:0003824	5	0.25	0
BSU_21350	GO:0050845	5	0.25	0
BSU_23070	GO:0016020	5	0.25	0
BSU_04080	GO:0008360	5	0.25	0
BSU_23570	GO:0005737	5	0.25	0
BSU_14590	GO:0009229	5	0.25	0
BSU_38860	GO:0034023	5	0.25	0
BSU_27370	GO:0005829	5	0.25	0
BSU_12300	GO:0003949	5	0.25	0
BSU_38370	GO:0005737	5	0.25	0
BSU_34870	GO:0005829	5	0.25	0
BSU_27370	GO:0005737	5	0.25	0
BSU_20040	GO:0016020	5	0.25	0
BSU_07050	GO:0008253	5	0.25	0
BSU_15110	GO:0016020	5	0.25	0
BSU_07080	GO:0030288	5	0.25	0
BSU_13750	GO:0008270	5	0.25	0
BSU_38860	GO:0003949	5	0.25	0
BSU_14590	GO:0008253	5	0.25	0
BSU_19330	GO:0030288	5	0.25	0
BSU_24580	GO:0046872	5	0.25	0
BSU_23930	GO:0005737	5	0.25	0
BSU_33530	GO:0016020	5	0.25	0
BSU_35940	GO:0016020	5	0.25	0
BSU_01570	GO:0046872	5	0.25	0
BSU_21350	GO:0005737	5	0.25	0
BSU_22100	GO:0005829	5	0.25	0
BSU_32490	GO:0016020	5	0.25	0
BSU_00710	GO:0016765	5	0.25	0
BSU_36410	GO:0008253	5	0.25	0
BSU_34790	GO:0016020	5	0.25	0
BSU_26670	GO:0080090	5	0.25	0
BSU_25780	GO:0016020	5	0.25	0
BSU_22610	GO:0016020	5	0.25	0
BSU_27070	GO:0000160	5	0.25	0
BSU_00710	GO:0006508	5	0.25	0
BSU_41040	GO:0008320	5	0.25	0
BSU_28910	GO:0050845	5	0.25	0
BSU_31920	GO:0080090	5	0.25	0
BSU_09850	GO:0050845	5	0.25	0
BSU_23760	GO:0016765	5	0.25	0
BSU_22470	GO:0003677	5	0.25	0
BSU_02510	GO:0005737	5	0.25	0
BSU_33680	GO:0080090	5	0.25	0
BSU_19200	GO:0003949	5	0.25	0
BSU_28140	GO:0005737	5	0.25	0
BSU_19540	GO:0080090	5	0.25	0
BSU_23760	GO:0006508	5	0.25	0
BSU_12920	GO:0005737	5	0.25	0
BSU_12250	GO:0050845	5	0.25	0
BSU_07560	GO:0005737	5	0.25	0
BSU_24870	GO:0050845	5	0.25	0
BSU_27070	GO:0016740	5	0.25	0
BSU_15850	GO:0005737	5	0.25	0
BSU_15620	GO:0005737	5	0.25	0
BSU_15860	GO:0005737	5	0.25	0
BSU_09950	GO:0016887	5	0.25	0
BSU_15110	GO:0042802	5	0.25	0
BSU_09950	GO:0016874	5	0.25	0
BSU_14360	GO:0033214	5	0.25	0
BSU_22630	GO:0003735	5	0.25	0
BSU_10130	GO:0110001	5	0.25	0
BSU_15590	GO:0017118	5	0.25	0
BSU_24120	GO:0030288	5	0.25	0
BSU_37180	GO:0071555	5	0.25	0
BSU_30420	GO:0033214	5	0.25	0
BSU_22630	GO:0046872	5	0.25	0
BSU_21350	GO:0046872	5	0.25	0
BSU_33720	GO:0033214	5	0.25	0
BSU_19200	GO:0016765	5	0.25	0
BSU_34700	GO:0016020	5	0.25	0
BSU_33820	GO:0033214	5	0.25	0
BSU_34900	GO:0046872	5	0.25	0
BSU_33240	GO:0016765	5	0.25	0
BSU_22970	GO:0000160	5	0.25	0
BSU_09850	GO:0055085	5	0.25	0
BSU_37640	GO:0046872	5	0.25	0
BSU_16230	GO:0009229	5	0.25	0
BSU_38190	GO:0016765	5	0.25	0
BSU_33240	GO:0030288	5	0.25	0
BSU_12920	GO:0000160	5	0.25	0
BSU_34900	GO:0016765	5	0.25	0
BSU_18070	GO:0055085	5	0.25	0
BSU_24170	GO:0000160	5	0.25	0
BSU_15860	GO:0030288	5	0.25	0
BSU_04110	GO:0004145	5	0.25	0
BSU_17620	GO:0030288	5	0.25	0
BSU_35330	GO:0016765	5	0.25	0
BSU_05740	GO:0006310	5	0.25	0
BSU_28140	GO:0046872	5	0.25	0
BSU_33270	GO:0016020	5	0.25	0
BSU_18480	GO:0030145	5	0.25	0
BSU_01830	GO:0071555	5	0.25	0
BSU_34870	GO:0046872	5	0.25	0
BSU_23800	GO:0004177	5	0.25	0
BSU_18480	GO:0004177	5	0.25	0
BSU_12250	GO:0055085	5	0.25	0
BSU_04110	GO:0046872	5	0.25	0
BSU_12910	GO:0030145	5	0.25	0
BSU_23800	GO:0030145	5	0.25	0
BSU_01630	GO:0033214	5	0.25	0
BSU_08440	GO:0033214	5	0.25	0
BSU_17620	GO:0055085	5	0.25	0
BSU_27370	GO:0046872	5	0.25	0
BSU_39020	GO:0071555	5	0.25	0
BSU_24170	GO:0006355	5	0.25	0
BSU_38360	GO:0110001	5	0.25	0
BSU_12100	GO:0071555	5	0.25	0
BSU_06100	GO:0110001	5	0.25	0
BSU_39550	GO:0008270	5	0.25	0
BSU_15410	GO:0110001	5	0.25	0
BSU_25500	GO:0006355	5	0.25	0
BSU_09420	GO:0004177	5	0.25	0
BSU_32740	GO:0033214	5	0.25	0
BSU_29530	GO:0016020	5	0.25	0
BSU_14350	GO:0033214	5	0.25	0
BSU_36520	GO:0016020	5	0.25	0
BSU_24700	GO:0016020	5	0.25	0
BSU_24980	GO:0033214	5	0.25	0
BSU_23760	GO:0110001	5	0.25	0
BSU_17380	GO:0005737	5	0.25	0
BSU_37320	GO:0071555	5	0.25	0
BSU_22930	GO:0046872	5	0.25	0
BSU_16970	GO:0110001	5	0.25	0
BSU_07050	GO:0006310	5	0.25	0
BSU_17450	GO:0006310	5	0.25	0
BSU_14730	GO:0006310	5	0.25	0
BSU_12910	GO:0006355	5	0.25	0
BSU_38700	GO:0006310	5	0.25	0
BSU_01640	GO:0006508	5	0.25	0
BSU_40550	GO:0003677	5	0.25	0
BSU_27070	GO:0033214	5	0.25	0
BSU_24170	GO:0016765	5	0.25	0
BSU_24450	GO:0110001	5	0.25	0
BSU_32160	GO:0110001	5	0.25	0
BSU_25500	GO:0016765	5	0.25	0
BSU_09100	GO:0016740	5	0.25	0
BSU_13010	GO:0003677	5	0.25	0
BSU_09100	GO:0006310	5	0.25	0
BSU_31010	GO:0016887	5	0.25	0
BSU_37320	GO:0003723	5	0.25	0
BSU_11660	GO:0110001	5	0.25	0
BSU_12210	GO:0008270	5	0.25	0
BSU_23890	GO:0016887	5	0.25	0
BSU_16970	GO:0008270	5	0.25	0
BSU_41040	GO:0016887	5	0.25	0
BSU_32740	GO:0016301	5	0.25	0
BSU_39810	GO:0016887	5	0.25	0
BSU_18840	GO:0005829	5	0.25	0
BSU_31840	GO:0110001	5	0.25	0
BSU_27930	GO:0007165	5	0.25	0
BSU_22610	GO:0003735	5	0.25	0
BSU_13750	GO:0110001	5	0.25	0
BSU_15600	GO:0017118	5	0.25	0
BSU_15110	GO:0016765	5	0.25	0
BSU_13010	GO:0017118	5	0.25	0
BSU_10130	GO:0006355	5	0.25	0
BSU_00490	GO:0017118	5	0.25	0
BSU_03440	GO:0033214	5	0.25	0
BSU_06420	GO:0017118	5	0.25	0
BSU_14590	GO:0016874	5	0.25	0
BSU_05910	GO:0006508	5	0.25	0
BSU_13550	GO:0017118	5	0.25	0
BSU_03982	GO:0006355	5	0.25	0
BSU_17390	GO:0005737	5	0.25	0
BSU_05850	GO:0006310	5	0.25	0
BSU_33970	GO:0006310	5	0.25	0
BSU_00710	GO:0005829	5	0.25	0
BSU_31010	GO:0003824	5	0.25	0
BSU_18480	GO:0006355	5	0.25	0
BSU_34620	GO:0006355	5	0.25	0
BSU_05000	GO:0046872	4	0.2	0
BSU_16520	GO:0004823	4	0.2	0
BSU_37470	GO:0003949	4	0.2	0
BSU_33480	GO:0016020	4	0.2	0
BSU_24730	GO:0015625	4	0.2	0
BSU_37700	GO:0005262	4	0.2	0
BSU_10980	GO:0005215	4	0.2	0
BSU_08840	GO:0005215	4	0.2	0
BSU_22560	GO:0042906	4	0.2	0
BSU_16520	GO:0004519	4	0.2	0
BSU_35090	GO:0005262	4	0.2	0
BSU_16500	GO:0004519	4	0.2	0
BSU_23580	GO:0019284	4	0.2	0
BSU_40480	GO:0005262	4	0.2	0
BSU_38590	GO:0004519	4	0.2	0
BSU_02950	GO:0005262	4	0.2	0
BSU_23580	GO:0004519	4	0.2	0
BSU_09750	GO:0042601	4	0.2	0
BSU_23390	GO:0005262	4	0.2	0
BSU_05820	GO:0004519	4	0.2	0
BSU_19620	GO:0005515	4	0.2	0
BSU_14920	GO:0003824	4	0.2	0
BSU_07490	GO:0006096	4	0.2	0
BSU_40840	GO:0015293	4	0.2	0
BSU_02820	GO:0004519	4	0.2	0
BSU_37460	GO:0003949	4	0.2	0
BSU_12830	GO:0042601	4	0.2	0
BSU_37460	GO:0004519	4	0.2	0
BSU_05920	GO:0003949	4	0.2	0
BSU_15900	GO:0004823	4	0.2	0
BSU_40010	GO:0009401	4	0.2	0
BSU_39710	GO:0005215	4	0.2	0
BSU_16500	GO:0004823	4	0.2	0
BSU_24720	GO:0042906	4	0.2	0
BSU_18540	GO:0005215	4	0.2	0
BSU_16825	GO:0005215	4	0.2	0
BSU_33000	GO:0005515	4	0.2	0
BSU_24710	GO:0042906	4	0.2	0
BSU_04090	GO:0042601	4	0.2	0
BSU_05420	GO:0003949	4	0.2	0
BSU_05800	GO:0005215	4	0.2	0
BSU_23130	GO:0042906	4	0.2	0
BSU_34170	GO:0043565	4	0.2	0
BSU_27170	GO:0009401	4	0.2	0
BSU_23580	GO:0071555	4	0.2	0
BSU_27320	GO:0003824	4	0.2	0
BSU_05420	GO:0000150	4	0.2	0
BSU_23130	GO:0006814	4	0.2	0
BSU_38590	GO:0009361	4	0.2	0
BSU_06760	GO:0006355	4	0.2	0
BSU_29490	GO:0003824	4	0.2	0
BSU_22560	GO:0006814	4	0.2	0
BSU_05820	GO:0009361	4	0.2	0
BSU_05920	GO:0006364	4	0.2	0
BSU_06770	GO:0000150	4	0.2	0
BSU_06760	GO:0000150	4	0.2	0
BSU_00540	GO:0071555	4	0.2	0
BSU_27320	GO:0071555	4	0.2	0
BSU_09750	GO:0006355	4	0.2	0
BSU_13640	GO:0071555	4	0.2	0
BSU_17930	GO:0006814	4	0.2	0
BSU_09750	GO:0000150	4	0.2	0
BSU_05420	GO:0006364	4	0.2	0
BSU_07060	GO:0009361	4	0.2	0
BSU_34040	GO:0034023	4	0.2	0
BSU_27320	GO:0000150	4	0.2	0
BSU_07150	GO:0016491	4	0.2	0
BSU_16500	GO:0071555	4	0.2	0
BSU_40010	GO:0000150	4	0.2	0
BSU_31990	GO:0003949	4	0.2	0
BSU_16520	GO:0071555	4	0.2	0
BSU_31990	GO:0004823	4	0.2	0
BSU_19570	GO:0016491	4	0.2	0
BSU_34040	GO:0004823	4	0.2	0
BSU_33400	GO:0034023	4	0.2	0
BSU_07350	GO:0003824	4	0.2	0
BSU_09830	GO:0071555	4	0.2	0
BSU_38590	GO:0003723	4	0.2	0
BSU_05820	GO:0003723	4	0.2	0
BSU_34990	GO:0016020	4	0.2	0
BSU_40160	GO:0016020	4	0.2	0
BSU_35290	GO:0046872	4	0.2	0
BSU_01470	GO:0007165	4	0.2	0
BSU_36110	GO:0006355	4	0.2	0
BSU_03820	GO:0016020	4	0.2	0
BSU_17930	GO:0071555	4	0.2	0
BSU_39610	GO:0016020	4	0.2	0
BSU_33320	GO:0016020	4	0.2	0
BSU_02820	GO:0006364	4	0.2	0
BSU_14920	GO:0007165	4	0.2	0
BSU_05920	GO:0008270	4	0.2	0
BSU_27980	GO:0007165	4	0.2	0
BSU_07350	GO:0003677	4	0.2	0
BSU_23580	GO:0006364	4	0.2	0
BSU_31620	GO:0016020	4	0.2	0
BSU_24720	GO:0007165	4	0.2	0
BSU_28110	GO:0071555	4	0.2	0
BSU_06770	GO:0003677	4	0.2	0
BSU_07350	GO:0034023	4	0.2	0
BSU_27980	GO:0071555	4	0.2	0
BSU_06839	GO:0071555	4	0.2	0
BSU_37470	GO:0006364	4	0.2	0
BSU_31990	GO:0003677	4	0.2	0
BSU_27320	GO:0006355	4	0.2	0
BSU_28500	GO:0071555	4	0.2	0
BSU_29300	GO:0043041	4	0.2	0
BSU_24710	GO:0006814	4	0.2	0
BSU_34040	GO:0003677	4	0.2	0
BSU_32940	GO:0016020	4	0.2	0
BSU_24720	GO:0006814	4	0.2	0
BSU_24730	GO:0006814	4	0.2	0
BSU_03830	GO:0016020	4	0.2	0
BSU_29490	GO:0071555	4	0.2	0
BSU_33400	GO:0003677	4	0.2	0
BSU_21660	GO:0006355	4	0.2	0
BSU_40220	GO:0006355	4	0.2	0
BSU_37460	GO:0006364	4	0.2	0
BSU_40190	GO:0071555	4	0.2	0
BSU_22640	GO:0046872	4	0.2	0
BSU_09830	GO:0008270	4	0.2	0
BSU_05640	GO:0046677	4	0.2	0
BSU_12900	GO:0006779	4	0.2	0
BSU_12830	GO:0006779	4	0.2	0
BSU_30990	GO:0006779	4	0.2	0
BSU_32560	GO:0000150	4	0.2	0
BSU_19620	GO:0006814	4	0.2	0
BSU_08840	GO:0006779	4	0.2	0
BSU_01470	GO:0006814	4	0.2	0
BSU_07490	GO:0006779	4	0.2	0
BSU_27320	GO:0005737	4	0.2	0
BSU_27170	GO:0005737	4	0.2	0
BSU_33000	GO:0006814	4	0.2	0
BSU_14440	GO:0046872	4	0.2	0
BSU_13190	GO:0016491	4	0.2	0
BSU_02370	GO:0000150	4	0.2	0
BSU_23130	GO:0016020	4	0.2	0
BSU_16790	GO:0016491	4	0.2	0
BSU_33400	GO:0071555	4	0.2	0
BSU_22560	GO:0016020	4	0.2	0
BSU_11890	GO:0046872	4	0.2	0
BSU_29630	GO:0005737	4	0.2	0
BSU_35320	GO:0006364	4	0.2	0
BSU_38310	GO:0000150	4	0.2	0
BSU_14510	GO:0016020	4	0.2	0
BSU_35050	GO:0016491	4	0.2	0
BSU_34040	GO:0071555	4	0.2	0
BSU_17930	GO:0006779	4	0.2	0
BSU_14510	GO:0006779	4	0.2	0
BSU_23130	GO:0003824	4	0.2	0
BSU_34380	GO:0005737	4	0.2	0
BSU_19950	GO:0000150	4	0.2	0
BSU_36510	GO:0006779	4	0.2	0
BSU_35050	GO:0000150	4	0.2	0
BSU_03620	GO:0000150	4	0.2	0
BSU_32220	GO:0046677	4	0.2	0
BSU_40010	GO:0005737	4	0.2	0
BSU_23360	GO:0016491	4	0.2	0
BSU_33400	GO:0003824	4	0.2	0
BSU_09330	GO:0000150	4	0.2	0
BSU_31990	GO:0003824	4	0.2	0
BSU_08300	GO:0000150	4	0.2	0
BSU_22940	GO:0016020	4	0.2	0
BSU_30990	GO:0006814	4	0.2	0
BSU_35910	GO:0000150	4	0.2	0
BSU_29630	GO:0000150	4	0.2	0
BSU_19620	GO:0006779	4	0.2	0
BSU_16520	GO:0003723	4	0.2	0
BSU_34040	GO:0003824	4	0.2	0
BSU_32770	GO:0016491	4	0.2	0
BSU_16500	GO:0003723	4	0.2	0
BSU_37460	GO:0004823	4	0.2	0
BSU_37470	GO:0004823	4	0.2	0
BSU_12900	GO:0006814	4	0.2	0
BSU_23490	GO:0046872	4	0.2	0
BSU_07490	GO:0006814	4	0.2	0
BSU_27060	GO:0006364	4	0.2	0
BSU_35320	GO:0046872	4	0.2	0
BSU_34060	GO:0000150	4	0.2	0
BSU_36110	GO:0000150	4	0.2	0
BSU_13670	GO:0000150	4	0.2	0
BSU_40050	GO:0000150	4	0.2	0
BSU_40840	GO:0006779	4	0.2	0
BSU_32870	GO:0000150	4	0.2	0
BSU_38450	GO:0000150	4	0.2	0
BSU_02320	GO:0000150	4	0.2	0
BSU_37460	GO:0003824	4	0.2	0
BSU_10560	GO:0000150	4	0.2	0
BSU_12870	GO:0016491	4	0.2	0
BSU_37470	GO:0003824	4	0.2	0
BSU_40220	GO:0000150	4	0.2	0
BSU_40840	GO:0006814	4	0.2	0
BSU_08470	GO:0003949	4	0.2	0
BSU_07220	GO:0000150	4	0.2	0
BSU_27320	GO:0034023	4	0.2	0
BSU_33480	GO:0016020	4	0.2	0
BSU_10040	GO:0042601	4	0.2	0
BSU_36510	GO:0046872	4	0.2	0
BSU_37740	GO:0051537	4	0.2	0
BSU_19620	GO:0016020	4	0.2	0
BSU_14920	GO:0015031	4	0.2	0
BSU_12830	GO:0046872	4	0.2	0
BSU_02600	GO:0005515	4	0.2	0
BSU_13670	GO:0009401	4	0.2	0
BSU_40050	GO:0009401	4	0.2	0
BSU_29570	GO:0042601	4	0.2	0
BSU_30990	GO:0046872	4	0.2	0
BSU_01470	GO:0015031	4	0.2	0
BSU_22480	GO:0051537	4	0.2	0
BSU_12370	GO:0009401	4	0.2	0
BSU_08840	GO:0046872	4	0.2	0
BSU_14140	GO:0009401	4	0.2	0
BSU_30690	GO:0051537	4	0.2	0
BSU_07350	GO:0003677	4	0.2	0
BSU_39720	GO:0051537	4	0.2	0
BSU_00450	GO:0042601	4	0.2	0
BSU_02330	GO:0006355	4	0.2	0
BSU_40160	GO:0016020	4	0.2	0
BSU_18560	GO:0006355	4	0.2	0
BSU_31230	GO:0046872	4	0.2	0
BSU_27010	GO:0006355	4	0.2	0
BSU_34990	GO:0016020	4	0.2	0
BSU_33000	GO:0016020	4	0.2	0
BSU_10040	GO:0030153	4	0.2	0
BSU_33400	GO:0006355	4	0.2	0
BSU_30280	GO:0015031	4	0.2	0
BSU_33480	GO:0006355	4	0.2	0
BSU_17930	GO:0046872	4	0.2	0
BSU_14230	GO:0006355	4	0.2	0
BSU_30290	GO:0015031	4	0.2	0
BSU_21680	GO:0006355	4	0.2	0
BSU_14510	GO:0046872	4	0.2	0
BSU_28250	GO:0051537	4	0.2	0
BSU_34990	GO:0016020	4	0.2	0
BSU_38270	GO:0016020	4	0.2	0
BSU_06839	GO:0005515	4	0.2	0
BSU_07060	GO:0016491	4	0.2	0
BSU_13640	GO:0005515	4	0.2	0
BSU_14920	GO:0016491	4	0.2	0
BSU_17920	GO:0042601	4	0.2	0
BSU_09780	GO:0042601	4	0.2	0
BSU_03830	GO:0016020	4	0.2	0
BSU_00540	GO:0005515	4	0.2	0
BSU_16980	GO:0042601	4	0.2	0
BSU_23410	GO:0042601	4	0.2	0
BSU_03820	GO:0016020	4	0.2	0
BSU_30370	GO:0005215	4	0.2	0
BSU_35630	GO:0005515	4	0.2	0
BSU_34530	GO:0042601	4	0.2	0
BSU_29300	GO:0015625	4	0.2	0
BSU_10050	GO:0042601	4	0.2	0
BSU_40840	GO:0046872	4	0.2	0
BSU_04690	GO:0016491	4	0.2	0
BSU_22640	GO:0051537	4	0.2	0
BSU_00860	GO:0016491	4	0.2	0
BSU_23580	GO:0003949	4	0.2	0
BSU_17930	GO:0005515	4	0.2	0
BSU_24730	GO:0015031	4	0.2	0
BSU_13470	GO:0042601	4	0.2	0
BSU_02820	GO:0003949	4	0.2	0
BSU_07490	GO:0046872	4	0.2	0
BSU_33080	GO:0009401	4	0.2	0
BSU_33790	GO:0009401	4	0.2	0
BSU_00430	GO:0042601	4	0.2	0
BSU_34380	GO:0009401	4	0.2	0
BSU_22680	GO:0051537	4	0.2	0
BSU_28450	GO:0051537	4	0.2	0
BSU_19950	GO:0042601	4	0.2	0
BSU_38270	GO:0016020	4	0.2	0
BSU_23390	GO:0042601	4	0.2	0
BSU_23130	GO:0046872	4	0.2	0
BSU_39340	GO:0003677	4	0.2	0
BSU_30290	GO:0007165	4	0.2	0
BSU_33700	GO:0007165	4	0.2	0
BSU_39610	GO:0016020	4	0.2	0
BSU_03820	GO:0016020	4	0.2	0
BSU_24710	GO:0016020	4	0.2	0
BSU_16520	GO:0019284	4	0.2	0
BSU_16500	GO:0019284	4	0.2	0
BSU_29570	GO:0006355	4	0.2	0
BSU_29300	GO:0030153	4	0.2	0
BSU_29490	GO:0003677	4	0.2	0
BSU_28500	GO:0008270	4	0.2	0
BSU_03830	GO:0016020	4	0.2	0
BSU_04250	GO:0006355	4	0.2	0
BSU_27980	GO:0051537	4	0.2	0
BSU_24260	GO:0003677	4	0.2	0
BSU_22560	GO:0016020	4	0.2	0
BSU_33800	GO:0007165	4	0.2	0
BSU_33320	GO:0016020	4	0.2	0
BSU_38590	GO:0046872	4	0.2	0
BSU_21480	GO:0003677	4	0.2	0
BSU_00450	GO:0006355	4	0.2	0
BSU_31990	GO:0071555	4	0.2	0
BSU_30280	GO:0007165	4	0.2	0
BSU_19950	GO:0006355	4	0.2	0
BSU_26720	GO:0006355	4	0.2	0
BSU_29490	GO:0034023	4	0.2	0
BSU_02820	GO:0071555	4	0.2	0
BSU_30490	GO:0003677	4	0.2	0
BSU_35320	GO:0008270	4	0.2	0
BSU_33060	GO:0007165	4	0.2	0
BSU_16500	GO:0006364	4	0.2	0
BSU_06770	GO:0030153	4	0.2	0
BSU_16520	GO:0006364	4	0.2	0
BSU_07490	GO:0030153	4	0.2	0
BSU_05820	GO:0046872	4	0.2	0
BSU_13470	GO:0006355	4	0.2	0
BSU_21450	GO:0003677	4	0.2	0
BSU_17930	GO:0051537	4	0.2	0
BSU_02600	GO:0051537	4	0.2	0
BSU_32510	GO:0005737	4	0.2	0
BSU_12900	GO:0016020	4	0.2	0
BSU_04090	GO:0030153	4	0.2	0
BSU_30990	GO:0016020	4	0.2	0
BSU_21780	GO:0003677	4	0.2	0
BSU_30370	GO:0046872	4	0.2	0
BSU_02820	GO:0051537	4	0.2	0
BSU_24260	GO:0003677	4	0.2	0
BSU_07490	GO:0016020	4	0.2	0
BSU_21480	GO:0003677	4	0.2	0
BSU_21450	GO:0003677	4	0.2	0
BSU_33060	GO:0015031	4	0.2	0
BSU_14440	GO:0006355	4	0.2	0
BSU_29490	GO:0003677	4	0.2	0
BSU_22560	GO:0005737	4	0.2	0
BSU_22940	GO:0046872	4	0.2	0
BSU_07350	GO:0006355	4	0.2	0
BSU_32940	GO:0030153	4	0.2	0
BSU_23130	GO:0016020	4	0.2	0
BSU_03820	GO:0030153	4	0.2	0
BSU_23040	GO:0005737	4	0.2	0
BSU_12830	GO:0051537	4	0.2	0
BSU_14310	GO:0006355	4	0.2	0
BSU_35810	GO:0007165	4	0.2	0
BSU_35810	GO:0015031	4	0.2	0
BSU_39700	GO:0006355	4	0.2	0
BSU_35950	GO:0046872	4	0.2	0
BSU_20350	GO:0003677	4	0.2	0
BSU_33480	GO:0046872	4	0.2	0
BSU_30970	GO:0030153	4	0.2	0
BSU_31570	GO:0046872	4	0.2	0
BSU_28110	GO:0051537	4	0.2	0
BSU_09340	GO:0003677	4	0.2	0
BSU_09750	GO:0051537	4	0.2	0
BSU_14510	GO:0016020	4	0.2	0
BSU_17930	GO:0042906	4	0.2	0
BSU_16500	GO:0005829	4	0.2	0
BSU_02480	GO:0005262	4	0.2	0
BSU_19620	GO:0006750	4	0.2	0
BSU_14440	GO:0030420	4	0.2	0
BSU_14450	GO:0008270	4	0.2	0
BSU_30990	GO:0006071	4	0.2	0
BSU_12900	GO:0006826	4	0.2	0
BSU_34630	GO:0045892	4	0.2	0
BSU_40840	GO:0006865	4	0.2	0
BSU_12900	GO:0006071	4	0.2	0
BSU_23490	GO:0030420	4	0.2	0
BSU_33800	GO:0022857	4	0.2	0
BSU_22640	GO:0030420	4	0.2	0
BSU_35290	GO:0030420	4	0.2	0
BSU_14510	GO:0006826	4	0.2	0
BSU_30990	GO:0006826	4	0.2	0
BSU_05420	GO:0045892	4	0.2	0
BSU_33510	GO:0030420	4	0.2	0
BSU_17930	GO:0006071	4	0.2	0
BSU_17930	GO:0006826	4	0.2	0
BSU_33700	GO:0022857	4	0.2	0
BSU_08390	GO:0030420	4	0.2	0
BSU_14230	GO:0030420	4	0.2	0
BSU_08300	GO:0030420	4	0.2	0
BSU_15900	GO:0006750	4	0.2	0
BSU_09330	GO:0030420	4	0.2	0
BSU_24730	GO:0005737	4	0.2	0
BSU_11890	GO:0030420	4	0.2	0
BSU_08470	GO:0030420	4	0.2	0
BSU_34060	GO:0030420	4	0.2	0
BSU_40160	GO:0006750	4	0.2	0
BSU_25770	GO:0005524	4	0.2	0
BSU_27980	GO:0005737	4	0.2	0
BSU_01670	GO:0006750	4	0.2	0
BSU_40840	GO:0006071	4	0.2	0
BSU_25810	GO:0045892	4	0.2	0
BSU_34170	GO:0045892	4	0.2	0
BSU_40840	GO:0006826	4	0.2	0
BSU_35950	GO:0016787	4	0.2	0
BSU_22940	GO:0046872	4	0.2	0
BSU_04340	GO:0008270	4	0.2	0
BSU_05920	GO:0046872	4	0.2	0
BSU_11890	GO:0004564	4	0.2	0
BSU_04770	GO:0045892	4	0.2	0
BSU_07490	GO:0006071	4	0.2	0
BSU_19620	GO:0022857	4	0.2	0
BSU_27320	GO:0046872	4	0.2	0
BSU_29630	GO:0016787	4	0.2	0
BSU_12900	GO:0006750	4	0.2	0
BSU_05420	GO:0030420	4	0.2	0
BSU_08840	GO:0006826	4	0.2	0
BSU_33000	GO:0006750	4	0.2	0
BSU_14440	GO:0004564	4	0.2	0
BSU_09750	GO:0046872	4	0.2	0
BSU_05920	GO:0030420	4	0.2	0
BSU_23130	GO:0006826	4	0.2	0
BSU_00540	GO:0030420	4	0.2	0
BSU_16520	GO:0006177	4	0.2	0
BSU_35050	GO:0030420	4	0.2	0
BSU_22480	GO:0046872	4	0.2	0
BSU_27320	GO:0045892	4	0.2	0
BSU_27060	GO:0006289	4	0.2	0
BSU_28250	GO:0046872	4	0.2	0
BSU_22640	GO:0046872	4	0.2	0
BSU_31570	GO:0006865	4	0.2	0
BSU_37740	GO:0030420	4	0.2	0
BSU_07150	GO:0071949	4	0.2	0
BSU_37460	GO:0006177	4	0.2	0
BSU_37460	GO:0017018	4	0.2	0
BSU_07060	GO:0006177	4	0.2	0
BSU_16790	GO:0030420	4	0.2	0
BSU_16500	GO:0017018	4	0.2	0
BSU_13190	GO:0030420	4	0.2	0
BSU_35950	GO:0006865	4	0.2	0
BSU_14440	GO:0071949	4	0.2	0
BSU_28500	GO:1990169	4	0.2	0
BSU_38270	GO:0008270	4	0.2	0
BSU_33000	GO:1990169	4	0.2	0
BSU_25770	GO:0005737	4	0.2	0
BSU_33400	GO:0017118	4	0.2	0
BSU_05820	GO:0006289	4	0.2	0
BSU_38590	GO:0006289	4	0.2	0
BSU_15900	GO:0006177	4	0.2	0
BSU_17110	GO:0030420	4	0.2	0
BSU_17160	GO:0030420	4	0.2	0
BSU_23130	GO:0006071	4	0.2	0
BSU_22560	GO:0006826	4	0.2	0
BSU_05820	GO:0009252	4	0.2	0
BSU_08470	GO:0046872	4	0.2	0
BSU_28450	GO:0008270	4	0.2	0
BSU_05930	GO:0030420	4	0.2	0
BSU_08840	GO:0022857	4	0.2	0
BSU_08840	GO:0006865	4	0.2	0
BSU_22560	GO:0006071	4	0.2	0
BSU_15900	GO:0004315	4	0.2	0
BSU_30370	GO:0006865	4	0.2	0
BSU_07060	GO:0003924	4	0.2	0
BSU_32220	GO:0046872	4	0.2	0
BSU_24710	GO:0006071	4	0.2	0
BSU_24720	GO:0006826	4	0.2	0
BSU_39720	GO:0046872	4	0.2	0
BSU_24720	GO:0006071	4	0.2	0
BSU_18220	GO:0046872	4	0.2	0
BSU_24730	GO:0006071	4	0.2	0
BSU_30410	GO:0006865	4	0.2	0
BSU_10340	GO:0030420	4	0.2	0
BSU_37740	GO:0046872	4	0.2	0
BSU_17160	GO:0046872	4	0.2	0
BSU_05490	GO:0030420	4	0.2	0
BSU_24710	GO:0006826	4	0.2	0
BSU_33510	GO:0008270	4	0.2	0
BSU_28250	GO:0016787	4	0.2	0
BSU_39700	GO:0016787	4	0.2	0
BSU_37650	GO:0045892	4	0.2	0
BSU_16520	GO:0005829	4	0.2	0
BSU_11890	GO:0009245	4	0.2	0
BSU_02820	GO:0003934	4	0.2	0
BSU_33400	GO:0016787	4	0.2	0
BSU_37470	GO:0004315	4	0.2	0
BSU_23580	GO:0003934	4	0.2	0
BSU_37460	GO:0004315	4	0.2	0
BSU_14440	GO:0009245	4	0.2	0
BSU_16500	GO:0005829	4	0.2	0
BSU_15900	GO:0009252	4	0.2	0
BSU_07350	GO:0003824	4	0.2	0
BSU_16500	GO:0003934	4	0.2	0
BSU_16520	GO:0003934	4	0.2	0
BSU_33400	GO:0003824	4	0.2	0
BSU_16520	GO:0017118	4	0.2	0
BSU_35320	GO:0009245	4	0.2	0
BSU_13670	GO:0045892	4	0.2	0
BSU_05420	GO:0004315	4	0.2	0
BSU_05920	GO:0004315	4	0.2	0
BSU_19620	GO:0022857	4	0.2	0
BSU_40840	GO:0035435	4	0.2	0
BSU_27320	GO:0003824	4	0.2	0
BSU_09390	GO:0022857	4	0.2	0
BSU_29490	GO:0003824	4	0.2	0
BSU_34040	GO:0016787	4	0.2	0
BSU_18560	GO:0050661	4	0.2	0
BSU_23580	GO:0005829	4	0.2	0
BSU_22560	GO:0016787	4	0.2	0
BSU_02820	GO:0004315	4	0.2	0
BSU_16520	GO:0004315	4	0.2	0
BSU_16500	GO:0004315	4	0.2	0
BSU_12370	GO:0045892	4	0.2	0
BSU_05420	GO:0009245	4	0.2	0
BSU_05820	GO:0003934	4	0.2	0
BSU_18560	GO:0005886	4	0.2	0
BSU_33400	GO:0050661	4	0.2	0
BSU_37460	GO:0005829	4	0.2	0
BSU_38590	GO:0003934	4	0.2	0
BSU_39700	GO:0003824	4	0.2	0
BSU_23580	GO:0004315	4	0.2	0
BSU_37470	GO:0005829	4	0.2	0
BSU_02820	GO:0005829	4	0.2	0
BSU_14440	GO:0005886	4	0.2	0
BSU_39700	GO:0050661	4	0.2	0
BSU_27010	GO:0050661	4	0.2	0
BSU_23490	GO:0003824	4	0.2	0
BSU_05920	GO:0009245	4	0.2	0
BSU_04050	GO:0004564	4	0.2	0
BSU_40050	GO:0045892	4	0.2	0
BSU_07350	GO:0005886	4	0.2	0
BSU_37460	GO:0003934	4	0.2	0
BSU_08470	GO:0009245	4	0.2	0
BSU_22560	GO:0050661	4	0.2	0
BSU_07350	GO:0050661	4	0.2	0
BSU_12900	GO:0022857	4	0.2	0
BSU_31990	GO:0016787	4	0.2	0
BSU_33000	GO:0005737	4	0.2	0
BSU_05420	GO:0046872	4	0.2	0
BSU_36600	GO:0045892	4	0.2	0
BSU_30370	GO:0022857	4	0.2	0
BSU_35320	GO:0004315	4	0.2	0
BSU_19620	GO:0006826	4	0.2	0
BSU_29400	GO:0045892	4	0.2	0
BSU_01470	GO:0006826	4	0.2	0
BSU_33510	GO:0009245	4	0.2	0
BSU_19620	GO:0006071	4	0.2	0
BSU_19620	GO:0035435	4	0.2	0
BSU_14580	GO:0005524	4	0.2	0
BSU_33000	GO:0022857	4	0.2	0
BSU_16500	GO:0017118	4	0.2	0
BSU_24720	GO:0006750	4	0.2	0
BSU_01470	GO:0006071	4	0.2	0
BSU_15470	GO:0005737	4	0.2	0
BSU_08840	GO:0022857	4	0.2	0
BSU_14580	GO:0004315	4	0.2	0
BSU_33000	GO:0006826	4	0.2	0
BSU_08470	GO:0004564	4	0.2	0
BSU_22680	GO:0008270	4	0.2	0
BSU_23130	GO:0016787	4	0.2	0
BSU_33000	GO:0006071	4	0.2	0
BSU_23490	GO:0016787	4	0.2	0
BSU_05920	GO:0004564	4	0.2	0
BSU_01470	GO:0005737	4	0.2	0
BSU_05420	GO:0004564	4	0.2	0
BSU_33000	GO:0035435	4	0.2	0
BSU_35190	GO:0046872	4	0.2	0
BSU_30990	GO:0022857	4	0.2	0
BSU_23490	GO:0009245	4	0.2	0
BSU_05820	GO:0005524	4	0.2	0
BSU_38590	GO:0005524	4	0.2	0
BSU_30370	GO:0035429	4	0.2	0
BSU_22640	GO:0009245	4	0.2	0
BSU_28500	GO:0009252	4	0.2	0
BSU_23580	GO:0004564	4	0.2	0
BSU_02820	GO:0004564	4	0.2	0
BSU_07490	GO:0022857	4	0.2	0
BSU_27060	GO:0004315	4	0.2	0
BSU_37470	GO:0016787	4	0.2	0
BSU_37460	GO:0016787	4	0.2	0
BSU_14440	GO:0050661	4	0.2	0
BSU_35290	GO:0009245	4	0.2	0
BSU_37460	GO:0006750	4	0.2	0
BSU_37470	GO:0004564	4	0.2	0
BSU_37460	GO:0004564	4	0.2	0
BSU_02820	GO:0006750	4	0.2	0
BSU_16500	GO:0005524	4	0.2	0
BSU_16520	GO:0005524	4	0.2	0
BSU_28450	GO:0035429	4	0.2	0
BSU_16500	GO:0006177	4	0.2	0
BSU_22560	GO:0017018	4	0.2	0
BSU_37460	GO:0009245	4	0.2	0
BSU_05000	GO:0106435	4	0.2	0
BSU_24710	GO:0016020	4	0.2	0
BSU_13670	GO:0043565	4	0.2	0
BSU_37840	GO:0008270	4	0.2	0
BSU_28500	GO:0000287	4	0.2	0
BSU_28110	GO:0016746	4	0.2	0
BSU_15900	GO:0000287	4	0.2	0
BSU_22560	GO:0016020	4	0.2	0
BSU_07060	GO:0005737	4	0.2	0
BSU_10810	GO:0106435	4	0.2	0
BSU_04770	GO:0043565	4	0.2	0
BSU_23130	GO:0016020	4	0.2	0
BSU_10730	GO:0106435	4	0.2	0
BSU_05420	GO:0106435	4	0.2	0
BSU_14580	GO:0000287	4	0.2	0
BSU_02370	GO:0043565	4	0.2	0
BSU_06770	GO:0106435	4	0.2	0
BSU_10840	GO:0043565	4	0.2	0
BSU_37470	GO:0005829	4	0.2	0
BSU_31990	GO:0005737	4	0.2	0
BSU_37460	GO:0004170	4	0.2	0
BSU_34040	GO:0005737	4	0.2	0
BSU_14510	GO:0016020	4	0.2	0
BSU_37460	GO:0005829	4	0.2	0
BSU_38800	GO:0106435	4	0.2	0
BSU_31990	GO:0005829	4	0.2	0
BSU_34040	GO:0005829	4	0.2	0
BSU_12900	GO:0016020	4	0.2	0
BSU_39610	GO:0016020	4	0.2	0
BSU_36510	GO:0035429	4	0.2	0
BSU_22560	GO:0008740	4	0.2	0
BSU_14510	GO:0035429	4	0.2	0
BSU_22940	GO:0035429	4	0.2	0
BSU_40160	GO:0016020	4	0.2	0
BSU_33060	GO:0016746	4	0.2	0
BSU_35810	GO:0016746	4	0.2	0
BSU_31230	GO:0035429	4	0.2	0
BSU_32940	GO:0016020	4	0.2	0
BSU_03830	GO:0016020	4	0.2	0
BSU_03820	GO:0016020	4	0.2	0
BSU_33320	GO:0016020	4	0.2	0
BSU_08470	GO:0106435	4	0.2	0
BSU_31060	GO:0008270	4	0.2	0
BSU_22640	GO:0106435	4	0.2	0
BSU_10560	GO:0043565	4	0.2	0
BSU_31620	GO:0016020	4	0.2	0
BSU_02600	GO:0016746	4	0.2	0
BSU_31050	GO:0008270	4	0.2	0
BSU_21780	GO:0043565	4	0.2	0
BSU_14440	GO:0106435	4	0.2	0
BSU_11890	GO:0106435	4	0.2	0
BSU_38450	GO:0043565	4	0.2	0
BSU_32870	GO:0043565	4	0.2	0
BSU_25770	GO:0005737	4	0.2	0
BSU_27980	GO:0016746	4	0.2	0
BSU_28500	GO:0006177	4	0.2	0
BSU_07820	GO:0043565	4	0.2	0
BSU_19620	GO:0016020	4	0.2	0
BSU_27060	GO:0000287	4	0.2	0
BSU_01650	GO:0106435	4	0.2	0
BSU_40220	GO:0106435	4	0.2	0
BSU_16810	GO:0043565	4	0.2	0
BSU_37650	GO:0043565	4	0.2	0
BSU_13470	GO:0043565	4	0.2	0
BSU_15900	GO:0005737	4	0.2	0
BSU_15900	GO:0005737	4	0.2	0
BSU_08370	GO:0043565	4	0.2	0
BSU_00430	GO:0106435	4	0.2	0
BSU_00450	GO:0043565	4	0.2	0
BSU_14920	GO:0000287	4	0.2	0
BSU_07060	GO:0000287	4	0.2	0
BSU_05640	GO:0043565	4	0.2	0
BSU_27060	GO:0005829	4	0.2	0
BSU_17920	GO:0106435	4	0.2	0
BSU_40870	GO:0043565	4	0.2	0
BSU_37550	GO:0043565	4	0.2	0
BSU_38590	GO:0000287	4	0.2	0
BSU_05820	GO:0000287	4	0.2	0
BSU_29570	GO:0043565	4	0.2	0
BSU_10340	GO:0106435	4	0.2	0
BSU_25810	GO:0043565	4	0.2	0
BSU_38310	GO:0043565	4	0.2	0
BSU_10940	GO:0106435	4	0.2	0
BSU_30990	GO:0016020	4	0.2	0
BSU_08390	GO:0106435	4	0.2	0
BSU_31670	GO:0106435	4	0.2	0
BSU_12370	GO:0005886	4	0.2	0
BSU_32560	GO:0043565	4	0.2	0
BSU_07490	GO:0016020	4	0.2	0
BSU_04690	GO:0046872	4	0.2	0
BSU_27980	GO:0005886	4	0.2	0
BSU_00860	GO:0046872	4	0.2	0
BSU_04090	GO:0106435	4	0.2	0
BSU_04050	GO:0106435	4	0.2	0
BSU_28110	GO:0005886	4	0.2	0
BSU_22980	GO:0106435	4	0.2	0
BSU_38590	GO:0005829	4	0.2	0
BSU_30290	GO:0000287	4	0.2	0
BSU_25770	GO:0005886	4	0.2	0
BSU_15350	GO:0106435	4	0.2	0
BSU_33000	GO:0016020	4	0.2	0
BSU_05820	GO:0005829	4	0.2	0
BSU_03620	GO:0043565	4	0.2	0
BSU_35050	GO:0043565	4	0.2	0
BSU_19950	GO:0043565	4	0.2	0
BSU_34530	GO:0106435	4	0.2	0
BSU_10240	GO:0106435	4	0.2	0
BSU_02600	GO:0005886	4	0.2	0
BSU_30280	GO:0000287	4	0.2	0
BSU_12830	GO:0035429	4	0.2	0
BSU_02600	GO:0003677	4	0.2	0
BSU_40220	GO:0043565	4	0.2	0
BSU_29860	GO:0008270	4	0.2	0
BSU_15350	GO:0008270	4	0.2	0
BSU_31620	GO:0003677	4	0.2	0
BSU_24730	GO:0016020	4	0.2	0
BSU_04690	GO:0003824	4	0.2	0
BSU_37470	GO:0017118	4	0.2	0
BSU_37460	GO:0017118	4	0.2	0
BSU_04690	GO:0003678	4	0.2	0
BSU_10240	GO:0008270	4	0.2	0
BSU_12360	GO:0006865	4	0.2	0
BSU_28500	GO:0006777	4	0.2	0
BSU_07060	GO:0016491	4	0.2	0
BSU_27060	GO:0003677	4	0.2	0
BSU_34060	GO:0005886	4	0.2	0
BSU_28820	GO:0008270	4	0.2	0
BSU_37470	GO:0006750	4	0.2	0
BSU_38590	GO:0016491	4	0.2	0
BSU_02600	GO:0006750	4	0.2	0
BSU_05820	GO:0016491	4	0.2	0
BSU_37700	GO:0006865	4	0.2	0
BSU_00860	GO:0003678	4	0.2	0
BSU_00860	GO:0003824	4	0.2	0
BSU_33080	GO:0045892	4	0.2	0
BSU_08300	GO:0045892	4	0.2	0
BSU_36110	GO:0045892	4	0.2	0
BSU_33260	GO:0006865	4	0.2	0
BSU_17920	GO:0071949	4	0.2	0
BSU_07220	GO:0043565	4	0.2	0
BSU_14920	GO:0003824	4	0.2	0
BSU_21680	GO:0071949	4	0.2	0
BSU_02330	GO:0071949	4	0.2	0
BSU_00210	GO:0003678	4	0.2	0
BSU_09340	GO:0071949	4	0.2	0
BSU_31060	GO:0071949	4	0.2	0
BSU_40170	GO:0008270	4	0.2	0
BSU_00540	GO:0008270	4	0.2	0
BSU_31050	GO:0071949	4	0.2	0
BSU_34040	GO:0017118	4	0.2	0
BSU_31990	GO:0017118	4	0.2	0
BSU_37460	GO:0016787	4	0.2	0
BSU_38970	GO:0071949	4	0.2	0
BSU_09780	GO:0071949	4	0.2	0
BSU_07060	GO:0003824	4	0.2	0
BSU_15900	GO:1990169	4	0.2	0
BSU_08470	GO:0005886	4	0.2	0
BSU_04520	GO:0071949	4	0.2	0
BSU_32130	GO:0071949	4	0.2	0
BSU_38830	GO:0071949	4	0.2	0
BSU_07830	GO:0071949	4	0.2	0
BSU_34530	GO:0005886	4	0.2	0
BSU_15900	GO:0006777	4	0.2	0
BSU_15900	GO:0016491	4	0.2	0
BSU_10050	GO:0071949	4	0.2	0
BSU_14450	GO:0005886	4	0.2	0
BSU_26720	GO:0045892	4	0.2	0
BSU_14920	GO:0016491	4	0.2	0
BSU_09330	GO:0043565	4	0.2	0
BSU_37460	GO:0003677	4	0.2	0
BSU_37470	GO:0003677	4	0.2	0
BSU_04430	GO:0008270	4	0.2	0
BSU_00430	GO:0005886	4	0.2	0
BSU_29630	GO:0043565	4	0.2	0
BSU_35910	GO:0043565	4	0.2	0
BSU_30510	GO:0005886	4	0.2	0
BSU_08300	GO:0043565	4	0.2	0
BSU_24060	GO:0003678	4	0.2	0
BSU_29300	GO:0005886	4	0.2	0
BSU_33620	GO:0005886	4	0.2	0
BSU_02820	GO:0003677	4	0.2	0
BSU_30290	GO:0016491	4	0.2	0
BSU_23580	GO:0003677	4	0.2	0
BSU_34060	GO:0043565	4	0.2	0
BSU_09780	GO:0005886	4	0.2	0
BSU_08840	GO:0035429	4	0.2	0
BSU_16500	GO:0003677	4	0.2	0
BSU_16520	GO:0003677	4	0.2	0
BSU_01470	GO:0003677	4	0.2	0
BSU_21660	GO:0043565	4	0.2	0
BSU_30990	GO:0035429	4	0.2	0
BSU_16520	GO:0005829	4	0.2	0
BSU_16500	GO:0005829	4	0.2	0
BSU_23130	GO:0005737	4	0.2	0
BSU_30290	GO:0003677	4	0.2	0
BSU_27320	GO:0043565	4	0.2	0
BSU_40010	GO:0043565	4	0.2	0
BSU_30280	GO:0016491	4	0.2	0
BSU_14580	GO:0003824	4	0.2	0
BSU_05420	GO:0043565	4	0.2	0
BSU_37460	GO:0008740	4	0.2	0
BSU_04340	GO:0005886	4	0.2	0
BSU_35950	GO:0003677	4	0.2	0
BSU_33800	GO:0003677	4	0.2	0
BSU_27760	GO:0006865	4	0.2	0
BSU_16500	GO:0016787	4	0.2	0
BSU_16520	GO:0016787	4	0.2	0
BSU_33700	GO:0003677	4	0.2	0
BSU_13730	GO:0008270	4	0.2	0
BSU_06760	GO:0043565	4	0.2	0
BSU_27170	GO:0016787	4	0.2	0
BSU_35950	GO:0005737	4	0.2	0
BSU_30280	GO:0005737	4	0.2	0
BSU_30410	GO:0003677	4	0.2	0
BSU_30290	GO:0005737	4	0.2	0
BSU_05490	GO:0008270	4	0.2	0
BSU_09750	GO:0043565	4	0.2	0
BSU_22560	GO:0005737	4	0.2	0
BSU_38590	GO:0003677	4	0.2	0
BSU_30280	GO:0003677	4	0.2	0
BSU_05420	GO:0005829	4	0.2	0
BSU_37470	GO:0009245	4	0.2	0
BSU_33620	GO:0005262	4	0.2	0
BSU_27320	GO:0003700	4	0.2	0
BSU_22940	GO:0035435	4	0.2	0
BSU_31990	GO:0030488	4	0.2	0
BSU_33480	GO:0010181	4	0.2	0
BSU_33400	GO:0010181	4	0.2	0
BSU_17160	GO:0008168	4	0.2	0
BSU_22560	GO:0035435	4	0.2	0
BSU_39700	GO:0010181	4	0.2	0
BSU_05490	GO:0008168	4	0.2	0
BSU_27010	GO:0010181	4	0.2	0
BSU_09750	GO:0003700	4	0.2	0
BSU_12360	GO:0005215	4	0.2	0
BSU_10340	GO:0008168	4	0.2	0
BSU_06760	GO:0003700	4	0.2	0
BSU_29300	GO:0016887	4	0.2	0
BSU_10520	GO:0005215	4	0.2	0
BSU_08300	GO:0003700	4	0.2	0
BSU_05930	GO:0008168	4	0.2	0
BSU_09330	GO:0003700	4	0.2	0
BSU_34060	GO:0003700	4	0.2	0
BSU_21660	GO:0003700	4	0.2	0
BSU_40220	GO:0003700	4	0.2	0
BSU_34060	GO:0008168	4	0.2	0
BSU_23130	GO:0035435	4	0.2	0
BSU_09330	GO:0008168	4	0.2	0
BSU_34040	GO:0030488	4	0.2	0
BSU_14230	GO:0010181	4	0.2	0
BSU_18560	GO:0010181	4	0.2	0
BSU_34170	GO:0005737	4	0.2	0
BSU_29400	GO:0005737	4	0.2	0
BSU_27760	GO:0015293	4	0.2	0
BSU_02950	GO:0005215	4	0.2	0
BSU_02480	GO:0005215	4	0.2	0
BSU_07820	GO:0005737	4	0.2	0
BSU_04100	GO:0005737	4	0.2	0
BSU_38590	GO:0046872	4	0.2	0
BSU_39710	GO:0015293	4	0.2	0
BSU_28250	GO:0005886	4	0.2	0
BSU_05820	GO:0046872	4	0.2	0
BSU_25810	GO:0005737	4	0.2	0
BSU_34630	GO:0005737	4	0.2	0
BSU_17110	GO:0008168	4	0.2	0
BSU_33400	GO:0030488	4	0.2	0
BSU_13640	GO:0005737	4	0.2	0
BSU_24730	GO:0005737	4	0.2	0
BSU_19620	GO:0008324	4	0.2	0
BSU_37740	GO:0008168	4	0.2	0
BSU_32880	GO:0005215	4	0.2	0
BSU_02330	GO:0010181	4	0.2	0
BSU_21680	GO:0010181	4	0.2	0
BSU_40190	GO:0005737	4	0.2	0
BSU_19580	GO:0005215	4	0.2	0
BSU_05420	GO:0003700	4	0.2	0
BSU_36110	GO:0003700	4	0.2	0
BSU_14440	GO:0010181	4	0.2	0
BSU_22640	GO:0016491	4	0.2	0
BSU_23130	GO:0015878	4	0.2	0
BSU_24720	GO:0015878	4	0.2	0
BSU_24710	GO:0015878	4	0.2	0
BSU_27340	GO:0008168	4	0.2	0
BSU_05920	GO:0003700	4	0.2	0
BSU_09830	GO:0003700	4	0.2	0
BSU_02600	GO:0005737	4	0.2	0
BSU_22560	GO:0015878	4	0.2	0
BSU_35320	GO:0003700	4	0.2	0
BSU_23490	GO:0003677	4	0.2	0
BSU_39700	GO:0003677	4	0.2	0
BSU_36930	GO:0005737	4	0.2	0
BSU_15900	GO:0005975	4	0.2	0
BSU_27350	GO:0008168	4	0.2	0
BSU_04250	GO:0008168	4	0.2	0
BSU_07830	GO:0008168	4	0.2	0
BSU_28250	GO:0003677	4	0.2	0
BSU_35190	GO:0016491	4	0.2	0
BSU_31670	GO:0008168	4	0.2	0
BSU_32770	GO:0008168	4	0.2	0
BSU_27060	GO:0016020	4	0.2	0
BSU_22480	GO:0003700	4	0.2	0
BSU_17930	GO:0015878	4	0.2	0
BSU_38310	GO:0008168	4	0.2	0
BSU_09340	GO:0008168	4	0.2	0
BSU_24730	GO:0015878	4	0.2	0
BSU_02330	GO:0008168	4	0.2	0
BSU_13090	GO:0005215	4	0.2	0
BSU_29010	GO:0016491	4	0.2	0
BSU_20340	GO:0005737	4	0.2	0
BSU_08390	GO:0008168	4	0.2	0
BSU_19950	GO:0003700	4	0.2	0
BSU_26720	GO:0003700	4	0.2	0
BSU_33510	GO:0008168	4	0.2	0
BSU_35290	GO:0008168	4	0.2	0
BSU_37470	GO:0030488	4	0.2	0
BSU_13470	GO:0003700	4	0.2	0
BSU_13100	GO:0005215	4	0.2	0
BSU_07350	GO:0010181	4	0.2	0
BSU_37460	GO:0030488	4	0.2	0
BSU_22640	GO:0008168	4	0.2	0
BSU_04250	GO:0003700	4	0.2	0
BSU_00450	GO:0003700	4	0.2	0
BSU_14440	GO:0008168	4	0.2	0
BSU_03620	GO:0016491	4	0.2	0
BSU_38310	GO:0016491	4	0.2	0
BSU_11890	GO:0008168	4	0.2	0
BSU_29570	GO:0003700	4	0.2	0
BSU_08470	GO:0008168	4	0.2	0
BSU_32770	GO:0016491	4	0.2	0
BSU_31670	GO:0016491	4	0.2	0
BSU_31230	GO:0035435	4	0.2	0
BSU_04250	GO:0016491	4	0.2	0
BSU_28500	GO:0008615	4	0.2	0
BSU_37470	GO:0046872	4	0.2	0
BSU_35030	GO:0005737	4	0.2	0
BSU_14580	GO:0003824	4	0.2	0
BSU_07060	GO:0008615	4	0.2	0
BSU_29300	GO:0006096	4	0.2	0
BSU_31570	GO:0015293	4	0.2	0
BSU_40840	GO:0008324	4	0.2	0
BSU_22940	GO:0016020	4	0.2	0
BSU_33800	GO:0015293	4	0.2	0
BSU_35950	GO:0015293	4	0.2	0
BSU_40840	GO:0042906	4	0.2	0
BSU_10050	GO:0005262	4	0.2	0
BSU_08840	GO:0008324	4	0.2	0
BSU_23490	GO:0003949	4	0.2	0
BSU_22640	GO:0003949	4	0.2	0
BSU_07490	GO:0042906	4	0.2	0
BSU_30370	GO:0008324	4	0.2	0
BSU_35290	GO:0003949	4	0.2	0
BSU_24730	GO:0006096	4	0.2	0
BSU_30410	GO:0008324	4	0.2	0
BSU_33260	GO:0005262	4	0.2	0
BSU_25770	GO:0005737	4	0.2	0
BSU_31570	GO:0008324	4	0.2	0
BSU_33700	GO:0008324	4	0.2	0
BSU_33000	GO:0042906	4	0.2	0
BSU_33800	GO:0008324	4	0.2	0
BSU_29300	GO:0046872	4	0.2	0
BSU_35320	GO:0003949	4	0.2	0
BSU_30410	GO:0015293	4	0.2	0
BSU_40840	GO:0005262	4	0.2	0
BSU_04690	GO:0003824	4	0.2	0
BSU_02820	GO:0019284	4	0.2	0
BSU_32880	GO:0005262	4	0.2	0
BSU_35560	GO:0005262	4	0.2	0
BSU_14510	GO:0042906	4	0.2	0
BSU_35600	GO:0005262	4	0.2	0
BSU_19580	GO:0005262	4	0.2	0
BSU_04690	GO:0032300	4	0.2	0
BSU_33400	GO:0003677	4	0.2	0
BSU_12900	GO:0042906	4	0.2	0
BSU_08840	GO:0015293	4	0.2	0
BSU_09780	GO:0005262	4	0.2	0
BSU_40840	GO:0005515	4	0.2	0
BSU_00860	GO:0003824	4	0.2	0
BSU_00860	GO:0032300	4	0.2	0
BSU_11890	GO:0003949	4	0.2	0
BSU_30990	GO:0042906	4	0.2	0
BSU_12360	GO:0005262	4	0.2	0
BSU_10520	GO:0005262	4	0.2	0
BSU_26710	GO:0005262	4	0.2	0
BSU_08840	GO:0042906	4	0.2	0
BSU_14440	GO:0003949	4	0.2	0
BSU_28500	GO:0004823	4	0.2	0
BSU_38590	GO:0008615	4	0.2	0
BSU_30370	GO:0015293	4	0.2	0
BSU_29490	GO:0030488	4	0.2	0
BSU_28500	GO:0030488	4	0.2	0
BSU_27760	GO:0005215	4	0.2	0
BSU_33080	GO:0005886	4	0.2	0
BSU_16520	GO:0008615	4	0.2	0
BSU_38830	GO:0010181	4	0.2	0
BSU_32130	GO:0010181	4	0.2	0
BSU_04520	GO:0010181	4	0.2	0
BSU_16500	GO:0030488	4	0.2	0
BSU_02820	GO:0046872	4	0.2	0
BSU_38970	GO:0010181	4	0.2	0
BSU_31050	GO:0010181	4	0.2	0
BSU_34380	GO:0005737	4	0.2	0
BSU_31060	GO:0010181	4	0.2	0
BSU_35090	GO:0005215	4	0.2	0
BSU_40480	GO:0005215	4	0.2	0
BSU_35950	GO:0008324	4	0.2	0
BSU_08840	GO:0005262	4	0.2	0
BSU_37700	GO:0015293	4	0.2	0
BSU_37700	GO:0005215	4	0.2	0
BSU_14140	GO:0005737	4	0.2	0
BSU_18010	GO:0010181	4	0.2	0
BSU_12370	GO:0005737	4	0.2	0
BSU_02820	GO:0005886	4	0.2	0
BSU_07060	GO:0005737	4	0.2	0
BSU_04100	GO:0005886	4	0.2	0
BSU_40050	GO:0005737	4	0.2	0
BSU_13670	GO:0005737	4	0.2	0
BSU_16520	GO:0030488	4	0.2	0
BSU_12830	GO:0005262	4	0.2	0
BSU_38590	GO:0005886	4	0.2	0
BSU_16500	GO:0008615	4	0.2	0
BSU_33260	GO:0015293	4	0.2	0
BSU_01470	GO:0042906	4	0.2	0
BSU_14510	GO:0016020	4	0.2	0
BSU_31570	GO:0005262	4	0.2	0
BSU_30370	GO:0005262	4	0.2	0
BSU_27320	GO:0030488	4	0.2	0
BSU_28450	GO:0005262	4	0.2	0
BSU_16520	GO:0046872	4	0.2	0
BSU_16500	GO:0046872	4	0.2	0
BSU_13100	GO:0015293	4	0.2	0
BSU_19620	GO:0042906	4	0.2	0
BSU_15900	GO:0008615	4	0.2	0
BSU_09830	GO:0010181	4	0.2	0
BSU_05920	GO:0010181	4	0.2	0
BSU_13090	GO:0015293	4	0.2	0
BSU_31230	GO:0005262	4	0.2	0
BSU_30990	GO:0016020	4	0.2	0
BSU_27170	GO:0005737	4	0.2	0
BSU_07400	GO:0005215	4	0.2	0
BSU_12360	GO:0015293	4	0.2	0
BSU_23580	GO:0046872	4	0.2	0
BSU_36510	GO:0005262	4	0.2	0
BSU_07830	GO:0010181	4	0.2	0
BSU_32220	GO:0016491	4	0.2	0
BSU_03620	GO:0008168	4	0.2	0
BSU_32510	GO:0050661	4	0.2	0
BSU_39720	GO:0003824	4	0.2	0
BSU_38800	GO:0003824	4	0.2	0
BSU_04050	GO:0003824	4	0.2	0
BSU_38590	GO:0070681	4	0.2	0
BSU_27060	GO:0005829	4	0.2	0
BSU_29930	GO:0003824	4	0.2	0
BSU_04340	GO:0005886	4	0.2	0
BSU_02330	GO:0050661	4	0.2	0
BSU_04520	GO:0005886	4	0.2	0
BSU_22110	GO:0005886	4	0.2	0
BSU_40040	GO:0005886	4	0.2	0
BSU_21680	GO:0050661	4	0.2	0
BSU_39740	GO:0003824	4	0.2	0
BSU_12370	GO:0003676	4	0.2	0
BSU_05820	GO:0070681	4	0.2	0
BSU_39710	GO:0003824	4	0.2	0
BSU_18220	GO:0042838	4	0.2	0
BSU_36510	GO:0035435	4	0.2	0
BSU_33790	GO:0045892	4	0.2	0
BSU_28500	GO:0006006	4	0.2	0
BSU_39720	GO:0042838	4	0.2	0
BSU_14450	GO:0005886	4	0.2	0
BSU_31230	GO:0022857	4	0.2	0
BSU_38970	GO:0005886	4	0.2	0
BSU_31050	GO:0005886	4	0.2	0
BSU_26890	GO:0003824	4	0.2	0
BSU_07060	GO:0070681	4	0.2	0
BSU_27060	GO:0003934	4	0.2	0
BSU_14580	GO:0006006	4	0.2	0
BSU_27060	GO:0005886	4	0.2	0
BSU_31060	GO:0050661	4	0.2	0
BSU_25770	GO:0003676	4	0.2	0
BSU_01670	GO:0005886	4	0.2	0
BSU_37740	GO:0042838	4	0.2	0
BSU_33080	GO:0003676	4	0.2	0
BSU_27170	GO:0045892	4	0.2	0
BSU_34990	GO:0035429	4	0.2	0
BSU_09340	GO:0050661	4	0.2	0
BSU_30970	GO:0005886	4	0.2	0
BSU_18010	GO:0050661	4	0.2	0
BSU_20340	GO:0005829	4	0.2	0
BSU_35910	GO:0045892	4	0.2	0
BSU_34380	GO:0045892	4	0.2	0
BSU_07060	GO:0000287	4	0.2	0
BSU_15900	GO:0006006	4	0.2	0
BSU_37420	GO:0000287	4	0.2	0
BSU_04090	GO:0005886	4	0.2	0
BSU_23490	GO:0005829	4	0.2	0
BSU_29630	GO:0045892	4	0.2	0
BSU_16500	GO:0006006	4	0.2	0
BSU_27980	GO:0005886	4	0.2	0
BSU_16520	GO:0006006	4	0.2	0
BSU_27060	GO:0006355	4	0.2	0
BSU_31060	GO:0005886	4	0.2	0
BSU_14230	GO:0050661	4	0.2	0
BSU_22680	GO:0042838	4	0.2	0
BSU_28900	GO:0003824	4	0.2	0
BSU_30990	GO:0022857	4	0.2	0
BSU_04340	GO:0042838	4	0.2	0
BSU_28500	GO:0017118	4	0.2	0
BSU_14920	GO:0070681	4	0.2	0
BSU_18220	GO:0009245	4	0.2	0
BSU_12360	GO:0003824	4	0.2	0
BSU_33480	GO:0035429	4	0.2	0
BSU_32510	GO:0005886	4	0.2	0
BSU_07490	GO:0022857	4	0.2	0
BSU_33480	GO:0050661	4	0.2	0
BSU_33400	GO:0005886	4	0.2	0
BSU_35910	GO:0003824	4	0.2	0
BSU_03820	GO:0035429	4	0.2	0
BSU_28110	GO:0009252	4	0.2	0
BSU_39700	GO:0005886	4	0.2	0
BSU_27010	GO:0005886	4	0.2	0
BSU_23580	GO:0009245	4	0.2	0
BSU_29930	GO:0004564	4	0.2	0
BSU_02820	GO:0009245	4	0.2	0
BSU_29630	GO:0003824	4	0.2	0
BSU_27320	GO:0017118	4	0.2	0
BSU_10560	GO:0045892	4	0.2	0
BSU_07490	GO:0035435	4	0.2	0
BSU_07350	GO:0016787	4	0.2	0
BSU_08840	GO:0035435	4	0.2	0
BSU_14230	GO:0005886	4	0.2	0
BSU_29490	GO:0016787	4	0.2	0
BSU_17930	GO:0022857	4	0.2	0
BSU_12900	GO:0035435	4	0.2	0
BSU_38970	GO:0003824	4	0.2	0
BSU_09340	GO:0005886	4	0.2	0
BSU_39000	GO:0003824	4	0.2	0
BSU_14140	GO:0045892	4	0.2	0
BSU_30990	GO:0035435	4	0.2	0
BSU_27760	GO:0003824	4	0.2	0
BSU_39740	GO:0005886	4	0.2	0
BSU_35050	GO:0003824	4	0.2	0
BSU_27320	GO:0016787	4	0.2	0
BSU_18010	GO:0003824	4	0.2	0
BSU_14510	GO:0022857	4	0.2	0
BSU_37460	GO:0042838	4	0.2	0
BSU_36510	GO:0022857	4	0.2	0
BSU_02330	GO:0005886	4	0.2	0
BSU_21680	GO:0005886	4	0.2	0
BSU_12900	GO:0022857	4	0.2	0
BSU_12830	GO:0022857	4	0.2	0
BSU_22110	GO:0003824	4	0.2	0
BSU_29490	GO:0017118	4	0.2	0
BSU_29400	GO:0003676	4	0.2	0
BSU_35090	GO:0003824	4	0.2	0
BSU_38270	GO:0035429	4	0.2	0
BSU_03830	GO:0035429	4	0.2	0
BSU_00860	GO:0030163	4	0.2	0
BSU_31050	GO:0050661	4	0.2	0
BSU_14510	GO:0035435	4	0.2	0
BSU_33000	GO:0015878	4	0.2	0
BSU_07400	GO:0016020	4	0.2	0
BSU_30410	GO:0005215	4	0.2	0
BSU_34040	GO:0005737	4	0.2	0
BSU_14440	GO:0043878	4	0.2	0
BSU_18560	GO:0043878	4	0.2	0
BSU_10040	GO:0005886	4	0.2	0
BSU_28250	GO:0042838	4	0.2	0
BSU_28900	GO:0003677	4	0.2	0
BSU_27010	GO:0043878	4	0.2	0
BSU_39700	GO:0043878	4	0.2	0
BSU_33400	GO:0043878	4	0.2	0
BSU_33480	GO:0043878	4	0.2	0
BSU_05920	GO:0019284	4	0.2	0
BSU_14230	GO:0043878	4	0.2	0
BSU_25770	GO:0016020	4	0.2	0
BSU_30690	GO:0042838	4	0.2	0
BSU_31990	GO:0005737	4	0.2	0
BSU_34670	GO:0042838	4	0.2	0
BSU_13090	GO:0016020	4	0.2	0
BSU_13100	GO:0016020	4	0.2	0
BSU_21680	GO:0043878	4	0.2	0
BSU_02330	GO:0043878	4	0.2	0
BSU_22480	GO:0042838	4	0.2	0
BSU_32940	GO:0016020	4	0.2	0
BSU_31570	GO:0005215	4	0.2	0
BSU_35950	GO:0005215	4	0.2	0
BSU_04690	GO:0030163	4	0.2	0
BSU_09390	GO:0016020	4	0.2	0
BSU_12900	GO:0015878	4	0.2	0
BSU_29010	GO:0008168	4	0.2	0
BSU_35600	GO:0016491	4	0.2	0
BSU_35560	GO:0016491	4	0.2	0
BSU_22480	GO:0008168	4	0.2	0
BSU_13640	GO:0005886	4	0.2	0
BSU_40010	GO:0005886	4	0.2	0
BSU_27170	GO:0005886	4	0.2	0
BSU_29010	GO:0003700	4	0.2	0
BSU_07060	GO:0006355	4	0.2	0
BSU_09340	GO:0003700	4	0.2	0
BSU_07490	GO:0015878	4	0.2	0
BSU_22640	GO:0042838	4	0.2	0
BSU_15900	GO:0005737	4	0.2	0
BSU_32770	GO:0003700	4	0.2	0
BSU_31670	GO:0003700	4	0.2	0
BSU_07830	GO:0003700	4	0.2	0
BSU_07350	GO:0043878	4	0.2	0
BSU_33260	GO:0005215	4	0.2	0
BSU_37470	GO:0019284	4	0.2	0
BSU_37460	GO:0019284	4	0.2	0
BSU_27060	GO:0005829	4	0.2	0
BSU_40840	GO:0015878	4	0.2	0
BSU_05420	GO:0019284	4	0.2	0
BSU_18010	GO:0043878	4	0.2	0
BSU_09340	GO:0043878	4	0.2	0
BSU_12360	GO:0003677	4	0.2	0
BSU_24060	GO:0030163	4	0.2	0
BSU_27060	GO:0019284	4	0.2	0
BSU_30280	GO:0005737	4	0.2	0
BSU_00430	GO:0005886	4	0.2	0
BSU_30510	GO:0005886	4	0.2	0
BSU_35950	GO:0005737	4	0.2	0
BSU_15900	GO:0070681	4	0.2	0
BSU_33620	GO:0005886	4	0.2	0
BSU_17160	GO:0042838	4	0.2	0
BSU_09780	GO:0005886	4	0.2	0
BSU_40010	GO:0045892	4	0.2	0
BSU_07830	GO:0050661	4	0.2	0
BSU_38830	GO:0050661	4	0.2	0
BSU_19620	GO:0015878	4	0.2	0
BSU_14580	GO:0070681	4	0.2	0
BSU_32130	GO:0050661	4	0.2	0
BSU_04520	GO:0050661	4	0.2	0
BSU_28450	GO:0043878	4	0.2	0
BSU_37420	GO:0005737	4	0.2	0
BSU_16520	GO:0005829	4	0.2	0
BSU_35320	GO:0019284	4	0.2	0
BSU_38970	GO:0050661	4	0.2	0
BSU_29300	GO:0005886	4	0.2	0
BSU_25770	GO:0005886	4	0.2	0
BSU_02600	GO:0005886	4	0.2	0
BSU_30290	GO:0005737	4	0.2	0
BSU_22560	GO:0005737	4	0.2	0
BSU_38590	GO:0005829	4	0.2	0
BSU_07830	GO:0043878	4	0.2	0
BSU_40840	GO:0005215	4	0.2	0
BSU_01470	GO:0015878	4	0.2	0
BSU_21450	GO:0005886	4	0.2	0
BSU_31060	GO:0043878	4	0.2	0
BSU_23490	GO:0005886	4	0.2	0
BSU_31050	GO:0043878	4	0.2	0
BSU_38970	GO:0043878	4	0.2	0
BSU_06770	GO:0005886	4	0.2	0
BSU_17930	GO:0035435	4	0.2	0
BSU_13730	GO:0042838	4	0.2	0
BSU_05820	GO:0006006	4	0.2	0
BSU_00210	GO:0030163	4	0.2	0
BSU_35320	GO:0005886	4	0.2	0
BSU_38590	GO:0006006	4	0.2	0
BSU_38590	GO:0006355	4	0.2	0
BSU_05820	GO:0005829	4	0.2	0
BSU_05820	GO:0006355	4	0.2	0
BSU_04520	GO:0043878	4	0.2	0
BSU_32130	GO:0043878	4	0.2	0
BSU_24730	GO:0016020	4	0.2	0
BSU_07060	GO:0006006	4	0.2	0
BSU_23130	GO:0005737	4	0.2	0
BSU_09390	GO:0005886	4	0.2	0
BSU_35910	GO:0005737	4	0.2	0
BSU_10810	GO:0000034	4	0.2	0
BSU_31230	GO:0006779	4	0.2	0
BSU_33620	GO:0046686	4	0.2	0
BSU_07060	GO:0016491	4	0.2	0
BSU_15470	GO:0071555	4	0.2	0
BSU_37460	GO:0050660	4	0.2	0
BSU_17920	GO:0005886	4	0.2	0
BSU_09780	GO:0005886	4	0.2	0
BSU_24730	GO:0071555	4	0.2	0
BSU_22640	GO:0005829	4	0.2	0
BSU_23390	GO:0046686	4	0.2	0
BSU_24730	GO:0016020	4	0.2	0
BSU_14580	GO:0090529	4	0.2	0
BSU_32220	GO:0005829	4	0.2	0
BSU_35190	GO:0005829	4	0.2	0
BSU_37420	GO:0016020	4	0.2	0
BSU_15900	GO:0016829	4	0.2	0
BSU_14580	GO:0016829	4	0.2	0
BSU_07060	GO:0016020	4	0.2	0
BSU_16500	GO:0016491	4	0.2	0
BSU_16520	GO:0016491	4	0.2	0
BSU_37470	GO:0050660	4	0.2	0
BSU_38590	GO:0016491	4	0.2	0
BSU_22560	GO:0000166	4	0.2	0
BSU_31990	GO:0050660	4	0.2	0
BSU_15900	GO:0005524	4	0.2	0
BSU_16500	GO:0005524	4	0.2	0
BSU_21780	GO:0003677	4	0.2	0
BSU_23580	GO:0051301	4	0.2	0
BSU_02820	GO:0051301	4	0.2	0
BSU_16520	GO:0005524	4	0.2	0
BSU_00430	GO:0046686	4	0.2	0
BSU_34040	GO:0050660	4	0.2	0
BSU_14920	GO:0071555	4	0.2	0
BSU_05820	GO:0016491	4	0.2	0
BSU_30510	GO:0046686	4	0.2	0
BSU_37470	GO:0051301	4	0.2	0
BSU_37460	GO:0051301	4	0.2	0
BSU_28500	GO:0005524	4	0.2	0
BSU_38590	GO:0051301	4	0.2	0
BSU_01470	GO:0071555	4	0.2	0
BSU_37420	GO:0071555	4	0.2	0
BSU_15900	GO:0090529	4	0.2	0
BSU_27060	GO:0051301	4	0.2	0
BSU_28500	GO:0016491	4	0.2	0
BSU_15900	GO:0016491	4	0.2	0
BSU_33260	GO:0030435	4	0.2	0
BSU_02330	GO:0030435	4	0.2	0
BSU_02320	GO:0030435	4	0.2	0
BSU_08390	GO:0004497	4	0.2	0
BSU_10560	GO:0030435	4	0.2	0
BSU_21580	GO:0030435	4	0.2	0
BSU_15350	GO:0004497	4	0.2	0
BSU_40170	GO:0030435	4	0.2	0
BSU_10240	GO:0004497	4	0.2	0
BSU_29860	GO:0004497	4	0.2	0
BSU_34230	GO:0030435	4	0.2	0
BSU_28820	GO:0004497	4	0.2	0
BSU_35910	GO:0030435	4	0.2	0
BSU_14230	GO:0030435	4	0.2	0
BSU_25860	GO:0030435	4	0.2	0
BSU_13730	GO:0004497	4	0.2	0
BSU_28160	GO:0008270	4	0.2	0
BSU_08470	GO:0008270	4	0.2	0
BSU_05490	GO:0004497	4	0.2	0
BSU_38270	GO:0004497	4	0.2	0
BSU_21480	GO:0030435	4	0.2	0
BSU_21450	GO:0030435	4	0.2	0
BSU_33510	GO:0004497	4	0.2	0
BSU_19210	GO:0030435	4	0.2	0
BSU_40040	GO:0030435	4	0.2	0
BSU_02330	GO:0004497	4	0.2	0
BSU_35050	GO:0030435	4	0.2	0
BSU_32220	GO:0004497	4	0.2	0
BSU_09780	GO:0046686	4	0.2	0
BSU_18310	GO:0030435	4	0.2	0
BSU_04340	GO:0004497	4	0.2	0
BSU_14450	GO:0004497	4	0.2	0
BSU_37700	GO:0030435	4	0.2	0
BSU_37740	GO:0030435	4	0.2	0
BSU_02480	GO:0030435	4	0.2	0
BSU_27010	GO:0004497	4	0.2	0
BSU_30690	GO:0004497	4	0.2	0
BSU_34670	GO:0004497	4	0.2	0
BSU_17110	GO:0030435	4	0.2	0
BSU_17160	GO:0030435	4	0.2	0
BSU_19950	GO:0005886	4	0.2	0
BSU_17760	GO:0046686	4	0.2	0
BSU_16500	GO:0051301	4	0.2	0
BSU_32880	GO:0008289	4	0.2	0
BSU_22560	GO:0005829	4	0.2	0
BSU_21680	GO:0000166	4	0.2	0
BSU_02330	GO:0000166	4	0.2	0
BSU_19620	GO:0071555	4	0.2	0
BSU_08470	GO:0110001	4	0.2	0
BSU_19580	GO:0008289	4	0.2	0
BSU_37420	GO:0004850	4	0.2	0
BSU_07060	GO:0004850	4	0.2	0
BSU_18010	GO:0000166	4	0.2	0
BSU_28500	GO:0050660	4	0.2	0
BSU_09340	GO:0000166	4	0.2	0
BSU_24260	GO:0110001	4	0.2	0
BSU_40840	GO:0071555	4	0.2	0
BSU_37460	GO:0005829	4	0.2	0
BSU_07490	GO:0071555	4	0.2	0
BSU_02330	GO:0005886	4	0.2	0
BSU_08840	GO:0071555	4	0.2	0
BSU_02320	GO:0005886	4	0.2	0
BSU_11890	GO:0110001	4	0.2	0
BSU_14440	GO:0110001	4	0.2	0
BSU_22640	GO:0110001	4	0.2	0
BSU_35290	GO:0110001	4	0.2	0
BSU_37420	GO:0016887	4	0.2	0
BSU_10340	GO:0110001	4	0.2	0
BSU_40190	GO:0003677	4	0.2	0
BSU_27010	GO:0000166	4	0.2	0
BSU_05930	GO:0110001	4	0.2	0
BSU_33400	GO:0000166	4	0.2	0
BSU_02600	GO:0000160	4	0.2	0
BSU_34060	GO:0110001	4	0.2	0
BSU_32510	GO:0000166	4	0.2	0
BSU_09330	GO:0110001	4	0.2	0
BSU_33480	GO:0000166	4	0.2	0
BSU_09830	GO:0003677	4	0.2	0
BSU_06770	GO:0003677	4	0.2	0
BSU_08390	GO:0110001	4	0.2	0
BSU_28110	GO:0000160	4	0.2	0
BSU_14230	GO:0000166	4	0.2	0
BSU_33510	GO:0110001	4	0.2	0
BSU_30990	GO:0071555	4	0.2	0
BSU_12830	GO:0071555	4	0.2	0
BSU_16520	GO:0051301	4	0.2	0
BSU_31990	GO:0005524	4	0.2	0
BSU_37460	GO:0005524	4	0.2	0
BSU_02820	GO:0006355	4	0.2	0
BSU_37470	GO:0006355	4	0.2	0
BSU_37460	GO:0006355	4	0.2	0
BSU_37470	GO:0005524	4	0.2	0
BSU_30370	GO:0071555	4	0.2	0
BSU_30410	GO:0071555	4	0.2	0
BSU_28110	GO:0006355	4	0.2	0
BSU_34040	GO:0005524	4	0.2	0
BSU_36510	GO:0071555	4	0.2	0
BSU_00450	GO:0005886	4	0.2	0
BSU_27980	GO:0006355	4	0.2	0
BSU_23580	GO:0003677	4	0.2	0
BSU_13470	GO:0005886	4	0.2	0
BSU_02600	GO:0003677	4	0.2	0
BSU_01670	GO:0003677	4	0.2	0
BSU_00430	GO:0005886	4	0.2	0
BSU_39000	GO:0046686	4	0.2	0
BSU_15900	GO:0050660	4	0.2	0
BSU_38590	GO:0005524	4	0.2	0
BSU_05820	GO:0005524	4	0.2	0
BSU_28450	GO:0071555	4	0.2	0
BSU_05000	GO:0003677	4	0.2	0
BSU_14510	GO:0071555	4	0.2	0
BSU_25770	GO:0006355	4	0.2	0
BSU_17930	GO:0071555	4	0.2	0
BSU_21580	GO:0110001	4	0.2	0
BSU_31230	GO:0071555	4	0.2	0
BSU_25860	GO:0110001	4	0.2	0
BSU_19000	GO:0110001	4	0.2	0
BSU_23130	GO:0071555	4	0.2	0
BSU_22560	GO:0071555	4	0.2	0
BSU_16520	GO:0050660	4	0.2	0
BSU_22940	GO:0071555	4	0.2	0
BSU_10730	GO:0005886	4	0.2	0
BSU_09390	GO:0005886	4	0.2	0
BSU_27060	GO:0005524	4	0.2	0
BSU_16500	GO:0050660	4	0.2	0
BSU_29570	GO:0005886	4	0.2	0
BSU_38590	GO:0016829	4	0.2	0
BSU_04430	GO:0004497	4	0.2	0
BSU_10050	GO:0046686	4	0.2	0
BSU_31230	GO:0016787	4	0.2	0
BSU_32940	GO:0030163	4	0.2	0
BSU_30370	GO:0016787	4	0.2	0
BSU_03820	GO:0030163	4	0.2	0
BSU_28450	GO:0016787	4	0.2	0
BSU_22940	GO:0016787	4	0.2	0
BSU_06760	GO:0006355	4	0.2	0
BSU_09750	GO:0006355	4	0.2	0
BSU_24060	GO:0006285	4	0.2	0
BSU_31050	GO:0005829	4	0.2	0
BSU_38400	GO:0030163	4	0.2	0
BSU_27320	GO:0006355	4	0.2	0
BSU_07490	GO:0030163	4	0.2	0
BSU_31060	GO:0005829	4	0.2	0
BSU_14510	GO:0016787	4	0.2	0
BSU_36510	GO:0016787	4	0.2	0
BSU_12830	GO:0016787	4	0.2	0
BSU_21660	GO:0006355	4	0.2	0
BSU_40220	GO:0006355	4	0.2	0
BSU_02480	GO:0006355	4	0.2	0
BSU_24060	GO:0003678	4	0.2	0
BSU_10840	GO:0080090	4	0.2	0
BSU_05150	GO:0080090	4	0.2	0
BSU_22560	GO:0030436	4	0.2	0
BSU_00860	GO:0003678	4	0.2	0
BSU_04690	GO:0003678	4	0.2	0
BSU_30290	GO:0016829	4	0.2	0
BSU_39700	GO:0030436	4	0.2	0
BSU_00210	GO:0006285	4	0.2	0
BSU_40160	GO:0030163	4	0.2	0
BSU_34800	GO:0030163	4	0.2	0
BSU_27340	GO:0030163	4	0.2	0
BSU_22940	GO:0030163	4	0.2	0
BSU_33480	GO:0016787	4	0.2	0
BSU_30280	GO:0016829	4	0.2	0
BSU_00210	GO:0003678	4	0.2	0
BSU_19620	GO:0030163	4	0.2	0
BSU_38970	GO:0005829	4	0.2	0
BSU_04250	GO:0080090	4	0.2	0
BSU_10040	GO:0030163	4	0.2	0
BSU_36110	GO:0006355	4	0.2	0
BSU_26720	GO:0006355	4	0.2	0
BSU_23490	GO:0030436	4	0.2	0
BSU_16500	GO:0051920	4	0.2	0
BSU_04690	GO:0006605	4	0.2	0
BSU_12370	GO:0004527	4	0.2	0
BSU_27010	GO:0005829	4	0.2	0
BSU_14140	GO:0004527	4	0.2	0
BSU_18560	GO:0005829	4	0.2	0
BSU_33080	GO:0004527	4	0.2	0
BSU_33790	GO:0004527	4	0.2	0
BSU_16520	GO:0051920	4	0.2	0
BSU_33060	GO:0006605	4	0.2	0
BSU_08840	GO:0016787	4	0.2	0
BSU_34380	GO:0004527	4	0.2	0
BSU_34990	GO:0016020	4	0.2	0
BSU_38270	GO:0016020	4	0.2	0
BSU_03830	GO:0016020	4	0.2	0
BSU_03820	GO:0016020	4	0.2	0
BSU_14440	GO:0005829	4	0.2	0
BSU_27320	GO:0004527	4	0.2	0
BSU_27170	GO:0004527	4	0.2	0
BSU_21680	GO:0005829	4	0.2	0
BSU_25770	GO:0016757	4	0.2	0
BSU_02330	GO:0005829	4	0.2	0
BSU_40050	GO:0004527	4	0.2	0
BSU_13470	GO:0006355	4	0.2	0
BSU_12900	GO:0030163	4	0.2	0
BSU_33000	GO:0030163	4	0.2	0
BSU_07820	GO:0004527	4	0.2	0
BSU_26720	GO:0004527	4	0.2	0
BSU_29400	GO:0004527	4	0.2	0
BSU_36600	GO:0004527	4	0.2	0
BSU_26890	GO:0016787	4	0.2	0
BSU_09860	GO:0016020	4	0.2	0
BSU_35030	GO:0004527	4	0.2	0
BSU_29930	GO:0016787	4	0.2	0
BSU_32560	GO:0004527	4	0.2	0
BSU_00860	GO:0006285	4	0.2	0
BSU_07060	GO:0005737	4	0.2	0
BSU_02370	GO:0004527	4	0.2	0
BSU_13670	GO:0004527	4	0.2	0
BSU_04690	GO:0006285	4	0.2	0
BSU_38270	GO:0016787	4	0.2	0
BSU_34170	GO:0080090	4	0.2	0
BSU_05820	GO:0016829	4	0.2	0
BSU_16825	GO:0046686	4	0.2	0
BSU_15350	GO:0008270	4	0.2	0
BSU_07350	GO:0004497	4	0.2	0
BSU_14440	GO:0004497	4	0.2	0
BSU_29490	GO:0030436	4	0.2	0
BSU_09390	GO:0046686	4	0.2	0
BSU_05800	GO:0046686	4	0.2	0
BSU_18540	GO:0046686	4	0.2	0
BSU_27320	GO:0030436	4	0.2	0
BSU_10980	GO:0046686	4	0.2	0
BSU_02480	GO:0046686	4	0.2	0
BSU_14450	GO:0008270	4	0.2	0
BSU_06770	GO:0030163	4	0.2	0
BSU_04340	GO:0008270	4	0.2	0
BSU_05420	GO:0046872	4	0.2	0
BSU_07400	GO:0046686	4	0.2	0
BSU_35090	GO:0046686	4	0.2	0
BSU_40480	GO:0046686	4	0.2	0
BSU_22940	GO:0046872	4	0.2	0
BSU_10240	GO:0008270	4	0.2	0
BSU_29860	GO:0008270	4	0.2	0
BSU_27350	GO:0004497	4	0.2	0
BSU_27340	GO:0004497	4	0.2	0
BSU_19570	GO:0008270	4	0.2	0
BSU_07150	GO:0008270	4	0.2	0
BSU_12870	GO:0008270	4	0.2	0
BSU_31060	GO:0004497	4	0.2	0
BSU_31050	GO:0004497	4	0.2	0
BSU_37840	GO:0004497	4	0.2	0
BSU_37840	GO:0008270	4	0.2	0
BSU_31050	GO:0008270	4	0.2	0
BSU_31060	GO:0008270	4	0.2	0
BSU_12870	GO:0004497	4	0.2	0
BSU_19570	GO:0004497	4	0.2	0
BSU_14920	GO:0016829	4	0.2	0
BSU_04430	GO:0008270	4	0.2	0
BSU_05490	GO:0008270	4	0.2	0
BSU_13730	GO:0008270	4	0.2	0
BSU_28160	GO:0004497	4	0.2	0
BSU_28820	GO:0008270	4	0.2	0
BSU_02950	GO:0046686	4	0.2	0
BSU_09750	GO:0046872	4	0.2	0
BSU_25810	GO:0080090	4	0.2	0
BSU_25860	GO:0046872	4	0.2	0
BSU_04520	GO:0005829	4	0.2	0
BSU_37470	GO:0030436	4	0.2	0
BSU_37460	GO:0030436	4	0.2	0
BSU_16810	GO:0080090	4	0.2	0
BSU_21580	GO:0046872	4	0.2	0
BSU_37650	GO:0080090	4	0.2	0
BSU_13470	GO:0080090	4	0.2	0
BSU_08370	GO:0080090	4	0.2	0
BSU_07820	GO:0080090	4	0.2	0
BSU_32880	GO:0046686	4	0.2	0
BSU_00450	GO:0080090	4	0.2	0
BSU_19000	GO:0046872	4	0.2	0
BSU_05640	GO:0080090	4	0.2	0
BSU_34990	GO:0016787	4	0.2	0
BSU_40870	GO:0080090	4	0.2	0
BSU_23130	GO:0030436	4	0.2	0
BSU_37550	GO:0080090	4	0.2	0
BSU_29570	GO:0080090	4	0.2	0
BSU_26720	GO:0080090	4	0.2	0
BSU_38310	GO:0080090	4	0.2	0
BSU_19950	GO:0080090	4	0.2	0
BSU_31990	GO:0030436	4	0.2	0
BSU_19580	GO:0046686	4	0.2	0
BSU_07350	GO:0030436	4	0.2	0
BSU_10520	GO:0046686	4	0.2	0
BSU_08470	GO:0046872	4	0.2	0
BSU_26890	GO:0046872	4	0.2	0
BSU_15300	GO:0046872	4	0.2	0
BSU_38830	GO:0005829	4	0.2	0
BSU_02240	GO:0046872	4	0.2	0
BSU_19210	GO:0046872	4	0.2	0
BSU_38400	GO:0046872	4	0.2	0
BSU_33400	GO:0030436	4	0.2	0
BSU_21480	GO:0046872	4	0.2	0
BSU_35630	GO:0046872	4	0.2	0
BSU_32130	GO:0005829	4	0.2	0
BSU_01650	GO:0046872	4	0.2	0
BSU_34040	GO:0030436	4	0.2	0
BSU_35050	GO:0080090	4	0.2	0
BSU_05490	GO:0110001	4	0.2	0
BSU_17160	GO:0110001	4	0.2	0
BSU_23580	GO:0004124	4	0.2	0
BSU_31230	GO:0016887	4	0.2	0
BSU_34530	GO:0005886	4	0.2	0
BSU_16980	GO:0005886	4	0.2	0
BSU_26710	GO:0098660	4	0.2	0
BSU_32940	GO:0055085	4	0.2	0
BSU_10520	GO:0098660	4	0.2	0
BSU_22680	GO:0006508	4	0.2	0
BSU_03820	GO:0055085	4	0.2	0
BSU_09780	GO:0005886	4	0.2	0
BSU_38590	GO:0046872	4	0.2	0
BSU_17930	GO:0016887	4	0.2	0
BSU_17920	GO:0005886	4	0.2	0
BSU_37470	GO:0046872	4	0.2	0
BSU_04340	GO:0006508	4	0.2	0
BSU_23130	GO:0016887	4	0.2	0
BSU_02820	GO:0046872	4	0.2	0
BSU_23580	GO:0046872	4	0.2	0
BSU_16500	GO:0046872	4	0.2	0
BSU_16520	GO:0046872	4	0.2	0
BSU_37420	GO:0005737	4	0.2	0
BSU_27060	GO:0046872	4	0.2	0
BSU_17110	GO:0110001	4	0.2	0
BSU_35950	GO:0098660	4	0.2	0
BSU_27980	GO:0055085	4	0.2	0
BSU_28450	GO:0098660	4	0.2	0
BSU_17930	GO:0055085	4	0.2	0
BSU_30370	GO:0098660	4	0.2	0
BSU_30410	GO:0098660	4	0.2	0
BSU_12900	GO:0016887	4	0.2	0
BSU_31570	GO:0098660	4	0.2	0
BSU_35320	GO:0046872	4	0.2	0
BSU_33060	GO:0016491	4	0.2	0
BSU_14510	GO:0016887	4	0.2	0
BSU_33700	GO:0016491	4	0.2	0
BSU_10040	GO:0005886	4	0.2	0
BSU_33800	GO:0016491	4	0.2	0
BSU_36510	GO:0016887	4	0.2	0
BSU_33260	GO:0098660	4	0.2	0
BSU_00540	GO:0005886	4	0.2	0
BSU_10050	GO:0098660	4	0.2	0
BSU_35810	GO:0016491	4	0.2	0
BSU_22560	GO:0016887	4	0.2	0
BSU_15900	GO:0004312	4	0.2	0
BSU_22940	GO:0016887	4	0.2	0
BSU_15350	GO:0006508	4	0.2	0
BSU_23040	GO:0006508	4	0.2	0
BSU_19580	GO:0015293	4	0.2	0
BSU_09780	GO:0015293	4	0.2	0
BSU_08390	GO:0006508	4	0.2	0
BSU_12360	GO:0015293	4	0.2	0
BSU_40170	GO:0006508	4	0.2	0
BSU_00540	GO:0006508	4	0.2	0
BSU_10520	GO:0015293	4	0.2	0
BSU_26710	GO:0015293	4	0.2	0
BSU_07490	GO:0055085	4	0.2	0
BSU_24710	GO:0016887	4	0.2	0
BSU_10240	GO:0006508	4	0.2	0
BSU_24720	GO:0016887	4	0.2	0
BSU_13470	GO:0005886	4	0.2	0
BSU_35810	GO:0046872	4	0.2	0
BSU_33800	GO:0046872	4	0.2	0
BSU_13730	GO:0006508	4	0.2	0
BSU_10050	GO:0015293	4	0.2	0
BSU_35600	GO:0015293	4	0.2	0
BSU_35560	GO:0015293	4	0.2	0
BSU_38270	GO:0006508	4	0.2	0
BSU_00430	GO:0005886	4	0.2	0
BSU_12370	GO:0005737	4	0.2	0
BSU_23390	GO:0015293	4	0.2	0
BSU_35090	GO:0015293	4	0.2	0
BSU_40480	GO:0015293	4	0.2	0
BSU_22560	GO:0006508	4	0.2	0
BSU_37700	GO:0015293	4	0.2	0
BSU_27010	GO:0006508	4	0.2	0
BSU_02950	GO:0015293	4	0.2	0
BSU_28450	GO:0006508	4	0.2	0
BSU_02480	GO:0015293	4	0.2	0
BSU_34040	GO:0006508	4	0.2	0
BSU_30690	GO:0006508	4	0.2	0
BSU_34670	GO:0006508	4	0.2	0
BSU_33620	GO:0015293	4	0.2	0
BSU_19950	GO:0005886	4	0.2	0
BSU_33510	GO:0006508	4	0.2	0
BSU_32880	GO:0015293	4	0.2	0
BSU_30280	GO:0016491	4	0.2	0
BSU_30990	GO:0016887	4	0.2	0
BSU_30290	GO:0016491	4	0.2	0
BSU_25770	GO:0004527	4	0.2	0
BSU_38970	GO:0046256	4	0.2	0
BSU_31050	GO:0046256	4	0.2	0
BSU_31060	GO:0046256	4	0.2	0
BSU_04690	GO:0006289	4	0.2	0
BSU_09340	GO:0046256	4	0.2	0
BSU_18010	GO:0046256	4	0.2	0
BSU_19620	GO:0016887	4	0.2	0
BSU_33400	GO:0003677	4	0.2	0
BSU_02330	GO:0046256	4	0.2	0
BSU_33480	GO:0046256	4	0.2	0
BSU_21680	GO:0046256	4	0.2	0
BSU_33000	GO:0046677	4	0.2	0
BSU_24730	GO:0016020	4	0.2	0
BSU_07350	GO:0003677	4	0.2	0
BSU_22560	GO:0015293	4	0.2	0
BSU_14230	GO:0046256	4	0.2	0
BSU_33000	GO:0016887	4	0.2	0
BSU_01470	GO:0046677	4	0.2	0
BSU_34040	GO:0003677	4	0.2	0
BSU_33400	GO:0006355	4	0.2	0
BSU_00860	GO:0006289	4	0.2	0
BSU_19620	GO:0016020	4	0.2	0
BSU_26710	GO:0006355	4	0.2	0
BSU_16520	GO:0004124	4	0.2	0
BSU_24060	GO:0006289	4	0.2	0
BSU_29400	GO:0004527	4	0.2	0
BSU_33000	GO:0016020	4	0.2	0
BSU_21480	GO:0006355	4	0.2	0
BSU_21450	GO:0006355	4	0.2	0
BSU_12370	GO:0004527	4	0.2	0
BSU_29490	GO:0006355	4	0.2	0
BSU_33080	GO:0004527	4	0.2	0
BSU_35320	GO:0046256	4	0.2	0
BSU_09830	GO:0046256	4	0.2	0
BSU_05920	GO:0046256	4	0.2	0
BSU_07350	GO:0006355	4	0.2	0
BSU_38830	GO:0046256	4	0.2	0
BSU_32130	GO:0046256	4	0.2	0
BSU_04520	GO:0046256	4	0.2	0
BSU_32940	GO:0016020	4	0.2	0
BSU_19620	GO:0046677	4	0.2	0
BSU_27980	GO:0098660	4	0.2	0
BSU_08840	GO:0098660	4	0.2	0
BSU_01470	GO:0016491	4	0.2	0
BSU_21780	GO:0003677	4	0.2	0
BSU_40840	GO:0016887	4	0.2	0
BSU_23580	GO:0046677	4	0.2	0
BSU_40840	GO:0098660	4	0.2	0
BSU_09750	GO:0005886	4	0.2	0
BSU_02600	GO:0046677	4	0.2	0
BSU_01670	GO:0046677	4	0.2	0
BSU_04090	GO:0005886	4	0.2	0
BSU_33400	GO:0046256	4	0.2	0
BSU_08840	GO:0016887	4	0.2	0
BSU_12830	GO:0098660	4	0.2	0
BSU_36510	GO:0098660	4	0.2	0
BSU_24720	GO:0055085	4	0.2	0
BSU_27980	GO:0016491	4	0.2	0
BSU_17930	GO:0098660	4	0.2	0
BSU_24720	GO:0016491	4	0.2	0
BSU_31230	GO:0098660	4	0.2	0
BSU_07350	GO:0046256	4	0.2	0
BSU_27060	GO:0016020	4	0.2	0
BSU_14920	GO:0016491	4	0.2	0
BSU_14440	GO:0046256	4	0.2	0
BSU_39700	GO:0046256	4	0.2	0
BSU_27010	GO:0015293	4	0.2	0
BSU_27010	GO:0046256	4	0.2	0
BSU_25770	GO:0016020	4	0.2	0
BSU_28450	GO:0015293	4	0.2	0
BSU_34040	GO:0015293	4	0.2	0
BSU_30690	GO:0015293	4	0.2	0
BSU_34670	GO:0015293	4	0.2	0
BSU_13640	GO:0046677	4	0.2	0
BSU_33510	GO:0015293	4	0.2	0
BSU_18560	GO:0046256	4	0.2	0
BSU_29490	GO:0003677	4	0.2	0
BSU_38270	GO:0015293	4	0.2	0
BSU_40160	GO:0015293	4	0.2	0
BSU_40190	GO:0046677	4	0.2	0
BSU_21450	GO:0003677	4	0.2	0
BSU_21480	GO:0003677	4	0.2	0
BSU_30280	GO:0005737	4	0.2	0
BSU_30290	GO:0005737	4	0.2	0
BSU_33700	GO:0046872	4	0.2	0
BSU_09330	GO:0080090	4	0.2	0
BSU_09830	GO:0019344	4	0.2	0
BSU_14140	GO:0000160	4	0.2	0
BSU_37420	GO:0008253	4	0.2	0
BSU_29630	GO:0080090	4	0.2	0
BSU_35910	GO:0080090	4	0.2	0
BSU_35320	GO:0019344	4	0.2	0
BSU_08300	GO:0080090	4	0.2	0
BSU_17920	GO:0003677	4	0.2	0
BSU_10340	GO:0003677	4	0.2	0
BSU_38590	GO:0000160	4	0.2	0
BSU_34060	GO:0080090	4	0.2	0
BSU_21660	GO:0080090	4	0.2	0
BSU_07220	GO:0080090	4	0.2	0
BSU_40220	GO:0080090	4	0.2	0
BSU_28500	GO:0019344	4	0.2	0
BSU_33800	GO:0016887	4	0.2	0
BSU_10560	GO:0080090	4	0.2	0
BSU_33700	GO:0016887	4	0.2	0
BSU_27320	GO:0080090	4	0.2	0
BSU_37460	GO:0008237	4	0.2	0
BSU_05920	GO:0019344	4	0.2	0
BSU_40010	GO:0080090	4	0.2	0
BSU_40840	GO:0015293	4	0.2	0
BSU_04090	GO:0003677	4	0.2	0
BSU_06839	GO:0003677	4	0.2	0
BSU_33060	GO:0016887	4	0.2	0
BSU_16520	GO:0004312	4	0.2	0
BSU_16500	GO:0004312	4	0.2	0
BSU_02820	GO:0000160	4	0.2	0
BSU_13640	GO:0000160	4	0.2	0
BSU_33260	GO:0005215	4	0.2	0
BSU_38590	GO:0004312	4	0.2	0
BSU_05820	GO:0004312	4	0.2	0
BSU_00430	GO:0003677	4	0.2	0
BSU_24720	GO:0016887	4	0.2	0
BSU_05420	GO:0080090	4	0.2	0
BSU_06760	GO:0080090	4	0.2	0
BSU_09750	GO:0080090	4	0.2	0
BSU_14920	GO:0016887	4	0.2	0
BSU_02320	GO:0080090	4	0.2	0
BSU_30280	GO:0016887	4	0.2	0
BSU_35950	GO:0005215	4	0.2	0
BSU_23360	GO:0110001	4	0.2	0
BSU_19570	GO:0110001	4	0.2	0
BSU_13640	GO:0003677	4	0.2	0
BSU_07150	GO:0110001	4	0.2	0
BSU_32770	GO:0110001	4	0.2	0
BSU_14920	GO:0016887	4	0.2	0
BSU_12870	GO:0110001	4	0.2	0
BSU_29400	GO:0019344	4	0.2	0
BSU_32510	GO:0042128	4	0.2	0
BSU_13190	GO:0110001	4	0.2	0
BSU_05820	GO:0000160	4	0.2	0
BSU_04090	GO:0003677	4	0.2	0
BSU_16790	GO:0110001	4	0.2	0
BSU_35050	GO:0110001	4	0.2	0
BSU_07350	GO:0000166	4	0.2	0
BSU_22560	GO:0042128	4	0.2	0
BSU_37740	GO:0110001	4	0.2	0
BSU_14440	GO:0000166	4	0.2	0
BSU_18560	GO:0000166	4	0.2	0
BSU_03620	GO:0080090	4	0.2	0
BSU_36110	GO:0019344	4	0.2	0
BSU_33060	GO:0016887	4	0.2	0
BSU_15350	GO:0003677	4	0.2	0
BSU_30290	GO:0016887	4	0.2	0
BSU_29300	GO:0019825	4	0.2	0
BSU_38450	GO:0080090	4	0.2	0
BSU_07060	GO:0008253	4	0.2	0
BSU_32870	GO:0080090	4	0.2	0
BSU_40050	GO:0080090	4	0.2	0
BSU_13670	GO:0080090	4	0.2	0
BSU_36110	GO:0080090	4	0.2	0
BSU_01470	GO:0016887	4	0.2	0
BSU_22680	GO:0008237	4	0.2	0
BSU_02370	GO:0080090	4	0.2	0
BSU_04690	GO:0016887	4	0.2	0
BSU_01650	GO:0003677	4	0.2	0
BSU_32560	GO:0080090	4	0.2	0
BSU_40170	GO:0008237	4	0.2	0
BSU_34530	GO:0003677	4	0.2	0
BSU_27060	GO:0000160	4	0.2	0
BSU_35810	GO:0016887	4	0.2	0
BSU_33800	GO:0005215	4	0.2	0
BSU_33060	GO:0046872	4	0.2	0
BSU_31670	GO:0003677	4	0.2	0
BSU_33080	GO:0030435	4	0.2	0
BSU_33790	GO:0030435	4	0.2	0
BSU_15900	GO:0005737	4	0.2	0
BSU_34380	GO:0030435	4	0.2	0
BSU_10810	GO:0003677	4	0.2	0
BSU_10730	GO:0003677	4	0.2	0
BSU_27170	GO:0030435	4	0.2	0
BSU_38800	GO:0003677	4	0.2	0
BSU_32770	GO:0046872	4	0.2	0
BSU_24730	GO:0008763	4	0.2	0
BSU_31670	GO:0046872	4	0.2	0
BSU_04050	GO:0003677	4	0.2	0
BSU_04250	GO:0046872	4	0.2	0
BSU_22980	GO:0003677	4	0.2	0
BSU_10940	GO:0003677	4	0.2	0
BSU_40840	GO:0003677	4	0.2	0
BSU_14450	GO:0003677	4	0.2	0
BSU_25770	GO:0030435	4	0.2	0
BSU_14580	GO:0005737	4	0.2	0
BSU_14140	GO:0030435	4	0.2	0
BSU_12370	GO:0030435	4	0.2	0
BSU_35030	GO:0030435	4	0.2	0
BSU_30280	GO:0046872	4	0.2	0
BSU_30290	GO:0046872	4	0.2	0
BSU_00450	GO:0005886	4	0.2	0
BSU_14580	GO:0046872	4	0.2	0
BSU_14920	GO:0005737	4	0.2	0
BSU_24720	GO:0046872	4	0.2	0
BSU_27980	GO:0046872	4	0.2	0
BSU_00860	GO:0046872	4	0.2	0
BSU_04690	GO:0046872	4	0.2	0
BSU_29570	GO:0005886	4	0.2	0
BSU_07060	GO:0005737	4	0.2	0
BSU_14920	GO:0046872	4	0.2	0
BSU_01470	GO:0046872	4	0.2	0
BSU_09390	GO:0005886	4	0.2	0
BSU_10730	GO:0005886	4	0.2	0
BSU_14920	GO:0046872	4	0.2	0
BSU_36600	GO:0030435	4	0.2	0
BSU_29300	GO:0008763	4	0.2	0
BSU_01650	GO:0046872	4	0.2	0
BSU_33700	GO:0005215	4	0.2	0
BSU_12830	GO:0015293	4	0.2	0
BSU_36510	GO:0005215	4	0.2	0
BSU_31230	GO:0015293	4	0.2	0
BSU_17930	GO:0005215	4	0.2	0
BSU_36930	GO:0003677	4	0.2	0
BSU_17930	GO:0015293	4	0.2	0
BSU_31230	GO:0005215	4	0.2	0
BSU_36510	GO:0015293	4	0.2	0
BSU_27980	GO:0005215	4	0.2	0
BSU_00210	GO:0005737	4	0.2	0
BSU_10340	GO:0046872	4	0.2	0
BSU_24720	GO:0005215	4	0.2	0
BSU_08840	GO:0015293	4	0.2	0
BSU_28450	GO:0005215	4	0.2	0
BSU_17930	GO:0003677	4	0.2	0
BSU_30370	GO:0005215	4	0.2	0
BSU_30410	GO:0005215	4	0.2	0
BSU_31570	GO:0005215	4	0.2	0
BSU_07490	GO:0019825	4	0.2	0
BSU_22560	GO:0008237	4	0.2	0
BSU_14580	GO:0005737	4	0.2	0
BSU_00860	GO:0005737	4	0.2	0
BSU_08840	GO:0005215	4	0.2	0
BSU_17920	GO:0046872	4	0.2	0
BSU_23130	GO:0019825	4	0.2	0
BSU_33260	GO:0015293	4	0.2	0
BSU_14920	GO:0005737	4	0.2	0
BSU_35950	GO:0015293	4	0.2	0
BSU_25770	GO:0019825	4	0.2	0
BSU_37470	GO:0003677	4	0.2	0
BSU_34040	GO:0008237	4	0.2	0
BSU_40840	GO:0005215	4	0.2	0
BSU_31570	GO:0015293	4	0.2	0
BSU_27170	GO:0019825	4	0.2	0
BSU_28450	GO:0008237	4	0.2	0
BSU_30370	GO:0015293	4	0.2	0
BSU_12830	GO:0003677	4	0.2	0
BSU_04690	GO:0005737	4	0.2	0
BSU_35320	GO:0003677	4	0.2	0
BSU_28450	GO:0015293	4	0.2	0
BSU_23580	GO:0051920	4	0.2	0
BSU_02820	GO:0051920	4	0.2	0
BSU_07350	GO:0005829	4	0.2	0
BSU_40160	GO:0016787	4	0.2	0
BSU_33480	GO:0016020	4	0.2	0
BSU_28450	GO:0016787	4	0.2	0
BSU_34040	GO:0016787	4	0.2	0
BSU_38270	GO:0016020	4	0.2	0
BSU_14450	GO:0071793	4	0.2	0
BSU_34990	GO:0016020	4	0.2	0
BSU_33510	GO:0016787	4	0.2	0
BSU_38270	GO:0016787	4	0.2	0
BSU_24730	GO:0030152	4	0.2	0
BSU_22560	GO:0016787	4	0.2	0
BSU_22560	GO:0071793	4	0.2	0
BSU_29300	GO:0055085	4	0.2	0
BSU_27010	GO:0071793	4	0.2	0
BSU_28450	GO:0071793	4	0.2	0
BSU_07060	GO:0015633	4	0.2	0
BSU_34040	GO:0071793	4	0.2	0
BSU_30690	GO:0071793	4	0.2	0
BSU_34670	GO:0071793	4	0.2	0
BSU_22680	GO:0009055	4	0.2	0
BSU_04340	GO:0071793	4	0.2	0
BSU_40010	GO:0004527	4	0.2	0
BSU_33320	GO:0016020	4	0.2	0
BSU_13100	GO:0016020	4	0.2	0
BSU_13090	GO:0016020	4	0.2	0
BSU_37460	GO:0016787	4	0.2	0
BSU_28900	GO:0016020	4	0.2	0
BSU_39000	GO:0055085	4	0.2	0
BSU_31620	GO:0016020	4	0.2	0
BSU_04340	GO:0009055	4	0.2	0
BSU_12900	GO:0055085	4	0.2	0
BSU_39610	GO:0016020	4	0.2	0
BSU_33000	GO:0055085	4	0.2	0
BSU_03820	GO:0016020	4	0.2	0
BSU_03830	GO:0016020	4	0.2	0
BSU_32940	GO:0016020	4	0.2	0
BSU_37460	GO:0009055	4	0.2	0
BSU_40160	GO:0016020	4	0.2	0
BSU_14510	GO:0016020	4	0.2	0
BSU_22680	GO:0071793	4	0.2	0
BSU_22940	GO:0016020	4	0.2	0
BSU_09860	GO:0016020	4	0.2	0
BSU_33510	GO:0071793	4	0.2	0
BSU_38270	GO:0071793	4	0.2	0
BSU_24730	GO:0055085	4	0.2	0
BSU_32870	GO:0003735	4	0.2	0
BSU_33000	GO:0008643	4	0.2	0
BSU_38450	GO:0003735	4	0.2	0
BSU_02320	GO:0003735	4	0.2	0
BSU_10560	GO:0003735	4	0.2	0
BSU_40220	GO:0003735	4	0.2	0
BSU_07220	GO:0003735	4	0.2	0
BSU_21660	GO:0003735	4	0.2	0
BSU_34060	GO:0003735	4	0.2	0
BSU_40160	GO:0071793	4	0.2	0
BSU_40840	GO:0008643	4	0.2	0
BSU_09330	GO:0003735	4	0.2	0
BSU_29300	GO:0030152	4	0.2	0
BSU_28250	GO:0005829	4	0.2	0
BSU_08300	GO:0003735	4	0.2	0
BSU_35910	GO:0003735	4	0.2	0
BSU_07490	GO:0008643	4	0.2	0
BSU_02820	GO:0003677	4	0.2	0
BSU_24730	GO:0004672	4	0.2	0
BSU_22680	GO:0005829	4	0.2	0
BSU_29650	GO:0016020	4	0.2	0
BSU_29300	GO:0004672	4	0.2	0
BSU_32940	GO:0030152	4	0.2	0
BSU_23040	GO:0071793	4	0.2	0
BSU_08390	GO:0071793	4	0.2	0
BSU_37460	GO:0004672	4	0.2	0
BSU_40170	GO:0071793	4	0.2	0
BSU_00540	GO:0071793	4	0.2	0
BSU_15350	GO:0071793	4	0.2	0
BSU_07490	GO:0004672	4	0.2	0
BSU_10240	GO:0071793	4	0.2	0
BSU_29860	GO:0071793	4	0.2	0
BSU_28820	GO:0071793	4	0.2	0
BSU_13100	GO:0016020	4	0.2	0
BSU_13090	GO:0016020	4	0.2	0
BSU_00860	GO:1902600	4	0.2	0
BSU_04690	GO:1902600	4	0.2	0
BSU_19620	GO:0008643	4	0.2	0
BSU_28900	GO:0016020	4	0.2	0
BSU_17760	GO:0055085	4	0.2	0
BSU_24710	GO:0016020	4	0.2	0
BSU_09860	GO:0016020	4	0.2	0
BSU_05820	GO:0030145	4	0.2	0
BSU_13470	GO:0043595	4	0.2	0
BSU_27060	GO:0003677	4	0.2	0
BSU_00430	GO:0043595	4	0.2	0
BSU_37470	GO:0030145	4	0.2	0
BSU_37460	GO:0030145	4	0.2	0
BSU_19950	GO:0043595	4	0.2	0
BSU_28500	GO:0006354	4	0.2	0
BSU_38590	GO:0030145	4	0.2	0
BSU_23390	GO:0043595	4	0.2	0
BSU_37460	GO:0003677	4	0.2	0
BSU_05820	GO:0003677	4	0.2	0
BSU_27060	GO:0003677	4	0.2	0
BSU_38590	GO:0003677	4	0.2	0
BSU_17920	GO:0043595	4	0.2	0
BSU_09780	GO:0043595	4	0.2	0
BSU_15900	GO:0006354	4	0.2	0
BSU_38590	GO:0003677	4	0.2	0
BSU_07060	GO:0003677	4	0.2	0
BSU_02820	GO:0030145	4	0.2	0
BSU_23580	GO:0030145	4	0.2	0
BSU_16500	GO:0030145	4	0.2	0
BSU_16520	GO:0030145	4	0.2	0
BSU_09390	GO:0043595	4	0.2	0
BSU_14580	GO:0016779	4	0.2	0
BSU_35090	GO:0071793	4	0.2	0
BSU_24710	GO:0015295	4	0.2	0
BSU_15900	GO:0016779	4	0.2	0
BSU_14580	GO:0016020	4	0.2	0
BSU_29570	GO:0043595	4	0.2	0
BSU_16500	GO:0016779	4	0.2	0
BSU_00210	GO:0006364	4	0.2	0
BSU_16520	GO:0016779	4	0.2	0
BSU_24060	GO:0006364	4	0.2	0
BSU_07060	GO:0016020	4	0.2	0
BSU_37420	GO:0016020	4	0.2	0
BSU_04690	GO:0006364	4	0.2	0
BSU_00450	GO:0043595	4	0.2	0
BSU_00860	GO:0006364	4	0.2	0
BSU_28500	GO:0016779	4	0.2	0
BSU_27060	GO:0030145	4	0.2	0
BSU_37470	GO:0003677	4	0.2	0
BSU_22560	GO:0016020	4	0.2	0
BSU_03830	GO:0016020	4	0.2	0
BSU_22560	GO:0009055	4	0.2	0
BSU_18010	GO:0050660	4	0.2	0
BSU_07350	GO:0006635	4	0.2	0
BSU_30510	GO:0055085	4	0.2	0
BSU_19620	GO:0016020	4	0.2	0
BSU_33480	GO:0016020	4	0.2	0
BSU_33000	GO:0016020	4	0.2	0
BSU_03820	GO:0016020	4	0.2	0
BSU_38270	GO:0016020	4	0.2	0
BSU_10050	GO:0043595	4	0.2	0
BSU_34990	GO:0016020	4	0.2	0
BSU_00430	GO:0055085	4	0.2	0
BSU_07490	GO:0016020	4	0.2	0
BSU_30990	GO:0016020	4	0.2	0
BSU_12900	GO:0016020	4	0.2	0
BSU_22680	GO:0016787	4	0.2	0
BSU_14510	GO:0016020	4	0.2	0
BSU_23130	GO:0016020	4	0.2	0
BSU_22940	GO:0016020	4	0.2	0
BSU_27010	GO:0009055	4	0.2	0
BSU_18560	GO:0006635	4	0.2	0
BSU_28450	GO:0009055	4	0.2	0
BSU_22560	GO:0050660	4	0.2	0
BSU_39700	GO:0050660	4	0.2	0
BSU_33400	GO:0050660	4	0.2	0
BSU_14230	GO:0006635	4	0.2	0
BSU_32510	GO:0050660	4	0.2	0
BSU_33480	GO:0050660	4	0.2	0
BSU_33480	GO:0006635	4	0.2	0
BSU_14230	GO:0050660	4	0.2	0
BSU_32510	GO:0006635	4	0.2	0
BSU_30990	GO:0016020	4	0.2	0
BSU_14510	GO:0016020	4	0.2	0
BSU_33400	GO:0006635	4	0.2	0
BSU_30690	GO:0009055	4	0.2	0
BSU_39700	GO:0006635	4	0.2	0
BSU_27010	GO:0006635	4	0.2	0
BSU_34040	GO:0009055	4	0.2	0
BSU_22560	GO:0006635	4	0.2	0
BSU_29630	GO:0003735	4	0.2	0
BSU_34530	GO:0006635	4	0.2	0
BSU_33000	GO:0015969	4	0.2	0
BSU_27010	GO:0016740	4	0.2	0
BSU_34670	GO:0016740	4	0.2	0
BSU_30690	GO:0016740	4	0.2	0
BSU_34040	GO:0016740	4	0.2	0
BSU_04340	GO:0016301	4	0.2	0
BSU_33000	GO:0016757	4	0.2	0
BSU_37420	GO:0016788	4	0.2	0
BSU_28450	GO:0016740	4	0.2	0
BSU_37460	GO:0016301	4	0.2	0
BSU_22680	GO:0016301	4	0.2	0
BSU_27350	GO:0016757	4	0.2	0
BSU_22560	GO:0016740	4	0.2	0
BSU_22680	GO:0016740	4	0.2	0
BSU_29630	GO:0016301	4	0.2	0
BSU_13190	GO:0016757	4	0.2	0
BSU_38400	GO:0016757	4	0.2	0
BSU_16790	GO:0016757	4	0.2	0
BSU_28820	GO:0016757	4	0.2	0
BSU_14450	GO:0016740	4	0.2	0
BSU_08390	GO:0005886	4	0.2	0
BSU_14450	GO:0016301	4	0.2	0
BSU_27060	GO:0004644	4	0.2	0
BSU_33510	GO:0016740	4	0.2	0
BSU_19620	GO:0016757	4	0.2	0
BSU_15350	GO:0016740	4	0.2	0
BSU_00540	GO:0016740	4	0.2	0
BSU_34670	GO:0016301	4	0.2	0
BSU_40170	GO:0016740	4	0.2	0
BSU_24260	GO:0003735	4	0.2	0
BSU_30690	GO:0016301	4	0.2	0
BSU_08390	GO:0016740	4	0.2	0
BSU_34040	GO:0016301	4	0.2	0
BSU_01470	GO:0016757	4	0.2	0
BSU_28450	GO:0016301	4	0.2	0
BSU_27010	GO:0016301	4	0.2	0
BSU_07060	GO:0016788	4	0.2	0
BSU_23040	GO:0016740	4	0.2	0
BSU_40160	GO:0016740	4	0.2	0
BSU_38270	GO:0016740	4	0.2	0
BSU_22560	GO:0016301	4	0.2	0
BSU_29860	GO:0016757	4	0.2	0
BSU_34800	GO:0016757	4	0.2	0
BSU_38270	GO:0016301	4	0.2	0
BSU_23580	GO:0004644	4	0.2	0
BSU_35190	GO:0005975	4	0.2	0
BSU_16500	GO:0004644	4	0.2	0
BSU_39720	GO:0005975	4	0.2	0
BSU_39740	GO:0005975	4	0.2	0
BSU_39710	GO:0005975	4	0.2	0
BSU_38970	GO:0005975	4	0.2	0
BSU_39000	GO:0005975	4	0.2	0
BSU_27760	GO:0005975	4	0.2	0
BSU_23490	GO:0005975	4	0.2	0
BSU_27340	GO:0016757	4	0.2	0
BSU_39700	GO:0005975	4	0.2	0
BSU_35050	GO:0005975	4	0.2	0
BSU_18010	GO:0005975	4	0.2	0
BSU_02820	GO:0004644	4	0.2	0
BSU_22110	GO:0005975	4	0.2	0
BSU_35090	GO:0005975	4	0.2	0
BSU_29630	GO:0005975	4	0.2	0
BSU_35910	GO:0005975	4	0.2	0
BSU_33400	GO:0005975	4	0.2	0
BSU_16520	GO:0004644	4	0.2	0
BSU_40040	GO:0005975	4	0.2	0
BSU_30970	GO:0016757	4	0.2	0
BSU_22940	GO:0016757	4	0.2	0
BSU_14450	GO:0016757	4	0.2	0
BSU_35320	GO:0016757	4	0.2	0
BSU_04340	GO:0016740	4	0.2	0
BSU_05820	GO:0004644	4	0.2	0
BSU_38590	GO:0004644	4	0.2	0
BSU_12830	GO:0016757	4	0.2	0
BSU_29490	GO:0005975	4	0.2	0
BSU_27320	GO:0005975	4	0.2	0
BSU_06640	GO:0016757	4	0.2	0
BSU_37460	GO:0004644	4	0.2	0
BSU_37470	GO:0004644	4	0.2	0
BSU_30370	GO:0016757	4	0.2	0
BSU_07350	GO:0005975	4	0.2	0
BSU_29630	GO:0016757	4	0.2	0
BSU_29930	GO:0016757	4	0.2	0
BSU_40840	GO:0016757	4	0.2	0
BSU_33510	GO:0016301	4	0.2	0
BSU_40160	GO:0016301	4	0.2	0
BSU_24730	GO:0015969	4	0.2	0
BSU_21450	GO:0003735	4	0.2	0
BSU_22560	GO:0008643	4	0.2	0
BSU_22940	GO:0008643	4	0.2	0
BSU_05420	GO:0003735	4	0.2	0
BSU_35810	GO:0055085	4	0.2	0
BSU_24710	GO:0008643	4	0.2	0
BSU_33060	GO:0055085	4	0.2	0
BSU_10240	GO:0003735	4	0.2	0
BSU_19620	GO:0015648	4	0.2	0
BSU_21480	GO:0003735	4	0.2	0
BSU_08840	GO:0015648	4	0.2	0
BSU_37460	GO:0005829	4	0.2	0
BSU_27060	GO:0015969	4	0.2	0
BSU_24720	GO:0055085	4	0.2	0
BSU_40840	GO:0015648	4	0.2	0
BSU_14920	GO:0055085	4	0.2	0
BSU_05820	GO:0006541	4	0.2	0
BSU_05930	GO:0003735	4	0.2	0
BSU_07490	GO:0015648	4	0.2	0
BSU_06760	GO:0003735	4	0.2	0
BSU_05820	GO:0015969	4	0.2	0
BSU_23130	GO:0008643	4	0.2	0
BSU_38590	GO:0015969	4	0.2	0
BSU_12900	GO:0015969	4	0.2	0
BSU_08840	GO:0008643	4	0.2	0
BSU_23580	GO:0003677	4	0.2	0
BSU_27320	GO:0003735	4	0.2	0
BSU_02820	GO:0015969	4	0.2	0
BSU_30990	GO:0008643	4	0.2	0
BSU_12830	GO:0008643	4	0.2	0
BSU_12900	GO:0008643	4	0.2	0
BSU_16500	GO:0003677	4	0.2	0
BSU_36510	GO:0008643	4	0.2	0
BSU_16520	GO:0003677	4	0.2	0
BSU_13730	GO:0016740	4	0.2	0
BSU_40010	GO:0003735	4	0.2	0
BSU_14510	GO:0008643	4	0.2	0
BSU_17930	GO:0008643	4	0.2	0
BSU_09750	GO:0003735	4	0.2	0
BSU_31230	GO:0008643	4	0.2	0
BSU_04340	GO:0008840	4	0.2	0
BSU_01670	GO:0016757	4	0.2	0
BSU_10240	GO:0016740	4	0.2	0
BSU_22680	GO:0008840	4	0.2	0
BSU_28250	GO:0008840	4	0.2	0
BSU_28450	GO:0015648	4	0.2	0
BSU_22680	GO:0003735	4	0.2	0
BSU_22640	GO:0008840	4	0.2	0
BSU_07060	GO:0005524	4	0.2	0
BSU_37420	GO:0005524	4	0.2	0
BSU_30370	GO:0015648	4	0.2	0
BSU_30410	GO:0015648	4	0.2	0
BSU_13640	GO:0016757	4	0.2	0
BSU_37460	GO:0008840	4	0.2	0
BSU_15350	GO:0016301	4	0.2	0
BSU_28820	GO:0016740	4	0.2	0
BSU_00540	GO:0016301	4	0.2	0
BSU_29860	GO:0016740	4	0.2	0
BSU_40170	GO:0016301	4	0.2	0
BSU_24730	GO:0016020	4	0.2	0
BSU_23040	GO:0016301	4	0.2	0
BSU_29490	GO:0003735	4	0.2	0
BSU_30690	GO:0008840	4	0.2	0
BSU_34670	GO:0008840	4	0.2	0
BSU_22480	GO:0008840	4	0.2	0
BSU_40190	GO:0016757	4	0.2	0
BSU_02600	GO:0016757	4	0.2	0
BSU_30990	GO:0015648	4	0.2	0
BSU_12830	GO:0015648	4	0.2	0
BSU_36510	GO:0015648	4	0.2	0
BSU_14510	GO:0015648	4	0.2	0
BSU_39720	GO:0008840	4	0.2	0
BSU_17930	GO:0015648	4	0.2	0
BSU_23580	GO:0016757	4	0.2	0
BSU_18220	GO:0008840	4	0.2	0
BSU_31230	GO:0015648	4	0.2	0
BSU_37740	GO:0008840	4	0.2	0
BSU_17160	GO:0008840	4	0.2	0
BSU_23130	GO:0015648	4	0.2	0
BSU_22560	GO:0015648	4	0.2	0
BSU_22940	GO:0015648	4	0.2	0
BSU_22640	GO:0003735	4	0.2	0
BSU_13730	GO:0008840	4	0.2	0
BSU_10730	GO:0043595	4	0.2	0
BSU_12360	GO:0071793	4	0.2	0
BSU_28900	GO:0071793	4	0.2	0
BSU_07220	GO:0000160	4	0.2	0
BSU_27060	GO:0005886	4	0.2	0
BSU_13670	GO:0000160	4	0.2	0
BSU_40050	GO:0000160	4	0.2	0
BSU_29300	GO:0005886	4	0.2	0
BSU_32870	GO:0000160	4	0.2	0
BSU_38450	GO:0000160	4	0.2	0
BSU_02320	GO:0000160	4	0.2	0
BSU_10560	GO:0000160	4	0.2	0
BSU_22640	GO:0006355	4	0.2	0
BSU_35810	GO:0046942	4	0.2	0
BSU_14140	GO:0000160	4	0.2	0
BSU_33080	GO:0005886	4	0.2	0
BSU_38590	GO:0005886	4	0.2	0
BSU_33790	GO:0000160	4	0.2	0
BSU_05820	GO:0005886	4	0.2	0
BSU_35910	GO:0000160	4	0.2	0
BSU_29630	GO:0000160	4	0.2	0
BSU_35050	GO:0043565	4	0.2	0
BSU_25770	GO:0005886	4	0.2	0
BSU_02370	GO:0000160	4	0.2	0
BSU_14920	GO:0046942	4	0.2	0
BSU_22680	GO:0006355	4	0.2	0
BSU_39710	GO:0016746	4	0.2	0
BSU_39740	GO:0016746	4	0.2	0
BSU_39720	GO:0016746	4	0.2	0
BSU_07820	GO:0000160	4	0.2	0
BSU_08370	GO:0000160	4	0.2	0
BSU_37650	GO:0000160	4	0.2	0
BSU_16810	GO:0000160	4	0.2	0
BSU_38310	GO:0000160	4	0.2	0
BSU_35050	GO:0000160	4	0.2	0
BSU_03620	GO:0000160	4	0.2	0
BSU_14440	GO:0016746	4	0.2	0
BSU_29570	GO:0006355	4	0.2	0
BSU_02600	GO:0006355	4	0.2	0
BSU_35030	GO:0000160	4	0.2	0
BSU_19950	GO:0043565	4	0.2	0
BSU_32560	GO:0000160	4	0.2	0
BSU_40840	GO:0006355	4	0.2	0
BSU_28250	GO:0006355	4	0.2	0
BSU_03620	GO:0043565	4	0.2	0
BSU_04100	GO:0000160	4	0.2	0
BSU_35190	GO:0016757	4	0.2	0
BSU_27060	GO:0005975	4	0.2	0
BSU_21780	GO:0016757	4	0.2	0
BSU_10040	GO:0016757	4	0.2	0
BSU_28500	GO:0009102	4	0.2	0
BSU_35560	GO:0006508	4	0.2	0
BSU_04090	GO:0016757	4	0.2	0
BSU_35600	GO:0006508	4	0.2	0
BSU_30970	GO:0016757	4	0.2	0
BSU_05820	GO:0005975	4	0.2	0
BSU_33060	GO:0046942	4	0.2	0
BSU_26890	GO:0006508	4	0.2	0
BSU_38590	GO:0005975	4	0.2	0
BSU_19210	GO:0006508	4	0.2	0
BSU_16520	GO:0009102	4	0.2	0
BSU_01650	GO:0006508	4	0.2	0
BSU_16500	GO:0009102	4	0.2	0
BSU_06770	GO:0016757	4	0.2	0
BSU_15900	GO:0009102	4	0.2	0
BSU_33480	GO:0006508	4	0.2	0
BSU_38270	GO:0006508	4	0.2	0
BSU_09780	GO:0016757	4	0.2	0
BSU_22110	GO:0016757	4	0.2	0
BSU_34380	GO:0000160	4	0.2	0
BSU_30690	GO:0006355	4	0.2	0
BSU_34670	GO:0006355	4	0.2	0
BSU_22480	GO:0006355	4	0.2	0
BSU_17160	GO:0006355	4	0.2	0
BSU_33800	GO:0046942	4	0.2	0
BSU_33700	GO:0046942	4	0.2	0
BSU_01470	GO:0008514	4	0.2	0
BSU_27170	GO:0000160	4	0.2	0
BSU_30280	GO:0046942	4	0.2	0
BSU_30290	GO:0046942	4	0.2	0
BSU_40840	GO:0008514	4	0.2	0
BSU_40010	GO:0000160	4	0.2	0
BSU_07060	GO:0005737	4	0.2	0
BSU_07060	GO:0005886	4	0.2	0
BSU_37420	GO:0005737	4	0.2	0
BSU_01470	GO:0046942	4	0.2	0
BSU_05640	GO:0000160	4	0.2	0
BSU_40870	GO:0000160	4	0.2	0
BSU_37840	GO:0016757	4	0.2	0
BSU_27760	GO:0003677	4	0.2	0
BSU_14580	GO:0009061	4	0.2	0
BSU_30290	GO:0065002	4	0.2	0
BSU_12360	GO:0003677	4	0.2	0
BSU_24730	GO:0065002	4	0.2	0
BSU_35090	GO:0003677	4	0.2	0
BSU_04770	GO:0043565	4	0.2	0
BSU_22110	GO:0003677	4	0.2	0
BSU_18010	GO:0003677	4	0.2	0
BSU_39000	GO:0003677	4	0.2	0
BSU_34170	GO:0043565	4	0.2	0
BSU_29490	GO:0016746	4	0.2	0
BSU_38970	GO:0003677	4	0.2	0
BSU_14920	GO:0065002	4	0.2	0
BSU_39710	GO:0003677	4	0.2	0
BSU_10840	GO:0043565	4	0.2	0
BSU_39740	GO:0003677	4	0.2	0
BSU_39720	GO:0003677	4	0.2	0
BSU_07350	GO:0016746	4	0.2	0
BSU_30280	GO:0065002	4	0.2	0
BSU_30990	GO:0016020	4	0.2	0
BSU_14510	GO:0016020	4	0.2	0
BSU_33060	GO:0065002	4	0.2	0
BSU_33480	GO:0016020	4	0.2	0
BSU_15900	GO:0016757	4	0.2	0
BSU_37460	GO:0051920	4	0.2	0
BSU_21780	GO:0003677	4	0.2	0
BSU_14920	GO:0006605	4	0.2	0
BSU_38590	GO:0051920	4	0.2	0
BSU_05820	GO:0051920	4	0.2	0
BSU_07350	GO:0003677	4	0.2	0
BSU_25770	GO:0004527	4	0.2	0
BSU_28500	GO:0016757	4	0.2	0
BSU_22940	GO:0016020	4	0.2	0
BSU_21780	GO:0043565	4	0.2	0
BSU_22560	GO:0016020	4	0.2	0
BSU_23130	GO:0016020	4	0.2	0
BSU_35810	GO:0065002	4	0.2	0
BSU_37420	GO:0009061	4	0.2	0
BSU_07060	GO:0009061	4	0.2	0
BSU_01470	GO:0065002	4	0.2	0
BSU_25810	GO:0043565	4	0.2	0
BSU_37550	GO:0000160	4	0.2	0
BSU_10840	GO:0000160	4	0.2	0
BSU_27320	GO:0000160	4	0.2	0
BSU_09750	GO:0000160	4	0.2	0
BSU_14580	GO:0005737	4	0.2	0
BSU_06760	GO:0000160	4	0.2	0
BSU_35090	GO:0016746	4	0.2	0
BSU_34630	GO:0000160	4	0.2	0
BSU_22110	GO:0016746	4	0.2	0
BSU_04770	GO:0000160	4	0.2	0
BSU_18010	GO:0016746	4	0.2	0
BSU_29570	GO:0043565	4	0.2	0
BSU_35050	GO:0016746	4	0.2	0
BSU_05150	GO:0000160	4	0.2	0
BSU_38310	GO:0043565	4	0.2	0
BSU_34170	GO:0000160	4	0.2	0
BSU_27760	GO:0016746	4	0.2	0
BSU_39000	GO:0016746	4	0.2	0
BSU_38970	GO:0016746	4	0.2	0
BSU_25810	GO:0000160	4	0.2	0
BSU_16810	GO:0043565	4	0.2	0
BSU_37650	GO:0043565	4	0.2	0
BSU_12360	GO:0016746	4	0.2	0
BSU_21660	GO:0000160	4	0.2	0
BSU_27980	GO:0005886	4	0.2	0
BSU_37550	GO:0043565	4	0.2	0
BSU_39700	GO:0016746	4	0.2	0
BSU_40870	GO:0043565	4	0.2	0
BSU_05640	GO:0043565	4	0.2	0
BSU_13470	GO:0000160	4	0.2	0
BSU_26720	GO:0000160	4	0.2	0
BSU_19950	GO:0000160	4	0.2	0
BSU_00450	GO:0043565	4	0.2	0
BSU_29630	GO:0016746	4	0.2	0
BSU_07820	GO:0043565	4	0.2	0
BSU_35910	GO:0016746	4	0.2	0
BSU_08370	GO:0043565	4	0.2	0
BSU_36110	GO:0000160	4	0.2	0
BSU_28900	GO:0016746	4	0.2	0
BSU_13470	GO:0043565	4	0.2	0
BSU_40220	GO:0000160	4	0.2	0
BSU_21580	GO:0006508	4	0.2	0
BSU_16500	GO:0005975	4	0.2	0
BSU_35910	GO:0071793	4	0.2	0
BSU_08470	GO:0006281	4	0.2	0
BSU_37470	GO:0006281	4	0.2	0
BSU_37460	GO:0006281	4	0.2	0
BSU_04090	GO:0005886	4	0.2	0
BSU_05420	GO:0006281	4	0.2	0
BSU_07490	GO:0015295	4	0.2	0
BSU_05920	GO:0006281	4	0.2	0
BSU_12830	GO:0055085	4	0.2	0
BSU_36510	GO:0055085	4	0.2	0
BSU_14450	GO:0005886	4	0.2	0
BSU_14310	GO:0071793	4	0.2	0
BSU_31230	GO:0055085	4	0.2	0
BSU_10040	GO:0005886	4	0.2	0
BSU_08840	GO:0015295	4	0.2	0
BSU_08470	GO:0005886	4	0.2	0
BSU_28450	GO:0055085	4	0.2	0
BSU_30990	GO:0015295	4	0.2	0
BSU_11890	GO:0006281	4	0.2	0
BSU_01670	GO:0005886	4	0.2	0
BSU_40840	GO:0015295	4	0.2	0
BSU_07060	GO:0009055	4	0.2	0
BSU_02820	GO:0006281	4	0.2	0
BSU_23580	GO:0006281	4	0.2	0
BSU_38970	GO:0006571	4	0.2	0
BSU_37460	GO:0000310	4	0.2	0
BSU_04520	GO:0006571	4	0.2	0
BSU_02820	GO:0000310	4	0.2	0
BSU_23580	GO:0000310	4	0.2	0
BSU_16500	GO:0000310	4	0.2	0
BSU_06760	GO:0006281	4	0.2	0
BSU_16520	GO:0000310	4	0.2	0
BSU_31620	GO:0015295	4	0.2	0
BSU_06770	GO:0005886	4	0.2	0
BSU_19620	GO:0015295	4	0.2	0
BSU_07060	GO:0006541	4	0.2	0
BSU_33000	GO:0015295	4	0.2	0
BSU_33510	GO:0005886	4	0.2	0
BSU_14920	GO:0009055	4	0.2	0
BSU_29300	GO:0005886	4	0.2	0
BSU_05820	GO:0009055	4	0.2	0
BSU_14440	GO:0006281	4	0.2	0
BSU_04340	GO:0005886	4	0.2	0
BSU_31060	GO:0006571	4	0.2	0
BSU_22940	GO:0015295	4	0.2	0
BSU_29930	GO:0071793	4	0.2	0
BSU_23130	GO:0015295	4	0.2	0
BSU_29490	GO:0071793	4	0.2	0
BSU_09780	GO:0055085	4	0.2	0
BSU_05820	GO:0005576	4	0.2	0
BSU_38590	GO:0005576	4	0.2	0
BSU_22560	GO:0015295	4	0.2	0
BSU_09390	GO:0005886	4	0.2	0
BSU_35600	GO:0055085	4	0.2	0
BSU_39700	GO:0071793	4	0.2	0
BSU_35560	GO:0055085	4	0.2	0
BSU_07350	GO:0071793	4	0.2	0
BSU_38590	GO:0016779	4	0.2	0
BSU_07060	GO:0016779	4	0.2	0
BSU_07060	GO:0005737	4	0.2	0
BSU_33620	GO:0055085	4	0.2	0
BSU_23390	GO:0055085	4	0.2	0
BSU_29630	GO:0071793	4	0.2	0
BSU_31230	GO:0015295	4	0.2	0
BSU_12220	GO:0071793	4	0.2	0
BSU_09780	GO:0005886	4	0.2	0
BSU_17930	GO:0015295	4	0.2	0
BSU_21450	GO:0005886	4	0.2	0
BSU_35320	GO:0006281	4	0.2	0
BSU_10050	GO:0055085	4	0.2	0
BSU_14580	GO:0009055	4	0.2	0
BSU_12830	GO:0015295	4	0.2	0
BSU_12900	GO:0015295	4	0.2	0
BSU_36510	GO:0015295	4	0.2	0
BSU_21450	GO:0071793	4	0.2	0
BSU_23490	GO:0006281	4	0.2	0
BSU_21480	GO:0005886	4	0.2	0
BSU_26710	GO:0055085	4	0.2	0
BSU_22640	GO:0006281	4	0.2	0
BSU_14510	GO:0015295	4	0.2	0
BSU_05720	GO:0071793	4	0.2	0
BSU_00430	GO:0005886	4	0.2	0
BSU_30510	GO:0005886	4	0.2	0
BSU_33620	GO:0005886	4	0.2	0
BSU_31050	GO:0006571	4	0.2	0
BSU_38590	GO:0000310	4	0.2	0
BSU_16520	GO:0005975	4	0.2	0
BSU_21660	GO:0043565	4	0.2	0
BSU_28250	GO:0005886	4	0.2	0
BSU_29930	GO:0016757	4	0.2	0
BSU_38450	GO:0043565	4	0.2	0
BSU_40010	GO:0016757	4	0.2	0
BSU_10560	GO:0043565	4	0.2	0
BSU_33510	GO:0003723	4	0.2	0
BSU_40220	GO:0043565	4	0.2	0
BSU_07220	GO:0043565	4	0.2	0
BSU_27340	GO:0016757	4	0.2	0
BSU_35910	GO:0043565	4	0.2	0
BSU_34060	GO:0043565	4	0.2	0
BSU_07060	GO:0009102	4	0.2	0
BSU_37460	GO:0009102	4	0.2	0
BSU_09330	GO:0043565	4	0.2	0
BSU_34250	GO:0016757	4	0.2	0
BSU_35290	GO:0003723	4	0.2	0
BSU_22640	GO:0003723	4	0.2	0
BSU_08300	GO:0043565	4	0.2	0
BSU_32870	GO:0043565	4	0.2	0
BSU_13670	GO:0043565	4	0.2	0
BSU_04090	GO:0005886	4	0.2	0
BSU_08390	GO:0003723	4	0.2	0
BSU_25860	GO:0006508	4	0.2	0
BSU_19000	GO:0006508	4	0.2	0
BSU_12830	GO:0016757	4	0.2	0
BSU_32560	GO:0043565	4	0.2	0
BSU_10040	GO:0006508	4	0.2	0
BSU_05640	GO:0006508	4	0.2	0
BSU_05930	GO:0003723	4	0.2	0
BSU_00540	GO:0003723	4	0.2	0
BSU_34060	GO:0003723	4	0.2	0
BSU_02370	GO:0043565	4	0.2	0
BSU_04050	GO:0005886	4	0.2	0
BSU_04100	GO:0005886	4	0.2	0
BSU_09330	GO:0003723	4	0.2	0
BSU_08370	GO:0005886	4	0.2	0
BSU_08300	GO:0003723	4	0.2	0
BSU_14230	GO:0003723	4	0.2	0
BSU_06839	GO:0003723	4	0.2	0
BSU_23490	GO:0003723	4	0.2	0
BSU_29630	GO:0043565	4	0.2	0
BSU_06760	GO:0003723	4	0.2	0
BSU_33800	GO:0008514	4	0.2	0
BSU_30280	GO:0008514	4	0.2	0
BSU_09750	GO:0043565	4	0.2	0
BSU_30410	GO:0008514	4	0.2	0
BSU_31570	GO:0008514	4	0.2	0
BSU_33700	GO:0008514	4	0.2	0
BSU_06760	GO:0043565	4	0.2	0
BSU_21680	GO:0006571	4	0.2	0
BSU_02330	GO:0006571	4	0.2	0
BSU_35950	GO:0008514	4	0.2	0
BSU_34230	GO:0016757	4	0.2	0
BSU_40010	GO:0005886	4	0.2	0
BSU_05420	GO:0043565	4	0.2	0
BSU_25770	GO:0005737	4	0.2	0
BSU_30490	GO:0003723	4	0.2	0
BSU_18010	GO:0006571	4	0.2	0
BSU_27340	GO:0005886	4	0.2	0
BSU_09340	GO:0006571	4	0.2	0
BSU_05820	GO:0000310	4	0.2	0
BSU_14230	GO:0006571	4	0.2	0
BSU_05420	GO:0003723	4	0.2	0
BSU_30290	GO:0008514	4	0.2	0
BSU_33480	GO:0006571	4	0.2	0
BSU_07350	GO:0006571	4	0.2	0
BSU_35320	GO:0003723	4	0.2	0
BSU_37890	GO:0016757	4	0.2	0
BSU_14440	GO:0003723	4	0.2	0
BSU_14440	GO:0006571	4	0.2	0
BSU_11890	GO:0003723	4	0.2	0
BSU_18560	GO:0006571	4	0.2	0
BSU_27060	GO:0000310	4	0.2	0
BSU_22560	GO:0006571	4	0.2	0
BSU_27320	GO:0043565	4	0.2	0
BSU_40010	GO:0043565	4	0.2	0
BSU_27010	GO:0006571	4	0.2	0
BSU_08470	GO:0003723	4	0.2	0
BSU_39700	GO:0006571	4	0.2	0
BSU_33400	GO:0006571	4	0.2	0
BSU_32510	GO:0006571	4	0.2	0
BSU_05920	GO:0003723	4	0.2	0
BSU_16500	GO:0004124	4	0.2	0
BSU_02820	GO:0004124	4	0.2	0
BSU_14140	GO:0005737	4	0.2	0
BSU_29400	GO:0019752	4	0.2	0
BSU_25770	GO:0042276	4	0.2	0
BSU_07060	GO:0004088	4	0.2	0
BSU_14580	GO:0005504	4	0.2	0
BSU_05420	GO:0003700	4	0.2	0
BSU_16980	GO:0003700	4	0.2	0
BSU_04690	GO:0004088	4	0.2	0
BSU_26720	GO:0019752	4	0.2	0
BSU_05930	GO:0015937	4	0.2	0
BSU_36110	GO:0019752	4	0.2	0
BSU_09750	GO:0003700	4	0.2	0
BSU_00540	GO:0015937	4	0.2	0
BSU_34060	GO:0015937	4	0.2	0
BSU_09330	GO:0015937	4	0.2	0
BSU_08300	GO:0015937	4	0.2	0
BSU_07060	GO:0005506	4	0.2	0
BSU_14230	GO:0015937	4	0.2	0
BSU_06839	GO:0015937	4	0.2	0
BSU_00860	GO:0004088	4	0.2	0
BSU_15900	GO:0006751	4	0.2	0
BSU_14920	GO:0004088	4	0.2	0
BSU_01670	GO:0000287	4	0.2	0
BSU_40160	GO:0006751	4	0.2	0
BSU_08470	GO:0003700	4	0.2	0
BSU_24720	GO:0006751	4	0.2	0
BSU_13730	GO:0016746	4	0.2	0
BSU_31990	GO:0003700	4	0.2	0
BSU_23580	GO:0005506	4	0.2	0
BSU_05490	GO:0016746	4	0.2	0
BSU_01670	GO:0006751	4	0.2	0
BSU_04430	GO:0016746	4	0.2	0
BSU_12900	GO:0006751	4	0.2	0
BSU_13640	GO:0005506	4	0.2	0
BSU_31060	GO:0016746	4	0.2	0
BSU_31050	GO:0016746	4	0.2	0
BSU_40190	GO:0005506	4	0.2	0
BSU_33000	GO:0006751	4	0.2	0
BSU_37840	GO:0016746	4	0.2	0
BSU_07060	GO:0005829	4	0.2	0
BSU_37420	GO:0005829	4	0.2	0
BSU_19620	GO:0006751	4	0.2	0
BSU_08390	GO:0015937	4	0.2	0
BSU_37460	GO:0005506	4	0.2	0
BSU_22480	GO:0019752	4	0.2	0
BSU_35030	GO:0005737	4	0.2	0
BSU_02600	GO:0005737	4	0.2	0
BSU_24730	GO:0030435	4	0.2	0
BSU_11890	GO:0015937	4	0.2	0
BSU_34630	GO:0005737	4	0.2	0
BSU_19570	GO:0005886	4	0.2	0
BSU_04100	GO:0005737	4	0.2	0
BSU_29400	GO:0005737	4	0.2	0
BSU_07150	GO:0005886	4	0.2	0
BSU_30290	GO:0030435	4	0.2	0
BSU_14580	GO:0004088	4	0.2	0
BSU_30280	GO:0030435	4	0.2	0
BSU_08470	GO:0015937	4	0.2	0
BSU_12370	GO:0005737	4	0.2	0
BSU_14140	GO:0005737	4	0.2	0
BSU_12870	GO:0005886	4	0.2	0
BSU_34380	GO:0005737	4	0.2	0
BSU_05920	GO:0015937	4	0.2	0
BSU_33060	GO:0030435	4	0.2	0
BSU_14440	GO:0015937	4	0.2	0
BSU_14920	GO:0030435	4	0.2	0
BSU_35320	GO:0015937	4	0.2	0
BSU_07060	GO:0006779	4	0.2	0
BSU_37470	GO:0006751	4	0.2	0
BSU_28500	GO:0019752	4	0.2	0
BSU_07060	GO:0042276	4	0.2	0
BSU_33510	GO:0015937	4	0.2	0
BSU_37420	GO:0042276	4	0.2	0
BSU_02600	GO:0006751	4	0.2	0
BSU_35320	GO:0019752	4	0.2	0
BSU_01470	GO:0030435	4	0.2	0
BSU_01670	GO:0005737	4	0.2	0
BSU_09830	GO:0019752	4	0.2	0
BSU_35290	GO:0015937	4	0.2	0
BSU_22640	GO:0015937	4	0.2	0
BSU_05920	GO:0019752	4	0.2	0
BSU_23490	GO:0015937	4	0.2	0
BSU_33060	GO:0071555	4	0.2	0
BSU_19000	GO:0005886	4	0.2	0
BSU_14920	GO:0071555	4	0.2	0
BSU_02600	GO:0005506	4	0.2	0
BSU_28820	GO:0016746	4	0.2	0
BSU_29860	GO:0016746	4	0.2	0
BSU_34530	GO:0000287	4	0.2	0
BSU_29300	GO:0005886	4	0.2	0
BSU_04090	GO:0000287	4	0.2	0
BSU_24730	GO:0004747	4	0.2	0
BSU_13640	GO:0000287	4	0.2	0
BSU_15350	GO:0000287	4	0.2	0
BSU_02820	GO:0051301	4	0.2	0
BSU_23580	GO:0051301	4	0.2	0
BSU_06770	GO:0005886	4	0.2	0
BSU_16500	GO:0051301	4	0.2	0
BSU_08390	GO:0016746	4	0.2	0
BSU_16520	GO:0051301	4	0.2	0
BSU_01650	GO:0000287	4	0.2	0
BSU_40220	GO:0000287	4	0.2	0
BSU_40220	GO:0003700	4	0.2	0
BSU_36110	GO:0003700	4	0.2	0
BSU_37420	GO:0005504	4	0.2	0
BSU_20340	GO:0051301	4	0.2	0
BSU_07060	GO:0005504	4	0.2	0
BSU_37470	GO:0051301	4	0.2	0
BSU_37460	GO:0051301	4	0.2	0
BSU_40190	GO:0000287	4	0.2	0
BSU_27340	GO:0004725	4	0.2	0
BSU_04340	GO:0046316	4	0.2	0
BSU_16500	GO:0051082	4	0.2	0
BSU_39700	GO:0004725	4	0.2	0
BSU_33510	GO:0016746	4	0.2	0
BSU_23580	GO:0000287	4	0.2	0
BSU_27060	GO:0051301	4	0.2	0
BSU_05000	GO:0000287	4	0.2	0
BSU_07350	GO:0004725	4	0.2	0
BSU_06770	GO:0000287	4	0.2	0
BSU_04090	GO:0005886	4	0.2	0
BSU_29490	GO:0004725	4	0.2	0
BSU_38270	GO:0016746	4	0.2	0
BSU_30970	GO:0005886	4	0.2	0
BSU_11890	GO:0004725	4	0.2	0
BSU_05920	GO:0051301	4	0.2	0
BSU_39720	GO:0004725	4	0.2	0
BSU_38590	GO:0051301	4	0.2	0
BSU_40010	GO:0051301	4	0.2	0
BSU_34230	GO:0016052	4	0.2	0
BSU_02820	GO:0006751	4	0.2	0
BSU_14580	GO:0000287	4	0.2	0
BSU_05820	GO:0000287	4	0.2	0
BSU_38590	GO:0000287	4	0.2	0
BSU_07060	GO:0000287	4	0.2	0
BSU_22480	GO:0016052	4	0.2	0
BSU_05920	GO:0000287	4	0.2	0
BSU_35320	GO:0000287	4	0.2	0
BSU_28250	GO:0016052	4	0.2	0
BSU_14580	GO:0016746	4	0.2	0
BSU_15900	GO:0000287	4	0.2	0
BSU_27980	GO:0005886	4	0.2	0
BSU_05820	GO:0016746	4	0.2	0
BSU_00450	GO:0003700	4	0.2	0
BSU_29570	GO:0003700	4	0.2	0
BSU_22680	GO:0016052	4	0.2	0
BSU_04250	GO:0003700	4	0.2	0
BSU_10240	GO:0016746	4	0.2	0
BSU_07060	GO:0019346	4	0.2	0
BSU_37460	GO:0006751	4	0.2	0
BSU_37740	GO:0016052	4	0.2	0
BSU_10810	GO:0000287	4	0.2	0
BSU_10730	GO:0000287	4	0.2	0
BSU_14920	GO:0000287	4	0.2	0
BSU_40170	GO:0016746	4	0.2	0
BSU_10340	GO:0000287	4	0.2	0
BSU_17920	GO:0000287	4	0.2	0
BSU_10040	GO:0005886	4	0.2	0
BSU_40170	GO:0016052	4	0.2	0
BSU_00540	GO:0016746	4	0.2	0
BSU_15350	GO:0016746	4	0.2	0
BSU_19950	GO:0003700	4	0.2	0
BSU_00430	GO:0000287	4	0.2	0
BSU_26720	GO:0003700	4	0.2	0
BSU_30280	GO:0000287	4	0.2	0
BSU_30290	GO:0000287	4	0.2	0
BSU_22980	GO:0000287	4	0.2	0
BSU_04050	GO:0000287	4	0.2	0
BSU_13470	GO:0003700	4	0.2	0
BSU_31670	GO:0000287	4	0.2	0
BSU_38800	GO:0000287	4	0.2	0
BSU_05420	GO:0015937	4	0.2	0
BSU_35810	GO:0030435	4	0.2	0
BSU_37470	GO:0015937	4	0.2	0
BSU_03620	GO:0030366	4	0.2	0
BSU_33080	GO:0004529	4	0.2	0
BSU_37460	GO:0006164	4	0.2	0
BSU_36110	GO:0030366	4	0.2	0
BSU_40190	GO:0016887	4	0.2	0
BSU_33790	GO:0004529	4	0.2	0
BSU_29010	GO:0030366	4	0.2	0
BSU_17110	GO:0030435	4	0.2	0
BSU_07350	GO:0016747	4	0.2	0
BSU_09340	GO:0030366	4	0.2	0
BSU_07830	GO:0030366	4	0.2	0
BSU_38310	GO:0030366	4	0.2	0
BSU_26720	GO:0030366	4	0.2	0
BSU_17160	GO:0030435	4	0.2	0
BSU_38590	GO:0006164	4	0.2	0
BSU_34380	GO:0004529	4	0.2	0
BSU_05820	GO:0006164	4	0.2	0
BSU_32770	GO:0030366	4	0.2	0
BSU_31670	GO:0030366	4	0.2	0
BSU_37470	GO:0006164	4	0.2	0
BSU_01470	GO:0016887	4	0.2	0
BSU_33060	GO:0009103	4	0.2	0
BSU_22480	GO:0030366	4	0.2	0
BSU_27980	GO:0016887	4	0.2	0
BSU_29400	GO:0004529	4	0.2	0
BSU_18310	GO:0030366	4	0.2	0
BSU_17930	GO:0016887	4	0.2	0
BSU_36600	GO:0004529	4	0.2	0
BSU_23580	GO:0006164	4	0.2	0
BSU_35030	GO:0004529	4	0.2	0
BSU_02820	GO:0006164	4	0.2	0
BSU_34250	GO:0030366	4	0.2	0
BSU_05920	GO:0030366	4	0.2	0
BSU_09830	GO:0030366	4	0.2	0
BSU_13670	GO:0004529	4	0.2	0
BSU_40050	GO:0004529	4	0.2	0
BSU_35320	GO:0030366	4	0.2	0
BSU_29490	GO:0016747	4	0.2	0
BSU_12370	GO:0004529	4	0.2	0
BSU_14140	GO:0004529	4	0.2	0
BSU_13640	GO:0005886	4	0.2	0
BSU_04250	GO:0030366	4	0.2	0
BSU_33080	GO:0005886	4	0.2	0
BSU_22980	GO:0000034	4	0.2	0
BSU_27060	GO:0006164	4	0.2	0
BSU_34060	GO:0030435	4	0.2	0
BSU_09330	GO:0030435	4	0.2	0
BSU_02600	GO:0005886	4	0.2	0
BSU_20340	GO:0004529	4	0.2	0
BSU_00430	GO:0000034	4	0.2	0
BSU_37460	GO:0005524	4	0.2	0
BSU_10940	GO:0000034	4	0.2	0
BSU_08300	GO:0030435	4	0.2	0
BSU_05490	GO:0030435	4	0.2	0
BSU_04050	GO:0000034	4	0.2	0
BSU_27980	GO:0005886	4	0.2	0
BSU_31670	GO:0000034	4	0.2	0
BSU_25770	GO:0004529	4	0.2	0
BSU_38800	GO:0000034	4	0.2	0
BSU_10730	GO:0000034	4	0.2	0
BSU_08470	GO:0046872	4	0.2	0
BSU_29300	GO:0004407	4	0.2	0
BSU_17920	GO:0000034	4	0.2	0
BSU_01670	GO:0005886	4	0.2	0
BSU_10340	GO:0000034	4	0.2	0
BSU_40220	GO:0000034	4	0.2	0
BSU_40010	GO:0005886	4	0.2	0
BSU_10340	GO:0030435	4	0.2	0
BSU_27170	GO:0004529	4	0.2	0
BSU_05000	GO:0000034	4	0.2	0
BSU_27340	GO:0005886	4	0.2	0
BSU_27170	GO:0005886	4	0.2	0
BSU_06770	GO:0000034	4	0.2	0
BSU_11890	GO:0005886	4	0.2	0
BSU_04090	GO:0000034	4	0.2	0
BSU_33510	GO:0005886	4	0.2	0
BSU_05930	GO:0030435	4	0.2	0
BSU_08390	GO:0000034	4	0.2	0
BSU_15350	GO:0000034	4	0.2	0
BSU_34530	GO:0000034	4	0.2	0
BSU_10240	GO:0000034	4	0.2	0
BSU_27060	GO:0005886	4	0.2	0
BSU_01650	GO:0000034	4	0.2	0
BSU_17110	GO:0030366	4	0.2	0
BSU_17110	GO:0016747	4	0.2	0
BSU_37840	GO:0005886	4	0.2	0
BSU_15350	GO:0005886	4	0.2	0
BSU_04090	GO:0005737	4	0.2	0
BSU_04690	GO:0042802	4	0.2	0
BSU_23580	GO:0006779	4	0.2	0
BSU_00860	GO:0042802	4	0.2	0
BSU_20340	GO:0006779	4	0.2	0
BSU_32940	GO:0005737	4	0.2	0
BSU_03820	GO:0005737	4	0.2	0
BSU_10240	GO:0005886	4	0.2	0
BSU_12900	GO:0016301	4	0.2	0
BSU_08840	GO:0016301	4	0.2	0
BSU_00540	GO:0005886	4	0.2	0
BSU_30990	GO:0016301	4	0.2	0
BSU_40170	GO:0005886	4	0.2	0
BSU_08390	GO:0005886	4	0.2	0
BSU_29300	GO:0005737	4	0.2	0
BSU_33510	GO:0005886	4	0.2	0
BSU_34670	GO:0005886	4	0.2	0
BSU_30690	GO:0005886	4	0.2	0
BSU_29860	GO:0005886	4	0.2	0
BSU_28820	GO:0005886	4	0.2	0
BSU_14510	GO:0016301	4	0.2	0
BSU_17930	GO:0016301	4	0.2	0
BSU_27170	GO:0005737	4	0.2	0
BSU_31050	GO:0005886	4	0.2	0
BSU_24710	GO:0006779	4	0.2	0
BSU_31060	GO:0005886	4	0.2	0
BSU_24720	GO:0016301	4	0.2	0
BSU_24710	GO:0016301	4	0.2	0
BSU_37420	GO:0071555	4	0.2	0
BSU_04690	GO:0009103	4	0.2	0
BSU_25770	GO:0005737	4	0.2	0
BSU_04430	GO:0005886	4	0.2	0
BSU_22560	GO:0016301	4	0.2	0
BSU_05490	GO:0005886	4	0.2	0
BSU_00860	GO:0009103	4	0.2	0
BSU_23130	GO:0016301	4	0.2	0
BSU_10040	GO:0005737	4	0.2	0
BSU_13730	GO:0005886	4	0.2	0
BSU_16500	GO:0006779	4	0.2	0
BSU_27010	GO:0005886	4	0.2	0
BSU_07490	GO:0005737	4	0.2	0
BSU_07820	GO:0004529	4	0.2	0
BSU_35190	GO:0030366	4	0.2	0
BSU_28110	GO:0005886	4	0.2	0
BSU_05930	GO:0016747	4	0.2	0
BSU_23410	GO:0016747	4	0.2	0
BSU_30410	GO:0016887	4	0.2	0
BSU_30280	GO:0016887	4	0.2	0
BSU_19620	GO:0016301	4	0.2	0
BSU_30290	GO:0016887	4	0.2	0
BSU_09830	GO:0005886	4	0.2	0
BSU_27980	GO:0016301	4	0.2	0
BSU_06770	GO:0005737	4	0.2	0
BSU_07060	GO:0044550	4	0.2	0
BSU_09330	GO:0005886	4	0.2	0
BSU_14920	GO:0009103	4	0.2	0
BSU_16520	GO:0006164	4	0.2	0
BSU_04100	GO:0004529	4	0.2	0
BSU_34990	GO:0030366	4	0.2	0
BSU_24720	GO:0016887	4	0.2	0
BSU_16500	GO:0006164	4	0.2	0
BSU_14310	GO:0030366	4	0.2	0
BSU_01470	GO:0016301	4	0.2	0
BSU_33700	GO:0016887	4	0.2	0
BSU_33800	GO:0016887	4	0.2	0
BSU_21450	GO:0005886	4	0.2	0
BSU_21480	GO:0005886	4	0.2	0
BSU_14450	GO:0005886	4	0.2	0
BSU_07490	GO:0016301	4	0.2	0
BSU_05420	GO:0005886	4	0.2	0
BSU_22680	GO:0005886	4	0.2	0
BSU_04340	GO:0005886	4	0.2	0
BSU_08300	GO:0005886	4	0.2	0
BSU_33790	GO:0005886	4	0.2	0
BSU_40840	GO:0016301	4	0.2	0
BSU_10040	GO:0005886	4	0.2	0
BSU_33000	GO:0016301	4	0.2	0
BSU_35320	GO:0005886	4	0.2	0
BSU_34800	GO:0005886	4	0.2	0
BSU_08390	GO:0005886	4	0.2	0
BSU_35950	GO:0016887	4	0.2	0
BSU_35810	GO:0016887	4	0.2	0
BSU_02600	GO:0000287	4	0.2	0
BSU_28110	GO:0000287	4	0.2	0
BSU_37460	GO:0004124	4	0.2	0
BSU_04100	GO:0000976	4	0.2	0
BSU_04770	GO:0005737	4	0.2	0
BSU_04090	GO:0005886	4	0.2	0
BSU_35030	GO:0000976	4	0.2	0
BSU_36600	GO:0000976	4	0.2	0
BSU_34630	GO:0005737	4	0.2	0
BSU_29400	GO:0000976	4	0.2	0
BSU_15470	GO:0140098	4	0.2	0
BSU_07820	GO:0000976	4	0.2	0
BSU_05820	GO:0000156	4	0.2	0
BSU_40050	GO:0000976	4	0.2	0
BSU_05420	GO:0016740	4	0.2	0
BSU_25810	GO:0000976	4	0.2	0
BSU_28250	GO:0005886	4	0.2	0
BSU_38590	GO:0000156	4	0.2	0
BSU_05920	GO:0016740	4	0.2	0
BSU_19620	GO:0005737	4	0.2	0
BSU_31990	GO:0140098	4	0.2	0
BSU_13640	GO:0005886	4	0.2	0
BSU_13670	GO:0000976	4	0.2	0
BSU_37460	GO:0016740	4	0.2	0
BSU_29630	GO:0004725	4	0.2	0
BSU_04100	GO:0005737	4	0.2	0
BSU_29400	GO:0005737	4	0.2	0
BSU_26720	GO:0005737	4	0.2	0
BSU_02820	GO:0016740	4	0.2	0
BSU_20340	GO:0032259	4	0.2	0
BSU_07490	GO:0016020	4	0.2	0
BSU_37650	GO:0005737	4	0.2	0
BSU_07820	GO:0005737	4	0.2	0
BSU_34380	GO:0000976	4	0.2	0
BSU_02820	GO:0005886	4	0.2	0
BSU_37470	GO:0016740	4	0.2	0
BSU_25810	GO:0005737	4	0.2	0
BSU_33790	GO:0000976	4	0.2	0
BSU_34170	GO:0005737	4	0.2	0
BSU_33080	GO:0000976	4	0.2	0
BSU_39340	GO:0140098	4	0.2	0
BSU_04050	GO:0005886	4	0.2	0
BSU_04100	GO:0005886	4	0.2	0
BSU_08370	GO:0005886	4	0.2	0
BSU_16500	GO:0000156	4	0.2	0
BSU_16520	GO:0000156	4	0.2	0
BSU_16520	GO:0000976	4	0.2	0
BSU_21480	GO:0005886	4	0.2	0
BSU_08470	GO:0005886	4	0.2	0
BSU_05420	GO:0009435	4	0.2	0
BSU_05920	GO:0009435	4	0.2	0
BSU_01670	GO:0005886	4	0.2	0
BSU_04340	GO:0005886	4	0.2	0
BSU_10520	GO:0016787	4	0.2	0
BSU_21450	GO:0005886	4	0.2	0
BSU_33260	GO:0050845	4	0.2	0
BSU_11890	GO:0016740	4	0.2	0
BSU_16500	GO:0000976	4	0.2	0
BSU_05820	GO:0008168	4	0.2	0
BSU_27060	GO:0016740	4	0.2	0
BSU_38590	GO:0008168	4	0.2	0
BSU_09780	GO:0005886	4	0.2	0
BSU_33080	GO:0006281	4	0.2	0
BSU_12370	GO:0006281	4	0.2	0
BSU_27980	GO:0005886	4	0.2	0
BSU_27060	GO:0009435	4	0.2	0
BSU_14450	GO:0005886	4	0.2	0
BSU_37460	GO:0009435	4	0.2	0
BSU_37470	GO:0009435	4	0.2	0
BSU_02600	GO:0005886	4	0.2	0
BSU_40010	GO:0005886	4	0.2	0
BSU_23580	GO:0000976	4	0.2	0
BSU_27340	GO:0005886	4	0.2	0
BSU_27170	GO:0005886	4	0.2	0
BSU_04690	GO:0140581	4	0.2	0
BSU_33080	GO:0000156	4	0.2	0
BSU_16520	GO:0009435	4	0.2	0
BSU_16500	GO:0009435	4	0.2	0
BSU_05920	GO:0140098	4	0.2	0
BSU_27060	GO:0008168	4	0.2	0
BSU_23580	GO:0009435	4	0.2	0
BSU_02820	GO:0009435	4	0.2	0
BSU_33510	GO:0005886	4	0.2	0
BSU_00860	GO:0140581	4	0.2	0
BSU_00210	GO:0140581	4	0.2	0
BSU_37420	GO:0140581	4	0.2	0
BSU_25770	GO:0006281	4	0.2	0
BSU_23580	GO:0016740	4	0.2	0
BSU_35030	GO:0005737	4	0.2	0
BSU_32560	GO:0005737	4	0.2	0
BSU_15350	GO:0046677	4	0.2	0
BSU_15900	GO:0009361	4	0.2	0
BSU_16500	GO:0009361	4	0.2	0
BSU_16520	GO:0009361	4	0.2	0
BSU_10240	GO:0046677	4	0.2	0
BSU_00540	GO:0045454	4	0.2	0
BSU_34060	GO:0045454	4	0.2	0
BSU_34530	GO:0046677	4	0.2	0
BSU_09330	GO:0045454	4	0.2	0
BSU_28500	GO:0009361	4	0.2	0
BSU_35290	GO:0045454	4	0.2	0
BSU_08300	GO:0045454	4	0.2	0
BSU_08390	GO:0046677	4	0.2	0
BSU_14230	GO:0045454	4	0.2	0
BSU_06839	GO:0045454	4	0.2	0
BSU_15900	GO:0003924	4	0.2	0
BSU_08390	GO:0045454	4	0.2	0
BSU_33510	GO:0045454	4	0.2	0
BSU_14580	GO:0003924	4	0.2	0
BSU_01650	GO:0046677	4	0.2	0
BSU_40220	GO:0046677	4	0.2	0
BSU_05930	GO:0045454	4	0.2	0
BSU_14580	GO:0009361	4	0.2	0
BSU_23130	GO:0006779	4	0.2	0
BSU_10810	GO:0046677	4	0.2	0
BSU_22560	GO:0006779	4	0.2	0
BSU_22940	GO:0006779	4	0.2	0
BSU_10560	GO:0005737	4	0.2	0
BSU_10730	GO:0046677	4	0.2	0
BSU_12370	GO:0005737	4	0.2	0
BSU_38800	GO:0046677	4	0.2	0
BSU_31670	GO:0046677	4	0.2	0
BSU_24710	GO:0006779	4	0.2	0
BSU_04050	GO:0046677	4	0.2	0
BSU_22980	GO:0046677	4	0.2	0
BSU_10940	GO:0046677	4	0.2	0
BSU_00430	GO:0046677	4	0.2	0
BSU_28450	GO:0006779	4	0.2	0
BSU_17920	GO:0046677	4	0.2	0
BSU_10340	GO:0046677	4	0.2	0
BSU_05000	GO:0046677	4	0.2	0
BSU_22640	GO:0045454	4	0.2	0
BSU_29650	GO:0016787	4	0.2	0
BSU_30290	GO:0003924	4	0.2	0
BSU_03620	GO:0045454	4	0.2	0
BSU_10050	GO:0016787	4	0.2	0
BSU_09860	GO:0016787	4	0.2	0
BSU_27060	GO:0003677	4	0.2	0
BSU_29010	GO:0045454	4	0.2	0
BSU_36110	GO:0045454	4	0.2	0
BSU_16500	GO:0032259	4	0.2	0
BSU_22480	GO:0045454	4	0.2	0
BSU_16520	GO:0032259	4	0.2	0
BSU_23490	GO:0045454	4	0.2	0
BSU_25770	GO:0000976	4	0.2	0
BSU_09830	GO:0045454	4	0.2	0
BSU_05920	GO:0045454	4	0.2	0
BSU_40050	GO:0005737	4	0.2	0
BSU_13670	GO:0005737	4	0.2	0
BSU_36110	GO:0005737	4	0.2	0
BSU_02370	GO:0005737	4	0.2	0
BSU_07490	GO:0140098	4	0.2	0
BSU_14920	GO:0003924	4	0.2	0
BSU_09340	GO:0045454	4	0.2	0
BSU_38310	GO:0045454	4	0.2	0
BSU_26720	GO:0045454	4	0.2	0
BSU_28500	GO:0003677	4	0.2	0
BSU_30990	GO:0016020	4	0.2	0
BSU_14440	GO:0045454	4	0.2	0
BSU_11890	GO:0045454	4	0.2	0
BSU_08470	GO:0045454	4	0.2	0
BSU_05420	GO:0045454	4	0.2	0
BSU_05820	GO:0032259	4	0.2	0
BSU_04250	GO:0045454	4	0.2	0
BSU_38590	GO:0032259	4	0.2	0
BSU_38590	GO:0003677	4	0.2	0
BSU_07830	GO:0045454	4	0.2	0
BSU_31670	GO:0045454	4	0.2	0
BSU_16520	GO:0016740	4	0.2	0
BSU_07060	GO:0003924	4	0.2	0
BSU_16500	GO:0016740	4	0.2	0
BSU_38590	GO:0003924	4	0.2	0
BSU_05820	GO:0003924	4	0.2	0
BSU_34990	GO:0050845	4	0.2	0
BSU_38270	GO:0050845	4	0.2	0
BSU_37460	GO:0003700	4	0.2	0
BSU_14580	GO:0042126	4	0.2	0
BSU_12830	GO:0050845	4	0.2	0
BSU_22680	GO:0016746	4	0.2	0
BSU_21780	GO:0003700	4	0.2	0
BSU_08300	GO:0003700	4	0.2	0
BSU_09330	GO:0003700	4	0.2	0
BSU_34060	GO:0003700	4	0.2	0
BSU_28500	GO:0042823	4	0.2	0
BSU_04340	GO:0016746	4	0.2	0
BSU_08840	GO:0050845	4	0.2	0
BSU_27320	GO:0003700	4	0.2	0
BSU_14580	GO:0005778	4	0.2	0
BSU_14450	GO:0016746	4	0.2	0
BSU_00860	GO:0005778	4	0.2	0
BSU_04690	GO:0004527	4	0.2	0
BSU_06760	GO:0003700	4	0.2	0
BSU_09750	GO:0003700	4	0.2	0
BSU_04690	GO:0006284	4	0.2	0
BSU_00860	GO:0004527	4	0.2	0
BSU_05420	GO:0003700	4	0.2	0
BSU_36510	GO:0050845	4	0.2	0
BSU_14510	GO:0050845	4	0.2	0
BSU_24060	GO:0004527	4	0.2	0
BSU_33080	GO:0003700	4	0.2	0
BSU_15900	GO:0042823	4	0.2	0
BSU_08840	GO:0005829	4	0.2	0
BSU_16500	GO:0042823	4	0.2	0
BSU_16520	GO:0042823	4	0.2	0
BSU_07350	GO:0005829	4	0.2	0
BSU_29300	GO:0005829	4	0.2	0
BSU_27320	GO:0003700	4	0.2	0
BSU_33400	GO:0005829	4	0.2	0
BSU_16520	GO:0005829	4	0.2	0
BSU_34040	GO:0005829	4	0.2	0
BSU_31990	GO:0005829	4	0.2	0
BSU_07060	GO:0008705	4	0.2	0
BSU_37420	GO:0008705	4	0.2	0
BSU_00210	GO:0004527	4	0.2	0
BSU_14580	GO:0008705	4	0.2	0
BSU_37470	GO:0005829	4	0.2	0
BSU_27010	GO:0016746	4	0.2	0
BSU_04690	GO:0005778	4	0.2	0
BSU_29490	GO:0005829	4	0.2	0
BSU_15900	GO:0006418	4	0.2	0
BSU_00210	GO:0006284	4	0.2	0
BSU_29400	GO:0005524	4	0.2	0
BSU_28500	GO:0006418	4	0.2	0
BSU_27060	GO:0051082	4	0.2	0
BSU_34230	GO:0046316	4	0.2	0
BSU_16520	GO:0006418	4	0.2	0
BSU_16500	GO:0006418	4	0.2	0
BSU_37890	GO:0046316	4	0.2	0
BSU_05820	GO:0051082	4	0.2	0
BSU_28450	GO:0016746	4	0.2	0
BSU_12360	GO:0004725	4	0.2	0
BSU_38590	GO:0051082	4	0.2	0
BSU_40170	GO:0046316	4	0.2	0
BSU_28900	GO:0004725	4	0.2	0
BSU_16520	GO:0051082	4	0.2	0
BSU_07060	GO:0006418	4	0.2	0
BSU_37460	GO:0006418	4	0.2	0
BSU_35910	GO:0004725	4	0.2	0
BSU_28500	GO:0005524	4	0.2	0
BSU_15900	GO:0005524	4	0.2	0
BSU_24060	GO:0006284	4	0.2	0
BSU_35090	GO:0004725	4	0.2	0
BSU_30690	GO:0016746	4	0.2	0
BSU_07060	GO:0042126	4	0.2	0
BSU_37420	GO:0042126	4	0.2	0
BSU_00860	GO:0006284	4	0.2	0
BSU_21660	GO:0003700	4	0.2	0
BSU_14920	GO:0005778	4	0.2	0
BSU_38970	GO:0004725	4	0.2	0
BSU_39740	GO:0046316	4	0.2	0
BSU_39000	GO:0004725	4	0.2	0
BSU_40040	GO:0046316	4	0.2	0
BSU_27760	GO:0004725	4	0.2	0
BSU_22110	GO:0046316	4	0.2	0
BSU_34670	GO:0016746	4	0.2	0
BSU_35050	GO:0004725	4	0.2	0
BSU_18010	GO:0004725	4	0.2	0
BSU_07060	GO:0005886	4	0.2	0
BSU_22110	GO:0004725	4	0.2	0
BSU_27320	GO:0005829	4	0.2	0
BSU_08300	GO:0003700	4	0.2	0
BSU_37470	GO:0003700	4	0.2	0
BSU_07490	GO:0003677	4	0.2	0
BSU_01670	GO:0005829	4	0.2	0
BSU_02600	GO:0005829	4	0.2	0
BSU_37460	GO:0005198	4	0.2	0
BSU_37470	GO:0005198	4	0.2	0
BSU_09830	GO:0006338	4	0.2	0
BSU_31990	GO:0005198	4	0.2	0
BSU_34040	GO:0005198	4	0.2	0
BSU_06770	GO:0003677	4	0.2	0
BSU_05820	GO:0032259	4	0.2	0
BSU_40190	GO:0006338	4	0.2	0
BSU_23580	GO:0005829	4	0.2	0
BSU_23580	GO:0003700	4	0.2	0
BSU_29300	GO:0003677	4	0.2	0
BSU_30370	GO:0050845	4	0.2	0
BSU_16500	GO:0003700	4	0.2	0
BSU_28450	GO:0050845	4	0.2	0
BSU_35190	GO:0003677	4	0.2	0
BSU_40190	GO:0005829	4	0.2	0
BSU_02820	GO:0003700	4	0.2	0
BSU_23580	GO:0006338	4	0.2	0
BSU_23490	GO:0016740	4	0.2	0
BSU_33000	GO:0005515	4	0.2	0
BSU_19580	GO:0016787	4	0.2	0
BSU_35320	GO:0016740	4	0.2	0
BSU_33480	GO:0050845	4	0.2	0
BSU_35320	GO:0009435	4	0.2	0
BSU_29400	GO:0006281	4	0.2	0
BSU_16500	GO:0008168	4	0.2	0
BSU_01470	GO:0005515	4	0.2	0
BSU_32880	GO:0016787	4	0.2	0
BSU_02820	GO:0003677	4	0.2	0
BSU_16520	GO:0008168	4	0.2	0
BSU_06770	GO:0006338	4	0.2	0
BSU_01670	GO:0006338	4	0.2	0
BSU_02600	GO:0006338	4	0.2	0
BSU_21780	GO:0003677	4	0.2	0
BSU_12900	GO:0005515	4	0.2	0
BSU_40160	GO:0003677	4	0.2	0
BSU_07060	GO:0006281	4	0.2	0
BSU_28500	GO:0016491	4	0.2	0
BSU_30970	GO:0003677	4	0.2	0
BSU_39720	GO:0005829	4	0.2	0
BSU_02600	GO:0005515	4	0.2	0
BSU_31990	GO:0016491	4	0.2	0
BSU_28250	GO:0005829	4	0.2	0
BSU_30690	GO:0005829	4	0.2	0
BSU_34670	GO:0005829	4	0.2	0
BSU_25770	GO:0005515	4	0.2	0
BSU_37470	GO:0016491	4	0.2	0
BSU_37460	GO:0016491	4	0.2	0
BSU_13730	GO:0005829	4	0.2	0
BSU_26720	GO:0003700	4	0.2	0
BSU_16520	GO:0003700	4	0.2	0
BSU_17160	GO:0005829	4	0.2	0
BSU_36110	GO:0003700	4	0.2	0
BSU_37740	GO:0005829	4	0.2	0
BSU_38590	GO:0016491	4	0.2	0
BSU_21660	GO:0003700	4	0.2	0
BSU_18220	GO:0005829	4	0.2	0
BSU_09330	GO:0003700	4	0.2	0
BSU_31230	GO:0050845	4	0.2	0
BSU_34040	GO:0016491	4	0.2	0
BSU_22640	GO:0005829	4	0.2	0
BSU_07060	GO:0042823	4	0.2	0
BSU_34530	GO:0006338	4	0.2	0
BSU_03820	GO:0003677	4	0.2	0
BSU_15900	GO:0005198	4	0.2	0
BSU_04090	GO:0003677	4	0.2	0
BSU_16520	GO:0016491	4	0.2	0
BSU_16500	GO:0005198	4	0.2	0
BSU_16520	GO:0005198	4	0.2	0
BSU_16500	GO:0016491	4	0.2	0
BSU_12370	GO:0005515	4	0.2	0
BSU_15900	GO:0016491	4	0.2	0
BSU_22940	GO:0050845	4	0.2	0
BSU_10040	GO:0003677	4	0.2	0
BSU_13640	GO:0005829	4	0.2	0
BSU_22680	GO:0005829	4	0.2	0
BSU_28500	GO:0005198	4	0.2	0
BSU_04090	GO:0006338	4	0.2	0
BSU_13640	GO:0006338	4	0.2	0
BSU_38590	GO:0042823	4	0.2	0
BSU_14230	GO:0030435	4	0.2	0
BSU_27060	GO:0006072	4	0.2	0
BSU_00210	GO:0005829	4	0.2	0
BSU_22110	GO:0016747	4	0.2	0
BSU_10560	GO:0043200	4	0.2	0
BSU_17930	GO:0071555	4	0.2	0
BSU_40220	GO:0043200	4	0.2	0
BSU_07220	GO:0043200	4	0.2	0
BSU_14140	GO:0043200	4	0.2	0
BSU_21660	GO:0043200	4	0.2	0
BSU_40840	GO:0015727	4	0.2	0
BSU_34060	GO:0043200	4	0.2	0
BSU_29010	GO:0046677	4	0.2	0
BSU_35090	GO:0016747	4	0.2	0
BSU_09330	GO:0043200	4	0.2	0
BSU_08300	GO:0043200	4	0.2	0
BSU_33790	GO:0043200	4	0.2	0
BSU_30990	GO:0008961	4	0.2	0
BSU_35910	GO:0043200	4	0.2	0
BSU_29630	GO:0043200	4	0.2	0
BSU_07490	GO:0015727	4	0.2	0
BSU_18010	GO:0016747	4	0.2	0
BSU_02320	GO:0043200	4	0.2	0
BSU_27980	GO:0071555	4	0.2	0
BSU_29490	GO:0016783	4	0.2	0
BSU_35030	GO:0043200	4	0.2	0
BSU_16810	GO:0043200	4	0.2	0
BSU_31230	GO:0005524	4	0.2	0
BSU_38310	GO:0043200	4	0.2	0
BSU_01470	GO:0008531	4	0.2	0
BSU_19950	GO:0043200	4	0.2	0
BSU_35050	GO:0043200	4	0.2	0
BSU_03620	GO:0043200	4	0.2	0
BSU_27060	GO:0004124	4	0.2	0
BSU_24720	GO:0071555	4	0.2	0
BSU_38450	GO:0043200	4	0.2	0
BSU_24730	GO:0003677	4	0.2	0
BSU_32560	GO:0043200	4	0.2	0
BSU_08840	GO:0005524	4	0.2	0
BSU_19620	GO:0015727	4	0.2	0
BSU_02370	GO:0043200	4	0.2	0
BSU_13670	GO:0043200	4	0.2	0
BSU_40050	GO:0043200	4	0.2	0
BSU_32870	GO:0043200	4	0.2	0
BSU_34380	GO:0043200	4	0.2	0
BSU_08840	GO:0015727	4	0.2	0
BSU_27320	GO:0043200	4	0.2	0
BSU_33510	GO:0017000	4	0.2	0
BSU_24710	GO:0015727	4	0.2	0
BSU_09330	GO:0017000	4	0.2	0
BSU_08300	GO:0017000	4	0.2	0
BSU_28450	GO:0015727	4	0.2	0
BSU_14230	GO:0017000	4	0.2	0
BSU_06839	GO:0017000	4	0.2	0
BSU_08390	GO:0017000	4	0.2	0
BSU_36510	GO:0008961	4	0.2	0
BSU_08840	GO:0020037	4	0.2	0
BSU_30990	GO:0015727	4	0.2	0
BSU_14510	GO:0008961	4	0.2	0
BSU_01470	GO:0071555	4	0.2	0
BSU_35290	GO:0017000	4	0.2	0
BSU_27760	GO:0016747	4	0.2	0
BSU_39000	GO:0016747	4	0.2	0
BSU_22640	GO:0017000	4	0.2	0
BSU_23490	GO:0017000	4	0.2	0
BSU_30990	GO:0020037	4	0.2	0
BSU_34060	GO:0017000	4	0.2	0
BSU_00540	GO:0017000	4	0.2	0
BSU_12830	GO:0008961	4	0.2	0
BSU_05930	GO:0017000	4	0.2	0
BSU_27170	GO:0043200	4	0.2	0
BSU_40010	GO:0043200	4	0.2	0
BSU_12830	GO:0015727	4	0.2	0
BSU_12900	GO:0015727	4	0.2	0
BSU_32940	GO:0003677	4	0.2	0
BSU_36510	GO:0015727	4	0.2	0
BSU_14510	GO:0015727	4	0.2	0
BSU_09750	GO:0043200	4	0.2	0
BSU_17930	GO:0015727	4	0.2	0
BSU_06760	GO:0043200	4	0.2	0
BSU_40840	GO:0071555	4	0.2	0
BSU_35050	GO:0016747	4	0.2	0
BSU_31230	GO:0015727	4	0.2	0
BSU_23130	GO:0015727	4	0.2	0
BSU_22560	GO:0015727	4	0.2	0
BSU_22940	GO:0015727	4	0.2	0
BSU_05420	GO:0043200	4	0.2	0
BSU_37650	GO:0043200	4	0.2	0
BSU_13470	GO:0043200	4	0.2	0
BSU_30290	GO:0071555	4	0.2	0
BSU_12830	GO:0006826	4	0.2	0
BSU_04250	GO:0016491	4	0.2	0
BSU_22940	GO:0006826	4	0.2	0
BSU_22560	GO:0006826	4	0.2	0
BSU_23130	GO:0006826	4	0.2	0
BSU_31230	GO:0006826	4	0.2	0
BSU_17930	GO:0006826	4	0.2	0
BSU_14510	GO:0006826	4	0.2	0
BSU_36510	GO:0006826	4	0.2	0
BSU_30990	GO:0006826	4	0.2	0
BSU_28450	GO:0016705	4	0.2	0
BSU_08840	GO:0006826	4	0.2	0
BSU_23490	GO:0046872	4	0.2	0
BSU_22680	GO:0016836	4	0.2	0
BSU_40840	GO:0006826	4	0.2	0
BSU_35190	GO:0016491	4	0.2	0
BSU_32220	GO:0016491	4	0.2	0
BSU_34670	GO:0016705	4	0.2	0
BSU_30690	GO:0016705	4	0.2	0
BSU_31670	GO:0016491	4	0.2	0
BSU_32770	GO:0016491	4	0.2	0
BSU_28450	GO:0006826	4	0.2	0
BSU_30370	GO:0006826	4	0.2	0
BSU_28250	GO:0003933	4	0.2	0
BSU_07060	GO:0016151	4	0.2	0
BSU_34250	GO:0008961	4	0.2	0
BSU_22480	GO:0003824	4	0.2	0
BSU_35950	GO:0003933	4	0.2	0
BSU_19620	GO:0008961	4	0.2	0
BSU_35950	GO:0006826	4	0.2	0
BSU_33480	GO:0006826	4	0.2	0
BSU_29630	GO:0003933	4	0.2	0
BSU_35910	GO:0003933	4	0.2	0
BSU_31570	GO:0006826	4	0.2	0
BSU_28900	GO:0003933	4	0.2	0
BSU_34670	GO:0003824	4	0.2	0
BSU_30690	GO:0003824	4	0.2	0
BSU_12360	GO:0003933	4	0.2	0
BSU_35190	GO:0046872	4	0.2	0
BSU_29010	GO:0016491	4	0.2	0
BSU_34040	GO:0016705	4	0.2	0
BSU_28250	GO:0016836	4	0.2	0
BSU_08370	GO:0043200	4	0.2	0
BSU_09750	GO:0005524	4	0.2	0
BSU_22680	GO:0016705	4	0.2	0
BSU_07490	GO:0008961	4	0.2	0
BSU_11890	GO:0005524	4	0.2	0
BSU_32220	GO:0016705	4	0.2	0
BSU_23040	GO:0016705	4	0.2	0
BSU_36930	GO:0005524	4	0.2	0
BSU_30990	GO:0008531	4	0.2	0
BSU_08840	GO:0008961	4	0.2	0
BSU_29570	GO:0043200	4	0.2	0
BSU_27010	GO:0016705	4	0.2	0
BSU_37550	GO:0043200	4	0.2	0
BSU_40870	GO:0043200	4	0.2	0
BSU_30410	GO:0071555	4	0.2	0
BSU_04100	GO:0043200	4	0.2	0
BSU_05640	GO:0043200	4	0.2	0
BSU_00450	GO:0043200	4	0.2	0
BSU_07820	GO:0043200	4	0.2	0
BSU_30280	GO:0071555	4	0.2	0
BSU_33510	GO:0005524	4	0.2	0
BSU_22680	GO:0003824	4	0.2	0
BSU_21450	GO:0005524	4	0.2	0
BSU_21480	GO:0005524	4	0.2	0
BSU_22480	GO:0016836	4	0.2	0
BSU_22560	GO:0016705	4	0.2	0
BSU_00860	GO:0006508	4	0.2	0
BSU_37740	GO:0016836	4	0.2	0
BSU_04690	GO:0006508	4	0.2	0
BSU_14450	GO:0016705	4	0.2	0
BSU_40840	GO:0008961	4	0.2	0
BSU_30850	GO:0005524	4	0.2	0
BSU_22640	GO:0003824	4	0.2	0
BSU_37840	GO:0005524	4	0.2	0
BSU_27320	GO:0005524	4	0.2	0
BSU_00540	GO:0005524	4	0.2	0
BSU_05920	GO:0005524	4	0.2	0
BSU_14310	GO:0005524	4	0.2	0
BSU_04340	GO:0016705	4	0.2	0
BSU_37460	GO:0016705	4	0.2	0
BSU_40170	GO:0016836	4	0.2	0
BSU_38970	GO:0016747	4	0.2	0
BSU_29300	GO:0016597	4	0.2	0
BSU_12830	GO:0020037	4	0.2	0
BSU_31990	GO:0008881	4	0.2	0
BSU_23490	GO:0003677	4	0.2	0
BSU_33320	GO:0016020	4	0.2	0
BSU_23130	GO:0003677	4	0.2	0
BSU_31620	GO:0016020	4	0.2	0
BSU_07060	GO:0006979	4	0.2	0
BSU_37460	GO:0006979	4	0.2	0
BSU_14580	GO:0046872	4	0.2	0
BSU_05920	GO:0016740	4	0.2	0
BSU_29490	GO:0016740	4	0.2	0
BSU_37460	GO:0003677	4	0.2	0
BSU_22680	GO:0016740	4	0.2	0
BSU_23040	GO:0004497	4	0.2	0
BSU_24710	GO:0016020	4	0.2	0
BSU_14310	GO:0016740	4	0.2	0
BSU_10340	GO:0016740	4	0.2	0
BSU_22560	GO:0016020	4	0.2	0
BSU_23130	GO:0004497	4	0.2	0
BSU_09830	GO:0016740	4	0.2	0
BSU_22560	GO:0003677	4	0.2	0
BSU_39610	GO:0016020	4	0.2	0
BSU_03820	GO:0016020	4	0.2	0
BSU_03830	GO:0016020	4	0.2	0
BSU_01670	GO:0008881	4	0.2	0
BSU_02600	GO:0008881	4	0.2	0
BSU_37470	GO:0005524	4	0.2	0
BSU_02820	GO:0005524	4	0.2	0
BSU_23580	GO:0005524	4	0.2	0
BSU_34800	GO:0008881	4	0.2	0
BSU_14450	GO:0015293	4	0.2	0
BSU_16500	GO:0005524	4	0.2	0
BSU_16520	GO:0005524	4	0.2	0
BSU_05930	GO:0016740	4	0.2	0
BSU_35630	GO:0008881	4	0.2	0
BSU_40160	GO:0016020	4	0.2	0
BSU_23410	GO:0016740	4	0.2	0
BSU_05820	GO:0005524	4	0.2	0
BSU_32940	GO:0016020	4	0.2	0
BSU_28250	GO:0003677	4	0.2	0
BSU_39700	GO:0003677	4	0.2	0
BSU_29490	GO:0008881	4	0.2	0
BSU_37470	GO:0003677	4	0.2	0
BSU_27060	GO:0008311	4	0.2	0
BSU_13470	GO:0006355	4	0.2	0
BSU_26720	GO:0016740	4	0.2	0
BSU_21660	GO:0006355	4	0.2	0
BSU_40220	GO:0006355	4	0.2	0
BSU_32770	GO:0016740	4	0.2	0
BSU_31670	GO:0016740	4	0.2	0
BSU_07830	GO:0016740	4	0.2	0
BSU_04250	GO:0016740	4	0.2	0
BSU_19950	GO:0006355	4	0.2	0
BSU_22560	GO:0140824	4	0.2	0
BSU_28500	GO:0008881	4	0.2	0
BSU_00450	GO:0006355	4	0.2	0
BSU_37460	GO:0004497	4	0.2	0
BSU_29570	GO:0006355	4	0.2	0
BSU_05420	GO:0016740	4	0.2	0
BSU_08470	GO:0016740	4	0.2	0
BSU_00210	GO:0006289	4	0.2	0
BSU_05820	GO:0004124	4	0.2	0
BSU_38590	GO:0004124	4	0.2	0
BSU_27320	GO:0006355	4	0.2	0
BSU_07490	GO:0016020	4	0.2	0
BSU_38310	GO:0016740	4	0.2	0
BSU_09750	GO:0006355	4	0.2	0
BSU_23130	GO:0016020	4	0.2	0
BSU_27320	GO:0008881	4	0.2	0
BSU_14510	GO:0016020	4	0.2	0
BSU_22480	GO:0016740	4	0.2	0
BSU_12900	GO:0016020	4	0.2	0
BSU_30990	GO:0016020	4	0.2	0
BSU_16520	GO:0008881	4	0.2	0
BSU_31990	GO:0003677	4	0.2	0
BSU_36110	GO:0016740	4	0.2	0
BSU_29010	GO:0016740	4	0.2	0
BSU_36110	GO:0006355	4	0.2	0
BSU_26720	GO:0006355	4	0.2	0
BSU_04250	GO:0006355	4	0.2	0
BSU_32510	GO:0140824	4	0.2	0
BSU_06760	GO:0006355	4	0.2	0
BSU_03620	GO:0016740	4	0.2	0
BSU_09340	GO:0016740	4	0.2	0
BSU_37460	GO:0005524	4	0.2	0
BSU_28500	GO:0046872	4	0.2	0
BSU_35320	GO:0017000	4	0.2	0
BSU_23580	GO:0016597	4	0.2	0
BSU_02820	GO:0006979	4	0.2	0
BSU_16520	GO:0016597	4	0.2	0
BSU_16500	GO:0016597	4	0.2	0
BSU_30280	GO:0046872	4	0.2	0
BSU_30290	GO:0046872	4	0.2	0
BSU_14920	GO:0046872	4	0.2	0
BSU_27060	GO:0046872	4	0.2	0
BSU_30370	GO:0020037	4	0.2	0
BSU_02820	GO:0016597	4	0.2	0
BSU_30280	GO:0015093	4	0.2	0
BSU_17930	GO:0015093	4	0.2	0
BSU_27980	GO:0015093	4	0.2	0
BSU_14920	GO:0019344	4	0.2	0
BSU_24720	GO:0015093	4	0.2	0
BSU_07060	GO:0019344	4	0.2	0
BSU_28110	GO:0006979	4	0.2	0
BSU_30290	GO:0015093	4	0.2	0
BSU_04690	GO:0019344	4	0.2	0
BSU_28450	GO:0020037	4	0.2	0
BSU_40840	GO:0015093	4	0.2	0
BSU_01470	GO:0015093	4	0.2	0
BSU_22560	GO:0030152	4	0.2	0
BSU_36510	GO:0020037	4	0.2	0
BSU_14440	GO:0017000	4	0.2	0
BSU_11890	GO:0017000	4	0.2	0
BSU_14510	GO:0020037	4	0.2	0
BSU_08470	GO:0017000	4	0.2	0
BSU_17110	GO:0046677	4	0.2	0
BSU_05920	GO:0017000	4	0.2	0
BSU_31230	GO:0020037	4	0.2	0
BSU_05420	GO:0017000	4	0.2	0
BSU_37470	GO:0017000	4	0.2	0
BSU_39710	GO:0016747	4	0.2	0
BSU_39740	GO:0016747	4	0.2	0
BSU_28450	GO:0030152	4	0.2	0
BSU_39720	GO:0016747	4	0.2	0
BSU_33080	GO:0071555	4	0.2	0
BSU_22940	GO:0020037	4	0.2	0
BSU_02600	GO:0006979	4	0.2	0
BSU_05820	GO:0046872	4	0.2	0
BSU_30410	GO:0015093	4	0.2	0
BSU_05420	GO:0005524	4	0.2	0
BSU_27060	GO:0005524	4	0.2	0
BSU_38270	GO:0020037	4	0.2	0
BSU_05820	GO:0008311	4	0.2	0
BSU_22680	GO:0030152	4	0.2	0
BSU_35320	GO:0005524	4	0.2	0
BSU_04340	GO:0015293	4	0.2	0
BSU_34990	GO:0020037	4	0.2	0
BSU_27980	GO:0006979	4	0.2	0
BSU_15900	GO:0046872	4	0.2	0
BSU_27060	GO:0005524	4	0.2	0
BSU_31570	GO:0015093	4	0.2	0
BSU_11890	GO:0005524	4	0.2	0
BSU_38590	GO:0005524	4	0.2	0
BSU_13640	GO:0006979	4	0.2	0
BSU_29400	GO:0005524	4	0.2	0
BSU_28500	GO:0005524	4	0.2	0
BSU_05920	GO:0005524	4	0.2	0
BSU_15900	GO:0005524	4	0.2	0
BSU_11890	GO:0016740	4	0.2	0
BSU_38590	GO:0008311	4	0.2	0
BSU_37460	GO:0015293	4	0.2	0
BSU_03830	GO:0020037	4	0.2	0
BSU_37460	GO:0008311	4	0.2	0
BSU_33700	GO:0015093	4	0.2	0
BSU_38590	GO:0046872	4	0.2	0
BSU_33800	GO:0015093	4	0.2	0
BSU_37460	GO:0030152	4	0.2	0
BSU_35950	GO:0015093	4	0.2	0
BSU_00860	GO:0019344	4	0.2	0
BSU_14580	GO:0019344	4	0.2	0
BSU_16520	GO:0008311	4	0.2	0
BSU_16500	GO:0008311	4	0.2	0
BSU_22680	GO:0015293	4	0.2	0
BSU_33480	GO:0020037	4	0.2	0
BSU_23580	GO:0008311	4	0.2	0
BSU_02820	GO:0008311	4	0.2	0
BSU_28500	GO:0005524	4	0.2	0
BSU_03820	GO:0020037	4	0.2	0
BSU_23490	GO:0005524	4	0.2	0
BSU_37470	GO:0008311	4	0.2	0
BSU_39700	GO:0003933	4	0.2	0
BSU_13730	GO:0003824	4	0.2	0
BSU_05420	GO:0046872	4	0.2	0
BSU_10840	GO:0030435	4	0.2	0
BSU_04340	GO:0005829	4	0.2	0
BSU_05930	GO:0051082	4	0.2	0
BSU_37460	GO:0005829	4	0.2	0
BSU_02820	GO:0006355	4	0.2	0
BSU_23580	GO:0006355	4	0.2	0
BSU_02600	GO:0005737	4	0.2	0
BSU_04250	GO:0030435	4	0.2	0
BSU_05150	GO:0030435	4	0.2	0
BSU_01470	GO:0042802	4	0.2	0
BSU_01470	GO:0015793	4	0.2	0
BSU_04770	GO:0030435	4	0.2	0
BSU_22680	GO:0005829	4	0.2	0
BSU_39700	GO:0016747	4	0.2	0
BSU_29300	GO:0016874	4	0.2	0
BSU_24730	GO:0016874	4	0.2	0
BSU_10810	GO:0005829	4	0.2	0
BSU_25860	GO:0030435	4	0.2	0
BSU_32940	GO:0016874	4	0.2	0
BSU_16500	GO:0051082	4	0.2	0
BSU_37550	GO:0030435	4	0.2	0
BSU_40870	GO:0030435	4	0.2	0
BSU_05640	GO:0030435	4	0.2	0
BSU_02370	GO:0030435	4	0.2	0
BSU_32560	GO:0030435	4	0.2	0
BSU_05920	GO:0051082	4	0.2	0
BSU_05420	GO:0051082	4	0.2	0
BSU_03620	GO:0030435	4	0.2	0
BSU_37460	GO:0051082	4	0.2	0
BSU_37470	GO:0051082	4	0.2	0
BSU_35050	GO:0030435	4	0.2	0
BSU_38310	GO:0030435	4	0.2	0
BSU_26720	GO:0030435	4	0.2	0
BSU_34060	GO:0005886	4	0.2	0
BSU_02820	GO:0051082	4	0.2	0
BSU_23580	GO:0051082	4	0.2	0
BSU_16810	GO:0030435	4	0.2	0
BSU_37650	GO:0030435	4	0.2	0
BSU_16520	GO:0051082	4	0.2	0
BSU_08370	GO:0030435	4	0.2	0
BSU_29570	GO:0006355	4	0.2	0
BSU_10730	GO:0005829	4	0.2	0
BSU_36110	GO:0030435	4	0.2	0
BSU_06760	GO:0006355	4	0.2	0
BSU_30280	GO:0042802	4	0.2	0
BSU_34530	GO:0005829	4	0.2	0
BSU_15350	GO:0005829	4	0.2	0
BSU_17930	GO:0015793	4	0.2	0
BSU_13640	GO:0005829	4	0.2	0
BSU_38590	GO:0016491	4	0.2	0
BSU_33060	GO:0042802	4	0.2	0
BSU_09750	GO:0006355	4	0.2	0
BSU_35810	GO:0042802	4	0.2	0
BSU_38800	GO:0005829	4	0.2	0
BSU_27980	GO:0015793	4	0.2	0
BSU_04090	GO:0005829	4	0.2	0
BSU_28450	GO:0030435	4	0.2	0
BSU_40190	GO:0005829	4	0.2	0
BSU_07490	GO:0006450	4	0.2	0
BSU_37460	GO:0016491	4	0.2	0
BSU_06770	GO:0005829	4	0.2	0
BSU_24720	GO:0015793	4	0.2	0
BSU_30290	GO:0042802	4	0.2	0
BSU_35910	GO:0016747	4	0.2	0
BSU_01650	GO:0005829	4	0.2	0
BSU_40220	GO:0005829	4	0.2	0
BSU_13470	GO:0006355	4	0.2	0
BSU_04050	GO:0005829	4	0.2	0
BSU_26720	GO:0006355	4	0.2	0
BSU_14920	GO:0042802	4	0.2	0
BSU_22980	GO:0005829	4	0.2	0
BSU_10940	GO:0005829	4	0.2	0
BSU_00430	GO:0005829	4	0.2	0
BSU_36110	GO:0006355	4	0.2	0
BSU_40840	GO:0015793	4	0.2	0
BSU_40220	GO:0006355	4	0.2	0
BSU_21660	GO:0006355	4	0.2	0
BSU_17920	GO:0005829	4	0.2	0
BSU_24730	GO:0042802	4	0.2	0
BSU_10340	GO:0005829	4	0.2	0
BSU_27320	GO:0006355	4	0.2	0
BSU_08840	GO:0015793	4	0.2	0
BSU_29630	GO:0016747	4	0.2	0
BSU_04050	GO:0005886	4	0.2	0
BSU_08370	GO:0005886	4	0.2	0
BSU_24720	GO:0030435	4	0.2	0
BSU_38590	GO:0006072	4	0.2	0
BSU_16500	GO:0016783	4	0.2	0
BSU_08470	GO:0030435	4	0.2	0
BSU_28110	GO:0030288	4	0.2	0
BSU_02820	GO:0030288	4	0.2	0
BSU_07060	GO:0004659	4	0.2	0
BSU_05920	GO:0030435	4	0.2	0
BSU_05420	GO:0030435	4	0.2	0
BSU_05820	GO:0006072	4	0.2	0
BSU_37420	GO:0004659	4	0.2	0
BSU_24730	GO:0030288	4	0.2	0
BSU_13640	GO:0030288	4	0.2	0
BSU_37460	GO:0016651	4	0.2	0
BSU_40190	GO:0030288	4	0.2	0
BSU_23580	GO:0030288	4	0.2	0
BSU_22680	GO:0016651	4	0.2	0
BSU_08470	GO:0006355	4	0.2	0
BSU_23130	GO:0016651	4	0.2	0
BSU_05920	GO:0006355	4	0.2	0
BSU_16520	GO:0016783	4	0.2	0
BSU_11890	GO:0030435	4	0.2	0
BSU_14440	GO:0030435	4	0.2	0
BSU_28500	GO:0044550	4	0.2	0
BSU_28500	GO:0016783	4	0.2	0
BSU_04690	GO:0005829	4	0.2	0
BSU_32220	GO:0000034	4	0.2	0
BSU_00860	GO:0005829	4	0.2	0
BSU_27320	GO:0016783	4	0.2	0
BSU_24060	GO:0005829	4	0.2	0
BSU_08390	GO:0030435	4	0.2	0
BSU_14580	GO:0044550	4	0.2	0
BSU_33510	GO:0030435	4	0.2	0
BSU_15900	GO:0044550	4	0.2	0
BSU_16500	GO:0044550	4	0.2	0
BSU_16520	GO:0044550	4	0.2	0
BSU_35290	GO:0030435	4	0.2	0
BSU_22640	GO:0030435	4	0.2	0
BSU_23490	GO:0030435	4	0.2	0
BSU_07060	GO:0008081	4	0.2	0
BSU_35320	GO:0030435	4	0.2	0
BSU_02600	GO:0030288	4	0.2	0
BSU_24720	GO:0030288	4	0.2	0
BSU_32870	GO:0030435	4	0.2	0
BSU_21660	GO:0030435	4	0.2	0
BSU_27320	GO:0030435	4	0.2	0
BSU_29630	GO:0030435	4	0.2	0
BSU_35910	GO:0030435	4	0.2	0
BSU_08300	GO:0030435	4	0.2	0
BSU_09330	GO:0030435	4	0.2	0
BSU_27340	GO:0005886	4	0.2	0
BSU_35320	GO:0051082	4	0.2	0
BSU_34060	GO:0030435	4	0.2	0
BSU_07220	GO:0030435	4	0.2	0
BSU_24710	GO:0030288	4	0.2	0
BSU_40220	GO:0030435	4	0.2	0
BSU_37470	GO:0016783	4	0.2	0
BSU_37460	GO:0016783	4	0.2	0
BSU_11890	GO:0051082	4	0.2	0
BSU_10560	GO:0030435	4	0.2	0
BSU_04090	GO:0005886	4	0.2	0
BSU_02320	GO:0030435	4	0.2	0
BSU_38450	GO:0030435	4	0.2	0
BSU_33510	GO:0005886	4	0.2	0
BSU_40010	GO:0030435	4	0.2	0
BSU_23490	GO:0051082	4	0.2	0
BSU_14450	GO:0005886	4	0.2	0
BSU_16500	GO:0006072	4	0.2	0
BSU_16520	GO:0006072	4	0.2	0
BSU_37460	GO:0006355	4	0.2	0
BSU_23040	GO:0016651	4	0.2	0
BSU_37470	GO:0006355	4	0.2	0
BSU_37460	GO:0030288	4	0.2	0
BSU_09390	GO:0005886	4	0.2	0
BSU_33400	GO:0016783	4	0.2	0
BSU_27060	GO:0016491	4	0.2	0
BSU_34040	GO:0016783	4	0.2	0
BSU_31990	GO:0016783	4	0.2	0
BSU_04340	GO:0005886	4	0.2	0
BSU_08470	GO:0005886	4	0.2	0
BSU_05420	GO:0030435	4	0.2	0
BSU_35290	GO:0051082	4	0.2	0
BSU_06760	GO:0030435	4	0.2	0
BSU_22640	GO:0051082	4	0.2	0
BSU_05000	GO:0005829	4	0.2	0
BSU_24710	GO:0030435	4	0.2	0
BSU_22560	GO:0003933	4	0.2	0
BSU_07060	GO:0006065	4	0.2	0
BSU_08470	GO:0030420	4	0.2	0
BSU_11890	GO:0030420	4	0.2	0
BSU_31230	GO:0005829	4	0.2	0
BSU_12360	GO:0005524	4	0.2	0
BSU_10520	GO:0005524	4	0.2	0
BSU_14440	GO:0030420	4	0.2	0
BSU_02600	GO:0006065	4	0.2	0
BSU_27320	GO:0003824	4	0.2	0
BSU_13090	GO:0005524	4	0.2	0
BSU_23490	GO:0005829	4	0.2	0
BSU_29490	GO:0003824	4	0.2	0
BSU_13100	GO:0005524	4	0.2	0
BSU_33260	GO:0005524	4	0.2	0
BSU_35320	GO:0030420	4	0.2	0
BSU_35190	GO:0005829	4	0.2	0
BSU_32220	GO:0005829	4	0.2	0
BSU_14310	GO:0005829	4	0.2	0
BSU_35950	GO:0005524	4	0.2	0
BSU_24710	GO:0012501	4	0.2	0
BSU_02480	GO:0005524	4	0.2	0
BSU_37700	GO:0005524	4	0.2	0
BSU_04520	GO:0005829	4	0.2	0
BSU_27170	GO:0006222	4	0.2	0
BSU_25770	GO:0006222	4	0.2	0
BSU_31670	GO:0046677	4	0.2	0
BSU_32770	GO:0046677	4	0.2	0
BSU_07350	GO:0003824	4	0.2	0
BSU_19620	GO:0005524	4	0.2	0
BSU_22940	GO:0012501	4	0.2	0
BSU_07150	GO:0005829	4	0.2	0
BSU_02330	GO:0005829	4	0.2	0
BSU_23580	GO:0030420	4	0.2	0
BSU_08840	GO:0005829	4	0.2	0
BSU_39710	GO:0005524	4	0.2	0
BSU_05420	GO:0030420	4	0.2	0
BSU_27760	GO:0005524	4	0.2	0
BSU_07400	GO:0005524	4	0.2	0
BSU_05920	GO:0030420	4	0.2	0
BSU_35090	GO:0005524	4	0.2	0
BSU_28900	GO:0005829	4	0.2	0
BSU_22640	GO:0005829	4	0.2	0
BSU_04250	GO:0046677	4	0.2	0
BSU_34040	GO:0003933	4	0.2	0
BSU_27320	GO:0046872	4	0.2	0
BSU_05920	GO:0046872	4	0.2	0
BSU_14310	GO:0046872	4	0.2	0
BSU_21780	GO:0046872	4	0.2	0
BSU_08470	GO:0046872	4	0.2	0
BSU_33400	GO:0003933	4	0.2	0
BSU_09750	GO:0046872	4	0.2	0
BSU_22940	GO:0046872	4	0.2	0
BSU_31990	GO:0003933	4	0.2	0
BSU_31570	GO:0005524	4	0.2	0
BSU_35190	GO:0008961	4	0.2	0
BSU_39720	GO:0003824	4	0.2	0
BSU_37470	GO:0003933	4	0.2	0
BSU_17110	GO:0008961	4	0.2	0
BSU_18310	GO:0008961	4	0.2	0
BSU_37740	GO:0003824	4	0.2	0
BSU_23130	GO:0003933	4	0.2	0
BSU_23490	GO:0003933	4	0.2	0
BSU_07350	GO:0003933	4	0.2	0
BSU_03620	GO:0046677	4	0.2	0
BSU_30970	GO:0046872	4	0.2	0
BSU_30850	GO:0046872	4	0.2	0
BSU_30410	GO:0005524	4	0.2	0
BSU_30370	GO:0005524	4	0.2	0
BSU_08840	GO:0005524	4	0.2	0
BSU_23490	GO:0030420	4	0.2	0
BSU_29630	GO:0005829	4	0.2	0
BSU_22640	GO:0030420	4	0.2	0
BSU_35290	GO:0030420	4	0.2	0
BSU_35600	GO:0005829	4	0.2	0
BSU_35560	GO:0005829	4	0.2	0
BSU_40840	GO:0005524	4	0.2	0
BSU_33510	GO:0030420	4	0.2	0
BSU_31620	GO:0005524	4	0.2	0
BSU_29490	GO:0003933	4	0.2	0
BSU_27320	GO:0003933	4	0.2	0
BSU_38310	GO:0046677	4	0.2	0
BSU_09340	GO:0046677	4	0.2	0
BSU_34040	GO:0003824	4	0.2	0
BSU_07830	GO:0046677	4	0.2	0
BSU_22560	GO:0012501	4	0.2	0
BSU_23580	GO:0005829	4	0.2	0
BSU_24730	GO:0006450	4	0.2	0
BSU_23580	GO:0016491	4	0.2	0
BSU_12360	GO:0016747	4	0.2	0
BSU_37740	GO:0032259	4	0.2	0
BSU_08840	GO:0030435	4	0.2	0
BSU_07060	GO:0005737	4	0.2	0
BSU_07490	GO:0030435	4	0.2	0
BSU_16500	GO:0016491	4	0.2	0
BSU_16520	GO:0016491	4	0.2	0
BSU_02600	GO:0006525	4	0.2	0
BSU_19620	GO:0030435	4	0.2	0
BSU_22480	GO:0032259	4	0.2	0
BSU_40840	GO:0030435	4	0.2	0
BSU_28250	GO:0032259	4	0.2	0
BSU_19620	GO:0012501	4	0.2	0
BSU_33000	GO:0030435	4	0.2	0
BSU_22680	GO:0032259	4	0.2	0
BSU_33000	GO:0012501	4	0.2	0
BSU_32510	GO:0003824	4	0.2	0
BSU_30990	GO:0030435	4	0.2	0
BSU_02820	GO:0016491	4	0.2	0
BSU_29300	GO:0006450	4	0.2	0
BSU_12900	GO:0030435	4	0.2	0
BSU_28900	GO:0016747	4	0.2	0
BSU_37470	GO:0016491	4	0.2	0
BSU_22560	GO:0030435	4	0.2	0
BSU_02600	GO:0005829	4	0.2	0
BSU_01670	GO:0005829	4	0.2	0
BSU_30410	GO:0015793	4	0.2	0
BSU_23130	GO:0030435	4	0.2	0
BSU_31230	GO:0030435	4	0.2	0
BSU_31570	GO:0015793	4	0.2	0
BSU_33700	GO:0015793	4	0.2	0
BSU_27320	GO:0032259	4	0.2	0
BSU_14510	GO:0030435	4	0.2	0
BSU_28500	GO:0032259	4	0.2	0
BSU_33800	GO:0015793	4	0.2	0
BSU_29490	GO:0032259	4	0.2	0
BSU_36510	GO:0030435	4	0.2	0
BSU_35950	GO:0015793	4	0.2	0
BSU_14580	GO:0002131	4	0.2	0
BSU_35910	GO:0003824	4	0.2	0
BSU_23130	GO:0012501	4	0.2	0
BSU_08390	GO:0046677	4	0.2	0
BSU_33400	GO:0003824	4	0.2	0
BSU_08840	GO:0012501	4	0.2	0
BSU_38590	GO:0006525	4	0.2	0
BSU_30990	GO:0012501	4	0.2	0
BSU_34060	GO:0046677	4	0.2	0
BSU_12830	GO:0012501	4	0.2	0
BSU_12900	GO:0012501	4	0.2	0
BSU_36510	GO:0012501	4	0.2	0
BSU_14510	GO:0012501	4	0.2	0
BSU_24710	GO:0032259	4	0.2	0
BSU_35290	GO:0046677	4	0.2	0
BSU_22640	GO:0046677	4	0.2	0
BSU_14440	GO:0046677	4	0.2	0
BSU_17930	GO:0012501	4	0.2	0
BSU_08470	GO:0046677	4	0.2	0
BSU_02820	GO:0030420	4	0.2	0
BSU_15470	GO:0006222	4	0.2	0
BSU_31230	GO:0012501	4	0.2	0
BSU_10340	GO:0046677	4	0.2	0
BSU_05490	GO:0046677	4	0.2	0
BSU_17160	GO:0046677	4	0.2	0
BSU_37460	GO:0006525	4	0.2	0
BSU_16520	GO:0006525	4	0.2	0
BSU_16500	GO:0006525	4	0.2	0
BSU_02820	GO:0006222	4	0.2	0
BSU_37470	GO:0006222	4	0.2	0
BSU_37460	GO:0006222	4	0.2	0
BSU_29630	GO:0003824	4	0.2	0
BSU_22560	GO:0003824	4	0.2	0
BSU_28110	GO:0006222	4	0.2	0
BSU_23580	GO:0006525	4	0.2	0
BSU_02820	GO:0006525	4	0.2	0
BSU_40840	GO:0012501	4	0.2	0
BSU_35320	GO:0006222	4	0.2	0
BSU_39700	GO:0003824	4	0.2	0
BSU_27980	GO:0006222	4	0.2	0
BSU_23490	GO:0003824	4	0.2	0
BSU_07490	GO:0012501	4	0.2	0
BSU_37470	GO:0006525	4	0.2	0
BSU_26720	GO:0000150	4	0.2	0
BSU_12360	GO:0005975	4	0.2	0
BSU_11890	GO:0016829	4	0.2	0
BSU_33700	GO:0005524	4	0.2	0
BSU_26890	GO:0008880	4	0.2	0
BSU_29930	GO:0071978	4	0.2	0
BSU_33800	GO:0005524	4	0.2	0
BSU_14440	GO:0006508	4	0.2	0
BSU_33510	GO:0005886	4	0.2	0
BSU_40840	GO:0015112	4	0.2	0
BSU_35320	GO:0006508	4	0.2	0
BSU_11890	GO:0006508	4	0.2	0
BSU_00860	GO:0044780	4	0.2	0
BSU_04690	GO:0044780	4	0.2	0
BSU_27980	GO:0005886	4	0.2	0
BSU_07820	GO:0003690	4	0.2	0
BSU_37460	GO:0016791	4	0.2	0
BSU_37460	GO:0009229	4	0.2	0
BSU_16500	GO:0046872	4	0.2	0
BSU_16520	GO:0046872	4	0.2	0
BSU_19570	GO:0016491	4	0.2	0
BSU_28500	GO:0046872	4	0.2	0
BSU_15900	GO:0046872	4	0.2	0
BSU_27060	GO:0005524	4	0.2	0
BSU_40010	GO:0005886	4	0.2	0
BSU_27340	GO:0005886	4	0.2	0
BSU_20340	GO:0005737	4	0.2	0
BSU_29490	GO:0046872	4	0.2	0
BSU_27320	GO:0046872	4	0.2	0
BSU_08470	GO:0006508	4	0.2	0
BSU_27170	GO:0005886	4	0.2	0
BSU_05420	GO:0006508	4	0.2	0
BSU_35950	GO:0005524	4	0.2	0
BSU_29300	GO:0036440	4	0.2	0
BSU_35810	GO:0005524	4	0.2	0
BSU_05920	GO:0006508	4	0.2	0
BSU_08470	GO:0005886	4	0.2	0
BSU_23490	GO:0006508	4	0.2	0
BSU_22640	GO:0006508	4	0.2	0
BSU_27060	GO:0046872	4	0.2	0
BSU_06839	GO:0006508	4	0.2	0
BSU_14230	GO:0006508	4	0.2	0
BSU_24730	GO:0055085	4	0.2	0
BSU_21450	GO:0005886	4	0.2	0
BSU_21480	GO:0005886	4	0.2	0
BSU_27060	GO:0046872	4	0.2	0
BSU_30410	GO:0005524	4	0.2	0
BSU_33400	GO:0046872	4	0.2	0
BSU_38800	GO:0008880	4	0.2	0
BSU_08300	GO:0006508	4	0.2	0
BSU_23130	GO:0046872	4	0.2	0
BSU_23580	GO:0016791	4	0.2	0
BSU_04050	GO:0008880	4	0.2	0
BSU_23490	GO:0046872	4	0.2	0
BSU_08390	GO:0006508	4	0.2	0
BSU_08470	GO:0008270	4	0.2	0
BSU_40190	GO:0016791	4	0.2	0
BSU_33510	GO:0006508	4	0.2	0
BSU_05820	GO:0046872	4	0.2	0
BSU_04340	GO:0005886	4	0.2	0
BSU_38590	GO:0046872	4	0.2	0
BSU_37470	GO:0046872	4	0.2	0
BSU_19620	GO:0032218	4	0.2	0
BSU_24720	GO:0055085	4	0.2	0
BSU_35290	GO:0006508	4	0.2	0
BSU_01670	GO:0005886	4	0.2	0
BSU_30990	GO:0032218	4	0.2	0
BSU_31990	GO:0046872	4	0.2	0
BSU_13640	GO:0016791	4	0.2	0
BSU_29300	GO:0005886	4	0.2	0
BSU_02820	GO:0005886	4	0.2	0
BSU_14920	GO:0005524	4	0.2	0
BSU_15900	GO:0047810	4	0.2	0
BSU_35630	GO:0071978	4	0.2	0
BSU_28820	GO:0016491	4	0.2	0
BSU_15350	GO:0016491	4	0.2	0
BSU_05920	GO:0005978	4	0.2	0
BSU_10240	GO:0016491	4	0.2	0
BSU_29860	GO:0016491	4	0.2	0
BSU_15900	GO:0005524	4	0.2	0
BSU_12900	GO:0016020	4	0.2	0
BSU_04100	GO:0003690	4	0.2	0
BSU_09830	GO:0005978	4	0.2	0
BSU_35320	GO:0005524	4	0.2	0
BSU_07490	GO:0016020	4	0.2	0
BSU_22680	GO:0009229	4	0.2	0
BSU_30290	GO:0000160	4	0.2	0
BSU_31230	GO:0071978	4	0.2	0
BSU_30280	GO:0000160	4	0.2	0
BSU_27060	GO:0046872	4	0.2	0
BSU_40870	GO:0003690	4	0.2	0
BSU_07150	GO:0016491	4	0.2	0
BSU_34670	GO:0016491	4	0.2	0
BSU_26710	GO:0072488	4	0.2	0
BSU_14440	GO:0008270	4	0.2	0
BSU_35320	GO:0046872	4	0.2	0
BSU_35320	GO:0005978	4	0.2	0
BSU_28250	GO:0005886	4	0.2	0
BSU_30690	GO:0016491	4	0.2	0
BSU_31620	GO:0006814	4	0.2	1
BSU_08390	GO:0016491	4	0.2	0
BSU_24710	GO:0000160	4	0.2	0
BSU_24730	GO:0016020	4	0.2	0
BSU_24710	GO:0016020	4	0.2	0
BSU_24720	GO:0000160	4	0.2	0
BSU_29570	GO:0034219	4	0.2	0
BSU_24730	GO:0000160	4	0.2	0
BSU_33000	GO:0016020	4	0.2	0
BSU_19210	GO:0005978	4	0.2	0
BSU_28500	GO:0005524	4	0.2	0
BSU_30280	GO:0005524	4	0.2	0
BSU_14580	GO:0005737	4	0.2	0
BSU_28500	GO:0046872	4	0.2	0
BSU_40840	GO:0016798	4	0.2	0
BSU_37840	GO:0016491	4	0.2	0
BSU_12370	GO:0005524	4	0.2	0
BSU_29400	GO:0005524	4	0.2	0
BSU_16520	GO:0046872	4	0.2	0
BSU_05920	GO:0046872	4	0.2	0
BSU_07350	GO:0071978	4	0.2	0
BSU_30290	GO:0005524	4	0.2	0
BSU_16500	GO:0046872	4	0.2	0
BSU_13640	GO:0005886	4	0.2	0
BSU_14920	GO:0005737	4	0.2	0
BSU_12870	GO:0016491	4	0.2	0
BSU_04430	GO:0016491	4	0.2	0
BSU_23490	GO:0005978	4	0.2	0
BSU_05640	GO:0003690	4	0.2	0
BSU_28500	GO:0047810	4	0.2	0
BSU_16520	GO:0046872	4	0.2	0
BSU_05490	GO:0016491	4	0.2	0
BSU_16500	GO:0046872	4	0.2	0
BSU_21450	GO:0005978	4	0.2	0
BSU_34380	GO:0016020	4	0.2	0
BSU_13640	GO:0016020	4	0.2	0
BSU_19620	GO:0016020	4	0.2	0
BSU_23580	GO:0046872	4	0.2	0
BSU_02820	GO:0046872	4	0.2	0
BSU_13730	GO:0016491	4	0.2	0
BSU_37470	GO:0046872	4	0.2	0
BSU_05420	GO:0046872	4	0.2	0
BSU_11890	GO:0008270	4	0.2	0
BSU_09330	GO:0006508	4	0.2	0
BSU_30290	GO:0046872	4	0.2	0
BSU_14450	GO:0016491	4	0.2	0
BSU_06770	GO:0016887	4	0.2	0
BSU_34990	GO:0006650	4	0.2	0
BSU_35190	GO:0016887	4	0.2	0
BSU_35950	GO:0008880	4	0.2	0
BSU_37740	GO:0017000	4	0.2	1
BSU_07830	GO:0046256	4	0.2	1
BSU_16810	GO:0003690	4	0.2	0
BSU_38590	GO:0005524	4	0.2	0
BSU_40170	GO:0008801	4	0.2	0
BSU_22680	GO:0008880	4	0.2	0
BSU_40160	GO:0008237	4	0.2	1
BSU_39720	GO:0008880	4	0.2	0
BSU_09390	GO:0005886	4	0.2	0
BSU_08390	GO:0008801	4	0.2	0
BSU_39740	GO:0008880	4	0.2	0
BSU_30970	GO:0016887	4	0.2	0
BSU_40840	GO:0015711	4	0.2	0
BSU_22680	GO:0006650	4	0.2	0
BSU_08840	GO:0015112	4	0.2	0
BSU_30510	GO:0005886	4	0.2	0
BSU_36110	GO:0043200	4	0.2	1
BSU_22110	GO:0016887	4	0.2	0
BSU_09780	GO:0016887	4	0.2	0
BSU_00430	GO:0005886	4	0.2	0
BSU_15350	GO:0008801	4	0.2	0
BSU_00540	GO:0008801	4	0.2	0
BSU_04090	GO:0016887	4	0.2	0
BSU_34250	GO:0006650	4	0.2	0
BSU_07060	GO:0045333	4	0.2	0
BSU_14450	GO:0009229	4	0.2	0
BSU_01470	GO:0015711	4	0.2	0
BSU_22680	GO:0016301	4	0.2	0
BSU_05820	GO:0005524	4	0.2	0
BSU_37460	GO:0016301	4	0.2	0
BSU_31620	GO:0055085	4	0.2	0
BSU_22940	GO:0071978	4	0.2	0
BSU_35950	GO:0015711	4	0.2	0
BSU_14580	GO:0004783	4	0.2	0
BSU_00860	GO:0006520	4	0.2	0
BSU_38270	GO:0016020	4	0.2	0
BSU_31570	GO:0015711	4	0.2	0
BSU_33700	GO:0015711	4	0.2	0
BSU_33800	GO:0015711	4	0.2	0
BSU_07060	GO:0005524	4	0.2	0
BSU_01470	GO:0005524	4	0.2	0
BSU_06770	GO:0005886	4	0.2	0
BSU_22560	GO:0016301	4	0.2	0
BSU_14580	GO:0005524	4	0.2	0
BSU_15900	GO:0005524	4	0.2	0
BSU_28500	GO:0005524	4	0.2	0
BSU_29300	GO:0005886	4	0.2	0
BSU_27060	GO:0003677	4	0.2	0
BSU_30410	GO:0015711	4	0.2	0
BSU_33480	GO:0016020	4	0.2	0
BSU_29300	GO:0006650	4	0.2	0
BSU_37470	GO:0008270	4	0.2	0
BSU_14580	GO:0006520	4	0.2	0
BSU_30280	GO:0015711	4	0.2	0
BSU_37460	GO:0008270	4	0.2	0
BSU_21780	GO:0005886	4	0.2	0
BSU_37460	GO:0005886	4	0.2	0
BSU_10040	GO:0005886	4	0.2	0
BSU_13640	GO:0005886	4	0.2	0
BSU_30290	GO:0015711	4	0.2	0
BSU_28450	GO:0071978	4	0.2	0
BSU_23040	GO:0008801	4	0.2	0
BSU_22940	GO:0016020	4	0.2	0
BSU_39700	GO:0008880	4	0.2	0
BSU_37890	GO:0016020	4	0.2	0
BSU_40040	GO:0016887	4	0.2	0
BSU_04340	GO:0009229	4	0.2	0
BSU_10050	GO:0016887	4	0.2	0
BSU_07490	GO:0032218	4	0.2	0
BSU_07060	GO:0005524	4	0.2	0
BSU_34530	GO:0016887	4	0.2	0
BSU_00540	GO:0016887	4	0.2	0
BSU_29930	GO:0008880	4	0.2	0
BSU_08840	GO:0032218	4	0.2	0
BSU_07490	GO:0016798	4	0.2	0
BSU_00540	GO:0071978	4	0.2	0
BSU_05930	GO:0006508	4	0.2	0
BSU_24720	GO:0005524	4	0.2	0
BSU_37460	GO:0009697	4	0.2	0
BSU_06839	GO:0016887	4	0.2	0
BSU_12830	GO:0032218	4	0.2	0
BSU_12900	GO:0032218	4	0.2	0
BSU_07490	GO:0015112	4	0.2	0
BSU_33620	GO:0005886	4	0.2	0
BSU_36510	GO:0071978	4	0.2	0
BSU_30280	GO:0005524	4	0.2	0
BSU_38270	GO:0006826	4	0.2	1
BSU_15900	GO:0005524	4	0.2	0
BSU_02600	GO:0016791	4	0.2	0
BSU_01670	GO:0016791	4	0.2	0
BSU_34060	GO:0006508	4	0.2	0
BSU_09390	GO:0005886	4	0.2	0
BSU_00540	GO:0006508	4	0.2	0
BSU_30290	GO:0005524	4	0.2	0
BSU_40840	GO:0032218	4	0.2	0
BSU_05820	GO:0005515	4	0.2	0
BSU_38400	GO:0071978	4	0.2	0
BSU_38800	GO:0071978	4	0.2	0
BSU_14450	GO:0016977	4	0.2	0
BSU_09780	GO:0005886	4	0.2	0
BSU_02600	GO:0005886	4	0.2	0
BSU_36510	GO:0032218	4	0.2	0
BSU_05920	GO:0008270	4	0.2	0
BSU_17160	GO:0006508	4	0.2	0
BSU_10340	GO:0006508	4	0.2	0
BSU_33620	GO:0005886	4	0.2	0
BSU_05490	GO:0006508	4	0.2	0
BSU_24710	GO:0032218	4	0.2	0
BSU_09780	GO:0005886	4	0.2	0
BSU_17930	GO:0005524	4	0.2	0
BSU_39740	GO:0016887	4	0.2	0
BSU_14510	GO:0032218	4	0.2	0
BSU_28450	GO:0032218	4	0.2	0
BSU_09830	GO:0009697	4	0.2	0
BSU_14580	GO:0005515	4	0.2	0
BSU_04050	GO:0016887	4	0.2	0
BSU_17110	GO:0006508	4	0.2	0
BSU_22980	GO:0016887	4	0.2	0
BSU_05420	GO:0008270	4	0.2	0
BSU_30510	GO:0005886	4	0.2	0
BSU_12830	GO:0071978	4	0.2	0
BSU_22940	GO:0032218	4	0.2	0
BSU_22560	GO:0032218	4	0.2	0
BSU_09750	GO:0016887	4	0.2	0
BSU_23130	GO:0032218	4	0.2	0
BSU_22680	GO:0009697	4	0.2	0
BSU_00430	GO:0005886	4	0.2	0
BSU_14580	GO:0016746	4	0.2	0
BSU_31230	GO:0032218	4	0.2	0
BSU_37650	GO:0003690	4	0.2	0
BSU_12830	GO:0016887	4	0.2	0
BSU_27980	GO:0005524	4	0.2	0
BSU_17930	GO:0032218	4	0.2	0
BSU_14450	GO:0005886	4	0.2	0
BSU_08370	GO:0003690	4	0.2	0
BSU_04090	GO:0005886	4	0.2	0
BSU_14920	GO:0055085	4	0.2	0
BSU_07830	GO:0009432	4	0.2	0
BSU_05820	GO:0036402	4	0.2	0
BSU_31670	GO:0016491	4	0.2	0
BSU_04250	GO:0016491	4	0.2	0
BSU_01470	GO:0015658	4	0.2	0
BSU_27060	GO:0005829	4	0.2	0
BSU_14920	GO:0036402	4	0.2	0
BSU_28500	GO:0006637	4	0.2	0
BSU_35810	GO:0015658	4	0.2	0
BSU_05820	GO:0052656	4	0.2	0
BSU_28500	GO:0005524	4	0.2	0
BSU_40840	GO:0030420	4	0.2	0
BSU_09830	GO:0008880	4	0.2	0
BSU_33700	GO:0015658	4	0.2	0
BSU_33060	GO:0015658	4	0.2	0
BSU_33000	GO:0030420	4	0.2	0
BSU_32770	GO:0016491	4	0.2	0
BSU_05820	GO:0005886	4	0.2	0
BSU_29010	GO:0016491	4	0.2	0
BSU_15900	GO:0005524	4	0.2	0
BSU_03620	GO:0016491	4	0.2	0
BSU_14920	GO:0015658	4	0.2	0
BSU_14580	GO:0005524	4	0.2	0
BSU_38310	GO:0016491	4	0.2	0
BSU_07060	GO:0052656	4	0.2	0
BSU_09750	GO:0005886	4	0.2	0
BSU_38590	GO:0052656	4	0.2	0
BSU_12830	GO:0016887	4	0.2	0
BSU_24730	GO:0003677	4	0.2	0
BSU_38590	GO:0005886	4	0.2	0
BSU_16500	GO:0005524	4	0.2	0
BSU_22560	GO:0000287	4	0.2	0
BSU_27060	GO:0005524	4	0.2	0
BSU_16520	GO:0005524	4	0.2	0
BSU_40170	GO:0005886	4	0.2	0
BSU_23040	GO:0005886	4	0.2	0
BSU_38590	GO:0036402	4	0.2	0
BSU_29300	GO:0005829	4	0.2	0
BSU_19620	GO:0015112	4	0.2	0
BSU_37470	GO:0016746	4	0.2	0
BSU_37460	GO:0016746	4	0.2	0
BSU_23490	GO:0046872	4	0.2	0
BSU_04340	GO:0008616	4	0.2	0
BSU_05420	GO:0016746	4	0.2	0
BSU_00210	GO:0005515	4	0.2	0
BSU_37460	GO:0008233	4	0.2	0
BSU_37420	GO:0005737	4	0.2	0
BSU_05920	GO:0016746	4	0.2	0
BSU_16520	GO:0000049	4	0.2	0
BSU_05420	GO:0003690	4	0.2	0
BSU_37420	GO:0005515	4	0.2	0
BSU_08470	GO:0016746	4	0.2	0
BSU_14450	GO:0003700	4	0.2	0
BSU_28500	GO:0046872	4	0.2	0
BSU_07490	GO:0005829	4	0.2	0
BSU_27060	GO:0009089	4	0.2	0
BSU_02820	GO:0016746	4	0.2	0
BSU_06770	GO:0005829	4	0.2	0
BSU_23580	GO:0016746	4	0.2	0
BSU_19620	GO:0030420	4	0.2	0
BSU_14580	GO:0008966	4	0.2	0
BSU_01470	GO:0030420	4	0.2	0
BSU_14920	GO:0052656	4	0.2	0
BSU_05920	GO:0008880	4	0.2	0
BSU_38590	GO:0016020	4	0.2	0
BSU_33000	GO:0016798	4	0.2	0
BSU_05820	GO:0016020	4	0.2	0
BSU_07060	GO:0036402	4	0.2	0
BSU_34040	GO:0005886	4	0.2	0
BSU_23390	GO:0034219	4	0.2	0
BSU_05820	GO:0005829	4	0.2	0
BSU_06760	GO:0003690	4	0.2	0
BSU_30290	GO:0005524	4	0.2	0
BSU_14510	GO:0005737	4	0.2	0
BSU_16520	GO:0051287	4	0.2	0
BSU_09780	GO:0005886	4	0.2	0
BSU_07060	GO:0005829	4	0.2	0
BSU_22560	GO:0030420	4	0.2	0
BSU_30280	GO:0005524	4	0.2	0
BSU_32510	GO:0005886	4	0.2	0
BSU_36510	GO:0005737	4	0.2	0
BSU_16500	GO:0005524	4	0.2	0
BSU_38590	GO:0005829	4	0.2	0
BSU_28500	GO:0051287	4	0.2	0
BSU_05820	GO:0005829	4	0.2	0
BSU_14920	GO:0005524	4	0.2	0
BSU_04520	GO:0016491	4	0.2	1
BSU_16500	GO:0051287	4	0.2	0
BSU_15900	GO:0051287	4	0.2	0
BSU_07490	GO:0030420	4	0.2	0
BSU_19620	GO:0016798	4	0.2	0
BSU_02820	GO:0009089	4	0.2	0
BSU_24730	GO:0016020	4	0.2	0
BSU_30990	GO:0005737	4	0.2	0
BSU_40010	GO:0006950	4	0.2	1
BSU_05820	GO:0046872	4	0.2	0
BSU_22560	GO:0000162	4	0.2	0
BSU_27010	GO:0000162	4	0.2	0
BSU_12900	GO:0005737	4	0.2	0
BSU_28450	GO:0000162	4	0.2	0
BSU_15900	GO:0052656	4	0.2	0
BSU_14230	GO:0005886	4	0.2	0
BSU_16520	GO:0005829	4	0.2	0
BSU_16500	GO:0005829	4	0.2	0
BSU_17920	GO:0005886	4	0.2	0
BSU_27060	GO:0005524	4	0.2	0
BSU_23130	GO:0030420	4	0.2	0
BSU_37470	GO:0009089	4	0.2	0
BSU_04090	GO:0005886	4	0.2	0
BSU_05820	GO:0005524	4	0.2	0
BSU_07060	GO:0008966	4	0.2	0
BSU_10040	GO:0005886	4	0.2	0
BSU_14580	GO:0052656	4	0.2	0
BSU_27060	GO:0005829	4	0.2	0
BSU_15900	GO:0006637	4	0.2	0
BSU_30290	GO:0005829	4	0.2	0
BSU_16520	GO:0005524	4	0.2	0
BSU_08470	GO:0016491	4	0.2	0
BSU_38590	GO:0005829	4	0.2	0
BSU_30280	GO:0015658	4	0.2	0
BSU_35320	GO:0008880	4	0.2	0
BSU_35320	GO:0006637	4	0.2	0
BSU_30290	GO:0015658	4	0.2	0
BSU_12900	GO:0030420	4	0.2	0
BSU_38590	GO:0005524	4	0.2	0
BSU_07060	GO:0005524	4	0.2	0
BSU_38590	GO:0008966	4	0.2	0
BSU_17930	GO:0030420	4	0.2	0
BSU_34530	GO:0005886	4	0.2	0
BSU_05920	GO:0009089	4	0.2	0
BSU_34170	GO:0003690	4	0.2	0
BSU_33080	GO:0005886	4	0.2	0
BSU_05420	GO:0009089	4	0.2	0
BSU_38590	GO:0005524	4	0.2	0
BSU_05820	GO:0005524	4	0.2	0
BSU_39700	GO:0005886	4	0.2	0
BSU_33400	GO:0005886	4	0.2	0
BSU_05820	GO:0008966	4	0.2	0
BSU_37460	GO:0009089	4	0.2	0
BSU_16980	GO:0005886	4	0.2	0
BSU_22680	GO:0008233	4	0.2	0
BSU_35320	GO:0009089	4	0.2	0
BSU_28500	GO:0005978	4	0.2	0
BSU_17930	GO:0072488	4	0.2	0
BSU_05640	GO:0003690	4	0.2	0
BSU_40870	GO:0003690	4	0.2	0
BSU_37550	GO:0003690	4	0.2	0
BSU_13470	GO:0034219	4	0.2	0
BSU_12830	GO:0072488	4	0.2	0
BSU_06760	GO:0003700	4	0.2	0
BSU_33000	GO:0055085	4	0.2	0
BSU_07820	GO:0003690	4	0.2	0
BSU_25810	GO:0003690	4	0.2	0
BSU_22680	GO:0008616	4	0.2	0
BSU_31230	GO:0072488	4	0.2	0
BSU_34170	GO:0003690	4	0.2	0
BSU_16500	GO:0000049	4	0.2	0
BSU_00860	GO:0046872	4	0.2	0
BSU_08840	GO:0072488	4	0.2	0
BSU_09750	GO:0003700	4	0.2	0
BSU_08370	GO:0072488	4	0.2	0
BSU_16520	GO:0008966	4	0.2	0
BSU_33320	GO:0016020	4	0.2	0
BSU_04100	GO:0072488	4	0.2	0
BSU_04050	GO:0072488	4	0.2	0
BSU_40220	GO:0003700	4	0.2	0
BSU_21660	GO:0003700	4	0.2	0
BSU_35290	GO:0008270	4	0.2	0
BSU_38310	GO:0003690	4	0.2	0
BSU_08370	GO:0003690	4	0.2	0
BSU_27320	GO:0003700	4	0.2	0
BSU_26720	GO:0003690	4	0.2	0
BSU_40840	GO:0072488	4	0.2	0
BSU_05820	GO:0005886	4	0.2	0
BSU_16810	GO:0003690	4	0.2	0
BSU_37650	GO:0003690	4	0.2	0
BSU_34060	GO:0003700	4	0.2	0
BSU_28450	GO:0072488	4	0.2	0
BSU_22640	GO:0008270	4	0.2	0
BSU_05420	GO:0003700	4	0.2	0
BSU_12900	GO:0000160	4	0.2	0
BSU_02820	GO:0005886	4	0.2	0
BSU_31620	GO:0016020	4	0.2	0
BSU_28500	GO:0008966	4	0.2	0
BSU_10050	GO:0072488	4	0.2	0
BSU_04050	GO:0005886	4	0.2	0
BSU_04100	GO:0005886	4	0.2	0
BSU_04250	GO:0003690	4	0.2	0
BSU_15900	GO:0000049	4	0.2	0
BSU_08370	GO:0005886	4	0.2	0
BSU_35320	GO:0008270	4	0.2	0
BSU_28500	GO:0036440	4	0.2	0
BSU_07060	GO:0005886	4	0.2	0
BSU_04340	GO:0016491	4	0.2	0
BSU_33260	GO:0072488	4	0.2	0
BSU_34040	GO:0000287	4	0.2	0
BSU_00450	GO:0034219	4	0.2	0
BSU_23490	GO:0008270	4	0.2	0
BSU_21780	GO:0003700	4	0.2	0
BSU_04770	GO:0003690	4	0.2	0
BSU_22480	GO:0005978	4	0.2	0
BSU_10840	GO:0003690	4	0.2	0
BSU_35950	GO:0072488	4	0.2	0
BSU_05150	GO:0003690	4	0.2	0
BSU_27320	GO:0008880	4	0.2	0
BSU_08300	GO:0003700	4	0.2	0
BSU_33000	GO:0015112	4	0.2	0
BSU_31570	GO:0072488	4	0.2	0
BSU_09330	GO:0003700	4	0.2	0
BSU_30410	GO:0072488	4	0.2	0
BSU_30370	GO:0072488	4	0.2	0
BSU_00540	GO:0008880	4	0.2	0
BSU_33000	GO:0000160	4	0.2	0
BSU_33060	GO:0005886	4	0.2	1
BSU_10560	GO:0003690	4	0.2	0
BSU_40220	GO:0003690	4	0.2	0
BSU_40160	GO:0016020	4	0.2	0
BSU_37460	GO:0008616	4	0.2	0
BSU_24060	GO:0000725	4	0.2	0
BSU_14580	GO:0036402	4	0.2	0
BSU_05000	GO:0003700	4	0.2	0
BSU_02320	GO:0003690	4	0.2	0
BSU_21660	GO:0003690	4	0.2	0
BSU_00430	GO:0034219	4	0.2	0
BSU_04250	GO:0003700	4	0.2	0
BSU_38450	GO:0003690	4	0.2	0
BSU_33510	GO:0016746	4	0.2	0
BSU_32870	GO:0003690	4	0.2	0
BSU_24730	GO:0005737	4	0.2	0
BSU_07220	GO:0003690	4	0.2	0
BSU_34060	GO:0003690	4	0.2	0
BSU_39610	GO:0016020	4	0.2	0
BSU_27320	GO:0003690	4	0.2	0
BSU_09330	GO:0003677	4	0.2	1
BSU_14440	GO:0016746	4	0.2	0
BSU_40010	GO:0003690	4	0.2	0
BSU_19950	GO:0034219	4	0.2	0
BSU_35320	GO:0016746	4	0.2	0
BSU_15900	GO:0005737	4	0.2	0
BSU_29630	GO:0003690	4	0.2	0
BSU_09330	GO:0003690	4	0.2	0
BSU_23490	GO:0016746	4	0.2	0
BSU_35910	GO:0003690	4	0.2	0
BSU_08300	GO:0003690	4	0.2	0
BSU_22640	GO:0016746	4	0.2	0
BSU_25810	GO:0003690	4	0.2	0
BSU_35290	GO:0016746	4	0.2	0
BSU_29570	GO:0003700	4	0.2	0
BSU_00860	GO:0000725	4	0.2	0
BSU_13670	GO:0003690	4	0.2	0
BSU_01470	GO:0000160	4	0.2	0
BSU_08300	GO:0016746	4	0.2	0
BSU_32940	GO:0016020	4	0.2	0
BSU_14580	GO:0046872	4	0.2	0
BSU_28250	GO:0072488	4	0.2	0
BSU_15900	GO:0008966	4	0.2	0
BSU_37550	GO:0003690	4	0.2	0
BSU_36110	GO:0003700	4	0.2	0
BSU_36110	GO:0003690	4	0.2	0
BSU_04090	GO:0072488	4	0.2	0
BSU_19580	GO:0072488	4	0.2	0
BSU_16500	GO:0008966	4	0.2	0
BSU_03620	GO:0003690	4	0.2	0
BSU_40480	GO:0072488	4	0.2	0
BSU_35050	GO:0003690	4	0.2	0
BSU_33790	GO:0016746	4	0.2	0
BSU_15900	GO:0036402	4	0.2	0
BSU_00210	GO:0000725	4	0.2	0
BSU_19950	GO:0003700	4	0.2	0
BSU_37420	GO:0005886	4	0.2	0
BSU_26720	GO:0003700	4	0.2	0
BSU_32560	GO:0003690	4	0.2	0
BSU_05820	GO:0055085	4	0.2	0
BSU_14230	GO:0016746	4	0.2	0
BSU_06839	GO:0016746	4	0.2	0
BSU_33510	GO:0008270	4	0.2	0
BSU_08390	GO:0016746	4	0.2	0
BSU_07060	GO:0005737	4	0.2	0
BSU_13470	GO:0003700	4	0.2	0
BSU_02370	GO:0003690	4	0.2	0
BSU_00450	GO:0003700	4	0.2	0
BSU_04690	GO:0000725	4	0.2	0
BSU_40160	GO:0008801	4	0.2	0
BSU_28450	GO:0016301	4	0.2	0
BSU_34040	GO:0051287	4	0.2	0
BSU_25810	GO:0006259	4	0.2	0
BSU_21680	GO:0030497	4	0.2	0
BSU_02330	GO:0030497	4	0.2	0
BSU_22680	GO:0008801	4	0.2	0
BSU_05920	GO:0005886	4	0.2	0
BSU_04100	GO:0006259	4	0.2	0
BSU_27980	GO:0005886	4	0.2	0
BSU_34170	GO:0006259	4	0.2	0
BSU_15900	GO:0006412	4	0.2	0
BSU_09340	GO:0010181	4	0.2	1
BSU_14580	GO:0006412	4	0.2	0
BSU_30410	GO:0005515	4	0.2	0
BSU_13640	GO:0005515	4	0.2	0
BSU_05920	GO:0016853	4	0.2	0
BSU_17930	GO:0015112	4	0.2	0
BSU_01470	GO:0006813	4	0.2	0
BSU_17930	GO:0005515	4	0.2	0
BSU_14440	GO:0030497	4	0.2	0
BSU_39700	GO:0030497	4	0.2	0
BSU_18560	GO:0030497	4	0.2	0
BSU_02600	GO:0005515	4	0.2	0
BSU_24720	GO:0009401	4	0.2	0
BSU_24720	GO:0005515	4	0.2	0
BSU_27010	GO:0030497	4	0.2	0
BSU_36600	GO:0006259	4	0.2	0
BSU_29400	GO:0006259	4	0.2	0
BSU_14230	GO:0030497	4	0.2	0
BSU_33400	GO:0030497	4	0.2	0
BSU_06770	GO:0003910	4	0.2	0
BSU_09780	GO:0016887	4	0.2	0
BSU_07820	GO:0006259	4	0.2	0
BSU_33480	GO:0030497	4	0.2	0
BSU_14920	GO:0009401	4	0.2	0
BSU_37420	GO:0051539	4	0.2	0
BSU_31570	GO:0005515	4	0.2	0
BSU_40190	GO:0006537	4	0.2	0
BSU_21480	GO:0005886	4	0.2	0
BSU_32130	GO:0030497	4	0.2	0
BSU_38310	GO:0003700	4	0.2	1
BSU_38830	GO:0030497	4	0.2	0
BSU_06770	GO:0006537	4	0.2	0
BSU_21450	GO:0005886	4	0.2	0
BSU_07830	GO:0030497	4	0.2	0
BSU_30970	GO:0016887	4	0.2	0
BSU_33700	GO:0005515	4	0.2	0
BSU_35190	GO:0016887	4	0.2	0
BSU_07060	GO:0006412	4	0.2	0
BSU_27350	GO:0016977	4	0.2	0
BSU_23580	GO:0006537	4	0.2	0
BSU_12900	GO:0016887	4	0.2	0
BSU_29860	GO:0016977	4	0.2	0
BSU_27980	GO:0005886	4	0.2	0
BSU_14450	GO:0005886	4	0.2	0
BSU_03620	GO:0003690	4	0.2	0
BSU_04520	GO:0030497	4	0.2	0
BSU_09830	GO:0006537	4	0.2	0
BSU_31050	GO:0030497	4	0.2	0
BSU_30990	GO:0016887	4	0.2	0
BSU_31060	GO:0030497	4	0.2	0
BSU_38830	GO:0043878	4	0.2	1
BSU_08840	GO:0016887	4	0.2	0
BSU_30990	GO:0016798	4	0.2	0
BSU_09340	GO:0030497	4	0.2	0
BSU_18010	GO:0030497	4	0.2	0
BSU_35950	GO:0005515	4	0.2	0
BSU_01470	GO:0009401	4	0.2	0
BSU_05420	GO:0016853	4	0.2	0
BSU_33800	GO:0005515	4	0.2	0
BSU_30290	GO:0009401	4	0.2	0
BSU_30280	GO:0009401	4	0.2	0
BSU_34530	GO:0005886	4	0.2	0
BSU_14440	GO:0016853	4	0.2	0
BSU_34530	GO:0006537	4	0.2	0
BSU_27980	GO:0006813	4	0.2	0
BSU_01670	GO:0005886	4	0.2	0
BSU_09780	GO:0005886	4	0.2	0
BSU_40840	GO:0005515	4	0.2	0
BSU_04340	GO:0005886	4	0.2	0
BSU_37460	GO:0008801	4	0.2	0
BSU_33080	GO:0006259	4	0.2	0
BSU_10520	GO:0030420	4	0.2	0
BSU_08390	GO:0004252	4	0.2	0
BSU_24710	GO:0042906	4	0.2	0
BSU_29300	GO:0005886	4	0.2	0
BSU_06839	GO:0004252	4	0.2	0
BSU_17930	GO:0006813	4	0.2	0
BSU_24720	GO:0006813	4	0.2	0
BSU_01470	GO:0005515	4	0.2	0
BSU_40840	GO:0006813	4	0.2	0
BSU_30410	GO:0006813	4	0.2	0
BSU_33800	GO:0006813	4	0.2	0
BSU_29630	GO:0005829	4	0.2	0
BSU_33700	GO:0006813	4	0.2	0
BSU_31570	GO:0006813	4	0.2	0
BSU_27340	GO:0016977	4	0.2	0
BSU_35190	GO:0003910	4	0.2	0
BSU_33790	GO:0006259	4	0.2	0
BSU_04340	GO:0008801	4	0.2	0
BSU_22110	GO:0016887	4	0.2	0
BSU_35600	GO:0005829	4	0.2	0
BSU_02600	GO:0005886	4	0.2	0
BSU_33000	GO:0016887	4	0.2	0
BSU_10050	GO:0055085	4	0.2	0
BSU_35560	GO:0005829	4	0.2	0
BSU_22480	GO:0005829	4	0.2	1
BSU_37420	GO:0005737	4	0.2	0
BSU_21450	GO:0005886	4	0.2	0
BSU_15900	GO:0006546	4	0.2	0
BSU_28500	GO:0006546	4	0.2	0
BSU_33700	GO:0009401	4	0.2	0
BSU_33060	GO:0009401	4	0.2	0
BSU_40050	GO:0006259	4	0.2	0
BSU_13670	GO:0006259	4	0.2	0
BSU_40840	GO:0016887	4	0.2	0
BSU_14510	GO:0015112	4	0.2	0
BSU_21480	GO:0005886	4	0.2	0
BSU_35030	GO:0006259	4	0.2	0
BSU_07060	GO:0051539	4	0.2	0
BSU_23130	GO:0050660	4	0.2	0
BSU_07490	GO:0003910	4	0.2	0
BSU_07350	GO:0030497	4	0.2	0
BSU_17930	GO:0005515	4	0.2	0
BSU_33800	GO:0009401	4	0.2	0
BSU_35810	GO:0009401	4	0.2	0
BSU_35050	GO:0003690	4	0.2	0
BSU_14230	GO:0016020	4	0.2	0
BSU_12370	GO:0006259	4	0.2	0
BSU_00860	GO:0005737	4	0.2	0
BSU_04090	GO:0006537	4	0.2	0
BSU_11890	GO:0016853	4	0.2	0
BSU_04690	GO:0005737	4	0.2	0
BSU_08840	GO:0006813	4	0.2	0
BSU_00210	GO:0005737	4	0.2	0
BSU_08840	GO:0005515	4	0.2	0
BSU_13640	GO:0006537	4	0.2	0
BSU_14230	GO:0004252	4	0.2	0
BSU_32560	GO:0003677	4	0.2	1
BSU_08840	GO:0016798	4	0.2	0
BSU_14140	GO:0006259	4	0.2	0
BSU_38590	GO:0006412	4	0.2	0
BSU_40220	GO:0003910	4	0.2	0
BSU_35320	GO:0016853	4	0.2	0
BSU_16790	GO:0016977	4	0.2	0
BSU_22980	GO:0016836	4	0.2	0
BSU_36510	GO:0072488	4	0.2	1
BSU_40840	GO:0030001	4	0.2	0
BSU_28500	GO:0016740	4	0.2	0
BSU_31990	GO:0006556	4	0.2	0
BSU_00430	GO:0030436	4	0.2	0
BSU_34040	GO:0006556	4	0.2	0
BSU_13470	GO:0030436	4	0.2	0
BSU_19950	GO:0030436	4	0.2	0
BSU_20350	GO:0003910	4	0.2	0
BSU_14510	GO:0030001	4	0.2	0
BSU_12900	GO:0016798	4	0.2	0
BSU_28250	GO:0016407	4	0.2	0
BSU_23390	GO:0030436	4	0.2	0
BSU_35950	GO:0016407	4	0.2	0
BSU_00450	GO:0030436	4	0.2	0
BSU_23130	GO:0016887	4	0.2	0
BSU_37470	GO:0006556	4	0.2	0
BSU_30410	GO:0030001	4	0.2	0
BSU_09780	GO:0005886	4	0.2	0
BSU_30370	GO:0030001	4	0.2	0
BSU_34990	GO:0006813	4	0.2	0
BSU_12830	GO:0016798	4	0.2	0
BSU_37460	GO:0006556	4	0.2	0
BSU_08840	GO:0030001	4	0.2	0
BSU_21660	GO:0003910	4	0.2	0
BSU_22940	GO:0015112	4	0.2	0
BSU_37470	GO:0071555	4	0.2	0
BSU_37460	GO:0071555	4	0.2	0
BSU_09390	GO:0005886	4	0.2	0
BSU_38270	GO:0006813	4	0.2	0
BSU_38590	GO:0071555	4	0.2	0
BSU_39700	GO:0016407	4	0.2	0
BSU_04050	GO:0005886	4	0.2	0
BSU_12900	GO:0016787	4	0.2	0
BSU_02820	GO:0016836	4	0.2	0
BSU_10040	GO:0030436	4	0.2	0
BSU_06839	GO:0030436	4	0.2	0
BSU_23580	GO:0016836	4	0.2	0
BSU_25770	GO:0006281	4	0.2	0
BSU_08470	GO:0005886	4	0.2	0
BSU_37460	GO:0042802	4	0.2	0
BSU_04090	GO:0030436	4	0.2	0
BSU_33480	GO:0006813	4	0.2	0
BSU_29490	GO:0016740	4	0.2	0
BSU_22680	GO:0016740	4	0.2	0
BSU_14310	GO:0016740	4	0.2	0
BSU_37470	GO:0016836	4	0.2	0
BSU_34060	GO:0004252	4	0.2	0
BSU_12830	GO:0030436	4	0.2	0
BSU_10050	GO:0030436	4	0.2	0
BSU_39340	GO:0008033	4	0.2	0
BSU_00540	GO:0030436	4	0.2	0
BSU_34530	GO:0030436	4	0.2	0
BSU_23130	GO:0016407	4	0.2	0
BSU_24710	GO:0015112	4	0.2	0
BSU_37420	GO:0005737	4	0.2	0
BSU_23410	GO:0030436	4	0.2	0
BSU_07060	GO:0005737	4	0.2	0
BSU_16980	GO:0030436	4	0.2	0
BSU_34230	GO:0016740	4	0.2	0
BSU_23490	GO:0016407	4	0.2	0
BSU_37890	GO:0016740	4	0.2	0
BSU_35630	GO:0030436	4	0.2	0
BSU_22560	GO:0016407	4	0.2	0
BSU_09780	GO:0030436	4	0.2	0
BSU_17920	GO:0030436	4	0.2	0
BSU_01470	GO:0005886	4	0.2	1
BSU_31570	GO:0030001	4	0.2	0
BSU_36510	GO:0016887	4	0.2	0
BSU_37460	GO:0050660	4	0.2	0
BSU_28110	GO:0005886	4	0.2	0
BSU_09830	GO:0005886	4	0.2	0
BSU_09330	GO:0005886	4	0.2	0
BSU_28820	GO:0016977	4	0.2	0
BSU_19620	GO:0030001	4	0.2	0
BSU_25770	GO:0051775	4	0.2	0
BSU_33260	GO:0006813	4	0.2	0
BSU_14580	GO:0006546	4	0.2	0
BSU_23130	GO:0015112	4	0.2	0
BSU_14510	GO:0016887	4	0.2	0
BSU_15350	GO:0016853	4	0.2	0
BSU_05930	GO:0005886	4	0.2	0
BSU_23580	GO:0051539	4	0.2	0
BSU_13640	GO:0005886	4	0.2	0
BSU_08300	GO:0004252	4	0.2	0
BSU_16500	GO:0051539	4	0.2	0
BSU_33700	GO:0030001	4	0.2	0
BSU_10040	GO:0005886	4	0.2	0
BSU_05820	GO:0006412	4	0.2	0
BSU_31230	GO:0015112	4	0.2	0
BSU_05420	GO:0005886	4	0.2	0
BSU_08300	GO:0005886	4	0.2	0
BSU_33790	GO:0005886	4	0.2	0
BSU_02600	GO:0006537	4	0.2	0
BSU_01670	GO:0006537	4	0.2	0
BSU_16520	GO:0051539	4	0.2	0
BSU_34060	GO:0005886	4	0.2	0
BSU_35320	GO:0005886	4	0.2	0
BSU_34800	GO:0005886	4	0.2	0
BSU_15900	GO:0033554	4	0.2	0
BSU_14920	GO:0006412	4	0.2	0
BSU_30290	GO:0006412	4	0.2	0
BSU_07490	GO:0008033	4	0.2	0
BSU_40010	GO:0005886	4	0.2	0
BSU_27340	GO:0005886	4	0.2	0
BSU_27170	GO:0005515	4	0.2	0
BSU_14580	GO:0033554	4	0.2	0
BSU_14450	GO:0005886	4	0.2	0
BSU_22560	GO:0015112	4	0.2	0
BSU_38590	GO:0051539	4	0.2	0
BSU_11890	GO:0005886	4	0.2	0
BSU_05820	GO:0051539	4	0.2	0
BSU_38970	GO:0030497	4	0.2	1
BSU_27170	GO:0005886	4	0.2	0
BSU_00430	GO:0005886	4	0.2	0
BSU_30510	GO:0005886	4	0.2	0
BSU_31230	GO:0016887	4	0.2	0
BSU_35950	GO:0030001	4	0.2	0
BSU_33620	GO:0005886	4	0.2	0
BSU_33800	GO:0030001	4	0.2	0
BSU_02600	GO:0005886	4	0.2	0
BSU_02820	GO:0071555	4	0.2	0
BSU_23580	GO:0071555	4	0.2	0
BSU_33080	GO:0051775	4	0.2	0
BSU_37460	GO:0051539	4	0.2	0
BSU_09330	GO:0004252	4	0.2	0
BSU_16500	GO:0071555	4	0.2	0
BSU_17930	GO:0016887	4	0.2	0
BSU_04340	GO:0005886	4	0.2	0
BSU_01670	GO:0005886	4	0.2	0
BSU_16520	GO:0071555	4	0.2	0
BSU_29650	GO:0030420	4	0.2	0
BSU_12370	GO:0051775	4	0.2	0
BSU_33510	GO:0005886	4	0.2	0
BSU_02820	GO:0051539	4	0.2	0
BSU_29400	GO:0051775	4	0.2	0
BSU_11890	GO:0005886	4	0.2	0
BSU_16520	GO:0006633	4	0.2	0
BSU_33510	GO:0005886	4	0.2	0
BSU_09860	GO:0016020	4	0.2	0
BSU_07060	GO:0016682	4	0.2	0
BSU_07060	GO:0003746	4	0.2	0
BSU_29300	GO:0016887	4	0.2	0
BSU_17930	GO:0055085	4	0.2	0
BSU_30990	GO:0015112	4	0.2	0
BSU_27320	GO:0016740	4	0.2	0
BSU_14510	GO:0055085	4	0.2	0
BSU_23580	GO:0003677	4	0.2	0
BSU_22560	GO:0003824	4	0.2	0
BSU_23580	GO:0016829	4	0.2	0
BSU_02820	GO:0016829	4	0.2	0
BSU_36510	GO:0055085	4	0.2	0
BSU_16520	GO:0016740	4	0.2	0
BSU_28450	GO:0008801	4	0.2	0
BSU_07060	GO:0003677	4	0.2	0
BSU_38590	GO:0005524	4	0.2	0
BSU_04690	GO:0003746	4	0.2	0
BSU_30690	GO:0008801	4	0.2	0
BSU_22940	GO:0055085	4	0.2	0
BSU_34040	GO:0003824	4	0.2	0
BSU_00860	GO:0003746	4	0.2	0
BSU_34040	GO:0008801	4	0.2	0
BSU_00860	GO:0004783	4	0.2	0
BSU_09830	GO:0009432	4	0.2	0
BSU_05920	GO:0009432	4	0.2	0
BSU_22560	GO:0055085	4	0.2	0
BSU_20350	GO:0009432	4	0.2	0
BSU_28450	GO:0003824	4	0.2	0
BSU_23130	GO:0055085	4	0.2	0
BSU_31230	GO:0055085	4	0.2	0
BSU_27010	GO:0003824	4	0.2	0
BSU_05820	GO:0005524	4	0.2	0
BSU_40220	GO:0009432	4	0.2	0
BSU_37420	GO:0003677	4	0.2	0
BSU_16500	GO:0016740	4	0.2	0
BSU_37420	GO:0016682	4	0.2	0
BSU_30290	GO:0034220	4	0.2	0
BSU_34040	GO:0016740	4	0.2	0
BSU_34040	GO:0009229	4	0.2	0
BSU_35320	GO:0016829	4	0.2	0
BSU_02330	GO:0005829	4	0.2	0
BSU_12900	GO:0055085	4	0.2	0
BSU_30280	GO:0034220	4	0.2	0
BSU_31990	GO:0016740	4	0.2	0
BSU_37470	GO:0016829	4	0.2	0
BSU_23490	GO:0016829	4	0.2	0
BSU_12830	GO:0055085	4	0.2	0
BSU_34380	GO:0005524	4	0.2	0
BSU_30690	GO:0009229	4	0.2	0
BSU_35290	GO:0016829	4	0.2	0
BSU_37470	GO:0016740	4	0.2	0
BSU_14440	GO:0016829	4	0.2	0
BSU_22680	GO:0030170	4	0.2	0
BSU_33400	GO:0016740	4	0.2	0
BSU_24060	GO:0003677	4	0.2	0
BSU_13640	GO:0005524	4	0.2	0
BSU_08470	GO:0008880	4	0.2	0
BSU_33060	GO:0034220	4	0.2	0
BSU_05820	GO:0003677	4	0.2	0
BSU_08470	GO:0016829	4	0.2	0
BSU_35810	GO:0034220	4	0.2	0
BSU_33060	GO:0055085	4	0.2	0
BSU_28450	GO:0009229	4	0.2	0
BSU_14920	GO:0003746	4	0.2	0
BSU_38590	GO:0003677	4	0.2	0
BSU_05920	GO:0016829	4	0.2	0
BSU_05420	GO:0016829	4	0.2	0
BSU_37460	GO:0016829	4	0.2	0
BSU_09860	GO:0030435	4	0.2	0
BSU_14580	GO:0003746	4	0.2	0
BSU_04690	GO:0003677	4	0.2	0
BSU_28250	GO:0009027	4	0.2	0
BSU_04690	GO:0006520	4	0.2	0
BSU_29650	GO:0016020	4	0.2	0
BSU_36110	GO:0009432	4	0.2	0
BSU_16520	GO:0005886	4	0.2	0
BSU_33510	GO:0008801	4	0.2	0
BSU_22110	GO:0005886	4	0.2	0
BSU_40040	GO:0005886	4	0.2	0
BSU_29010	GO:0009432	4	0.2	0
BSU_22980	GO:0005886	4	0.2	0
BSU_23410	GO:0016020	4	0.2	0
BSU_16500	GO:0005886	4	0.2	0
BSU_04050	GO:0005886	4	0.2	0
BSU_39740	GO:0005886	4	0.2	0
BSU_07060	GO:0006520	4	0.2	0
BSU_04090	GO:0005886	4	0.2	0
BSU_38590	GO:0003677	4	0.2	0
BSU_30690	GO:0003824	4	0.2	0
BSU_34040	GO:0016301	4	0.2	0
BSU_09830	GO:0006650	4	0.2	0
BSU_02820	GO:0008270	4	0.2	0
BSU_38270	GO:0008801	4	0.2	0
BSU_35190	GO:0005886	4	0.2	0
BSU_30970	GO:0005886	4	0.2	0
BSU_26720	GO:0009432	4	0.2	0
BSU_38310	GO:0009432	4	0.2	0
BSU_13090	GO:0016020	4	0.2	0
BSU_30370	GO:0071978	4	0.2	0
BSU_09340	GO:0009432	4	0.2	0
BSU_03620	GO:0009432	4	0.2	0
BSU_05820	GO:0003677	4	0.2	0
BSU_23580	GO:0008270	4	0.2	0
BSU_13100	GO:0016020	4	0.2	0
BSU_23580	GO:0005886	4	0.2	0
BSU_29490	GO:0016740	4	0.2	0
BSU_28500	GO:0016740	4	0.2	0
BSU_13100	GO:0030435	4	0.2	0
BSU_05820	GO:0004525	4	0.2	0
BSU_08300	GO:0000160	4	0.2	1
BSU_38590	GO:0004525	4	0.2	0
BSU_28450	GO:0055085	4	0.2	0
BSU_13090	GO:0030435	4	0.2	0
BSU_09830	GO:0009027	4	0.2	0
BSU_34670	GO:0008801	4	0.2	0
BSU_14920	GO:0006520	4	0.2	0
BSU_27010	GO:0009229	4	0.2	0
BSU_40160	GO:0003824	4	0.2	0
BSU_24710	GO:0055085	4	0.2	0
BSU_38270	GO:0003824	4	0.2	0
BSU_33510	GO:0003824	4	0.2	0
BSU_14920	GO:0016682	4	0.2	0
BSU_35320	GO:0009432	4	0.2	0
BSU_27060	GO:0005524	4	0.2	0
BSU_29650	GO:0030435	4	0.2	0
BSU_38590	GO:0005886	4	0.2	0
BSU_37470	GO:0005886	4	0.2	0
BSU_26710	GO:0030435	4	0.2	0
BSU_38800	GO:0016787	4	0.2	1
BSU_31990	GO:0008880	4	0.2	0
BSU_10520	GO:0030435	4	0.2	0
BSU_26720	GO:0003690	4	0.2	0
BSU_19580	GO:0030435	4	0.2	0
BSU_35600	GO:0030435	4	0.2	0
BSU_35560	GO:0030435	4	0.2	0
BSU_33480	GO:0055085	4	0.2	0
BSU_22560	GO:0009229	4	0.2	0
BSU_32880	GO:0030435	4	0.2	0
BSU_22480	GO:0009432	4	0.2	0
BSU_37460	GO:0016740	4	0.2	0
BSU_30990	GO:0055085	4	0.2	0
BSU_40040	GO:0016887	4	0.2	0
BSU_19580	GO:0030420	4	0.2	0
BSU_35320	GO:0006633	4	0.2	0
BSU_32220	GO:0005829	4	0.2	0
BSU_14920	GO:0005524	4	0.2	0
BSU_14510	GO:0042906	4	0.2	0
BSU_14310	GO:0005829	4	0.2	0
BSU_28900	GO:0055085	4	0.2	0
BSU_17930	GO:0042906	4	0.2	0
BSU_36510	GO:0042906	4	0.2	0
BSU_38310	GO:0003690	4	0.2	0
BSU_28900	GO:0005829	4	0.2	0
BSU_37420	GO:0005524	4	0.2	0
BSU_12900	GO:0016020	4	0.2	0
BSU_11890	GO:0006633	4	0.2	0
BSU_22980	GO:0016887	4	0.2	0
BSU_35190	GO:0005829	4	0.2	0
BSU_33000	GO:0016020	4	0.2	0
BSU_37460	GO:0015935	4	0.2	0
BSU_22640	GO:0006633	4	0.2	0
BSU_34040	GO:0050660	4	0.2	0
BSU_30990	GO:0042906	4	0.2	0
BSU_35320	GO:0004252	4	0.2	0
BSU_33510	GO:0016853	4	0.2	0
BSU_33700	GO:0016887	4	0.2	0
BSU_35290	GO:0006633	4	0.2	0
BSU_33800	GO:0016887	4	0.2	0
BSU_33060	GO:0005524	4	0.2	0
BSU_23490	GO:0006633	4	0.2	0
BSU_12830	GO:0042906	4	0.2	0
BSU_29650	GO:0055085	4	0.2	0
BSU_02820	GO:0015935	4	0.2	0
BSU_12900	GO:0042906	4	0.2	0
BSU_23580	GO:0015935	4	0.2	0
BSU_22640	GO:0005829	4	0.2	0
BSU_31230	GO:0042906	4	0.2	0
BSU_16500	GO:0015935	4	0.2	0
BSU_19620	GO:0016887	4	0.2	0
BSU_24730	GO:0016020	4	0.2	0
BSU_09860	GO:0055085	4	0.2	0
BSU_27170	GO:0006259	4	0.2	0
BSU_14510	GO:0005515	4	0.2	0
BSU_35950	GO:0006813	4	0.2	0
BSU_02820	GO:0006633	4	0.2	0
BSU_23580	GO:0006633	4	0.2	0
BSU_16520	GO:0015935	4	0.2	0
BSU_30970	GO:0003910	4	0.2	0
BSU_04690	GO:0016887	4	0.2	0
BSU_14920	GO:0004783	4	0.2	0
BSU_33510	GO:0004252	4	0.2	0
BSU_16500	GO:0006633	4	0.2	0
BSU_34380	GO:0006259	4	0.2	0
BSU_37470	GO:0006633	4	0.2	0
BSU_37460	GO:0006633	4	0.2	0
BSU_23490	GO:0016853	4	0.2	0
BSU_24710	GO:0016020	4	0.2	0
BSU_30970	GO:0005524	4	0.2	1
BSU_35290	GO:0004252	4	0.2	0
BSU_05420	GO:0006633	4	0.2	0
BSU_22640	GO:0004252	4	0.2	0
BSU_27980	GO:0005886	4	0.2	0
BSU_05920	GO:0006633	4	0.2	0
BSU_22640	GO:0016853	4	0.2	0
BSU_23490	GO:0004252	4	0.2	0
BSU_22940	GO:0042906	4	0.2	0
BSU_14580	GO:0016887	4	0.2	0
BSU_22560	GO:0042906	4	0.2	0
BSU_23130	GO:0042906	4	0.2	0
BSU_35290	GO:0016853	4	0.2	0
BSU_37470	GO:0015935	4	0.2	0
BSU_38590	GO:0015935	4	0.2	0
BSU_37460	GO:0003824	4	0.2	0
BSU_08470	GO:0004252	4	0.2	0
BSU_27060	GO:0016740	4	0.2	0
BSU_05920	GO:0004252	4	0.2	0
BSU_08390	GO:0016829	4	0.2	0
BSU_25770	GO:0006259	4	0.2	0
BSU_06839	GO:0016829	4	0.2	0
BSU_14230	GO:0016829	4	0.2	0
BSU_23130	GO:0016740	4	0.2	0
BSU_22680	GO:0003824	4	0.2	0
BSU_32940	GO:0055085	4	0.2	0
BSU_19620	GO:0042906	4	0.2	0
BSU_00540	GO:0016853	4	0.2	0
BSU_04430	GO:0005737	4	0.2	0
BSU_33790	GO:0016829	4	0.2	0
BSU_02600	GO:0005886	4	0.2	0
BSU_33480	GO:0071978	4	0.2	0
BSU_27010	GO:0008801	4	0.2	0
BSU_08840	GO:0042906	4	0.2	0
BSU_38270	GO:0009229	4	0.2	0
BSU_34670	GO:0009229	4	0.2	0
BSU_39740	GO:0016887	4	0.2	0
BSU_27060	GO:0015935	4	0.2	0
BSU_04050	GO:0016887	4	0.2	0
BSU_10340	GO:0016853	4	0.2	0
BSU_33510	GO:0009229	4	0.2	0
BSU_40160	GO:0009229	4	0.2	0
BSU_14920	GO:0034220	4	0.2	0
BSU_35810	GO:0055085	4	0.2	0
BSU_00860	GO:0003677	4	0.2	0
BSU_33510	GO:0016829	4	0.2	0
BSU_36420	GO:0006355	4	0.2	1
BSU_05420	GO:0004252	4	0.2	0
BSU_05930	GO:0016853	4	0.2	0
BSU_22560	GO:0008801	4	0.2	0
BSU_12830	GO:0015112	4	0.2	0
BSU_24730	GO:0006826	4	0.2	0
BSU_02320	GO:0006355	4	0.2	1
BSU_32880	GO:0030420	4	0.2	0
BSU_14230	GO:0016853	4	0.2	0
BSU_06839	GO:0016853	4	0.2	0
BSU_14450	GO:0008801	4	0.2	0
BSU_11890	GO:0004252	4	0.2	0
BSU_07490	GO:0042906	4	0.2	0
BSU_04340	GO:0005886	4	0.2	0
BSU_07490	GO:0055085	4	0.2	0
BSU_31230	GO:0005829	4	0.2	0
BSU_07060	GO:0004783	4	0.2	0
BSU_19620	GO:0055085	4	0.2	0
BSU_14440	GO:0004252	4	0.2	0
BSU_22940	GO:0016977	4	0.2	0
BSU_08390	GO:0016853	4	0.2	0
BSU_20340	GO:0006259	4	0.2	0
BSU_36510	GO:0015112	4	0.2	0
BSU_08300	GO:0016853	4	0.2	0
BSU_40840	GO:0042906	4	0.2	0
BSU_03820	GO:0003910	4	0.2	0
BSU_15350	GO:0005737	4	0.2	0
BSU_12900	GO:0015112	4	0.2	0
BSU_10240	GO:0005737	4	0.2	0
BSU_09330	GO:0016853	4	0.2	0
BSU_29300	GO:0006826	4	0.2	0
BSU_04090	GO:0003910	4	0.2	0
BSU_34060	GO:0016853	4	0.2	0
BSU_04520	GO:0005829	4	0.2	0
BSU_13730	GO:0005737	4	0.2	0
BSU_33000	GO:0042906	4	0.2	0
BSU_04690	GO:0004783	4	0.2	0
BSU_29300	GO:0016020	4	0.2	0
BSU_08840	GO:0005737	4	0.2	0
BSU_31990	GO:0051287	4	0.2	0
BSU_07490	GO:0022857	4	0.2	0
BSU_15900	GO:0009089	4	0.2	0
BSU_08470	GO:0005886	4	0.2	0
BSU_33400	GO:0003756	4	0.2	0
BSU_16520	GO:0009089	4	0.2	0
BSU_31230	GO:0050845	4	0.2	0
BSU_16500	GO:0009089	4	0.2	0
BSU_39700	GO:0003756	4	0.2	0
BSU_27010	GO:0003756	4	0.2	0
BSU_33480	GO:0003756	4	0.2	0
BSU_22640	GO:0009423	4	0.2	0
BSU_02820	GO:0019877	4	0.2	0
BSU_23580	GO:0019877	4	0.2	0
BSU_08390	GO:0016491	4	0.2	0
BSU_14450	GO:0005886	4	0.2	0
BSU_14580	GO:0009089	4	0.2	0
BSU_32510	GO:0003756	4	0.2	0
BSU_37470	GO:0019877	4	0.2	0
BSU_39300	GO:0016977	4	0.2	0
BSU_22680	GO:0009423	4	0.2	0
BSU_14310	GO:0009423	4	0.2	0
BSU_33510	GO:0005886	4	0.2	0
BSU_37460	GO:0008237	4	0.2	0
BSU_16500	GO:0008033	4	0.2	0
BSU_39700	GO:0009423	4	0.2	0
BSU_06839	GO:0016977	4	0.2	0
BSU_16520	GO:0008033	4	0.2	0
BSU_37460	GO:0019877	4	0.2	0
BSU_14230	GO:0003756	4	0.2	0
BSU_05920	GO:0019877	4	0.2	0
BSU_07060	GO:0051992	4	0.2	0
BSU_17930	GO:0016491	4	0.2	0
BSU_28500	GO:0009089	4	0.2	0
BSU_05420	GO:0019877	4	0.2	0
BSU_34170	GO:0005737	4	0.2	0
BSU_22560	GO:0003756	4	0.2	0
BSU_18560	GO:0003756	4	0.2	0
BSU_05820	GO:0009089	4	0.2	0
BSU_37740	GO:0009423	4	0.2	0
BSU_10240	GO:0016491	4	0.2	0
BSU_39720	GO:0009423	4	0.2	0
BSU_07060	GO:0009089	4	0.2	0
BSU_38590	GO:0009089	4	0.2	0
BSU_04340	GO:0008237	4	0.2	0
BSU_12830	GO:0050845	4	0.2	0
BSU_28250	GO:0009423	4	0.2	0
BSU_35290	GO:0003677	4	0.2	0
BSU_29860	GO:0016491	4	0.2	0
BSU_22640	GO:0003677	4	0.2	0
BSU_37460	GO:0009423	4	0.2	0
BSU_23490	GO:0003677	4	0.2	0
BSU_01470	GO:0006826	4	0.2	0
BSU_15350	GO:0016491	4	0.2	0
BSU_00540	GO:0016491	4	0.2	0
BSU_28450	GO:0016491	4	0.2	0
BSU_07350	GO:0003756	4	0.2	0
BSU_19000	GO:0016977	4	0.2	0
BSU_36510	GO:0050845	4	0.2	0
BSU_25860	GO:0016977	4	0.2	0
BSU_37420	GO:0051992	4	0.2	0
BSU_29570	GO:0005737	4	0.2	0
BSU_34800	GO:0016977	4	0.2	0
BSU_28500	GO:0003824	4	0.2	0
BSU_22480	GO:0009423	4	0.2	0
BSU_25810	GO:0005737	4	0.2	0
BSU_28500	GO:0071555	4	0.2	0
BSU_30690	GO:0009423	4	0.2	0
BSU_16520	GO:0019877	4	0.2	0
BSU_16500	GO:0019877	4	0.2	0
BSU_40190	GO:0016491	4	0.2	0
BSU_04250	GO:0005737	4	0.2	0
BSU_27060	GO:0009380	4	0.2	0
BSU_40190	GO:0006144	4	0.2	0
BSU_05820	GO:0046872	4	0.2	0
BSU_27340	GO:0005886	4	0.2	0
BSU_37470	GO:0003824	4	0.2	0
BSU_09780	GO:0046872	4	0.2	0
BSU_10340	GO:0046872	4	0.2	0
BSU_17160	GO:0046872	4	0.2	0
BSU_07490	GO:0005737	4	0.2	0
BSU_09830	GO:0006144	4	0.2	0
BSU_18310	GO:0046872	4	0.2	0
BSU_31570	GO:0050845	4	0.2	0
BSU_31990	GO:0003824	4	0.2	0
BSU_34040	GO:0003824	4	0.2	0
BSU_37890	GO:0046872	4	0.2	0
BSU_18220	GO:0046872	4	0.2	0
BSU_38590	GO:0046872	4	0.2	0
BSU_10810	GO:0005886	4	0.2	0
BSU_29300	GO:0005886	4	0.2	0
BSU_02820	GO:0046872	4	0.2	0
BSU_19620	GO:0016787	4	0.2	0
BSU_22980	GO:0005886	4	0.2	0
BSU_23580	GO:0006144	4	0.2	0
BSU_10520	GO:0009306	4	0.2	0
BSU_22680	GO:0008237	4	0.2	0
BSU_23580	GO:0046872	4	0.2	0
BSU_08470	GO:0046872	4	0.2	0
BSU_10730	GO:0005886	4	0.2	0
BSU_14440	GO:0006355	4	0.2	0
BSU_37460	GO:0003824	4	0.2	0
BSU_31670	GO:0005886	4	0.2	0
BSU_35190	GO:0046872	4	0.2	0
BSU_37470	GO:0046872	4	0.2	0
BSU_16520	GO:0004784	4	0.2	0
BSU_34230	GO:0046872	4	0.2	0
BSU_30690	GO:0016491	4	0.2	0
BSU_28160	GO:0016491	4	0.2	0
BSU_05420	GO:0046872	4	0.2	0
BSU_37470	GO:0008033	4	0.2	0
BSU_10840	GO:0005737	4	0.2	0
BSU_05150	GO:0005737	4	0.2	0
BSU_27980	GO:0005886	4	0.2	0
BSU_15900	GO:0071555	4	0.2	0
BSU_38270	GO:0016491	4	0.2	0
BSU_15900	GO:0003824	4	0.2	0
BSU_13640	GO:0006144	4	0.2	0
BSU_02820	GO:0008033	4	0.2	0
BSU_07060	GO:0003962	4	0.2	0
BSU_23580	GO:0008033	4	0.2	0
BSU_16500	GO:0003824	4	0.2	0
BSU_14310	GO:0046872	4	0.2	0
BSU_16520	GO:0003824	4	0.2	0
BSU_37460	GO:0008033	4	0.2	0
BSU_04770	GO:0005737	4	0.2	0
BSU_22940	GO:0046872	4	0.2	0
BSU_15900	GO:0005737	4	0.2	0
BSU_33510	GO:0016491	4	0.2	0
BSU_23040	GO:0016491	4	0.2	0
BSU_35320	GO:0006355	4	0.2	0
BSU_28450	GO:0050845	4	0.2	0
BSU_11890	GO:0005886	4	0.2	0
BSU_38590	GO:0008033	4	0.2	0
BSU_09750	GO:0046872	4	0.2	0
BSU_27170	GO:0005886	4	0.2	0
BSU_14230	GO:0046872	4	0.2	0
BSU_29400	GO:0005737	4	0.2	0
BSU_06839	GO:0046872	4	0.2	0
BSU_30370	GO:0050845	4	0.2	0
BSU_34670	GO:0016491	4	0.2	0
BSU_35810	GO:0009401	4	0.2	0
BSU_29300	GO:0005886	4	0.2	0
BSU_33260	GO:0050845	4	0.2	0
BSU_37460	GO:0070929	4	0.2	0
BSU_17930	GO:0005737	4	0.2	0
BSU_08840	GO:0000160	4	0.2	0
BSU_04430	GO:0016491	4	0.2	0
BSU_40840	GO:0042371	4	0.2	0
BSU_24720	GO:0042626	4	0.2	0
BSU_37460	GO:0009228	4	0.2	0
BSU_37650	GO:0005737	4	0.2	0
BSU_02820	GO:0070929	4	0.2	0
BSU_07490	GO:0000160	4	0.2	0
BSU_33510	GO:0006355	4	0.2	0
BSU_37470	GO:0009228	4	0.2	0
BSU_05000	GO:0005886	4	0.2	0
BSU_27060	GO:0016740	4	0.2	0
BSU_11890	GO:0016740	4	0.2	0
BSU_12830	GO:0005737	4	0.2	0
BSU_23580	GO:0070929	4	0.2	0
BSU_16520	GO:0070929	4	0.2	0
BSU_33000	GO:0006814	4	0.2	0
BSU_02600	GO:0005737	4	0.2	0
BSU_15900	GO:0016301	4	0.2	0
BSU_35290	GO:0006355	4	0.2	0
BSU_12900	GO:0000160	4	0.2	0
BSU_05490	GO:0016491	4	0.2	0
BSU_28500	GO:0004784	4	0.2	0
BSU_35320	GO:0016740	4	0.2	0
BSU_22640	GO:0016491	4	0.2	0
BSU_14450	GO:0003723	4	0.2	0
BSU_09750	GO:0005737	4	0.2	0
BSU_31230	GO:0042626	4	0.2	0
BSU_30990	GO:0000160	4	0.2	0
BSU_27980	GO:0042626	4	0.2	0
BSU_28110	GO:0005737	4	0.2	0
BSU_40840	GO:0000160	4	0.2	0
BSU_28450	GO:0042626	4	0.2	0
BSU_38590	GO:0070929	4	0.2	0
BSU_36510	GO:0055085	4	0.2	0
BSU_12830	GO:0055085	4	0.2	0
BSU_05920	GO:0016740	4	0.2	0
BSU_02820	GO:0009228	4	0.2	0
BSU_24710	GO:0006814	4	0.2	0
BSU_24720	GO:0006814	4	0.2	0
BSU_24730	GO:0006814	4	0.2	0
BSU_17930	GO:0055085	4	0.2	0
BSU_05820	GO:0070929	4	0.2	0
BSU_16810	GO:0005737	4	0.2	0
BSU_05420	GO:0016740	4	0.2	0
BSU_14450	GO:0005576	4	0.2	0
BSU_37460	GO:0016740	4	0.2	0
BSU_31230	GO:0055085	4	0.2	0
BSU_01670	GO:0005886	4	0.2	0
BSU_04090	GO:0005737	4	0.2	0
BSU_06839	GO:0006355	4	0.2	0
BSU_33800	GO:0042626	4	0.2	0
BSU_37460	GO:0003723	4	0.2	0
BSU_01470	GO:0042371	4	0.2	0
BSU_33000	GO:0000160	4	0.2	0
BSU_33000	GO:0042371	4	0.2	0
BSU_04340	GO:0003723	4	0.2	0
BSU_07060	GO:0035999	4	0.2	0
BSU_31570	GO:0042626	4	0.2	0
BSU_38590	GO:0035999	4	0.2	0
BSU_05820	GO:0035999	4	0.2	0
BSU_12900	GO:0006814	4	0.2	0
BSU_27980	GO:0005737	4	0.2	0
BSU_30410	GO:0042626	4	0.2	0
BSU_30370	GO:0042626	4	0.2	0
BSU_15900	GO:0005737	4	0.2	0
BSU_16520	GO:0003677	4	0.2	0
BSU_16500	GO:0003677	4	0.2	0
BSU_04340	GO:0009423	4	0.2	0
BSU_22480	GO:0005737	4	0.2	0
BSU_30290	GO:0009401	4	0.2	0
BSU_24720	GO:0006826	4	0.2	0
BSU_04100	GO:0005737	4	0.2	0
BSU_05920	GO:0003677	4	0.2	0
BSU_28250	GO:0005737	4	0.2	0
BSU_30290	GO:0006826	4	0.2	0
BSU_30280	GO:0006826	4	0.2	0
BSU_30280	GO:0009401	4	0.2	0
BSU_30410	GO:0006826	4	0.2	0
BSU_27320	GO:0004784	4	0.2	0
BSU_05640	GO:0005737	4	0.2	0
BSU_00450	GO:0005737	4	0.2	0
BSU_31570	GO:0006826	4	0.2	0
BSU_23490	GO:0006355	4	0.2	0
BSU_27980	GO:0006826	4	0.2	0
BSU_25770	GO:0003700	4	0.2	0
BSU_23490	GO:0016740	4	0.2	0
BSU_33700	GO:0009401	4	0.2	0
BSU_35810	GO:0016301	4	0.2	0
BSU_37550	GO:0005737	4	0.2	0
BSU_40840	GO:0006826	4	0.2	0
BSU_22680	GO:0016491	4	0.2	0
BSU_28820	GO:0016491	4	0.2	0
BSU_35320	GO:0003677	4	0.2	0
BSU_33060	GO:0009401	4	0.2	0
BSU_11890	GO:0003677	4	0.2	0
BSU_40870	GO:0005737	4	0.2	0
BSU_33080	GO:0003700	4	0.2	0
BSU_04050	GO:0005886	4	0.2	0
BSU_33700	GO:0016301	4	0.2	0
BSU_17930	GO:0006826	4	0.2	0
BSU_33060	GO:0016301	4	0.2	0
BSU_22560	GO:0000160	4	0.2	0
BSU_30280	GO:0016301	4	0.2	0
BSU_07820	GO:0005737	4	0.2	0
BSU_12830	GO:0042626	4	0.2	0
BSU_22560	GO:0003723	4	0.2	0
BSU_08370	GO:0005737	4	0.2	0
BSU_14920	GO:0016301	4	0.2	0
BSU_17930	GO:0000160	4	0.2	0
BSU_01470	GO:0016301	4	0.2	0
BSU_13470	GO:0005737	4	0.2	0
BSU_14510	GO:0000160	4	0.2	0
BSU_14920	GO:0009401	4	0.2	0
BSU_36510	GO:0042626	4	0.2	0
BSU_19620	GO:0006814	4	0.2	0
BSU_17930	GO:0042626	4	0.2	0
BSU_01470	GO:0006814	4	0.2	0
BSU_02820	GO:0003677	4	0.2	0
BSU_23580	GO:0003677	4	0.2	0
BSU_38590	GO:0009380	4	0.2	0
BSU_01470	GO:0009401	4	0.2	0
BSU_05820	GO:0009380	4	0.2	0
BSU_07060	GO:0008889	4	0.2	0
BSU_37470	GO:0003677	4	0.2	0
BSU_16500	GO:0070929	4	0.2	0
BSU_34060	GO:0005886	4	0.2	0
BSU_29400	GO:0005737	4	0.2	0
BSU_23130	GO:0000160	4	0.2	0
BSU_30290	GO:0016301	4	0.2	0
BSU_35950	GO:0006826	4	0.2	0
BSU_40840	GO:0042626	4	0.2	0
BSU_22640	GO:0006355	4	0.2	0
BSU_33800	GO:0006826	4	0.2	0
BSU_13730	GO:0016491	4	0.2	0
BSU_37460	GO:0003677	4	0.2	0
BSU_33700	GO:0006826	4	0.2	0
BSU_16500	GO:0004784	4	0.2	0
BSU_00430	GO:0005886	4	0.2	0
BSU_01470	GO:0000160	4	0.2	0
BSU_00540	GO:0042601	4	0.2	0
BSU_34040	GO:0016979	4	0.2	0
BSU_21580	GO:0008237	4	0.2	0
BSU_05920	GO:0009228	4	0.2	0
BSU_33060	GO:0065002	4	0.2	0
BSU_24720	GO:0055085	4	0.2	0
BSU_01650	GO:0008237	4	0.2	0
BSU_14920	GO:0046872	4	0.2	0
BSU_14920	GO:0046933	4	0.2	0
BSU_09780	GO:0003910	4	0.2	0
BSU_34530	GO:0042601	4	0.2	0
BSU_35320	GO:0005524	4	0.2	0
BSU_27980	GO:0055085	4	0.2	0
BSU_33080	GO:0006310	4	0.2	0
BSU_17930	GO:0055085	4	0.2	0
BSU_02820	GO:0005524	4	0.2	0
BSU_31990	GO:0016979	4	0.2	0
BSU_35290	GO:0005524	4	0.2	0
BSU_07490	GO:0016787	4	0.2	0
BSU_09780	GO:0050845	4	0.2	0
BSU_35320	GO:0046872	4	0.2	0
BSU_10040	GO:0042601	4	0.2	0
BSU_22640	GO:0005524	4	0.2	0
BSU_40480	GO:0009306	4	0.2	0
BSU_35090	GO:0009306	4	0.2	0
BSU_37470	GO:0006355	4	0.2	0
BSU_23580	GO:0005524	4	0.2	0
BSU_09750	GO:0042601	4	0.2	0
BSU_23390	GO:0009306	4	0.2	0
BSU_10050	GO:0042601	4	0.2	0
BSU_35810	GO:0065002	4	0.2	0
BSU_37460	GO:0006355	4	0.2	0
BSU_23490	GO:0005524	4	0.2	0
BSU_33400	GO:0016979	4	0.2	0
BSU_14440	GO:0005524	4	0.2	0
BSU_12370	GO:0006310	4	0.2	0
BSU_17920	GO:0042601	4	0.2	0
BSU_37460	GO:0005524	4	0.2	0
BSU_04690	GO:0046933	4	0.2	0
BSU_37470	GO:0005524	4	0.2	0
BSU_00430	GO:0009306	4	0.2	0
BSU_38590	GO:0009228	4	0.2	0
BSU_00860	GO:0046933	4	0.2	0
BSU_28450	GO:0016491	4	0.2	0
BSU_12360	GO:0050845	4	0.2	0
BSU_24730	GO:0065002	4	0.2	0
BSU_37470	GO:0005524	4	0.2	0
BSU_37460	GO:0005524	4	0.2	0
BSU_10520	GO:0050845	4	0.2	0
BSU_05420	GO:0005524	4	0.2	0
BSU_07060	GO:0006310	4	0.2	0
BSU_29400	GO:0006310	4	0.2	0
BSU_30510	GO:0009306	4	0.2	0
BSU_21480	GO:0008237	4	0.2	0
BSU_05420	GO:0005524	4	0.2	0
BSU_40840	GO:0016787	4	0.2	0
BSU_09780	GO:0042601	4	0.2	0
BSU_05920	GO:0005524	4	0.2	0
BSU_30290	GO:0065002	4	0.2	0
BSU_35630	GO:0042601	4	0.2	0
BSU_19580	GO:0009306	4	0.2	0
BSU_08470	GO:0005524	4	0.2	0
BSU_16980	GO:0042601	4	0.2	0
BSU_30280	GO:0065002	4	0.2	0
BSU_35630	GO:0008237	4	0.2	0
BSU_05920	GO:0006355	4	0.2	0
BSU_23410	GO:0042601	4	0.2	0
BSU_11890	GO:0005524	4	0.2	0
BSU_37460	GO:0004784	4	0.2	0
BSU_37470	GO:0016979	4	0.2	0
BSU_35950	GO:0033214	4	0.2	0
BSU_04690	GO:0016874	4	0.2	0
BSU_34060	GO:0005524	4	0.2	0
BSU_37470	GO:0046872	4	0.2	0
BSU_23130	GO:0016787	4	0.2	0
BSU_33400	GO:0004784	4	0.2	0
BSU_33620	GO:0050845	4	0.2	0
BSU_09330	GO:0005524	4	0.2	0
BSU_22560	GO:0016787	4	0.2	0
BSU_37470	GO:0008237	4	0.2	0
BSU_08300	GO:0005524	4	0.2	0
BSU_33790	GO:0005524	4	0.2	0
BSU_34800	GO:0008237	4	0.2	0
BSU_34040	GO:0004784	4	0.2	0
BSU_14230	GO:0005524	4	0.2	0
BSU_24710	GO:0016787	4	0.2	0
BSU_25860	GO:0008237	4	0.2	0
BSU_23390	GO:0050845	4	0.2	0
BSU_02950	GO:0009306	4	0.2	0
BSU_02480	GO:0050845	4	0.2	0
BSU_19000	GO:0008237	4	0.2	0
BSU_37460	GO:0016491	4	0.2	0
BSU_02950	GO:0050845	4	0.2	0
BSU_07060	GO:0016491	4	0.2	0
BSU_05920	GO:0046872	4	0.2	0
BSU_05420	GO:0046872	4	0.2	0
BSU_14920	GO:0016874	4	0.2	0
BSU_35090	GO:0050845	4	0.2	0
BSU_12830	GO:0042601	4	0.2	0
BSU_07060	GO:0016874	4	0.2	0
BSU_37700	GO:0050845	4	0.2	0
BSU_40480	GO:0050845	4	0.2	0
BSU_17930	GO:0016787	4	0.2	0
BSU_27060	GO:0005524	4	0.2	0
BSU_24720	GO:0016787	4	0.2	0
BSU_24730	GO:0016787	4	0.2	0
BSU_06839	GO:0005524	4	0.2	0
BSU_16500	GO:0005524	4	0.2	0
BSU_07490	GO:0055085	4	0.2	0
BSU_04090	GO:0042601	4	0.2	0
BSU_00860	GO:0016874	4	0.2	0
BSU_19580	GO:0050845	4	0.2	0
BSU_33510	GO:0005524	4	0.2	0
BSU_14920	GO:0016887	4	0.2	0
BSU_02820	GO:0006355	4	0.2	0
BSU_02820	GO:0046872	4	0.2	0
BSU_14580	GO:0016874	4	0.2	0
BSU_33620	GO:0009306	4	0.2	0
BSU_06839	GO:0042601	4	0.2	0
BSU_02480	GO:0009306	4	0.2	0
BSU_37470	GO:0004784	4	0.2	0
BSU_37460	GO:0016979	4	0.2	0
BSU_23580	GO:0006355	4	0.2	0
BSU_39300	GO:0008237	4	0.2	0
BSU_06839	GO:0008237	4	0.2	0
BSU_33060	GO:0016887	4	0.2	0
BSU_33320	GO:0055085	4	0.2	0
BSU_39610	GO:0055085	4	0.2	0
BSU_35810	GO:0016887	4	0.2	0
BSU_19620	GO:0055085	4	0.2	0
BSU_14440	GO:0046872	4	0.2	0
BSU_31990	GO:0004784	4	0.2	0
BSU_16520	GO:0005524	4	0.2	0
BSU_32880	GO:0050845	4	0.2	0
BSU_08390	GO:0005524	4	0.2	0
BSU_32880	GO:0009306	4	0.2	0
BSU_11890	GO:0046872	4	0.2	0
BSU_33000	GO:0055085	4	0.2	0
BSU_23580	GO:0046872	4	0.2	0
BSU_32510	GO:0016020	4	0.2	0
BSU_05920	GO:0005524	4	0.2	0
BSU_24730	GO:0005737	4	0.2	0
BSU_18010	GO:0003756	4	0.2	0
BSU_25860	GO:0031222	4	0.2	0
BSU_05920	GO:0004180	4	0.2	0
BSU_04340	GO:0016491	4	0.2	0
BSU_25540	GO:0008237	4	0.2	0
BSU_22560	GO:0016020	4	0.2	0
BSU_08470	GO:0004180	4	0.2	0
BSU_14450	GO:0009306	4	0.2	0
BSU_39610	GO:0033214	4	0.2	0
BSU_10050	GO:0050845	4	0.2	0
BSU_04050	GO:0016977	4	0.2	0
BSU_37470	GO:0031222	4	0.2	0
BSU_11890	GO:0004180	4	0.2	0
BSU_33320	GO:0033214	4	0.2	0
BSU_14440	GO:0004180	4	0.2	0
BSU_21780	GO:0003910	4	0.2	0
BSU_05420	GO:0004180	4	0.2	0
BSU_35630	GO:0031222	4	0.2	0
BSU_07490	GO:0033214	4	0.2	0
BSU_07490	GO:0000155	4	0.2	0
BSU_23580	GO:0004180	4	0.2	0
BSU_29490	GO:0016979	4	0.2	0
BSU_02240	GO:0008237	4	0.2	0
BSU_02820	GO:0004180	4	0.2	0
BSU_32940	GO:0033214	4	0.2	0
BSU_39300	GO:0031222	4	0.2	0
BSU_38800	GO:0016977	4	0.2	0
BSU_15300	GO:0008237	4	0.2	0
BSU_06839	GO:0031222	4	0.2	0
BSU_26890	GO:0008237	4	0.2	0
BSU_37470	GO:0004180	4	0.2	0
BSU_37460	GO:0004180	4	0.2	0
BSU_34800	GO:0031222	4	0.2	0
BSU_10040	GO:0003910	4	0.2	0
BSU_35320	GO:0004180	4	0.2	0
BSU_02600	GO:0031222	4	0.2	0
BSU_10340	GO:0005886	4	0.2	0
BSU_24730	GO:0000155	4	0.2	0
BSU_16500	GO:0046872	4	0.2	0
BSU_10240	GO:0005886	4	0.2	0
BSU_35320	GO:0005524	4	0.2	0
BSU_01650	GO:0005886	4	0.2	0
BSU_01670	GO:0006144	4	0.2	0
BSU_02600	GO:0006144	4	0.2	0
BSU_29930	GO:0016977	4	0.2	0
BSU_17920	GO:0005886	4	0.2	0
BSU_40010	GO:0005886	4	0.2	0
BSU_21480	GO:0016977	4	0.2	0
BSU_35630	GO:0016977	4	0.2	0
BSU_01650	GO:0016977	4	0.2	0
BSU_21580	GO:0016977	4	0.2	0
BSU_15350	GO:0005886	4	0.2	0
BSU_11890	GO:0006355	4	0.2	0
BSU_08390	GO:0005886	4	0.2	0
BSU_16520	GO:0046872	4	0.2	0
BSU_13640	GO:0005886	4	0.2	0
BSU_27060	GO:0009228	4	0.2	0
BSU_38400	GO:0016977	4	0.2	0
BSU_19210	GO:0016977	4	0.2	0
BSU_29300	GO:0000155	4	0.2	0
BSU_22680	GO:0005737	4	0.2	0
BSU_02240	GO:0016977	4	0.2	0
BSU_14450	GO:0016491	4	0.2	0
BSU_38590	GO:0003824	4	0.2	0
BSU_15300	GO:0016977	4	0.2	0
BSU_27060	GO:0008033	4	0.2	0
BSU_19210	GO:0031222	4	0.2	0
BSU_01470	GO:0016787	4	0.2	0
BSU_01470	GO:0033214	4	0.2	0
BSU_21480	GO:0031222	4	0.2	0
BSU_26710	GO:0050845	4	0.2	0
BSU_00430	GO:0042601	4	0.2	0
BSU_27060	GO:0019877	4	0.2	0
BSU_30410	GO:0033214	4	0.2	0
BSU_29300	GO:0046872	4	0.2	0
BSU_16520	GO:0016979	4	0.2	0
BSU_16825	GO:0009306	4	0.2	0
BSU_08470	GO:0006355	4	0.2	0
BSU_30280	GO:0033214	4	0.2	0
BSU_40040	GO:0003910	4	0.2	0
BSU_19210	GO:0008237	4	0.2	0
BSU_38400	GO:0004180	4	0.2	0
BSU_13190	GO:0004180	4	0.2	0
BSU_18540	GO:0009306	4	0.2	0
BSU_14920	GO:0065002	4	0.2	0
BSU_05800	GO:0009306	4	0.2	0
BSU_16500	GO:0016979	4	0.2	0
BSU_19950	GO:0042601	4	0.2	0
BSU_28500	GO:0016979	4	0.2	0
BSU_22110	GO:0003910	4	0.2	0
BSU_02820	GO:0005524	4	0.2	0
BSU_23580	GO:0005524	4	0.2	0
BSU_32940	GO:0055085	4	0.2	0
BSU_17760	GO:0009306	4	0.2	0
BSU_35320	GO:0019877	4	0.2	0
BSU_33400	GO:0016020	4	0.2	0
BSU_39000	GO:0009306	4	0.2	0
BSU_40170	GO:0016491	4	0.2	0
BSU_33800	GO:0033214	4	0.2	0
BSU_23390	GO:0042601	4	0.2	0
BSU_33700	GO:0033214	4	0.2	0
BSU_31570	GO:0033214	4	0.2	0
BSU_10980	GO:0009306	4	0.2	0
BSU_38400	GO:0008237	4	0.2	0
BSU_02240	GO:0004180	4	0.2	0
BSU_15300	GO:0004180	4	0.2	0
BSU_32220	GO:0016491	4	0.2	0
BSU_22680	GO:0031222	4	0.2	0
BSU_22640	GO:0046872	4	0.2	0
BSU_25540	GO:0004180	4	0.2	0
BSU_28160	GO:0016491	4	0.2	0
BSU_12990	GO:0004180	4	0.2	0
BSU_29300	GO:0005737	4	0.2	0
BSU_27320	GO:0016979	4	0.2	0
BSU_22680	GO:0016491	4	0.2	0
BSU_14450	GO:0004180	4	0.2	0
BSU_39700	GO:0016020	4	0.2	0
BSU_40840	GO:0033214	4	0.2	0
BSU_35290	GO:0046872	4	0.2	0
BSU_01470	GO:0065002	4	0.2	0
BSU_38400	GO:0031222	4	0.2	0
BSU_33000	GO:0016787	4	0.2	0
BSU_16790	GO:0004180	4	0.2	0
BSU_30290	GO:0033214	4	0.2	0
BSU_37420	GO:0000287	4	0.2	0
BSU_28820	GO:0004180	4	0.2	0
BSU_29860	GO:0004180	4	0.2	0
BSU_29570	GO:0042601	4	0.2	0
BSU_27350	GO:0004180	4	0.2	0
BSU_07060	GO:0000287	4	0.2	0
BSU_00450	GO:0042601	4	0.2	0
BSU_37460	GO:0031222	4	0.2	0
BSU_09780	GO:0009306	4	0.2	0
BSU_40160	GO:0004180	4	0.2	0
BSU_34800	GO:0004180	4	0.2	0
BSU_27340	GO:0004180	4	0.2	0
BSU_22940	GO:0004180	4	0.2	0
BSU_13470	GO:0042601	4	0.2	0
BSU_23490	GO:0046872	4	0.2	0
BSU_37470	GO:0016740	4	0.2	0
BSU_35950	GO:0042626	4	0.2	0
BSU_14920	GO:0016887	4	0.2	0
BSU_22680	GO:0000287	4	0.2	0
BSU_00860	GO:0042802	4	0.2	0
BSU_37470	GO:0003677	4	0.2	0
BSU_04090	GO:0034219	4	0.2	0
BSU_37460	GO:0003677	4	0.2	0
BSU_27010	GO:0005737	4	0.2	0
BSU_00540	GO:0006414	4	0.2	0
BSU_34060	GO:0006414	4	0.2	0
BSU_34670	GO:0005737	4	0.2	0
BSU_05150	GO:0003690	4	0.2	0
BSU_04690	GO:0042802	4	0.2	0
BSU_08470	GO:0009972	4	0.2	0
BSU_09330	GO:0006414	4	0.2	0
BSU_34670	GO:0008616	4	0.2	0
BSU_08300	GO:0006414	4	0.2	0
BSU_30690	GO:0005737	4	0.2	0
BSU_37460	GO:0000287	4	0.2	0
BSU_22680	GO:0005737	4	0.2	0
BSU_05820	GO:0044780	4	0.2	0
BSU_10050	GO:0016887	4	0.2	0
BSU_05420	GO:0009972	4	0.2	0
BSU_28500	GO:0000049	4	0.2	0
BSU_31990	GO:0005737	4	0.2	0
BSU_38590	GO:0044780	4	0.2	0
BSU_24730	GO:0016881	4	0.2	0
BSU_05920	GO:0009972	4	0.2	0
BSU_10840	GO:0003690	4	0.2	0
BSU_23580	GO:0003677	4	0.2	0
BSU_02820	GO:0003677	4	0.2	0
BSU_22680	GO:0005737	4	0.2	0
BSU_40840	GO:0005576	4	0.2	0
BSU_29300	GO:0006434	4	0.2	0
BSU_29300	GO:0016881	4	0.2	0
BSU_07490	GO:0005576	4	0.2	0
BSU_22640	GO:0009098	4	0.2	0
BSU_11890	GO:0009972	4	0.2	0
BSU_10050	GO:0009306	4	0.2	0
BSU_06839	GO:0034219	4	0.2	0
BSU_08390	GO:0006414	4	0.2	0
BSU_34990	GO:0000287	4	0.2	0
BSU_30990	GO:0005576	4	0.2	0
BSU_21780	GO:0005737	4	0.2	0
BSU_23580	GO:0005829	4	0.2	0
BSU_11890	GO:0003677	4	0.2	0
BSU_30690	GO:0008616	4	0.2	0
BSU_12830	GO:0005576	4	0.2	0
BSU_37460	GO:0005886	4	0.2	0
BSU_00210	GO:0003676	4	0.2	0
BSU_14440	GO:0003677	4	0.2	0
BSU_36510	GO:0005576	4	0.2	0
BSU_35320	GO:0003677	4	0.2	0
BSU_22480	GO:0009098	4	0.2	0
BSU_06839	GO:0006414	4	0.2	0
BSU_04340	GO:0004181	4	0.2	0
BSU_31990	GO:0046872	4	0.2	0
BSU_35320	GO:0009972	4	0.2	0
BSU_14230	GO:0006414	4	0.2	0
BSU_27060	GO:0005886	4	0.2	0
BSU_34670	GO:0009098	4	0.2	0
BSU_08470	GO:0003677	4	0.2	0
BSU_30690	GO:0009098	4	0.2	0
BSU_14440	GO:0009972	4	0.2	0
BSU_05920	GO:0003677	4	0.2	0
BSU_34250	GO:0000287	4	0.2	0
BSU_08840	GO:0005576	4	0.2	0
BSU_16500	GO:0005829	4	0.2	0
BSU_34040	GO:0008616	4	0.2	0
BSU_16520	GO:0005829	4	0.2	0
BSU_34990	GO:0006434	4	0.2	0
BSU_06760	GO:0005737	4	0.2	0
BSU_29300	GO:0000287	4	0.2	0
BSU_38270	GO:0005737	4	0.2	0
BSU_34670	GO:0004181	4	0.2	0
BSU_39700	GO:0006979	4	0.2	0
BSU_27010	GO:0006979	4	0.2	0
BSU_22560	GO:0006979	4	0.2	0
BSU_40160	GO:0005737	4	0.2	0
BSU_18560	GO:0006979	4	0.2	0
BSU_14440	GO:0006979	4	0.2	0
BSU_09750	GO:0005737	4	0.2	0
BSU_07490	GO:0030435	4	0.2	0
BSU_34040	GO:0005737	4	0.2	0
BSU_30690	GO:0004181	4	0.2	0
BSU_05930	GO:0046872	4	0.2	0
BSU_28450	GO:0005737	4	0.2	0
BSU_34040	GO:0004181	4	0.2	0
BSU_33400	GO:0006979	4	0.2	0
BSU_32510	GO:0006979	4	0.2	0
BSU_21780	GO:0003677	4	0.2	0
BSU_09860	GO:0016887	4	0.2	0
BSU_18010	GO:0006979	4	0.2	0
BSU_15350	GO:0005737	4	0.2	0
BSU_40170	GO:0005737	4	0.2	0
BSU_01670	GO:0005576	4	0.2	0
BSU_35810	GO:0016887	4	0.2	0
BSU_37460	GO:0000287	4	0.2	0
BSU_37420	GO:0042802	4	0.2	0
BSU_23040	GO:0005737	4	0.2	0
BSU_33510	GO:0008616	4	0.2	0
BSU_19620	GO:0005576	4	0.2	0
BSU_02330	GO:0006979	4	0.2	0
BSU_14230	GO:0006979	4	0.2	0
BSU_25770	GO:0032357	4	0.2	0
BSU_33480	GO:0006979	4	0.2	0
BSU_10040	GO:0005576	4	0.2	0
BSU_22560	GO:0005737	4	0.2	0
BSU_07350	GO:0006979	4	0.2	0
BSU_04340	GO:0005737	4	0.2	0
BSU_29400	GO:0032357	4	0.2	0
BSU_22680	GO:0009098	4	0.2	0
BSU_16500	GO:0006434	4	0.2	0
BSU_15470	GO:0005829	4	0.2	0
BSU_16520	GO:0006434	4	0.2	0
BSU_07060	GO:0032357	4	0.2	0
BSU_39340	GO:0005829	4	0.2	0
BSU_28450	GO:0004181	4	0.2	0
BSU_23040	GO:0003677	4	0.2	0
BSU_34250	GO:0006434	4	0.2	0
BSU_16520	GO:0044780	4	0.2	0
BSU_22560	GO:0004181	4	0.2	0
BSU_16500	GO:0044780	4	0.2	0
BSU_04770	GO:0003690	4	0.2	0
BSU_23580	GO:0006434	4	0.2	0
BSU_02820	GO:0006434	4	0.2	0
BSU_12370	GO:0032357	4	0.2	0
BSU_22560	GO:0005737	4	0.2	0
BSU_35320	GO:0005576	4	0.2	0
BSU_27010	GO:0004181	4	0.2	0
BSU_28450	GO:0005737	4	0.2	0
BSU_14450	GO:0005737	4	0.2	0
BSU_34040	GO:0005737	4	0.2	0
BSU_34230	GO:0005737	4	0.2	0
BSU_32940	GO:0030435	4	0.2	0
BSU_28110	GO:0005886	4	0.2	0
BSU_03820	GO:0030435	4	0.2	0
BSU_37460	GO:0009972	4	0.2	0
BSU_37470	GO:0009972	4	0.2	0
BSU_37460	GO:0005576	4	0.2	0
BSU_02820	GO:0005576	4	0.2	0
BSU_23490	GO:0009972	4	0.2	0
BSU_30290	GO:0030420	4	0.2	0
BSU_33510	GO:0004181	4	0.2	0
BSU_35630	GO:0034219	4	0.2	0
BSU_15900	GO:0020037	4	0.2	0
BSU_22560	GO:0008616	4	0.2	0
BSU_28500	GO:0020037	4	0.2	0
BSU_29400	GO:0020037	4	0.2	0
BSU_23490	GO:0000162	4	0.2	0
BSU_27760	GO:0006811	4	0.2	0
BSU_14920	GO:0008137	4	0.2	0
BSU_29570	GO:0005886	4	0.2	0
BSU_09780	GO:0034219	4	0.2	0
BSU_08470	GO:0006414	4	0.2	0
BSU_38270	GO:0005576	4	0.2	0
BSU_21450	GO:0000162	4	0.2	0
BSU_05920	GO:0006414	4	0.2	0
BSU_39710	GO:0006811	4	0.2	0
BSU_33480	GO:0005576	4	0.2	0
BSU_37700	GO:0006811	4	0.2	0
BSU_35950	GO:0006811	4	0.2	0
BSU_22680	GO:0016835	4	0.2	0
BSU_16980	GO:0034219	4	0.2	0
BSU_07350	GO:0009098	4	0.2	0
BSU_33000	GO:0005737	4	0.2	0
BSU_05820	GO:0005829	4	0.2	0
BSU_33260	GO:0006811	4	0.2	0
BSU_35320	GO:0006414	4	0.2	0
BSU_12360	GO:0006811	4	0.2	0
BSU_14230	GO:0003677	4	0.2	0
BSU_14440	GO:0006414	4	0.2	0
BSU_11890	GO:0006414	4	0.2	0
BSU_10730	GO:0005886	4	0.2	0
BSU_09390	GO:0005886	4	0.2	0
BSU_06839	GO:0003677	4	0.2	0
BSU_07060	GO:0005886	4	0.2	0
BSU_00450	GO:0005886	4	0.2	0
BSU_05420	GO:0006414	4	0.2	0
BSU_17920	GO:0034219	4	0.2	0
BSU_15900	GO:0005515	4	0.2	0
BSU_35290	GO:0006414	4	0.2	0
BSU_38590	GO:0051287	4	0.2	0
BSU_19950	GO:0005886	4	0.2	0
BSU_27060	GO:0005829	4	0.2	0
BSU_14580	GO:0008137	4	0.2	0
BSU_14450	GO:0008616	4	0.2	0
BSU_14580	GO:0005829	4	0.2	0
BSU_07060	GO:0008137	4	0.2	0
BSU_23580	GO:0009089	4	0.2	0
BSU_37460	GO:0051287	4	0.2	0
BSU_37470	GO:0051287	4	0.2	0
BSU_04690	GO:0016887	4	0.2	0
BSU_20340	GO:0005737	4	0.2	0
BSU_14450	GO:0000162	4	0.2	0
BSU_21450	GO:0005737	4	0.2	0
BSU_04340	GO:0000162	4	0.2	0
BSU_00860	GO:0008137	4	0.2	0
BSU_21480	GO:0005737	4	0.2	0
BSU_14580	GO:0016887	4	0.2	0
BSU_00430	GO:0005886	4	0.2	0
BSU_37460	GO:0000162	4	0.2	0
BSU_05820	GO:0016020	4	0.2	0
BSU_13470	GO:0005886	4	0.2	0
BSU_16500	GO:0009089	4	0.2	0
BSU_04690	GO:0008137	4	0.2	0
BSU_02820	GO:0005886	4	0.2	0
BSU_38590	GO:0016020	4	0.2	0
BSU_37470	GO:0006414	4	0.2	0
BSU_16520	GO:0009089	4	0.2	0
BSU_07060	GO:0006508	4	0.2	0
BSU_40840	GO:0005737	4	0.2	0
BSU_08390	GO:0003677	4	0.2	0
BSU_33800	GO:0006811	4	0.2	0
BSU_17160	GO:0009098	4	0.2	0
BSU_39720	GO:0009098	4	0.2	0
BSU_23580	GO:0016835	4	0.2	0
BSU_30850	GO:0046872	4	0.2	0
BSU_17930	GO:0005576	4	0.2	0
BSU_27980	GO:0046872	4	0.2	0
BSU_28450	GO:0008616	4	0.2	0
BSU_32940	GO:0005737	4	0.2	0
BSU_13640	GO:0046872	4	0.2	0
BSU_37740	GO:0009098	4	0.2	0
BSU_07490	GO:0005737	4	0.2	0
BSU_02600	GO:0016835	4	0.2	0
BSU_29860	GO:0004181	4	0.2	0
BSU_35560	GO:0005576	4	0.2	0
BSU_33320	GO:0005737	4	0.2	0
BSU_39610	GO:0005737	4	0.2	0
BSU_10050	GO:0034219	4	0.2	0
BSU_28820	GO:0004181	4	0.2	0
BSU_38590	GO:0005829	4	0.2	0
BSU_35290	GO:0003677	4	0.2	0
BSU_02820	GO:0005829	4	0.2	0
BSU_22640	GO:0009972	4	0.2	0
BSU_37470	GO:0005886	4	0.2	0
BSU_35290	GO:0009972	4	0.2	0
BSU_23490	GO:0003677	4	0.2	0
BSU_22640	GO:0003677	4	0.2	0
BSU_14510	GO:0005576	4	0.2	0
BSU_02600	GO:0046872	4	0.2	0
BSU_33510	GO:0006414	4	0.2	0
BSU_23040	GO:0005737	4	0.2	0
BSU_22680	GO:0004181	4	0.2	0
BSU_35600	GO:0005576	4	0.2	0
BSU_35950	GO:0046872	4	0.2	0
BSU_10040	GO:0034219	4	0.2	0
BSU_16500	GO:0016835	4	0.2	0
BSU_27320	GO:0046872	4	0.2	0
BSU_03820	GO:0005737	4	0.2	0
BSU_19620	GO:0005737	4	0.2	0
BSU_37460	GO:0005829	4	0.2	0
BSU_04250	GO:0003690	4	0.2	0
BSU_33510	GO:0003677	4	0.2	0
BSU_00540	GO:0034219	4	0.2	0
BSU_08840	GO:0006811	4	0.2	0
BSU_22480	GO:0016835	4	0.2	0
BSU_34530	GO:0034219	4	0.2	0
BSU_03830	GO:0005737	4	0.2	0
BSU_30370	GO:0006811	4	0.2	0
BSU_27010	GO:0008616	4	0.2	0
BSU_30410	GO:0006811	4	0.2	0
BSU_23410	GO:0034219	4	0.2	0
BSU_28250	GO:0016835	4	0.2	0
BSU_31570	GO:0006811	4	0.2	0
BSU_33480	GO:0005737	4	0.2	0
BSU_37470	GO:0005829	4	0.2	0
BSU_40840	GO:0006811	4	0.2	0
BSU_23490	GO:0006414	4	0.2	0
BSU_25770	GO:0005886	4	0.2	0
BSU_37740	GO:0016835	4	0.2	0
BSU_14510	GO:0006811	4	0.2	0
BSU_22640	GO:0006414	4	0.2	0
BSU_01670	GO:0016835	4	0.2	0
BSU_19210	GO:0016835	4	0.2	0
BSU_07490	GO:0046872	4	0.2	0
BSU_27320	GO:0009098	4	0.2	0
BSU_23130	GO:0005737	4	0.2	0
BSU_38270	GO:0005737	4	0.2	0
BSU_14450	GO:0004181	4	0.2	0
BSU_29490	GO:0009098	4	0.2	0
BSU_40160	GO:0004181	4	0.2	0
BSU_09340	GO:0006979	4	0.2	0
BSU_02820	GO:0009972	4	0.2	0
BSU_13640	GO:0005737	4	0.2	0
BSU_29300	GO:0051156	4	0.2	0
BSU_38590	GO:0016787	4	0.2	0
BSU_40050	GO:0005737	4	0.2	0
BSU_18310	GO:0030435	4	0.2	0
BSU_17160	GO:0016491	4	0.2	0
BSU_05820	GO:0016787	4	0.2	0
BSU_14920	GO:1902475	4	0.2	0
BSU_12830	GO:0016837	4	0.2	0
BSU_24730	GO:0051156	4	0.2	0
BSU_32870	GO:0005737	4	0.2	0
BSU_22680	GO:0005886	4	0.2	0
BSU_04340	GO:0005886	4	0.2	0
BSU_16790	GO:0005576	4	0.2	0
BSU_10050	GO:0055085	4	0.2	0
BSU_28500	GO:0046872	4	0.2	0
BSU_37420	GO:0005886	4	0.2	0
BSU_13670	GO:0005737	4	0.2	0
BSU_07060	GO:0030152	4	0.2	0
BSU_33060	GO:1902475	4	0.2	0
BSU_21450	GO:0005737	4	0.2	0
BSU_12990	GO:0016837	4	0.2	0
BSU_40170	GO:0008616	4	0.2	0
BSU_35600	GO:0016837	4	0.2	0
BSU_35560	GO:0016837	4	0.2	0
BSU_13730	GO:0016491	4	0.2	0
BSU_33700	GO:1902475	4	0.2	0
BSU_01470	GO:1902475	4	0.2	0
BSU_02370	GO:0005737	4	0.2	0
BSU_17110	GO:0030435	4	0.2	0
BSU_05820	GO:0005886	4	0.2	0
BSU_35810	GO:1902475	4	0.2	0
BSU_13090	GO:0016887	4	0.2	0
BSU_36110	GO:0005737	4	0.2	0
BSU_13190	GO:0005576	4	0.2	0
BSU_14450	GO:0005886	4	0.2	0
BSU_30290	GO:1902475	4	0.2	0
BSU_09750	GO:0034219	4	0.2	0
BSU_13100	GO:0016887	4	0.2	0
BSU_07490	GO:0051156	4	0.2	0
BSU_29860	GO:0005886	4	0.2	0
BSU_28820	GO:0005886	4	0.2	0
BSU_39720	GO:0016491	4	0.2	0
BSU_37420	GO:0016780	4	0.2	0
BSU_02320	GO:0005737	4	0.2	0
BSU_14920	GO:0042802	4	0.2	0
BSU_25540	GO:0005576	4	0.2	0
BSU_10560	GO:0005737	4	0.2	0
BSU_37460	GO:0030435	4	0.2	0
BSU_13730	GO:0005886	4	0.2	0
BSU_34060	GO:0046872	4	0.2	0
BSU_25770	GO:0005886	4	0.2	0
BSU_10240	GO:0005886	4	0.2	0
BSU_22680	GO:0030435	4	0.2	0
BSU_15350	GO:0005886	4	0.2	0
BSU_00540	GO:0005886	4	0.2	0
BSU_18220	GO:0016491	4	0.2	0
BSU_40170	GO:0005886	4	0.2	0
BSU_14580	GO:0035999	4	0.2	0
BSU_08390	GO:0005886	4	0.2	0
BSU_38450	GO:0005737	4	0.2	0
BSU_33510	GO:0005886	4	0.2	0
BSU_37740	GO:0016491	4	0.2	0
BSU_34670	GO:0005886	4	0.2	0
BSU_30690	GO:0005886	4	0.2	0
BSU_10810	GO:0030435	4	0.2	0
BSU_30280	GO:1902475	4	0.2	0
BSU_27010	GO:0005886	4	0.2	0
BSU_34250	GO:0030435	4	0.2	0
BSU_25540	GO:0016837	4	0.2	0
BSU_13190	GO:0016837	4	0.2	0
BSU_12990	GO:0005576	4	0.2	0
BSU_19950	GO:0005737	4	0.2	0
BSU_16520	GO:0016740	4	0.2	0
BSU_21580	GO:0016837	4	0.2	0
BSU_01650	GO:0016837	4	0.2	0
BSU_35630	GO:0005737	4	0.2	0
BSU_19620	GO:0042371	4	0.2	0
BSU_29490	GO:0004784	4	0.2	0
BSU_27980	GO:0000160	4	0.2	0
BSU_16500	GO:0016740	4	0.2	0
BSU_27060	GO:0070929	4	0.2	0
BSU_30690	GO:0016491	4	0.2	0
BSU_02240	GO:0016837	4	0.2	0
BSU_34670	GO:0016491	4	0.2	0
BSU_27350	GO:0005576	4	0.2	0
BSU_15300	GO:0016837	4	0.2	0
BSU_19620	GO:0000160	4	0.2	0
BSU_38310	GO:0005737	4	0.2	0
BSU_16790	GO:0016837	4	0.2	0
BSU_34530	GO:0005737	4	0.2	0
BSU_15900	GO:0046872	4	0.2	0
BSU_28450	GO:0055085	4	0.2	0
BSU_10040	GO:0005737	4	0.2	0
BSU_30290	GO:0006814	4	0.2	0
BSU_02820	GO:0016740	4	0.2	0
BSU_23580	GO:0016740	4	0.2	0
BSU_23410	GO:0005737	4	0.2	0
BSU_28250	GO:0016491	4	0.2	0
BSU_19000	GO:0016837	4	0.2	0
BSU_23580	GO:0009228	4	0.2	0
BSU_16980	GO:0005737	4	0.2	0
BSU_22940	GO:0005576	4	0.2	0
BSU_27340	GO:0005576	4	0.2	0
BSU_26720	GO:0005737	4	0.2	0
BSU_26890	GO:0016837	4	0.2	0
BSU_16980	GO:0003677	4	0.2	0
BSU_33260	GO:0042626	4	0.2	0
BSU_35190	GO:0030435	4	0.2	0
BSU_32560	GO:0005737	4	0.2	0
BSU_27350	GO:0016837	4	0.2	0
BSU_29860	GO:0016837	4	0.2	0
BSU_28820	GO:0016837	4	0.2	0
BSU_16520	GO:0009228	4	0.2	0
BSU_07060	GO:0009090	4	0.2	0
BSU_29300	GO:0042371	4	0.2	0
BSU_29300	GO:0030435	4	0.2	0
BSU_28820	GO:0005576	4	0.2	0
BSU_35320	GO:0005886	4	0.2	0
BSU_15350	GO:0008616	4	0.2	0
BSU_00540	GO:0008616	4	0.2	0
BSU_34990	GO:0030435	4	0.2	0
BSU_21480	GO:0005737	4	0.2	0
BSU_14450	GO:0016837	4	0.2	0
BSU_16500	GO:0009228	4	0.2	0
BSU_07060	GO:0005886	4	0.2	0
BSU_22480	GO:0016491	4	0.2	0
BSU_38590	GO:0009090	4	0.2	0
BSU_29860	GO:0005576	4	0.2	0
BSU_05820	GO:0000287	4	0.2	0
BSU_35030	GO:0005737	4	0.2	0
BSU_09330	GO:0046872	4	0.2	0
BSU_05820	GO:0009090	4	0.2	0
BSU_08840	GO:0050845	4	0.2	0
BSU_38590	GO:0000287	4	0.2	0
BSU_08300	GO:0046872	4	0.2	0
BSU_29650	GO:0016887	4	0.2	0
BSU_26710	GO:0042626	4	0.2	0
BSU_33790	GO:0046872	4	0.2	0
BSU_03620	GO:0005737	4	0.2	0
BSU_27060	GO:0016787	4	0.2	0
BSU_14580	GO:0009090	4	0.2	0
BSU_31060	GO:0006979	4	0.2	0
BSU_05820	GO:0006397	4	0.2	0
BSU_29400	GO:0046872	4	0.2	0
BSU_22680	GO:0000271	4	0.2	0
BSU_29490	GO:0000271	4	0.2	0
BSU_18310	GO:0000271	4	0.2	0
BSU_05420	GO:0005829	4	0.2	0
BSU_15350	GO:0004181	4	0.2	0
BSU_17110	GO:0000271	4	0.2	0
BSU_36110	GO:0046872	4	0.2	0
BSU_37460	GO:0005829	4	0.2	0
BSU_12830	GO:0034219	4	0.2	0
BSU_00540	GO:0004181	4	0.2	0
BSU_03620	GO:0046872	4	0.2	0
BSU_37470	GO:0005829	4	0.2	0
BSU_38310	GO:0046872	4	0.2	0
BSU_31990	GO:0003723	4	0.2	0
BSU_23040	GO:0008616	4	0.2	0
BSU_39000	GO:0055085	4	0.2	0
BSU_10340	GO:0000271	4	0.2	0
BSU_34800	GO:0000271	4	0.2	0
BSU_16980	GO:0000271	4	0.2	0
BSU_30690	GO:0009972	4	0.2	0
BSU_24060	GO:0003676	4	0.2	0
BSU_40010	GO:0000271	4	0.2	0
BSU_27340	GO:0000271	4	0.2	0
BSU_07060	GO:0016780	4	0.2	0
BSU_14310	GO:0000271	4	0.2	0
BSU_11890	GO:0005829	4	0.2	0
BSU_34670	GO:0009972	4	0.2	0
BSU_10240	GO:0004181	4	0.2	0
BSU_34380	GO:0005737	4	0.2	0
BSU_40840	GO:0050845	4	0.2	0
BSU_22560	GO:0008233	4	0.2	0
BSU_26720	GO:0046872	4	0.2	0
BSU_40170	GO:0004181	4	0.2	0
BSU_08390	GO:0004181	4	0.2	0
BSU_37460	GO:0030435	4	0.2	0
BSU_09830	GO:0030435	4	0.2	0
BSU_28820	GO:0005737	4	0.2	0
BSU_29860	GO:0005737	4	0.2	0
BSU_23580	GO:0009972	4	0.2	0
BSU_33060	GO:0016887	4	0.2	0
BSU_37470	GO:0030435	4	0.2	0
BSU_38270	GO:0004181	4	0.2	0
BSU_08470	GO:0003723	4	0.2	0
BSU_28900	GO:0005576	4	0.2	0
BSU_05640	GO:0005576	4	0.2	0
BSU_04520	GO:0006979	4	0.2	0
BSU_38970	GO:0006979	4	0.2	0
BSU_35320	GO:0030435	4	0.2	0
BSU_31050	GO:0006979	4	0.2	0
BSU_38270	GO:0008616	4	0.2	0
BSU_40160	GO:0008616	4	0.2	0
BSU_08390	GO:0005886	4	0.2	0
BSU_35190	GO:0000271	4	0.2	0
BSU_40010	GO:0005737	4	0.2	0
BSU_38590	GO:0006397	4	0.2	0
BSU_16520	GO:0005829	4	0.2	0
BSU_16500	GO:0005829	4	0.2	0
BSU_40170	GO:0005737	4	0.2	0
BSU_17930	GO:0034219	4	0.2	0
BSU_29300	GO:0006400	4	0.2	0
BSU_23580	GO:0005829	4	0.2	0
BSU_02820	GO:0005829	4	0.2	0
BSU_34990	GO:0000271	4	0.2	0
BSU_27170	GO:0005737	4	0.2	0
BSU_23040	GO:0004181	4	0.2	0
BSU_27320	GO:0005737	4	0.2	0
BSU_01650	GO:0000271	4	0.2	0
BSU_22480	GO:0046872	4	0.2	0
BSU_05920	GO:0046872	4	0.2	0
BSU_12870	GO:0005886	4	0.2	0
BSU_31050	GO:0005886	4	0.2	0
BSU_37840	GO:0005886	4	0.2	0
BSU_14580	GO:0140663	4	0.2	0
BSU_07220	GO:0005737	4	0.2	0
BSU_09780	GO:0055085	4	0.2	0
BSU_30290	GO:0016887	4	0.2	0
BSU_07150	GO:0005886	4	0.2	0
BSU_14920	GO:0016887	4	0.2	0
BSU_19570	GO:0005886	4	0.2	0
BSU_29300	GO:0016491	4	0.2	0
BSU_35600	GO:0055085	4	0.2	0
BSU_35560	GO:0055085	4	0.2	0
BSU_30280	GO:0016887	4	0.2	0
BSU_28500	GO:0035999	4	0.2	0
BSU_31060	GO:0005886	4	0.2	0
BSU_00860	GO:0140663	4	0.2	0
BSU_17760	GO:0055085	4	0.2	0
BSU_16500	GO:0035999	4	0.2	0
BSU_05490	GO:0005886	4	0.2	0
BSU_04340	GO:0030435	4	0.2	0
BSU_15900	GO:0035999	4	0.2	0
BSU_04430	GO:0005886	4	0.2	0
BSU_40220	GO:0005737	4	0.2	0
BSU_26710	GO:0055085	4	0.2	0
BSU_14580	GO:0006096	4	0.2	0
BSU_01470	GO:0016887	4	0.2	0
BSU_16520	GO:0035999	4	0.2	0
BSU_14920	GO:0140663	4	0.2	0
BSU_00860	GO:0006096	4	0.2	0
BSU_15900	GO:0009090	4	0.2	0
BSU_07060	GO:0140663	4	0.2	0
BSU_04690	GO:0140663	4	0.2	0
BSU_33620	GO:0055085	4	0.2	0
BSU_23390	GO:0055085	4	0.2	0
BSU_14140	GO:0005737	4	0.2	0
BSU_29630	GO:0005737	4	0.2	0
BSU_35320	GO:0046872	4	0.2	0
BSU_30510	GO:0055085	4	0.2	0
BSU_35290	GO:0005829	4	0.2	0
BSU_22640	GO:0005829	4	0.2	0
BSU_00860	GO:0003676	4	0.2	0
BSU_23490	GO:0005829	4	0.2	0
BSU_27010	GO:0009972	4	0.2	0
BSU_16500	GO:0009090	4	0.2	0
BSU_35560	GO:0000271	4	0.2	0
BSU_00430	GO:0055085	4	0.2	0
BSU_08390	GO:0008616	4	0.2	0
BSU_28500	GO:0009090	4	0.2	0
BSU_35600	GO:0000271	4	0.2	0
BSU_35630	GO:0000271	4	0.2	0
BSU_28450	GO:0008233	4	0.2	0
BSU_12990	GO:0000271	4	0.2	0
BSU_09830	GO:0046872	4	0.2	0
BSU_05920	GO:0046872	4	0.2	0
BSU_28900	GO:0003723	4	0.2	0
BSU_04690	GO:0003676	4	0.2	0
BSU_35910	GO:0005737	4	0.2	0
BSU_14450	GO:0030435	4	0.2	0
BSU_22680	GO:0003723	4	0.2	0
BSU_16520	GO:0009090	4	0.2	0
BSU_05420	GO:0000271	4	0.2	0
BSU_05920	GO:0000271	4	0.2	0
BSU_08470	GO:0005886	4	0.2	0
BSU_08470	GO:0000271	4	0.2	0
BSU_11890	GO:0000271	4	0.2	0
BSU_14440	GO:0000271	4	0.2	0
BSU_21660	GO:0005737	4	0.2	0
BSU_37460	GO:0016836	4	0.2	0
BSU_06770	GO:0022857	4	0.2	0
BSU_36510	GO:0016798	4	0.2	0
BSU_23580	GO:0050660	4	0.2	0
BSU_16500	GO:0050660	4	0.2	0
BSU_01670	GO:0005576	4	0.2	0
BSU_04050	GO:0005886	4	0.2	0
BSU_04100	GO:0005886	4	0.2	0
BSU_08370	GO:0005886	4	0.2	0
BSU_40010	GO:0000976	4	0.2	0
BSU_02820	GO:0050660	4	0.2	0
BSU_27320	GO:0000976	4	0.2	0
BSU_16500	GO:0010468	4	0.2	0
BSU_04090	GO:0005886	4	0.2	0
BSU_25770	GO:0003700	4	0.2	0
BSU_26890	GO:0016787	4	0.2	0
BSU_28250	GO:0005886	4	0.2	0
BSU_37470	GO:0050660	4	0.2	0
BSU_16520	GO:0050660	4	0.2	0
BSU_00540	GO:0005576	4	0.2	0
BSU_17110	GO:0003824	4	0.2	0
BSU_04100	GO:0003700	4	0.2	1
BSU_34060	GO:0000976	4	0.2	0
BSU_09330	GO:0000976	4	0.2	0
BSU_33800	GO:0006508	4	0.2	0
BSU_31620	GO:0003333	4	0.2	0
BSU_08300	GO:0000976	4	0.2	0
BSU_33790	GO:0000976	4	0.2	0
BSU_27320	GO:0019516	4	0.2	0
BSU_02820	GO:0005886	4	0.2	0
BSU_28500	GO:0019516	4	0.2	0
BSU_16520	GO:0010468	4	0.2	0
BSU_29490	GO:0019516	4	0.2	0
BSU_34380	GO:0000976	4	0.2	0
BSU_13640	GO:0005576	4	0.2	0
BSU_34670	GO:0016020	4	0.2	0
BSU_37460	GO:0050660	4	0.2	0
BSU_38590	GO:0050660	4	0.2	0
BSU_21780	GO:0030435	4	0.2	0
BSU_28250	GO:0003824	4	0.2	0
BSU_06760	GO:0003677	4	0.2	1
BSU_40190	GO:0005576	4	0.2	0
BSU_40010	GO:0005886	4	0.2	0
BSU_27340	GO:0005886	4	0.2	0
BSU_27170	GO:0005886	4	0.2	0
BSU_22640	GO:0003824	4	0.2	0
BSU_29300	GO:0005737	4	0.2	0
BSU_40170	GO:0009058	4	0.2	0
BSU_33080	GO:0003700	4	0.2	0
BSU_39710	GO:0003824	4	0.2	0
BSU_30690	GO:0003824	4	0.2	0
BSU_33510	GO:0005886	4	0.2	0
BSU_27060	GO:0050660	4	0.2	0
BSU_30690	GO:0016020	4	0.2	0
BSU_13640	GO:0005886	4	0.2	0
BSU_05420	GO:0000976	4	0.2	0
BSU_04090	GO:0004145	4	0.2	0
BSU_12220	GO:0003824	4	0.2	0
BSU_15300	GO:0016787	4	0.2	0
BSU_37740	GO:0003824	4	0.2	0
BSU_06839	GO:0004145	4	0.2	0
BSU_05920	GO:0050660	4	0.2	0
BSU_09750	GO:0000976	4	0.2	0
BSU_30510	GO:0003824	4	0.2	0
BSU_39720	GO:0003824	4	0.2	0
BSU_33700	GO:0003333	4	0.2	0
BSU_22680	GO:0003824	4	0.2	0
BSU_06760	GO:0000976	4	0.2	0
BSU_23580	GO:0005576	4	0.2	0
BSU_09830	GO:0005576	4	0.2	0
BSU_33800	GO:0003333	4	0.2	0
BSU_39740	GO:0003824	4	0.2	0
BSU_33700	GO:0006508	4	0.2	0
BSU_21660	GO:0000976	4	0.2	0
BSU_07220	GO:0000976	4	0.2	0
BSU_04100	GO:0000976	4	0.2	0
BSU_04250	GO:0000976	4	0.2	0
BSU_25810	GO:0000976	4	0.2	0
BSU_29570	GO:0000976	4	0.2	0
BSU_37890	GO:0009058	4	0.2	0
BSU_37460	GO:0009234	4	0.2	0
BSU_37550	GO:0000976	4	0.2	0
BSU_40840	GO:0004222	4	0.2	0
BSU_33400	GO:0019516	4	0.2	0
BSU_34230	GO:0009058	4	0.2	0
BSU_05640	GO:0000976	4	0.2	0
BSU_40220	GO:0003824	4	0.2	0
BSU_00450	GO:0000976	4	0.2	0
BSU_07820	GO:0000976	4	0.2	0
BSU_23040	GO:0016020	4	0.2	0
BSU_31230	GO:0005829	4	0.2	0
BSU_05150	GO:0000976	4	0.2	0
BSU_40220	GO:0000976	4	0.2	0
BSU_30290	GO:0003333	4	0.2	0
BSU_19620	GO:0016020	4	0.2	0
BSU_28500	GO:0005886	4	0.2	0
BSU_31990	GO:0019516	4	0.2	0
BSU_30280	GO:0003333	4	0.2	0
BSU_04520	GO:0005829	4	0.2	0
BSU_12830	GO:0004145	4	0.2	0
BSU_17930	GO:0004145	4	0.2	0
BSU_04770	GO:0000976	4	0.2	0
BSU_40190	GO:0005886	4	0.2	0
BSU_08370	GO:0005886	4	0.2	0
BSU_04050	GO:0005886	4	0.2	0
BSU_28500	GO:0005524	4	0.2	0
BSU_19620	GO:0016020	4	0.2	0
BSU_30410	GO:0006508	4	0.2	0
BSU_31570	GO:0006508	4	0.2	0
BSU_13470	GO:0000976	4	0.2	0
BSU_02820	GO:0005576	4	0.2	0
BSU_13670	GO:0000976	4	0.2	0
BSU_20350	GO:0003824	4	0.2	0
BSU_16500	GO:0019516	4	0.2	0
BSU_02370	GO:0000976	4	0.2	0
BSU_27980	GO:0005576	4	0.2	0
BSU_36110	GO:0000976	4	0.2	0
BSU_01470	GO:0004222	4	0.2	0
BSU_35910	GO:0000976	4	0.2	1
BSU_16810	GO:0000976	4	0.2	0
BSU_40050	GO:0000976	4	0.2	0
BSU_33510	GO:0016020	4	0.2	0
BSU_32870	GO:0000976	4	0.2	0
BSU_38450	GO:0000976	4	0.2	0
BSU_02320	GO:0000976	4	0.2	0
BSU_16520	GO:0019516	4	0.2	0
BSU_04340	GO:0009058	4	0.2	0
BSU_07150	GO:0005737	4	0.2	1
BSU_32560	GO:0000976	4	0.2	0
BSU_17930	GO:0005576	4	0.2	0
BSU_35030	GO:0000976	4	0.2	0
BSU_01470	GO:0003333	4	0.2	0
BSU_38270	GO:0016020	4	0.2	0
BSU_40160	GO:0016020	4	0.2	0
BSU_03620	GO:0000976	4	0.2	0
BSU_35050	GO:0000976	4	0.2	0
BSU_19950	GO:0000976	4	0.2	0
BSU_40840	GO:0003333	4	0.2	0
BSU_28110	GO:0005576	4	0.2	0
BSU_15900	GO:0005524	4	0.2	0
BSU_05820	GO:0030488	4	0.2	0
BSU_38310	GO:0000976	4	0.2	0
BSU_26720	GO:0000976	4	0.2	0
BSU_07490	GO:0016020	4	0.2	0
BSU_14920	GO:0045121	4	0.2	0
BSU_10040	GO:0004145	4	0.2	0
BSU_22560	GO:0016020	4	0.2	0
BSU_14440	GO:0003824	4	0.2	0
BSU_39700	GO:0003824	4	0.2	0
BSU_35320	GO:0003824	4	0.2	0
BSU_34990	GO:0008961	4	0.2	1
BSU_19620	GO:0055085	4	0.2	0
BSU_04050	GO:0005886	4	0.2	0
BSU_23490	GO:0003824	4	0.2	0
BSU_22940	GO:0016020	4	0.2	0
BSU_08370	GO:0005886	4	0.2	0
BSU_35290	GO:0003824	4	0.2	0
BSU_15900	GO:0090729	4	0.2	0
BSU_04090	GO:0005886	4	0.2	0
BSU_34250	GO:0030170	4	0.2	0
BSU_33000	GO:0055085	4	0.2	0
BSU_29860	GO:0030288	4	0.2	0
BSU_11890	GO:0003824	4	0.2	0
BSU_32510	GO:0003824	4	0.2	0
BSU_21480	GO:0016787	4	0.2	0
BSU_14450	GO:0006281	4	0.2	0
BSU_34800	GO:0005886	4	0.2	0
BSU_02820	GO:0009058	4	0.2	0
BSU_22560	GO:0006096	4	0.2	0
BSU_33060	GO:0045121	4	0.2	0
BSU_39300	GO:0005886	4	0.2	0
BSU_13640	GO:0004222	4	0.2	0
BSU_05920	GO:0003824	4	0.2	0
BSU_23130	GO:0016020	4	0.2	0
BSU_39720	GO:0003824	4	0.2	0
BSU_35810	GO:0045121	4	0.2	0
BSU_22560	GO:0016020	4	0.2	0
BSU_05420	GO:0003824	4	0.2	0
BSU_33400	GO:0003824	4	0.2	0
BSU_33510	GO:0003824	4	0.2	0
BSU_10240	GO:0030288	4	0.2	0
BSU_08390	GO:0003824	4	0.2	0
BSU_01470	GO:0031460	4	0.2	0
BSU_33000	GO:0071555	4	0.2	0
BSU_40190	GO:0031460	4	0.2	0
BSU_14450	GO:0071555	4	0.2	0
BSU_12900	GO:0071555	4	0.2	0
BSU_16500	GO:0090729	4	0.2	0
BSU_37460	GO:0006096	4	0.2	0
BSU_17930	GO:0004222	4	0.2	0
BSU_06839	GO:0003824	4	0.2	0
BSU_21580	GO:0016787	4	0.2	0
BSU_34990	GO:0019344	4	0.2	0
BSU_14450	GO:0005886	4	0.2	0
BSU_05420	GO:0009058	4	0.2	0
BSU_22940	GO:0071555	4	0.2	0
BSU_08470	GO:0005886	4	0.2	0
BSU_19620	GO:0071555	4	0.2	0
BSU_33510	GO:0005886	4	0.2	0
BSU_39740	GO:0005737	4	0.2	0
BSU_37460	GO:0009058	4	0.2	0
BSU_29300	GO:0019344	4	0.2	0
BSU_27340	GO:0005886	4	0.2	0
BSU_37420	GO:0009097	4	0.2	0
BSU_40010	GO:0005886	4	0.2	0
BSU_30990	GO:0055085	4	0.2	0
BSU_07060	GO:0009099	4	0.2	0
BSU_24710	GO:0016020	4	0.2	0
BSU_07060	GO:0009097	4	0.2	0
BSU_37420	GO:0009099	4	0.2	0
BSU_37470	GO:0009058	4	0.2	0
BSU_22560	GO:0003824	4	0.2	0
BSU_07490	GO:0055085	4	0.2	0
BSU_14230	GO:0003824	4	0.2	0
BSU_23580	GO:0009058	4	0.2	0
BSU_34670	GO:0006281	4	0.2	0
BSU_10050	GO:0004145	4	0.2	0
BSU_09780	GO:0005886	4	0.2	0
BSU_27980	GO:0055085	4	0.2	0
BSU_13730	GO:0003824	4	0.2	0
BSU_23580	GO:0010468	4	0.2	0
BSU_28500	GO:0071555	4	0.2	0
BSU_34530	GO:0004145	4	0.2	0
BSU_04770	GO:0003677	4	0.2	1
BSU_35190	GO:0006281	4	0.2	0
BSU_39000	GO:0003824	4	0.2	0
BSU_35950	GO:0006508	4	0.2	0
BSU_34040	GO:0016020	4	0.2	0
BSU_30990	GO:0016020	4	0.2	0
BSU_27010	GO:0016020	4	0.2	0
BSU_08470	GO:0006281	4	0.2	0
BSU_32940	GO:0005886	4	0.2	1
BSU_21480	GO:0005886	4	0.2	0
BSU_21450	GO:0005886	4	0.2	0
BSU_35090	GO:0003824	4	0.2	0
BSU_15900	GO:0071555	4	0.2	0
BSU_02600	GO:0005886	4	0.2	0
BSU_14580	GO:0071555	4	0.2	0
BSU_14450	GO:0005886	4	0.2	0
BSU_34670	GO:0003824	4	0.2	0
BSU_02240	GO:0016787	4	0.2	0
BSU_08470	GO:0005886	4	0.2	0
BSU_01670	GO:0005886	4	0.2	0
BSU_04340	GO:0005886	4	0.2	0
BSU_00540	GO:0004145	4	0.2	0
BSU_16500	GO:0071555	4	0.2	0
BSU_22480	GO:0003824	4	0.2	0
BSU_17930	GO:0055085	4	0.2	0
BSU_38970	GO:0003824	4	0.2	0
BSU_16520	GO:0071555	4	0.2	0
BSU_27980	GO:0005886	4	0.2	0
BSU_16980	GO:0004145	4	0.2	0
BSU_19570	GO:0006281	4	0.2	0
BSU_15350	GO:0006281	4	0.2	0
BSU_28820	GO:0030288	4	0.2	0
BSU_22110	GO:0003824	4	0.2	0
BSU_25770	GO:0071555	4	0.2	0
BSU_28820	GO:0006281	4	0.2	0
BSU_29860	GO:0006281	4	0.2	0
BSU_10240	GO:0006281	4	0.2	0
BSU_38590	GO:1902210	4	0.2	0
BSU_07490	GO:0005737	4	0.2	0
BSU_16520	GO:0009058	4	0.2	0
BSU_16500	GO:0009058	4	0.2	0
BSU_05820	GO:1902210	4	0.2	0
BSU_08390	GO:0006281	4	0.2	0
BSU_24720	GO:0055085	4	0.2	0
BSU_34060	GO:0005886	4	0.2	0
BSU_24730	GO:0071555	4	0.2	0
BSU_13730	GO:0006281	4	0.2	0
BSU_14230	GO:0003824	4	0.2	0
BSU_38400	GO:0016787	4	0.2	0
BSU_14510	GO:0016020	4	0.2	0
BSU_33000	GO:0071555	4	0.2	0
BSU_19210	GO:0016787	4	0.2	0
BSU_35050	GO:0003824	4	0.2	0
BSU_04430	GO:0006281	4	0.2	0
BSU_34060	GO:0005886	4	0.2	0
BSU_31060	GO:0006281	4	0.2	0
BSU_31050	GO:0006281	4	0.2	0
BSU_06770	GO:0005737	4	0.2	0
BSU_12870	GO:0006281	4	0.2	0
BSU_07150	GO:0006281	4	0.2	0
BSU_16500	GO:1902210	4	0.2	0
BSU_16520	GO:1902210	4	0.2	0
BSU_37470	GO:0019516	4	0.2	0
BSU_37460	GO:0019516	4	0.2	0
BSU_30410	GO:0003333	4	0.2	0
BSU_34170	GO:0000917	4	0.2	0
BSU_37650	GO:0000917	4	0.2	0
BSU_08370	GO:0000917	4	0.2	0
BSU_07820	GO:0000917	4	0.2	0
BSU_04100	GO:0000917	4	0.2	0
BSU_37420	GO:0008233	4	0.2	0
BSU_25810	GO:0000917	4	0.2	0
BSU_09340	GO:0008652	4	0.2	0
BSU_38590	GO:0005515	4	0.2	0
BSU_16500	GO:0044205	4	0.2	0
BSU_16520	GO:0044205	4	0.2	0
BSU_04770	GO:0000917	4	0.2	0
BSU_34630	GO:0000917	4	0.2	0
BSU_17110	GO:0004145	4	0.2	0
BSU_12870	GO:0016705	4	0.2	0
BSU_38310	GO:0000917	4	0.2	0
BSU_03620	GO:0000917	4	0.2	0
BSU_34380	GO:0000917	4	0.2	0
BSU_38450	GO:0000917	4	0.2	0
BSU_35910	GO:0000917	4	0.2	0
BSU_33790	GO:0000917	4	0.2	0
BSU_23580	GO:0044205	4	0.2	0
BSU_14140	GO:0000917	4	0.2	0
BSU_10560	GO:0000917	4	0.2	0
BSU_16500	GO:0008973	4	0.2	0
BSU_32870	GO:0000917	4	0.2	0
BSU_36600	GO:0000917	4	0.2	0
BSU_40050	GO:0000917	4	0.2	0
BSU_13670	GO:0000917	4	0.2	0
BSU_02370	GO:0000917	4	0.2	0
BSU_32560	GO:0000917	4	0.2	0
BSU_05820	GO:0016616	4	0.2	0
BSU_35030	GO:0000917	4	0.2	0
BSU_15900	GO:0004324	4	0.2	0
BSU_02600	GO:0008652	4	0.2	0
BSU_06839	GO:0016798	4	0.2	0
BSU_08300	GO:0000917	4	0.2	0
BSU_07060	GO:0005515	4	0.2	0
BSU_27320	GO:0000917	4	0.2	0
BSU_04690	GO:0008233	4	0.2	0
BSU_31230	GO:0030435	4	0.2	0
BSU_28450	GO:0030435	4	0.2	0
BSU_33080	GO:0000917	4	0.2	0
BSU_09390	GO:0005886	4	0.2	0
BSU_16500	GO:0004324	4	0.2	0
BSU_24720	GO:0006508	4	0.2	0
BSU_09330	GO:0000917	4	0.2	0
BSU_30370	GO:0030435	4	0.2	0
BSU_16520	GO:0044183	4	0.2	0
BSU_09750	GO:0008652	4	0.2	0
BSU_28160	GO:0016705	4	0.2	0
BSU_36510	GO:0030435	4	0.2	0
BSU_16520	GO:0004324	4	0.2	0
BSU_33790	GO:0016798	4	0.2	0
BSU_37470	GO:0016798	4	0.2	0
BSU_37460	GO:0016798	4	0.2	0
BSU_00860	GO:0008233	4	0.2	0
BSU_08840	GO:0030435	4	0.2	0
BSU_09750	GO:0000917	4	0.2	0
BSU_04090	GO:0005737	4	0.2	0
BSU_38590	GO:0016798	4	0.2	0
BSU_38590	GO:0044183	4	0.2	0
BSU_07060	GO:0005524	4	0.2	0
BSU_14230	GO:0016798	4	0.2	0
BSU_19570	GO:0016705	4	0.2	0
BSU_05420	GO:0000917	4	0.2	0
BSU_05820	GO:0044183	4	0.2	0
BSU_05920	GO:0016798	4	0.2	0
BSU_29630	GO:0000917	4	0.2	0
BSU_27170	GO:0000917	4	0.2	0
BSU_32940	GO:0005737	4	0.2	0
BSU_14440	GO:0051537	4	0.2	0
BSU_23580	GO:0030170	4	0.2	0
BSU_02820	GO:0030170	4	0.2	0
BSU_22680	GO:0005737	4	0.2	0
BSU_37470	GO:0004324	4	0.2	0
BSU_33800	GO:0006525	4	0.2	0
BSU_02320	GO:0043565	4	0.2	1
BSU_19620	GO:0006465	4	0.2	0
BSU_35320	GO:0051537	4	0.2	0
BSU_11890	GO:0051537	4	0.2	0
BSU_38590	GO:0044205	4	0.2	0
BSU_37470	GO:0030170	4	0.2	0
BSU_37460	GO:0030170	4	0.2	0
BSU_08470	GO:0051537	4	0.2	0
BSU_09750	GO:0030436	4	0.2	0
BSU_14920	GO:0008233	4	0.2	0
BSU_07490	GO:0016020	4	0.2	0
BSU_40010	GO:0000917	4	0.2	0
BSU_23490	GO:0051537	4	0.2	0
BSU_25540	GO:0006465	4	0.2	0
BSU_16790	GO:0006465	4	0.2	0
BSU_20350	GO:0003677	4	0.2	0
BSU_14450	GO:0005737	4	0.2	0
BSU_35290	GO:0051537	4	0.2	0
BSU_22640	GO:0051537	4	0.2	0
BSU_16500	GO:0016616	4	0.2	0
BSU_22940	GO:0006465	4	0.2	0
BSU_04340	GO:0005737	4	0.2	0
BSU_27350	GO:0006465	4	0.2	0
BSU_06770	GO:0003677	4	0.2	0
BSU_16520	GO:0030170	4	0.2	0
BSU_16500	GO:0030170	4	0.2	0
BSU_27340	GO:0006465	4	0.2	0
BSU_22680	GO:0006782	4	0.2	0
BSU_05820	GO:0030170	4	0.2	0
BSU_05920	GO:0051537	4	0.2	0
BSU_02820	GO:0008652	4	0.2	0
BSU_33510	GO:0016798	4	0.2	0
BSU_16520	GO:0008973	4	0.2	0
BSU_38590	GO:0016616	4	0.2	0
BSU_08390	GO:0016798	4	0.2	0
BSU_27060	GO:0044183	4	0.2	0
BSU_22110	GO:0030435	4	0.2	0
BSU_02820	GO:0044205	4	0.2	0
BSU_31060	GO:0016705	4	0.2	0
BSU_13640	GO:0008652	4	0.2	0
BSU_40040	GO:0030435	4	0.2	0
BSU_22980	GO:0030435	4	0.2	0
BSU_04050	GO:0030435	4	0.2	0
BSU_39740	GO:0030435	4	0.2	0
BSU_28250	GO:0006782	4	0.2	0
BSU_27060	GO:0030170	4	0.2	0
BSU_32220	GO:0051537	4	0.2	0
BSU_05820	GO:0005515	4	0.2	0
BSU_34040	GO:0051537	4	0.2	0
BSU_40170	GO:0051537	4	0.2	0
BSU_33700	GO:0006525	4	0.2	0
BSU_27980	GO:0006508	4	0.2	0
BSU_04090	GO:0008652	4	0.2	0
BSU_27060	GO:0016798	4	0.2	0
BSU_37840	GO:0016705	4	0.2	0
BSU_31050	GO:0016705	4	0.2	0
BSU_37470	GO:0051537	4	0.2	0
BSU_37470	GO:0044205	4	0.2	0
BSU_37460	GO:0044205	4	0.2	0
BSU_34040	GO:0004324	4	0.2	0
BSU_05420	GO:0051537	4	0.2	0
BSU_31990	GO:0004324	4	0.2	0
BSU_07060	GO:0016763	4	0.2	0
BSU_21660	GO:0000917	4	0.2	0
BSU_14580	GO:0008973	4	0.2	0
BSU_12900	GO:0016020	4	0.2	0
BSU_05920	GO:0016765	4	0.2	0
BSU_09830	GO:0009234	4	0.2	0
BSU_14450	GO:0016740	4	0.2	0
BSU_08470	GO:0016765	4	0.2	0
BSU_30280	GO:0006508	4	0.2	0
BSU_13640	GO:0016020	4	0.2	0
BSU_03740	GO:0005886	4	0.2	1
BSU_37460	GO:0016765	4	0.2	0
BSU_32940	GO:0005737	4	0.2	0
BSU_11890	GO:0016765	4	0.2	0
BSU_13190	GO:0004252	4	0.2	1
BSU_38400	GO:0016020	4	0.2	0
BSU_14440	GO:0016765	4	0.2	0
BSU_13190	GO:0016020	4	0.2	0
BSU_05420	GO:0016765	4	0.2	0
BSU_39720	GO:0005829	4	0.2	0
BSU_13730	GO:0005829	4	0.2	0
BSU_02820	GO:0016765	4	0.2	0
BSU_17160	GO:0005829	4	0.2	0
BSU_34250	GO:0016765	4	0.2	0
BSU_37740	GO:0005829	4	0.2	0
BSU_37460	GO:0016740	4	0.2	0
BSU_32510	GO:0051537	4	0.2	0
BSU_23580	GO:0016765	4	0.2	0
BSU_04340	GO:0016740	4	0.2	0
BSU_37470	GO:0016765	4	0.2	0
BSU_24730	GO:0005737	4	0.2	0
BSU_18220	GO:0005829	4	0.2	0
BSU_31990	GO:0009234	4	0.2	0
BSU_30290	GO:0006508	4	0.2	0
BSU_22680	GO:0016787	4	0.2	0
BSU_29400	GO:0005524	4	0.2	0
BSU_35320	GO:0016765	4	0.2	0
BSU_22560	GO:0016740	4	0.2	0
BSU_33510	GO:0005886	4	0.2	0
BSU_02240	GO:0016020	4	0.2	0
BSU_27340	GO:0005886	4	0.2	0
BSU_15900	GO:0005886	4	0.2	0
BSU_30970	GO:0005737	4	0.2	0
BSU_23040	GO:0016740	4	0.2	0
BSU_16500	GO:0005886	4	0.2	0
BSU_09750	GO:0004145	4	0.2	0
BSU_15300	GO:0016020	4	0.2	0
BSU_23490	GO:0016765	4	0.2	0
BSU_22680	GO:0009234	4	0.2	0
BSU_16520	GO:0005886	4	0.2	0
BSU_05820	GO:0004177	4	0.2	0
BSU_35950	GO:0003333	4	0.2	0
BSU_31570	GO:0003333	4	0.2	0
BSU_04090	GO:0005886	4	0.2	0
BSU_40160	GO:0016740	4	0.2	0
BSU_38270	GO:0016740	4	0.2	0
BSU_37420	GO:0016763	4	0.2	0
BSU_38590	GO:0004177	4	0.2	0
BSU_33510	GO:0016740	4	0.2	0
BSU_34670	GO:0016740	4	0.2	0
BSU_30690	GO:0016740	4	0.2	0
BSU_34040	GO:0016740	4	0.2	0
BSU_16500	GO:0004177	4	0.2	0
BSU_16520	GO:0004177	4	0.2	0
BSU_12900	GO:0004177	4	0.2	0
BSU_28450	GO:0016740	4	0.2	0
BSU_33000	GO:0004177	4	0.2	0
BSU_27010	GO:0016740	4	0.2	0
BSU_08840	GO:0005829	4	0.2	0
BSU_30970	GO:0003824	4	0.2	0
BSU_22640	GO:0016765	4	0.2	0
BSU_07350	GO:0016705	4	0.2	0
BSU_22680	GO:0016740	4	0.2	0
BSU_00860	GO:0009898	4	0.2	0
BSU_15900	GO:0008973	4	0.2	0
BSU_16520	GO:0016798	4	0.2	0
BSU_27340	GO:0016705	4	0.2	0
BSU_05420	GO:0000105	4	0.2	0
BSU_05820	GO:0016020	4	0.2	0
BSU_27060	GO:0046872	4	0.2	0
BSU_05920	GO:0000105	4	0.2	0
BSU_27060	GO:0016020	4	0.2	0
BSU_37460	GO:0000105	4	0.2	0
BSU_08470	GO:0000105	4	0.2	0
BSU_00210	GO:0009898	4	0.2	0
BSU_27060	GO:0016616	4	0.2	0
BSU_28500	GO:0004324	4	0.2	0
BSU_05820	GO:0046872	4	0.2	0
BSU_11890	GO:0000105	4	0.2	0
BSU_16500	GO:0016798	4	0.2	0
BSU_37470	GO:0000105	4	0.2	0
BSU_18310	GO:0016765	4	0.2	0
BSU_30280	GO:0046872	4	0.2	0
BSU_02820	GO:0016798	4	0.2	0
BSU_36110	GO:0000917	4	0.2	0
BSU_23580	GO:0016798	4	0.2	0
BSU_04690	GO:0009898	4	0.2	0
BSU_38590	GO:0016020	4	0.2	0
BSU_16500	GO:0044183	4	0.2	0
BSU_30290	GO:0046872	4	0.2	0
BSU_14920	GO:0046872	4	0.2	0
BSU_03820	GO:0005737	4	0.2	0
BSU_21480	GO:0005886	4	0.2	0
BSU_23580	GO:0000105	4	0.2	0
BSU_02820	GO:0000105	4	0.2	0
BSU_21450	GO:0005886	4	0.2	0
BSU_37460	GO:0006782	4	0.2	0
BSU_27350	GO:0016705	4	0.2	0
BSU_29300	GO:0017000	4	0.2	0
BSU_14440	GO:0000105	4	0.2	0
BSU_34990	GO:0016765	4	0.2	0
BSU_16520	GO:0046872	4	0.2	0
BSU_08390	GO:0000105	4	0.2	0
BSU_06839	GO:0000105	4	0.2	0
BSU_08470	GO:0005886	4	0.2	0
BSU_14230	GO:0000105	4	0.2	0
BSU_22640	GO:0005829	4	0.2	0
BSU_28250	GO:0005829	4	0.2	0
BSU_38590	GO:0046872	4	0.2	0
BSU_14450	GO:0005886	4	0.2	0
BSU_07060	GO:0005886	4	0.2	0
BSU_17110	GO:0016765	4	0.2	0
BSU_28500	GO:0046872	4	0.2	0
BSU_30690	GO:0005829	4	0.2	0
BSU_34670	GO:0005829	4	0.2	0
BSU_16500	GO:0046872	4	0.2	0
BSU_15900	GO:0046872	4	0.2	0
BSU_33510	GO:0000105	4	0.2	0
BSU_14580	GO:0046872	4	0.2	0
BSU_38590	GO:0005524	4	0.2	0
BSU_05820	GO:0005524	4	0.2	0
BSU_35190	GO:0016765	4	0.2	0
BSU_35290	GO:0000105	4	0.2	0
BSU_22640	GO:0000105	4	0.2	0
BSU_22680	GO:0005829	4	0.2	0
BSU_23490	GO:0000105	4	0.2	0
BSU_24730	GO:0016020	4	0.2	0
BSU_04340	GO:0005886	4	0.2	0
BSU_24060	GO:0009898	4	0.2	0
BSU_35320	GO:0000105	4	0.2	0
BSU_27060	GO:0005524	4	0.2	0
BSU_21780	GO:0003824	4	0.2	0
BSU_33260	GO:0009847	4	0.2	0
BSU_04340	GO:0005886	4	0.2	0
BSU_21480	GO:0005886	4	0.2	0
BSU_13640	GO:0005886	4	0.2	0
BSU_27340	GO:0005886	4	0.2	0
BSU_30690	GO:0006064	4	0.2	0
BSU_40010	GO:0005886	4	0.2	0
BSU_14920	GO:0071555	4	0.2	0
BSU_22480	GO:0006064	4	0.2	0
BSU_22680	GO:0009055	4	0.2	0
BSU_35810	GO:0008320	4	0.2	0
BSU_37890	GO:0005886	4	0.2	0
BSU_00430	GO:0005886	4	0.2	0
BSU_22480	GO:0044781	4	0.2	0
BSU_30510	GO:0005886	4	0.2	0
BSU_33000	GO:0015113	4	0.2	0
BSU_23040	GO:0035539	4	0.2	0
BSU_33060	GO:0008320	4	0.2	0
BSU_29930	GO:0030170	4	0.2	0
BSU_34230	GO:0005886	4	0.2	0
BSU_14450	GO:0005886	4	0.2	0
BSU_35320	GO:0005886	4	0.2	0
BSU_26720	GO:0006950	4	0.2	0
BSU_02600	GO:0005886	4	0.2	0
BSU_23130	GO:0034023	4	0.2	0
BSU_19620	GO:0015113	4	0.2	0
BSU_38270	GO:0035539	4	0.2	0
BSU_23130	GO:0009055	4	0.2	0
BSU_33510	GO:0005886	4	0.2	0
BSU_27170	GO:0005886	4	0.2	0
BSU_05820	GO:0008973	4	0.2	0
BSU_40160	GO:0035539	4	0.2	0
BSU_22640	GO:0006064	4	0.2	0
BSU_28110	GO:0005886	4	0.2	0
BSU_28250	GO:0006064	4	0.2	0
BSU_27980	GO:0005886	4	0.2	0
BSU_22640	GO:0003723	4	0.2	0
BSU_30290	GO:0071555	4	0.2	0
BSU_22680	GO:0003723	4	0.2	0
BSU_12990	GO:0016787	4	0.2	0
BSU_05720	GO:0003723	4	0.2	0
BSU_33060	GO:0016757	4	0.2	0
BSU_37460	GO:0034023	4	0.2	0
BSU_37470	GO:0034023	4	0.2	0
BSU_33060	GO:0071555	4	0.2	0
BSU_30280	GO:0008320	4	0.2	0
BSU_35810	GO:0071555	4	0.2	0
BSU_30280	GO:0071555	4	0.2	0
BSU_40840	GO:0015113	4	0.2	0
BSU_21450	GO:0003723	4	0.2	0
BSU_07350	GO:0045454	4	0.2	0
BSU_25770	GO:0090729	4	0.2	0
BSU_23490	GO:0003723	4	0.2	0
BSU_38590	GO:0004849	4	0.2	0
BSU_02820	GO:0005886	4	0.2	0
BSU_37740	GO:0006064	4	0.2	0
BSU_08390	GO:0035539	4	0.2	0
BSU_04050	GO:0005886	4	0.2	0
BSU_04100	GO:0005886	4	0.2	0
BSU_08370	GO:0005886	4	0.2	0
BSU_05820	GO:0004849	4	0.2	0
BSU_24710	GO:0016301	4	0.2	0
BSU_24720	GO:0016301	4	0.2	0
BSU_27980	GO:0140359	4	0.2	0
BSU_04090	GO:0005886	4	0.2	0
BSU_12220	GO:0003723	4	0.2	0
BSU_37460	GO:0005886	4	0.2	0
BSU_29490	GO:0003723	4	0.2	0
BSU_09780	GO:0005886	4	0.2	0
BSU_33620	GO:0005886	4	0.2	0
BSU_28250	GO:0005886	4	0.2	0
BSU_27060	GO:0010468	4	0.2	0
BSU_19950	GO:0006950	4	0.2	0
BSU_18560	GO:0045454	4	0.2	0
BSU_28450	GO:0035539	4	0.2	0
BSU_22560	GO:0035539	4	0.2	0
BSU_40010	GO:0005886	4	0.2	0
BSU_27010	GO:0035539	4	0.2	0
BSU_27340	GO:0005886	4	0.2	0
BSU_22680	GO:0030288	4	0.2	0
BSU_11890	GO:0005886	4	0.2	0
BSU_08300	GO:0006950	4	0.2	0
BSU_17920	GO:0005886	4	0.2	0
BSU_38590	GO:0010468	4	0.2	0
BSU_34040	GO:0035539	4	0.2	0
BSU_19000	GO:0016787	4	0.2	0
BSU_30690	GO:0035539	4	0.2	0
BSU_35560	GO:0016787	4	0.2	0
BSU_27980	GO:0005886	4	0.2	0
BSU_05420	GO:0003690	4	0.2	0
BSU_16980	GO:0005886	4	0.2	0
BSU_04340	GO:0005886	4	0.2	0
BSU_10730	GO:0008360	4	0.2	0
BSU_00450	GO:0008360	4	0.2	0
BSU_29570	GO:0008360	4	0.2	0
BSU_35600	GO:0016787	4	0.2	0
BSU_04090	GO:0005886	4	0.2	0
BSU_05420	GO:0006950	4	0.2	0
BSU_09390	GO:0008360	4	0.2	0
BSU_37460	GO:0033609	4	0.2	0
BSU_27320	GO:0006950	4	0.2	0
BSU_10040	GO:0005886	4	0.2	0
BSU_14920	GO:0005515	4	0.2	0
BSU_34530	GO:0005886	4	0.2	0
BSU_07060	GO:0090729	4	0.2	0
BSU_06760	GO:0006950	4	0.2	0
BSU_09750	GO:0006950	4	0.2	0
BSU_34670	GO:0035539	4	0.2	0
BSU_39700	GO:0034023	4	0.2	0
BSU_22560	GO:0034023	4	0.2	0
BSU_04340	GO:0005886	4	0.2	0
BSU_00860	GO:0016757	4	0.2	0
BSU_16500	GO:0005886	4	0.2	0
BSU_16520	GO:0005886	4	0.2	0
BSU_36110	GO:0006950	4	0.2	0
BSU_27320	GO:0005886	4	0.2	0
BSU_28500	GO:0005886	4	0.2	0
BSU_02600	GO:0090729	4	0.2	0
BSU_33000	GO:0033609	4	0.2	0
BSU_27060	GO:0004849	4	0.2	0
BSU_29490	GO:0005886	4	0.2	0
BSU_35950	GO:0003723	4	0.2	0
BSU_01670	GO:0005886	4	0.2	0
BSU_08470	GO:0005886	4	0.2	0
BSU_33510	GO:0035539	4	0.2	0
BSU_21450	GO:0005886	4	0.2	0
BSU_21480	GO:0005886	4	0.2	0
BSU_22680	GO:0006064	4	0.2	0
BSU_38590	GO:0008973	4	0.2	0
BSU_14450	GO:0005886	4	0.2	0
BSU_40220	GO:0006950	4	0.2	0
BSU_29300	GO:0005886	4	0.2	0
BSU_12900	GO:0033609	4	0.2	0
BSU_24720	GO:0140359	4	0.2	0
BSU_21660	GO:0006950	4	0.2	0
BSU_23490	GO:0034023	4	0.2	0
BSU_04690	GO:0016757	4	0.2	0
BSU_34060	GO:0006950	4	0.2	0
BSU_33510	GO:0005886	4	0.2	0
BSU_09780	GO:0005886	4	0.2	0
BSU_09330	GO:0006950	4	0.2	0
BSU_13640	GO:0005886	4	0.2	0
BSU_14440	GO:0045454	4	0.2	0
BSU_22560	GO:0016301	4	0.2	0
BSU_13470	GO:0008360	4	0.2	0
BSU_16520	GO:0004849	4	0.2	0
BSU_34060	GO:0016491	4	0.2	0
BSU_33000	GO:0016301	4	0.2	0
BSU_00540	GO:0016491	4	0.2	0
BSU_05930	GO:0016491	4	0.2	0
BSU_10730	GO:0046872	4	0.2	0
BSU_10810	GO:0046872	4	0.2	0
BSU_40840	GO:0140359	4	0.2	0
BSU_09330	GO:0016491	4	0.2	0
BSU_17930	GO:0015113	4	0.2	0
BSU_01470	GO:0016301	4	0.2	0
BSU_10340	GO:0016491	4	0.2	0
BSU_19620	GO:0016301	4	0.2	0
BSU_05490	GO:0016491	4	0.2	0
BSU_17160	GO:0016491	4	0.2	0
BSU_16500	GO:0006064	4	0.2	0
BSU_14510	GO:0015113	4	0.2	0
BSU_22640	GO:0016491	4	0.2	0
BSU_12900	GO:0015113	4	0.2	0
BSU_30990	GO:0015113	4	0.2	0
BSU_33510	GO:0016491	4	0.2	0
BSU_14920	GO:0008320	4	0.2	0
BSU_07490	GO:0016301	4	0.2	0
BSU_31670	GO:0046872	4	0.2	0
BSU_27980	GO:0005886	4	0.2	0
BSU_14580	GO:0043754	4	0.2	0
BSU_08300	GO:0016491	4	0.2	0
BSU_17930	GO:0140359	4	0.2	0
BSU_38800	GO:0046872	4	0.2	0
BSU_08390	GO:0016491	4	0.2	0
BSU_40840	GO:0016301	4	0.2	0
BSU_36510	GO:0015113	4	0.2	0
BSU_16500	GO:0004849	4	0.2	0
BSU_28250	GO:0003824	4	0.2	0
BSU_01470	GO:0140359	4	0.2	0
BSU_39700	GO:0003824	4	0.2	0
BSU_29490	GO:0030170	4	0.2	0
BSU_37550	GO:0000150	4	0.2	0
BSU_22560	GO:0016874	4	0.2	0
BSU_22940	GO:0015113	4	0.2	0
BSU_40870	GO:0000150	4	0.2	0
BSU_04100	GO:0000150	4	0.2	0
BSU_05640	GO:0000150	4	0.2	0
BSU_00450	GO:0000150	4	0.2	0
BSU_17110	GO:0016491	4	0.2	0
BSU_07820	GO:0000150	4	0.2	0
BSU_05420	GO:0046872	4	0.2	0
BSU_08370	GO:0000150	4	0.2	0
BSU_13470	GO:0000150	4	0.2	0
BSU_37650	GO:0000150	4	0.2	0
BSU_16810	GO:0000150	4	0.2	0
BSU_22560	GO:0015113	4	0.2	0
BSU_37740	GO:0016491	4	0.2	0
BSU_29570	GO:0000150	4	0.2	0
BSU_23130	GO:0015113	4	0.2	0
BSU_25810	GO:0000150	4	0.2	0
BSU_14310	GO:0030170	4	0.2	0
BSU_34170	GO:0000150	4	0.2	0
BSU_02820	GO:0005886	4	0.2	0
BSU_31230	GO:0015113	4	0.2	0
BSU_04250	GO:0000150	4	0.2	0
BSU_23490	GO:0003824	4	0.2	0
BSU_22560	GO:0003824	4	0.2	0
BSU_31990	GO:0034023	4	0.2	0
BSU_05150	GO:0000150	4	0.2	0
BSU_10840	GO:0000150	4	0.2	0
BSU_25770	GO:0005886	4	0.2	0
BSU_04770	GO:0000150	4	0.2	0
BSU_35290	GO:0016491	4	0.2	0
BSU_37470	GO:0016787	4	0.2	0
BSU_05000	GO:0046872	4	0.2	0
BSU_04090	GO:0046872	4	0.2	0
BSU_06770	GO:0046872	4	0.2	0
BSU_09830	GO:0046872	4	0.2	0
BSU_09830	GO:0044781	4	0.2	0
BSU_37460	GO:0009055	4	0.2	0
BSU_31990	GO:0003723	4	0.2	0
BSU_14510	GO:0016301	4	0.2	0
BSU_08470	GO:0003723	4	0.2	0
BSU_02330	GO:0045454	4	0.2	0
BSU_34530	GO:0046872	4	0.2	0
BSU_12900	GO:0016301	4	0.2	0
BSU_01650	GO:0046872	4	0.2	0
BSU_18010	GO:0045454	4	0.2	0
BSU_40220	GO:0046872	4	0.2	0
BSU_09340	GO:0045454	4	0.2	0
BSU_15350	GO:0035539	4	0.2	0
BSU_21680	GO:0045454	4	0.2	0
BSU_28450	GO:0045454	4	0.2	0
BSU_33400	GO:0045454	4	0.2	0
BSU_28250	GO:0009098	4	0.2	1
BSU_27010	GO:0045454	4	0.2	0
BSU_40170	GO:0035539	4	0.2	0
BSU_14920	GO:0016757	4	0.2	0
BSU_39700	GO:0045454	4	0.2	0
BSU_30290	GO:0008320	4	0.2	0
BSU_33480	GO:0045454	4	0.2	0
BSU_17930	GO:0016301	4	0.2	0
BSU_23130	GO:0016301	4	0.2	0
BSU_37470	GO:0005886	4	0.2	0
BSU_14230	GO:0045454	4	0.2	0
BSU_39720	GO:0006064	4	0.2	0
BSU_24730	GO:0008320	4	0.2	0
BSU_00540	GO:0035539	4	0.2	0
BSU_10340	GO:0046872	4	0.2	0
BSU_17920	GO:0046872	4	0.2	0
BSU_31060	GO:0045454	4	0.2	0
BSU_05920	GO:0044781	4	0.2	0
BSU_40010	GO:0005886	4	0.2	0
BSU_00430	GO:0046872	4	0.2	0
BSU_10940	GO:0046872	4	0.2	0
BSU_00210	GO:0006526	4	0.2	0
BSU_27320	GO:0030170	4	0.2	0
BSU_22980	GO:0046872	4	0.2	0
BSU_05420	GO:0016491	4	0.2	0
BSU_07490	GO:0015113	4	0.2	0
BSU_08840	GO:0015113	4	0.2	0
BSU_04050	GO:0046872	4	0.2	0
BSU_08470	GO:0016491	4	0.2	0
BSU_02820	GO:0004849	4	0.2	0
BSU_11890	GO:0016491	4	0.2	0
BSU_23580	GO:0004849	4	0.2	0
BSU_37420	GO:0030152	4	0.2	1
BSU_08390	GO:0005886	4	0.2	0
BSU_37470	GO:0004849	4	0.2	0
BSU_28820	GO:0035539	4	0.2	0
BSU_07830	GO:0045454	4	0.2	0
BSU_08840	GO:0016301	4	0.2	0
BSU_38830	GO:0045454	4	0.2	0
BSU_32130	GO:0045454	4	0.2	0
BSU_04520	GO:0045454	4	0.2	0
BSU_29860	GO:0035539	4	0.2	0
BSU_14580	GO:0006526	4	0.2	0
BSU_37460	GO:0004849	4	0.2	0
BSU_30990	GO:0016301	4	0.2	0
BSU_10240	GO:0035539	4	0.2	0
BSU_27170	GO:0005886	4	0.2	0
BSU_38970	GO:0045454	4	0.2	0
BSU_31050	GO:0045454	4	0.2	0
BSU_14450	GO:0035539	4	0.2	0
BSU_09750	GO:0005886	4	0.2	0
BSU_27340	GO:0071555	4	0.2	0
BSU_15350	GO:0005886	4	0.2	0
BSU_09750	GO:0003700	4	0.2	0
BSU_04340	GO:0016020	4	0.2	0
BSU_21480	GO:0071555	4	0.2	0
BSU_28450	GO:0030288	4	0.2	0
BSU_10240	GO:0005886	4	0.2	0
BSU_37460	GO:0016020	4	0.2	0
BSU_08390	GO:0005886	4	0.2	0
BSU_21580	GO:0071555	4	0.2	0
BSU_28900	GO:0005975	4	0.2	0
BSU_16520	GO:0019344	4	0.2	0
BSU_16500	GO:0019344	4	0.2	0
BSU_23580	GO:0019344	4	0.2	0
BSU_02820	GO:0019344	4	0.2	0
BSU_09330	GO:0003700	4	0.2	0
BSU_01650	GO:0005886	4	0.2	0
BSU_04690	GO:0003677	4	0.2	0
BSU_03820	GO:0016020	4	0.2	0
BSU_00860	GO:0003677	4	0.2	0
BSU_03830	GO:0016020	4	0.2	0
BSU_29010	GO:0003824	4	0.2	0
BSU_14580	GO:0016787	4	0.2	0
BSU_39300	GO:0071555	4	0.2	0
BSU_27320	GO:0003700	4	0.2	0
BSU_25770	GO:0004222	4	0.2	0
BSU_09860	GO:0030435	4	0.2	0
BSU_06839	GO:0005886	4	0.2	0
BSU_30690	GO:0030288	4	0.2	0
BSU_07830	GO:0044781	4	0.2	0
BSU_17920	GO:0005886	4	0.2	0
BSU_14580	GO:0004047	4	0.2	0
BSU_10340	GO:0005886	4	0.2	0
BSU_34040	GO:0030288	4	0.2	0
BSU_08300	GO:0003700	4	0.2	0
BSU_26720	GO:0044781	4	0.2	0
BSU_33080	GO:0003700	4	0.2	0
BSU_02820	GO:0010468	4	0.2	0
BSU_03620	GO:0044781	4	0.2	0
BSU_05420	GO:0019344	4	0.2	0
BSU_15900	GO:0004047	4	0.2	0
BSU_04090	GO:0003700	4	0.2	0
BSU_05930	GO:0042802	4	0.2	0
BSU_13640	GO:0071555	4	0.2	0
BSU_30290	GO:0016787	4	0.2	0
BSU_19210	GO:0071555	4	0.2	0
BSU_30280	GO:0016787	4	0.2	0
BSU_00540	GO:0042802	4	0.2	0
BSU_34060	GO:0042802	4	0.2	0
BSU_17920	GO:0004145	4	0.2	0
BSU_09330	GO:0042802	4	0.2	0
BSU_05920	GO:0019344	4	0.2	0
BSU_05420	GO:0003700	4	0.2	0
BSU_27980	GO:0071555	4	0.2	0
BSU_14920	GO:0016787	4	0.2	0
BSU_09340	GO:0044781	4	0.2	0
BSU_10340	GO:0042802	4	0.2	0
BSU_05490	GO:0042802	4	0.2	0
BSU_38310	GO:0044781	4	0.2	0
BSU_17160	GO:0042802	4	0.2	0
BSU_05820	GO:0016787	4	0.2	0
BSU_17110	GO:0042802	4	0.2	0
BSU_38590	GO:0016787	4	0.2	0
BSU_27010	GO:0030288	4	0.2	0
BSU_07060	GO:0016787	4	0.2	0
BSU_37460	GO:0019344	4	0.2	0
BSU_37470	GO:0019344	4	0.2	0
BSU_28110	GO:0071555	4	0.2	0
BSU_34800	GO:0005886	4	0.2	0
BSU_02600	GO:0004222	4	0.2	0
BSU_06839	GO:0071555	4	0.2	0
BSU_07350	GO:0003824	4	0.2	0
BSU_06770	GO:0003700	4	0.2	0
BSU_22940	GO:0009847	4	0.2	0
BSU_22110	GO:0005737	4	0.2	0
BSU_08390	GO:0030288	4	0.2	0
BSU_29860	GO:0071555	4	0.2	0
BSU_07490	GO:0003700	4	0.2	0
BSU_28820	GO:0071555	4	0.2	0
BSU_35630	GO:0004145	4	0.2	0
BSU_27350	GO:0071555	4	0.2	0
BSU_31230	GO:0009847	4	0.2	0
BSU_16790	GO:0071555	4	0.2	0
BSU_38400	GO:0071555	4	0.2	0
BSU_14510	GO:0009847	4	0.2	0
BSU_36510	GO:0009847	4	0.2	0
BSU_23040	GO:0030288	4	0.2	0
BSU_28450	GO:0009847	4	0.2	0
BSU_30370	GO:0009847	4	0.2	0
BSU_39610	GO:0016020	4	0.2	0
BSU_34250	GO:0019344	4	0.2	0
BSU_34990	GO:0009847	4	0.2	0
BSU_05920	GO:0009058	4	0.2	0
BSU_38270	GO:0009847	4	0.2	0
BSU_40160	GO:0071555	4	0.2	0
BSU_33480	GO:0009847	4	0.2	0
BSU_15350	GO:0030288	4	0.2	0
BSU_40040	GO:0005737	4	0.2	0
BSU_05000	GO:0016020	4	0.2	0
BSU_14450	GO:0016020	4	0.2	0
BSU_00540	GO:0030288	4	0.2	0
BSU_22940	GO:0016020	4	0.2	0
BSU_21450	GO:0005886	4	0.2	0
BSU_16520	GO:0090729	4	0.2	0
BSU_40170	GO:0030288	4	0.2	0
BSU_10810	GO:0005886	4	0.2	0
BSU_05820	GO:0006417	4	0.2	0
BSU_13190	GO:0071555	4	0.2	0
BSU_33320	GO:0016020	4	0.2	0
BSU_14580	GO:0003677	4	0.2	0
BSU_25860	GO:0071555	4	0.2	0
BSU_26720	GO:0003700	4	0.2	0
BSU_37470	GO:0005886	4	0.2	0
BSU_22980	GO:0005886	4	0.2	0
BSU_32880	GO:0030435	4	0.2	0
BSU_19580	GO:0030435	4	0.2	0
BSU_10730	GO:0005886	4	0.2	0
BSU_10520	GO:0030435	4	0.2	0
BSU_36110	GO:0003700	4	0.2	0
BSU_00430	GO:0005886	4	0.2	0
BSU_15900	GO:0016787	4	0.2	0
BSU_29650	GO:0030435	4	0.2	0
BSU_37460	GO:0005886	4	0.2	0
BSU_19000	GO:0071555	4	0.2	0
BSU_22680	GO:0006096	4	0.2	0
BSU_23040	GO:0030170	4	0.2	0
BSU_34670	GO:0030288	4	0.2	0
BSU_09780	GO:0004145	4	0.2	0
BSU_02820	GO:0004222	4	0.2	0
BSU_08840	GO:0009847	4	0.2	0
BSU_37470	GO:0071555	4	0.2	0
BSU_33480	GO:0016020	4	0.2	0
BSU_33510	GO:0030288	4	0.2	0
BSU_28110	GO:0004222	4	0.2	0
BSU_31670	GO:0005886	4	0.2	0
BSU_38270	GO:0030288	4	0.2	0
BSU_40160	GO:0030288	4	0.2	0
BSU_12830	GO:0009847	4	0.2	0
BSU_12370	GO:0003677	4	0.2	1
BSU_25540	GO:0071555	4	0.2	0
BSU_08300	GO:0042802	4	0.2	0
BSU_17930	GO:0031460	4	0.2	0
BSU_35630	GO:0016787	4	0.2	0
BSU_25770	GO:0005886	4	0.2	0
BSU_03620	GO:0006950	4	0.2	0
BSU_33400	GO:0005886	4	0.2	0
BSU_35050	GO:0006950	4	0.2	0
BSU_04090	GO:0008360	4	0.2	0
BSU_25860	GO:0016787	4	0.2	0
BSU_06839	GO:0008360	4	0.2	0
BSU_38310	GO:0006950	4	0.2	0
BSU_36600	GO:0006950	4	0.2	0
BSU_13640	GO:0008360	4	0.2	0
BSU_16810	GO:0006950	4	0.2	0
BSU_37650	GO:0006950	4	0.2	0
BSU_09780	GO:0005886	4	0.2	0
BSU_27060	GO:0005886	4	0.2	0
BSU_02600	GO:0005886	4	0.2	0
BSU_22560	GO:0010133	4	0.2	0
BSU_35030	GO:0006950	4	0.2	0
BSU_31990	GO:0005886	4	0.2	0
BSU_36110	GO:0044781	4	0.2	0
BSU_34040	GO:0005886	4	0.2	0
BSU_40050	GO:0006950	4	0.2	0
BSU_02370	GO:0006950	4	0.2	0
BSU_15470	GO:0071555	4	0.2	0
BSU_02600	GO:0004553	4	0.2	0
BSU_33700	GO:0031460	4	0.2	0
BSU_37470	GO:0010468	4	0.2	0
BSU_35950	GO:0031460	4	0.2	0
BSU_37460	GO:0010468	4	0.2	0
BSU_33800	GO:0031460	4	0.2	0
BSU_37470	GO:0004553	4	0.2	0
BSU_32560	GO:0006950	4	0.2	0
BSU_35810	GO:0031460	4	0.2	0
BSU_34800	GO:0016787	4	0.2	0
BSU_33620	GO:0005886	4	0.2	0
BSU_08370	GO:0006950	4	0.2	0
BSU_34060	GO:0005886	4	0.2	0
BSU_17920	GO:0008360	4	0.2	0
BSU_09830	GO:0005886	4	0.2	0
BSU_09330	GO:0005886	4	0.2	0
BSU_05150	GO:0006950	4	0.2	0
BSU_10840	GO:0006950	4	0.2	0
BSU_35630	GO:0008360	4	0.2	0
BSU_09780	GO:0008360	4	0.2	0
BSU_07060	GO:0008973	4	0.2	0
BSU_07820	GO:0006950	4	0.2	0
BSU_34630	GO:0006950	4	0.2	0
BSU_01470	GO:0071555	4	0.2	0
BSU_23390	GO:0008360	4	0.2	0
BSU_19950	GO:0008360	4	0.2	0
BSU_00430	GO:0008360	4	0.2	0
BSU_04340	GO:0030288	4	0.2	0
BSU_04340	GO:0035539	4	0.2	0
BSU_16980	GO:0008360	4	0.2	0
BSU_23410	GO:0008360	4	0.2	0
BSU_34170	GO:0006950	4	0.2	0
BSU_34530	GO:0008360	4	0.2	0
BSU_00540	GO:0008360	4	0.2	0
BSU_25810	GO:0006950	4	0.2	0
BSU_10050	GO:0008360	4	0.2	0
BSU_10040	GO:0008360	4	0.2	0
BSU_40870	GO:0006950	4	0.2	0
BSU_22680	GO:0035539	4	0.2	0
BSU_06760	GO:0003690	4	0.2	0
BSU_34800	GO:0005886	4	0.2	0
BSU_00430	GO:0005886	4	0.2	0
BSU_30510	GO:0005886	4	0.2	0
BSU_35320	GO:0005886	4	0.2	0
BSU_04100	GO:0006950	4	0.2	0
BSU_30290	GO:0140359	4	0.2	0
BSU_39720	GO:0004553	4	0.2	0
BSU_22680	GO:0016020	4	0.2	0
BSU_17160	GO:0003824	4	0.2	1
BSU_14920	GO:0003677	4	0.2	0
BSU_14440	GO:0042802	4	0.2	0
BSU_37460	GO:0005886	4	0.2	0
BSU_11890	GO:0042802	4	0.2	0
BSU_37460	GO:0008168	4	0.2	0
BSU_09750	GO:0008360	4	0.2	0
BSU_27170	GO:0006950	4	0.2	0
BSU_24720	GO:0031460	4	0.2	0
BSU_39300	GO:0016787	4	0.2	0
BSU_08470	GO:0042802	4	0.2	0
BSU_05920	GO:0042802	4	0.2	0
BSU_22640	GO:0004553	4	0.2	0
BSU_35950	GO:0140359	4	0.2	0
BSU_27340	GO:0006950	4	0.2	0
BSU_22680	GO:0004553	4	0.2	0
BSU_35320	GO:0042802	4	0.2	0
BSU_30280	GO:0140359	4	0.2	0
BSU_33510	GO:0042802	4	0.2	0
BSU_27980	GO:0031460	4	0.2	0
BSU_14230	GO:0042802	4	0.2	0
BSU_28500	GO:0090729	4	0.2	0
BSU_06839	GO:0042802	4	0.2	0
BSU_08390	GO:0042802	4	0.2	0
BSU_27980	GO:0005886	4	0.2	0
BSU_02820	GO:0008360	4	0.2	0
BSU_04050	GO:0004553	4	0.2	0
BSU_35290	GO:0042802	4	0.2	0
BSU_23490	GO:0042802	4	0.2	0
BSU_02820	GO:0071555	4	0.2	0
BSU_32510	GO:0010133	4	0.2	0
BSU_22560	GO:0030288	4	0.2	0
BSU_02600	GO:0005886	4	0.2	0
BSU_37460	GO:0016874	4	0.2	0
BSU_05420	GO:0042802	4	0.2	0
BSU_06839	GO:0016787	4	0.2	0
BSU_17160	GO:0004553	4	0.2	0
BSU_22680	GO:0042802	4	0.2	0
BSU_30410	GO:0031460	4	0.2	0
BSU_33700	GO:0140359	4	0.2	0
BSU_10560	GO:0006950	4	0.2	0
BSU_12830	GO:0008360	4	0.2	0
BSU_31570	GO:0140359	4	0.2	0
BSU_17930	GO:0008360	4	0.2	0
BSU_02820	GO:0005886	4	0.2	0
BSU_37460	GO:0005886	4	0.2	0
BSU_37470	GO:0005886	4	0.2	0
BSU_29010	GO:0044781	4	0.2	0
BSU_37740	GO:0004553	4	0.2	0
BSU_30410	GO:0140359	4	0.2	0
BSU_02320	GO:0006950	4	0.2	0
BSU_33800	GO:0140359	4	0.2	0
BSU_22640	GO:0042802	4	0.2	0
BSU_28110	GO:0005886	4	0.2	0
BSU_30280	GO:0031460	4	0.2	0
BSU_14140	GO:0006950	4	0.2	0
BSU_22480	GO:0004553	4	0.2	0
BSU_30290	GO:0031460	4	0.2	0
BSU_34670	GO:0004553	4	0.2	0
BSU_30690	GO:0004553	4	0.2	0
BSU_33790	GO:0006950	4	0.2	0
BSU_35910	GO:0006950	4	0.2	0
BSU_40190	GO:0090729	4	0.2	0
BSU_29630	GO:0006950	4	0.2	0
BSU_28250	GO:0004553	4	0.2	0
BSU_14450	GO:0030288	4	0.2	0
BSU_34380	GO:0006950	4	0.2	0
BSU_28500	GO:0004047	4	0.2	0
BSU_37460	GO:0016787	4	0.2	0
BSU_38590	GO:0030170	4	0.2	0
BSU_17110	GO:0030170	4	0.2	0
BSU_21660	GO:0003690	4	0.2	0
BSU_06770	GO:0009307	4	0.2	0
BSU_07220	GO:0003690	4	0.2	0
BSU_07490	GO:0009307	4	0.2	0
BSU_02820	GO:0006631	4	0.2	0
BSU_27010	GO:0016829	4	0.2	0
BSU_15900	GO:0016853	4	0.2	0
BSU_22560	GO:0016829	4	0.2	0
BSU_37470	GO:0006508	4	0.2	0
BSU_40840	GO:0090729	4	0.2	0
BSU_22940	GO:0055085	4	0.2	0
BSU_07490	GO:0035873	4	0.2	0
BSU_28110	GO:0006631	4	0.2	0
BSU_02820	GO:0006508	4	0.2	0
BSU_23580	GO:0006508	4	0.2	0
BSU_28450	GO:0016829	4	0.2	0
BSU_34040	GO:0016829	4	0.2	0
BSU_40840	GO:0035873	4	0.2	0
BSU_19620	GO:0090729	4	0.2	0
BSU_10560	GO:0003690	4	0.2	0
BSU_23040	GO:0016829	4	0.2	0
BSU_39000	GO:0016020	4	0.2	1
BSU_34630	GO:0005515	4	0.2	0
BSU_22980	GO:0022857	4	0.2	0
BSU_25770	GO:0005515	4	0.2	0
BSU_40160	GO:0016829	4	0.2	0
BSU_33510	GO:0016829	4	0.2	0
BSU_22480	GO:0009231	4	0.2	0
BSU_37460	GO:0006508	4	0.2	0
BSU_35320	GO:0006083	4	0.2	0
BSU_38270	GO:0016829	4	0.2	0
BSU_40220	GO:0003690	4	0.2	0
BSU_32560	GO:0004519	4	0.2	0
BSU_31230	GO:0055085	4	0.2	0
BSU_14450	GO:0016829	4	0.2	0
BSU_40840	GO:0042907	4	0.2	0
BSU_13670	GO:0004519	4	0.2	0
BSU_23490	GO:0016836	4	0.2	0
BSU_16520	GO:0042802	4	0.2	0
BSU_08840	GO:0035873	4	0.2	0
BSU_30990	GO:0090729	4	0.2	0
BSU_12830	GO:0055085	4	0.2	0
BSU_24710	GO:0016020	4	0.2	0
BSU_21450	GO:0005886	4	0.2	0
BSU_02370	GO:0004519	4	0.2	0
BSU_40050	GO:0004519	4	0.2	0
BSU_12830	GO:0090729	4	0.2	0
BSU_12900	GO:0090729	4	0.2	0
BSU_18310	GO:0009231	4	0.2	0
BSU_32870	GO:0004519	4	0.2	0
BSU_38450	GO:0004519	4	0.2	0
BSU_34250	GO:0009231	4	0.2	0
BSU_35190	GO:0009307	4	0.2	0
BSU_16500	GO:0042802	4	0.2	0
BSU_07060	GO:0005829	4	0.2	0
BSU_05920	GO:0009231	4	0.2	0
BSU_09830	GO:0009231	4	0.2	0
BSU_08840	GO:0090729	4	0.2	0
BSU_37460	GO:0016829	4	0.2	0
BSU_36510	GO:0055085	4	0.2	0
BSU_37420	GO:0005829	4	0.2	0
BSU_36110	GO:0004519	4	0.2	0
BSU_35320	GO:0009231	4	0.2	0
BSU_15900	GO:0042802	4	0.2	0
BSU_04340	GO:0016829	4	0.2	0
BSU_07490	GO:0090729	4	0.2	0
BSU_34060	GO:0003690	4	0.2	0
BSU_21480	GO:0005886	4	0.2	0
BSU_17760	GO:0016020	4	0.2	1
BSU_12990	GO:0016757	4	0.2	0
BSU_38590	GO:0042802	4	0.2	0
BSU_05420	GO:0006083	4	0.2	0
BSU_10040	GO:0060187	4	0.2	0
BSU_08470	GO:0006508	4	0.2	0
BSU_37470	GO:0006083	4	0.2	0
BSU_37460	GO:0006083	4	0.2	0
BSU_34380	GO:0005515	4	0.2	0
BSU_04090	GO:0060187	4	0.2	0
BSU_30970	GO:0060187	4	0.2	0
BSU_21780	GO:0060187	4	0.2	0
BSU_35190	GO:0060187	4	0.2	0
BSU_36600	GO:0004519	4	0.2	0
BSU_05920	GO:0006083	4	0.2	0
BSU_22110	GO:0022857	4	0.2	0
BSU_37470	GO:0016740	4	0.2	0
BSU_33790	GO:0005515	4	0.2	0
BSU_25810	GO:0015700	4	0.2	0
BSU_02240	GO:0016757	4	0.2	0
BSU_02320	GO:0003690	4	0.2	0
BSU_04050	GO:0060187	4	0.2	0
BSU_23580	GO:0016740	4	0.2	0
BSU_02820	GO:0016740	4	0.2	0
BSU_16520	GO:0006083	4	0.2	0
BSU_16500	GO:0006083	4	0.2	0
BSU_07060	GO:0042802	4	0.2	0
BSU_39740	GO:0060187	4	0.2	0
BSU_22980	GO:0060187	4	0.2	0
BSU_18220	GO:0003824	4	0.2	1
BSU_09780	GO:0022857	4	0.2	0
BSU_23580	GO:0006083	4	0.2	0
BSU_02820	GO:0006083	4	0.2	0
BSU_40040	GO:0060187	4	0.2	0
BSU_22110	GO:0060187	4	0.2	0
BSU_09780	GO:0060187	4	0.2	0
BSU_05920	GO:0006508	4	0.2	0
BSU_40040	GO:0022857	4	0.2	0
BSU_37460	GO:0016740	4	0.2	0
BSU_27060	GO:0006083	4	0.2	0
BSU_17930	GO:0016798	4	0.2	0
BSU_36600	GO:0005515	4	0.2	0
BSU_05420	GO:0006508	4	0.2	0
BSU_29400	GO:0005515	4	0.2	0
BSU_36110	GO:0009231	4	0.2	0
BSU_11890	GO:0006083	4	0.2	0
BSU_15300	GO:0016757	4	0.2	0
BSU_33080	GO:0005515	4	0.2	0
BSU_15350	GO:0016829	4	0.2	0
BSU_28450	GO:0055085	4	0.2	0
BSU_23040	GO:0009055	4	0.2	1
BSU_04100	GO:0005515	4	0.2	0
BSU_00540	GO:0016829	4	0.2	0
BSU_40170	GO:0016829	4	0.2	0
BSU_27060	GO:0003723	4	0.2	0
BSU_29010	GO:0009231	4	0.2	0
BSU_35030	GO:0004519	4	0.2	0
BSU_08840	GO:0042907	4	0.2	0
BSU_05820	GO:0016740	4	0.2	0
BSU_39710	GO:0016020	4	0.2	1
BSU_38590	GO:0016740	4	0.2	0
BSU_35030	GO:0005515	4	0.2	0
BSU_08390	GO:0008460	4	0.2	0
BSU_06770	GO:0060187	4	0.2	0
BSU_38450	GO:0003690	4	0.2	0
BSU_12370	GO:0005515	4	0.2	0
BSU_14140	GO:0005515	4	0.2	0
BSU_02600	GO:0006631	4	0.2	0
BSU_03620	GO:0009231	4	0.2	0
BSU_09340	GO:0009231	4	0.2	0
BSU_05000	GO:0004521	4	0.2	0
BSU_36510	GO:0090729	4	0.2	0
BSU_17110	GO:0009231	4	0.2	0
BSU_09330	GO:0003690	4	0.2	0
BSU_31990	GO:0008270	4	0.2	0
BSU_01470	GO:0140359	4	0.2	0
BSU_28450	GO:0047533	4	0.2	0
BSU_09780	GO:0009307	4	0.2	0
BSU_14440	GO:0016787	4	0.2	0
BSU_33000	GO:0016020	4	0.2	0
BSU_34040	GO:0008270	4	0.2	0
BSU_16520	GO:0033014	4	0.2	0
BSU_16500	GO:0008270	4	0.2	0
BSU_16500	GO:0033014	4	0.2	0
BSU_37470	GO:0008270	4	0.2	0
BSU_37460	GO:0008270	4	0.2	0
BSU_37420	GO:0005886	4	0.2	0
BSU_25770	GO:0005886	4	0.2	0
BSU_28500	GO:0016853	4	0.2	0
BSU_15900	GO:0008270	4	0.2	0
BSU_16520	GO:0008270	4	0.2	0
BSU_30970	GO:0009307	4	0.2	0
BSU_33400	GO:0050661	4	0.2	0
BSU_01670	GO:0031160	4	0.2	0
BSU_37840	GO:0046872	4	0.2	1
BSU_35320	GO:0016787	4	0.2	0
BSU_40220	GO:0004519	4	0.2	0
BSU_07220	GO:0004519	4	0.2	0
BSU_28500	GO:0003677	4	0.2	0
BSU_14920	GO:0015833	4	0.2	0
BSU_14450	GO:0005886	4	0.2	0
BSU_39700	GO:0050661	4	0.2	0
BSU_00860	GO:0015833	4	0.2	0
BSU_28500	GO:0008270	4	0.2	0
BSU_22560	GO:0050661	4	0.2	0
BSU_07060	GO:0019556	4	0.2	0
BSU_14140	GO:0004519	4	0.2	0
BSU_23580	GO:0033014	4	0.2	0
BSU_27010	GO:0005737	4	0.2	0
BSU_38590	GO:0008270	4	0.2	0
BSU_13190	GO:0005886	4	0.2	0
BSU_34040	GO:0005737	4	0.2	0
BSU_00450	GO:0030435	4	0.2	1
BSU_27350	GO:0005886	4	0.2	0
BSU_28450	GO:0005737	4	0.2	0
BSU_16790	GO:0005886	4	0.2	0
BSU_38400	GO:0005886	4	0.2	0
BSU_25540	GO:0005886	4	0.2	0
BSU_21660	GO:0004519	4	0.2	0
BSU_27010	GO:0005737	4	0.2	0
BSU_02240	GO:0005886	4	0.2	0
BSU_15300	GO:0005886	4	0.2	0
BSU_08300	GO:0003690	4	0.2	0
BSU_19620	GO:0030420	4	0.2	0
BSU_12990	GO:0005886	4	0.2	0
BSU_09330	GO:0004519	4	0.2	0
BSU_34800	GO:0005886	4	0.2	0
BSU_27340	GO:0005886	4	0.2	0
BSU_24730	GO:0008360	4	0.2	0
BSU_30690	GO:0005737	4	0.2	0
BSU_28820	GO:0005886	4	0.2	0
BSU_29860	GO:0005886	4	0.2	0
BSU_13640	GO:0006631	4	0.2	0
BSU_38270	GO:0005737	4	0.2	0
BSU_40160	GO:0005737	4	0.2	0
BSU_14450	GO:0005886	4	0.2	0
BSU_37470	GO:0033014	4	0.2	0
BSU_23040	GO:0005737	4	0.2	0
BSU_34060	GO:0004519	4	0.2	0
BSU_40170	GO:0005737	4	0.2	0
BSU_19620	GO:0016020	4	0.2	0
BSU_11890	GO:0016787	4	0.2	0
BSU_29490	GO:0047533	4	0.2	0
BSU_32510	GO:0050661	4	0.2	0
BSU_02600	GO:0031160	4	0.2	0
BSU_36510	GO:0035873	4	0.2	0
BSU_04090	GO:0009307	4	0.2	0
BSU_22940	GO:0090729	4	0.2	0
BSU_12830	GO:0035873	4	0.2	0
BSU_15900	GO:0019464	4	0.2	0
BSU_13640	GO:0031160	4	0.2	0
BSU_12900	GO:0035873	4	0.2	0
BSU_35290	GO:0016836	4	0.2	0
BSU_09860	GO:0016757	4	0.2	0
BSU_27980	GO:0006631	4	0.2	0
BSU_28500	GO:0042802	4	0.2	0
BSU_10050	GO:0016757	4	0.2	0
BSU_08470	GO:0005886	4	0.2	0
BSU_27980	GO:0031160	4	0.2	0
BSU_07060	GO:0005886	4	0.2	0
BSU_22560	GO:0090729	4	0.2	0
BSU_27060	GO:0016740	4	0.2	0
BSU_23130	GO:0090729	4	0.2	0
BSU_31230	GO:0090729	4	0.2	0
BSU_35190	GO:0009231	4	0.2	0
BSU_05920	GO:0003677	4	0.2	0
BSU_17930	GO:0090729	4	0.2	0
BSU_14580	GO:0005886	4	0.2	0
BSU_23130	GO:0016020	4	0.2	0
BSU_03820	GO:0009307	4	0.2	0
BSU_22560	GO:0016020	4	0.2	0
BSU_22640	GO:0016836	4	0.2	0
BSU_34990	GO:0009231	4	0.2	0
BSU_30990	GO:0035873	4	0.2	0
BSU_17930	GO:0006631	4	0.2	0
BSU_04340	GO:0005886	4	0.2	0
BSU_14510	GO:0090729	4	0.2	0
BSU_14510	GO:0016020	4	0.2	0
BSU_17930	GO:0031160	4	0.2	0
BSU_38590	GO:0005886	4	0.2	0
BSU_28450	GO:0090729	4	0.2	0
BSU_02820	GO:0031160	4	0.2	0
BSU_10040	GO:0009307	4	0.2	0
BSU_21780	GO:0009307	4	0.2	0
BSU_07490	GO:0016887	4	0.2	1
BSU_29650	GO:0016757	4	0.2	0
BSU_31990	GO:0033014	4	0.2	0
BSU_35320	GO:0003677	4	0.2	0
BSU_09830	GO:0003677	4	0.2	0
BSU_28160	GO:0020037	4	0.2	1
BSU_07490	GO:0016020	4	0.2	0
BSU_14230	GO:0050661	4	0.2	0
BSU_04690	GO:0015833	4	0.2	0
BSU_05820	GO:0005886	4	0.2	0
BSU_33480	GO:0050661	4	0.2	0
BSU_30990	GO:0016020	4	0.2	0
BSU_01470	GO:0042907	4	0.2	0
BSU_07060	GO:0000049	4	0.2	0
BSU_23490	GO:0016787	4	0.2	0
BSU_28110	GO:0031160	4	0.2	0
BSU_22640	GO:0016787	4	0.2	0
BSU_24710	GO:0090729	4	0.2	0
BSU_10560	GO:0004519	4	0.2	0
BSU_12900	GO:0016020	4	0.2	0
BSU_17930	GO:0035873	4	0.2	0
BSU_16500	GO:0004657	4	0.2	0
BSU_16520	GO:0004657	4	0.2	0
BSU_02320	GO:0004519	4	0.2	0
BSU_35630	GO:0071555	4	0.2	1
BSU_18010	GO:0050661	4	0.2	0
BSU_35290	GO:0016787	4	0.2	0
BSU_14510	GO:0035873	4	0.2	0
BSU_08840	GO:0060187	4	0.2	0
BSU_03620	GO:0004519	4	0.2	0
BSU_30280	GO:0005524	4	0.2	0
BSU_29490	GO:0016407	4	0.2	0
BSU_24060	GO:0006221	4	0.2	0
BSU_16500	GO:0004312	4	0.2	0
BSU_16520	GO:0004312	4	0.2	0
BSU_30970	GO:0022857	4	0.2	0
BSU_14510	GO:0016020	4	0.2	0
BSU_27320	GO:0016407	4	0.2	0
BSU_16520	GO:0016853	4	0.2	0
BSU_30990	GO:0016020	4	0.2	0
BSU_14230	GO:0006508	4	0.2	0
BSU_10340	GO:0004252	4	0.2	0
BSU_04100	GO:0004519	4	0.2	0
BSU_06839	GO:0006508	4	0.2	0
BSU_03820	GO:0022857	4	0.2	0
BSU_12990	GO:0016740	4	0.2	0
BSU_12900	GO:0016020	4	0.2	0
BSU_31570	GO:0042907	4	0.2	0
BSU_22640	GO:0004521	4	0.2	0
BSU_35600	GO:0016740	4	0.2	0
BSU_09780	GO:0005886	4	0.2	0
BSU_12830	GO:0006813	4	0.2	0
BSU_40870	GO:0004519	4	0.2	0
BSU_01650	GO:0016740	4	0.2	0
BSU_35630	GO:0016740	4	0.2	0
BSU_11890	GO:0016836	4	0.2	0
BSU_05820	GO:0004312	4	0.2	0
BSU_14440	GO:0016836	4	0.2	0
BSU_14510	GO:0016798	4	0.2	0
BSU_38590	GO:0004312	4	0.2	0
BSU_08840	GO:0006813	4	0.2	0
BSU_07490	GO:0016020	4	0.2	0
BSU_31990	GO:0008033	4	0.2	0
BSU_35560	GO:0016740	4	0.2	0
BSU_23130	GO:0016020	4	0.2	0
BSU_05490	GO:0004252	4	0.2	0
BSU_08390	GO:0006508	4	0.2	0
BSU_13470	GO:0004519	4	0.2	0
BSU_40190	GO:0016051	4	0.2	1
BSU_33510	GO:0006508	4	0.2	0
BSU_08470	GO:0016740	4	0.2	0
BSU_02370	GO:0003690	4	0.2	0
BSU_08370	GO:0004519	4	0.2	0
BSU_33480	GO:0015700	4	0.2	0
BSU_30280	GO:0005737	4	0.2	0
BSU_05640	GO:0004519	4	0.2	0
BSU_30290	GO:0005737	4	0.2	0
BSU_14450	GO:0016757	4	0.2	0
BSU_37650	GO:0004519	4	0.2	0
BSU_34040	GO:0019516	4	0.2	1
BSU_04690	GO:0006221	4	0.2	0
BSU_19570	GO:0004425	4	0.2	0
BSU_05920	GO:0016740	4	0.2	0
BSU_07820	GO:0004519	4	0.2	0
BSU_37460	GO:0004425	4	0.2	0
BSU_24710	GO:0016020	4	0.2	0
BSU_05420	GO:0016740	4	0.2	0
BSU_40870	GO:0003677	4	0.2	1
BSU_00450	GO:0004519	4	0.2	0
BSU_12370	GO:0005737	4	0.2	0
BSU_15900	GO:0004312	4	0.2	0
BSU_06640	GO:0016757	4	0.2	0
BSU_04090	GO:0022857	4	0.2	0
BSU_16500	GO:0003723	4	0.2	0
BSU_16520	GO:0003723	4	0.2	0
BSU_23490	GO:0004521	4	0.2	0
BSU_22560	GO:0016020	4	0.2	0
BSU_17110	GO:0004252	4	0.2	0
BSU_17160	GO:0004252	4	0.2	0
BSU_33000	GO:0016020	4	0.2	0
BSU_34800	GO:0016740	4	0.2	0
BSU_33480	GO:0055085	4	0.2	0
BSU_05820	GO:0005886	4	0.2	0
BSU_37460	GO:0006281	4	0.2	0
BSU_27060	GO:0071555	4	0.2	0
BSU_22940	GO:0006813	4	0.2	0
BSU_32560	GO:0003690	4	0.2	0
BSU_16520	GO:0006556	4	0.2	0
BSU_14920	GO:0006526	4	0.2	0
BSU_27340	GO:0016740	4	0.2	0
BSU_28450	GO:0006813	4	0.2	0
BSU_14920	GO:0033554	4	0.2	0
BSU_08390	GO:0016747	4	0.2	0
BSU_14450	GO:0005886	4	0.2	0
BSU_07060	GO:0006526	4	0.2	0
BSU_31990	GO:0016407	4	0.2	0
BSU_34040	GO:0016407	4	0.2	0
BSU_00540	GO:0004252	4	0.2	0
BSU_10340	GO:0016740	4	0.2	0
BSU_28500	GO:0006556	4	0.2	0
BSU_37470	GO:0016407	4	0.2	0
BSU_38590	GO:0005886	4	0.2	0
BSU_07060	GO:0033554	4	0.2	0
BSU_05820	GO:0071555	4	0.2	0
BSU_15470	GO:0008033	4	0.2	0
BSU_37460	GO:0016407	4	0.2	0
BSU_34060	GO:0005886	4	0.2	0
BSU_05820	GO:0033554	4	0.2	0
BSU_30370	GO:0006813	4	0.2	0
BSU_15900	GO:0006556	4	0.2	0
BSU_05420	GO:0016836	4	0.2	0
BSU_16500	GO:0006556	4	0.2	0
BSU_35950	GO:0042907	4	0.2	0
BSU_07060	GO:0006281	4	0.2	0
BSU_27060	GO:0051539	4	0.2	0
BSU_10240	GO:0016747	4	0.2	0
BSU_33800	GO:0042907	4	0.2	0
BSU_04690	GO:0006526	4	0.2	0
BSU_19620	GO:0016020	4	0.2	0
BSU_14580	GO:0006526	4	0.2	0
BSU_09860	GO:0030420	4	0.2	0
BSU_08470	GO:0016836	4	0.2	0
BSU_35560	GO:0050845	4	0.2	1
BSU_09750	GO:0003690	4	0.2	1
BSU_35290	GO:0004521	4	0.2	0
BSU_37550	GO:0004519	4	0.2	0
BSU_29570	GO:0004519	4	0.2	0
BSU_35190	GO:0022857	4	0.2	0
BSU_07350	GO:0016407	4	0.2	0
BSU_36510	GO:0006813	4	0.2	0
BSU_33620	GO:0005886	4	0.2	0
BSU_16980	GO:0016740	4	0.2	0
BSU_05930	GO:0004252	4	0.2	0
BSU_30490	GO:0016747	4	0.2	0
BSU_30510	GO:0005886	4	0.2	0
BSU_23130	GO:0016020	4	0.2	0
BSU_00430	GO:0005886	4	0.2	0
BSU_15900	GO:0016740	4	0.2	0
BSU_33000	GO:0005886	4	0.2	1
BSU_33510	GO:0004521	4	0.2	0
BSU_00860	GO:0006526	4	0.2	0
BSU_30280	GO:0033554	4	0.2	0
BSU_33700	GO:0042907	4	0.2	0
BSU_30290	GO:0033554	4	0.2	0
BSU_33400	GO:0016407	4	0.2	0
BSU_39340	GO:0003723	4	0.2	1
BSU_29300	GO:0022857	4	0.2	0
BSU_31230	GO:0006813	4	0.2	0
BSU_05920	GO:0016836	4	0.2	0
BSU_40010	GO:0016740	4	0.2	0
BSU_30990	GO:0005886	4	0.2	1
BSU_12870	GO:0004425	4	0.2	0
BSU_31620	GO:0016020	4	0.2	0
BSU_04050	GO:0071555	4	0.2	0
BSU_40050	GO:0003690	4	0.2	0
BSU_29010	GO:0004521	4	0.2	0
BSU_14580	GO:0005737	4	0.2	0
BSU_37740	GO:0004425	4	0.2	0
BSU_29010	GO:0004425	4	0.2	0
BSU_13190	GO:0016757	4	0.2	0
BSU_08840	GO:0015700	4	0.2	0
BSU_22680	GO:0004425	4	0.2	0
BSU_10840	GO:0006355	4	0.2	1
BSU_22980	GO:0071555	4	0.2	0
BSU_32870	GO:0003690	4	0.2	0
BSU_40040	GO:0071555	4	0.2	0
BSU_22110	GO:0071555	4	0.2	0
BSU_09780	GO:0071555	4	0.2	0
BSU_16790	GO:0016757	4	0.2	0
BSU_30990	GO:0015700	4	0.2	0
BSU_16810	GO:0004519	4	0.2	0
BSU_38270	GO:0055085	4	0.2	0
BSU_08470	GO:0004425	4	0.2	0
BSU_37460	GO:0016765	4	0.2	0
BSU_35320	GO:0006508	4	0.2	0
BSU_14510	GO:0015700	4	0.2	0
BSU_38310	GO:0004519	4	0.2	0
BSU_34990	GO:0055085	4	0.2	0
BSU_36510	GO:0015700	4	0.2	0
BSU_22640	GO:0004425	4	0.2	0
BSU_38590	GO:0016765	4	0.2	0
BSU_04340	GO:0004425	4	0.2	0
BSU_05820	GO:0016765	4	0.2	0
BSU_13670	GO:0003690	4	0.2	0
BSU_12830	GO:0015700	4	0.2	0
BSU_31620	GO:0035873	4	0.2	0
BSU_15900	GO:0005737	4	0.2	0
BSU_11890	GO:0004521	4	0.2	0
BSU_21780	GO:0071555	4	0.2	0
BSU_40840	GO:0015700	4	0.2	0
BSU_12220	GO:0071555	4	0.2	0
BSU_05720	GO:0071555	4	0.2	0
BSU_11890	GO:0006508	4	0.2	0
BSU_33000	GO:0035873	4	0.2	0
BSU_27060	GO:0016765	4	0.2	0
BSU_05820	GO:0042802	4	0.2	0
BSU_21450	GO:0071555	4	0.2	0
BSU_10040	GO:0071555	4	0.2	0
BSU_21450	GO:0004521	4	0.2	0
BSU_21480	GO:0004521	4	0.2	0
BSU_23490	GO:0071555	4	0.2	0
BSU_14510	GO:0060187	4	0.2	0
BSU_36510	GO:0060187	4	0.2	0
BSU_12830	GO:0060187	4	0.2	0
BSU_29930	GO:0071555	4	0.2	0
BSU_35050	GO:0004519	4	0.2	0
BSU_16980	GO:0071555	4	0.2	0
BSU_25330	GO:0005886	4	0.2	1
BSU_40840	GO:0004521	4	0.2	0
BSU_16500	GO:0016740	4	0.2	0
BSU_06770	GO:0071555	4	0.2	0
BSU_19950	GO:0004519	4	0.2	0
BSU_32770	GO:0045454	4	0.2	1
BSU_16520	GO:0016740	4	0.2	0
BSU_15470	GO:0003723	4	0.2	1
BSU_35190	GO:0071555	4	0.2	0
BSU_30970	GO:0071555	4	0.2	0
BSU_04090	GO:0071555	4	0.2	0
BSU_19620	GO:0035873	4	0.2	0
BSU_04340	GO:0004521	4	0.2	0
BSU_14440	GO:0006508	4	0.2	0
BSU_36110	GO:0003690	4	0.2	0
BSU_14580	GO:0051726	4	0.2	0
BSU_15900	GO:0051726	4	0.2	0
BSU_18220	GO:0004425	4	0.2	0
BSU_35320	GO:0016836	4	0.2	0
BSU_30410	GO:0042907	4	0.2	0
BSU_23490	GO:0016740	4	0.2	0
BSU_40160	GO:0016020	4	0.2	0
BSU_34990	GO:0016020	4	0.2	0
BSU_30370	GO:0015700	4	0.2	0
BSU_32940	GO:0016020	4	0.2	0
BSU_03820	GO:0016020	4	0.2	0
BSU_37890	GO:0004425	4	0.2	0
BSU_28450	GO:0015700	4	0.2	0
BSU_28820	GO:0016757	4	0.2	0
BSU_18310	GO:0004425	4	0.2	0
BSU_22640	GO:0016740	4	0.2	0
BSU_03830	GO:0016020	4	0.2	0
BSU_14440	GO:0016740	4	0.2	0
BSU_29860	GO:0016757	4	0.2	0
BSU_34230	GO:0004425	4	0.2	0
BSU_14920	GO:0005737	4	0.2	0
BSU_27350	GO:0016757	4	0.2	0
BSU_32940	GO:0016020	4	0.2	0
BSU_03830	GO:0016020	4	0.2	0
BSU_03820	GO:0016020	4	0.2	0
BSU_39610	GO:0016020	4	0.2	0
BSU_33320	GO:0016020	4	0.2	0
BSU_40160	GO:0016020	4	0.2	0
BSU_05490	GO:0004425	4	0.2	0
BSU_11890	GO:0016740	4	0.2	0
BSU_21780	GO:0022857	4	0.2	0
BSU_00860	GO:0006221	4	0.2	0
BSU_10040	GO:0022857	4	0.2	0
BSU_31570	GO:0015700	4	0.2	0
BSU_38590	GO:0003723	4	0.2	0
BSU_35320	GO:0004521	4	0.2	0
BSU_26720	GO:0004519	4	0.2	0
BSU_37420	GO:0006221	4	0.2	0
BSU_16500	GO:0016765	4	0.2	0
BSU_40170	GO:0004425	4	0.2	0
BSU_00210	GO:0006221	4	0.2	0
BSU_05420	GO:0004521	4	0.2	0
BSU_06839	GO:0016740	4	0.2	0
BSU_22640	GO:0006508	4	0.2	0
BSU_14230	GO:0016740	4	0.2	0
BSU_14440	GO:0004521	4	0.2	0
BSU_35190	GO:0004425	4	0.2	0
BSU_23490	GO:0006508	4	0.2	0
BSU_23580	GO:0016765	4	0.2	0
BSU_02820	GO:0016765	4	0.2	0
BSU_31620	GO:0016020	4	0.2	0
BSU_31230	GO:0015700	4	0.2	0
BSU_16520	GO:0016765	4	0.2	0
BSU_08390	GO:0016740	4	0.2	0
BSU_23130	GO:0015700	4	0.2	0
BSU_05920	GO:0004521	4	0.2	0
BSU_35290	GO:0006508	4	0.2	0
BSU_09780	GO:0004425	4	0.2	0
BSU_08470	GO:0004521	4	0.2	0
BSU_10340	GO:0004425	4	0.2	0
BSU_22560	GO:0015700	4	0.2	0
BSU_33510	GO:0016740	4	0.2	0
BSU_22940	GO:0015700	4	0.2	0
BSU_05820	GO:0003723	4	0.2	0
BSU_33320	GO:0016020	4	0.2	0
BSU_17160	GO:0004425	4	0.2	0
BSU_35290	GO:0016740	4	0.2	0
BSU_39610	GO:0016020	4	0.2	0
BSU_07060	GO:0005737	4	0.2	0
BSU_08300	GO:0004519	4	0.2	0
BSU_02820	GO:0033014	4	0.2	0
BSU_30290	GO:0005524	4	0.2	0
BSU_21480	GO:0005886	4	0.2	0
BSU_01090	GO:0005737	4	0.2	1
BSU_21660	GO:0003700	4	0.2	0
BSU_05820	GO:0016020	4	0.2	0
BSU_07060	GO:0009097	4	0.2	0
BSU_37420	GO:0009097	4	0.2	0
BSU_07490	GO:0006525	4	0.2	0
BSU_36110	GO:0003700	4	0.2	0
BSU_04050	GO:0005886	4	0.2	0
BSU_29300	GO:0032508	4	0.2	0
BSU_35950	GO:0140359	4	0.2	0
BSU_34670	GO:0016705	4	0.2	0
BSU_35810	GO:0140359	4	0.2	0
BSU_26720	GO:0003700	4	0.2	0
BSU_30690	GO:0016705	4	0.2	0
BSU_00210	GO:0051287	4	0.2	0
BSU_27320	GO:0003700	4	0.2	0
BSU_08470	GO:0016798	4	0.2	0
BSU_33800	GO:0140359	4	0.2	0
BSU_27010	GO:0016705	4	0.2	0
BSU_21450	GO:0005886	4	0.2	0
BSU_01470	GO:0097588	4	0.2	0
BSU_04340	GO:0005886	4	0.2	0
BSU_18310	GO:0030170	4	0.2	0
BSU_33700	GO:0140359	4	0.2	0
BSU_01670	GO:0005886	4	0.2	0
BSU_05820	GO:0009314	4	0.2	0
BSU_08470	GO:0005886	4	0.2	0
BSU_24060	GO:0051287	4	0.2	0
BSU_16520	GO:0003700	4	0.2	0
BSU_08840	GO:0006525	4	0.2	0
BSU_26890	GO:0016977	4	0.2	1
BSU_19210	GO:0005886	4	0.2	0
BSU_27980	GO:0005886	4	0.2	0
BSU_40160	GO:0016051	4	0.2	0
BSU_37460	GO:0046940	4	0.2	0
BSU_22640	GO:0008652	4	0.2	0
BSU_14450	GO:0005737	4	0.2	0
BSU_04050	GO:0003677	4	0.2	0
BSU_30280	GO:0097588	4	0.2	0
BSU_08390	GO:0016705	4	0.2	0
BSU_34800	GO:0005886	4	0.2	0
BSU_39740	GO:0003677	4	0.2	0
BSU_22560	GO:0016020	4	0.2	0
BSU_28110	GO:0046940	4	0.2	0
BSU_30290	GO:0097588	4	0.2	0
BSU_24730	GO:0097588	4	0.2	0
BSU_09330	GO:0003700	4	0.2	0
BSU_35950	GO:0016051	4	0.2	0
BSU_31322	GO:0006813	4	0.2	1
BSU_38590	GO:0016020	4	0.2	0
BSU_04340	GO:0005737	4	0.2	0
BSU_14920	GO:0097588	4	0.2	0
BSU_22680	GO:0005737	4	0.2	0
BSU_22680	GO:0008652	4	0.2	0
BSU_39300	GO:0005886	4	0.2	0
BSU_40840	GO:0006525	4	0.2	0
BSU_38270	GO:0016705	4	0.2	0
BSU_14440	GO:0016798	4	0.2	0
BSU_27980	GO:0046940	4	0.2	0
BSU_29930	GO:0005886	4	0.2	0
BSU_09750	GO:0003700	4	0.2	0
BSU_05000	GO:0003677	4	0.2	0
BSU_11890	GO:0016798	4	0.2	0
BSU_33510	GO:0016705	4	0.2	0
BSU_16500	GO:0003700	4	0.2	0
BSU_40840	GO:0006508	4	0.2	0
BSU_37470	GO:0046940	4	0.2	0
BSU_23580	GO:0009314	4	0.2	0
BSU_37460	GO:0009314	4	0.2	0
BSU_19000	GO:0016042	4	0.2	0
BSU_19620	GO:0016020	4	0.2	0
BSU_25860	GO:0016042	4	0.2	0
BSU_23580	GO:0016798	4	0.2	0
BSU_34800	GO:0016042	4	0.2	0
BSU_40170	GO:0030170	4	0.2	0
BSU_37470	GO:0009314	4	0.2	0
BSU_34530	GO:0003677	4	0.2	0
BSU_06839	GO:0016042	4	0.2	0
BSU_39300	GO:0016042	4	0.2	0
BSU_10240	GO:0003677	4	0.2	0
BSU_33000	GO:0016020	4	0.2	0
BSU_02820	GO:0009314	4	0.2	0
BSU_21580	GO:0016042	4	0.2	0
BSU_34990	GO:0016020	4	0.2	0
BSU_01650	GO:0003677	4	0.2	0
BSU_01650	GO:0016042	4	0.2	0
BSU_04340	GO:0016705	4	0.2	0
BSU_07490	GO:0016020	4	0.2	0
BSU_35190	GO:0030170	4	0.2	0
BSU_35630	GO:0016042	4	0.2	0
BSU_12900	GO:0006525	4	0.2	0
BSU_05420	GO:0004519	4	0.2	0
BSU_01470	GO:0006508	4	0.2	0
BSU_21480	GO:0016042	4	0.2	0
BSU_22940	GO:0016798	4	0.2	0
BSU_00860	GO:0030435	4	0.2	0
BSU_30990	GO:0016020	4	0.2	0
BSU_12900	GO:0016020	4	0.2	0
BSU_13640	GO:0005886	4	0.2	0
BSU_40010	GO:0005886	4	0.2	0
BSU_14450	GO:0005886	4	0.2	0
BSU_05420	GO:0016798	4	0.2	0
BSU_23580	GO:0003700	4	0.2	0
BSU_02820	GO:0003700	4	0.2	0
BSU_04690	GO:0051287	4	0.2	0
BSU_37420	GO:0006508	4	0.2	1
BSU_02600	GO:0005886	4	0.2	0
BSU_38590	GO:0046940	4	0.2	0
BSU_17160	GO:0030170	4	0.2	0
BSU_05920	GO:0016798	4	0.2	0
BSU_10340	GO:0030170	4	0.2	0
BSU_38590	GO:0009314	4	0.2	0
BSU_30410	GO:0140359	4	0.2	0
BSU_33510	GO:0005886	4	0.2	0
BSU_05820	GO:0046940	4	0.2	0
BSU_30280	GO:0140359	4	0.2	0
BSU_30290	GO:0140359	4	0.2	0
BSU_27340	GO:0005886	4	0.2	0
BSU_09780	GO:0030170	4	0.2	0
BSU_37470	GO:0003700	4	0.2	0
BSU_00860	GO:0051287	4	0.2	0
BSU_37460	GO:0003700	4	0.2	0
BSU_14450	GO:0016705	4	0.2	0
BSU_37460	GO:0016798	4	0.2	0
BSU_30990	GO:0006525	4	0.2	0
BSU_37470	GO:0016042	4	0.2	0
BSU_37470	GO:0016798	4	0.2	0
BSU_30280	GO:0055085	4	0.2	1
BSU_02820	GO:0016798	4	0.2	0
BSU_08390	GO:0003677	4	0.2	0
BSU_27170	GO:0005886	4	0.2	0
BSU_15350	GO:0003677	4	0.2	0
BSU_08300	GO:0003700	4	0.2	0
BSU_02820	GO:0046940	4	0.2	0
BSU_38400	GO:0016042	4	0.2	0
BSU_09330	GO:0051537	4	0.2	0
BSU_13730	GO:0005737	4	0.2	0
BSU_14230	GO:0051537	4	0.2	0
BSU_34990	GO:0030170	4	0.2	0
BSU_07490	GO:0006465	4	0.2	0
BSU_10980	GO:0055085	4	0.2	1
BSU_14920	GO:0015293	4	0.2	0
BSU_39720	GO:0008652	4	0.2	0
BSU_29400	GO:0005737	4	0.2	0
BSU_04430	GO:0005737	4	0.2	0
BSU_08300	GO:0051537	4	0.2	0
BSU_24730	GO:0016020	4	0.2	0
BSU_08840	GO:0006465	4	0.2	0
BSU_12370	GO:0005737	4	0.2	0
BSU_05150	GO:0043565	4	0.2	1
BSU_32510	GO:0016616	4	0.2	0
BSU_14510	GO:0016020	4	0.2	0
BSU_02370	GO:0003677	4	0.2	1
BSU_30990	GO:0006465	4	0.2	0
BSU_35290	GO:0016798	4	0.2	0
BSU_13730	GO:0016705	4	0.2	0
BSU_22640	GO:0016798	4	0.2	0
BSU_31060	GO:0005737	4	0.2	0
BSU_23490	GO:0016798	4	0.2	0
BSU_31050	GO:0005737	4	0.2	0
BSU_34060	GO:0051537	4	0.2	0
BSU_37840	GO:0005737	4	0.2	0
BSU_00540	GO:0051537	4	0.2	0
BSU_01470	GO:0006525	4	0.2	0
BSU_12830	GO:0006465	4	0.2	0
BSU_12900	GO:0006465	4	0.2	0
BSU_06839	GO:0051537	4	0.2	0
BSU_19620	GO:0006525	4	0.2	0
BSU_29300	GO:0008531	4	0.2	1
BSU_00210	GO:0015293	4	0.2	0
BSU_30990	GO:0016020	4	0.2	0
BSU_28450	GO:0005737	4	0.2	0
BSU_30690	GO:0005737	4	0.2	0
BSU_16520	GO:0016616	4	0.2	0
BSU_34670	GO:0005737	4	0.2	0
BSU_04340	GO:0016787	4	0.2	0
BSU_10040	GO:0005737	4	0.2	0
BSU_37420	GO:0015293	4	0.2	0
BSU_33510	GO:0051537	4	0.2	0
BSU_33000	GO:0006465	4	0.2	0
BSU_09830	GO:0000287	4	0.2	1
BSU_38270	GO:0005737	4	0.2	0
BSU_23410	GO:0004145	4	0.2	0
BSU_40170	GO:0005737	4	0.2	0
BSU_05930	GO:0004145	4	0.2	0
BSU_05490	GO:0016705	4	0.2	0
BSU_15350	GO:0005737	4	0.2	0
BSU_28500	GO:0008973	4	0.2	0
BSU_10240	GO:0005737	4	0.2	0
BSU_35190	GO:0003677	4	0.2	0
BSU_30970	GO:0003677	4	0.2	0
BSU_17930	GO:0006508	4	0.2	0
BSU_25770	GO:0005737	4	0.2	0
BSU_29860	GO:0005737	4	0.2	0
BSU_28820	GO:0005737	4	0.2	0
BSU_04430	GO:0016705	4	0.2	0
BSU_08390	GO:0051537	4	0.2	0
BSU_40840	GO:0006465	4	0.2	0
BSU_04090	GO:0003677	4	0.2	0
BSU_07490	GO:0032508	4	0.2	0
BSU_36510	GO:0006465	4	0.2	0
BSU_14510	GO:0006465	4	0.2	0
BSU_33080	GO:0003700	4	0.2	0
BSU_30690	GO:0005737	4	0.2	0
BSU_23040	GO:0005737	4	0.2	0
BSU_35190	GO:0030435	4	0.2	0
BSU_35320	GO:0016798	4	0.2	0
BSU_13640	GO:0016051	4	0.2	0
BSU_40160	GO:0005737	4	0.2	0
BSU_33000	GO:0006525	4	0.2	0
BSU_38270	GO:0005737	4	0.2	0
BSU_22980	GO:0003677	4	0.2	0
BSU_22480	GO:0008652	4	0.2	0
BSU_11890	GO:0004145	4	0.2	0
BSU_10240	GO:0016705	4	0.2	0
BSU_34670	GO:0008652	4	0.2	0
BSU_30690	GO:0008652	4	0.2	0
BSU_34670	GO:0005737	4	0.2	0
BSU_34040	GO:0005737	4	0.2	0
BSU_40170	GO:0005737	4	0.2	0
BSU_25770	GO:0016020	4	0.2	0
BSU_28450	GO:0005737	4	0.2	0
BSU_27010	GO:0005737	4	0.2	0
BSU_24730	GO:0016020	4	0.2	0
BSU_22560	GO:0005737	4	0.2	0
BSU_27060	GO:0016020	4	0.2	0
BSU_15350	GO:0016705	4	0.2	0
BSU_28250	GO:0008652	4	0.2	0
BSU_35030	GO:0045892	4	0.2	1
BSU_39000	GO:0035429	4	0.2	1
BSU_06770	GO:0030435	4	0.2	0
BSU_24710	GO:0016798	4	0.2	0
BSU_10520	GO:0016020	4	0.2	1
BSU_37420	GO:0016020	4	0.2	0
BSU_40040	GO:0003677	4	0.2	0
BSU_13730	GO:0008652	4	0.2	0
BSU_34060	GO:0005886	4	0.2	0
BSU_22560	GO:0006465	4	0.2	0
BSU_30850	GO:0005886	4	0.2	0
BSU_18220	GO:0030170	4	0.2	0
BSU_17930	GO:0006465	4	0.2	0
BSU_01670	GO:0016051	4	0.2	0
BSU_28820	GO:0016705	4	0.2	0
BSU_27060	GO:0044205	4	0.2	0
BSU_02600	GO:0016051	4	0.2	0
BSU_35320	GO:0005886	4	0.2	0
BSU_10040	GO:0003677	4	0.2	0
BSU_21780	GO:0003677	4	0.2	0
BSU_31230	GO:0006465	4	0.2	0
BSU_04690	GO:0015293	4	0.2	0
BSU_23580	GO:0016051	4	0.2	0
BSU_23130	GO:0006465	4	0.2	0
BSU_18220	GO:0008652	4	0.2	0
BSU_15350	GO:0005737	4	0.2	0
BSU_29860	GO:0016705	4	0.2	0
BSU_09830	GO:0016051	4	0.2	0
BSU_13730	GO:0005737	4	0.2	0
BSU_09780	GO:0003677	4	0.2	0
BSU_37740	GO:0008652	4	0.2	0
BSU_28820	GO:0005737	4	0.2	0
BSU_29860	GO:0005737	4	0.2	0
BSU_17160	GO:0008652	4	0.2	0
BSU_10240	GO:0005737	4	0.2	0
BSU_22110	GO:0003677	4	0.2	0
BSU_05420	GO:0003700	4	0.2	0
BSU_03820	GO:0030435	4	0.2	0
BSU_23130	GO:0016020	4	0.2	0
BSU_30970	GO:0030435	4	0.2	0
BSU_14510	GO:0016020	4	0.2	0
BSU_24720	GO:0140359	4	0.2	0
BSU_14440	GO:0003677	4	0.2	0
BSU_37470	GO:0003677	4	0.2	0
BSU_28900	GO:0003677	4	0.2	0
BSU_13640	GO:0005886	4	0.2	0
BSU_27170	GO:0004519	4	0.2	0
BSU_21680	GO:0047533	4	0.2	0
BSU_23490	GO:0003677	4	0.2	0
BSU_14510	GO:0030420	4	0.2	0
BSU_22640	GO:0003677	4	0.2	0
BSU_35290	GO:0003677	4	0.2	0
BSU_05920	GO:0032993	4	0.2	0
BSU_02330	GO:0047533	4	0.2	0
BSU_05420	GO:0032993	4	0.2	0
BSU_27320	GO:0004519	4	0.2	0
BSU_29630	GO:0003690	4	0.2	0
BSU_34670	GO:0008270	4	0.2	1
BSU_12360	GO:0003677	4	0.2	0
BSU_37460	GO:0032993	4	0.2	0
BSU_02820	GO:0016787	4	0.2	0
BSU_37470	GO:0032993	4	0.2	0
BSU_39610	GO:0016020	4	0.2	0
BSU_12900	GO:0030420	4	0.2	0
BSU_18010	GO:0047533	4	0.2	0
BSU_09340	GO:0047533	4	0.2	0
BSU_30990	GO:0030420	4	0.2	0
BSU_40010	GO:0005886	4	0.2	0
BSU_37470	GO:0016787	4	0.2	0
BSU_37460	GO:0016787	4	0.2	0
BSU_33510	GO:0003677	4	0.2	0
BSU_35090	GO:0003677	4	0.2	0
BSU_08840	GO:0030420	4	0.2	0
BSU_14580	GO:0019464	4	0.2	0
BSU_14230	GO:0047533	4	0.2	0
BSU_17930	GO:0030420	4	0.2	0
BSU_33320	GO:0016020	4	0.2	0
BSU_09750	GO:0004519	4	0.2	0
BSU_22560	GO:0030420	4	0.2	0
BSU_14440	GO:0047533	4	0.2	0
BSU_27060	GO:0032993	4	0.2	0
BSU_31230	GO:0016798	4	0.2	0
BSU_05920	GO:0003677	4	0.2	0
BSU_28500	GO:0005886	4	0.2	0
BSU_16520	GO:0005524	4	0.2	0
BSU_08470	GO:0003677	4	0.2	0
BSU_33400	GO:0005886	4	0.2	0
BSU_16500	GO:0005524	4	0.2	0
BSU_16790	GO:0006508	4	0.2	1
BSU_23130	GO:0030420	4	0.2	0
BSU_18560	GO:0047533	4	0.2	0
BSU_35320	GO:0003677	4	0.2	0
BSU_15900	GO:0005524	4	0.2	0
BSU_40010	GO:0004519	4	0.2	0
BSU_30690	GO:0016787	4	0.2	0
BSU_23490	GO:0003677	4	0.2	0
BSU_14580	GO:0005524	4	0.2	0
BSU_34670	GO:0016787	4	0.2	0
BSU_39700	GO:0003677	4	0.2	0
BSU_27010	GO:0047533	4	0.2	0
BSU_11890	GO:0003677	4	0.2	0
BSU_24710	GO:0030420	4	0.2	1
BSU_39700	GO:0047533	4	0.2	0
BSU_33510	GO:0016836	4	0.2	0
BSU_33480	GO:0047533	4	0.2	0
BSU_02820	GO:0032993	4	0.2	0
BSU_35910	GO:0003690	4	0.2	0
BSU_23580	GO:0032993	4	0.2	0
BSU_25770	GO:0097588	4	0.2	0
BSU_29630	GO:0004519	4	0.2	0
BSU_34670	GO:0005886	4	0.2	0
BSU_30690	GO:0005886	4	0.2	0
BSU_34040	GO:0005886	4	0.2	0
BSU_35910	GO:0004519	4	0.2	0
BSU_00540	GO:0003677	4	0.2	0
BSU_27010	GO:0005886	4	0.2	0
BSU_33510	GO:0005886	4	0.2	0
BSU_22680	GO:0005737	4	0.2	0
BSU_05930	GO:0003677	4	0.2	0
BSU_33000	GO:0030420	4	0.2	0
BSU_29300	GO:0008360	4	0.2	0
BSU_04340	GO:0005737	4	0.2	0
BSU_10340	GO:0003677	4	0.2	0
BSU_05920	GO:0016787	4	0.2	0
BSU_04340	GO:0005886	4	0.2	0
BSU_27060	GO:0005524	4	0.2	0
BSU_22980	GO:0009307	4	0.2	0
BSU_40160	GO:0016020	4	0.2	0
BSU_37460	GO:0005886	4	0.2	0
BSU_33790	GO:0004519	4	0.2	0
BSU_14920	GO:0005524	4	0.2	0
BSU_40040	GO:0009307	4	0.2	0
BSU_08470	GO:0016787	4	0.2	0
BSU_01470	GO:0030420	4	0.2	0
BSU_22680	GO:0005886	4	0.2	0
BSU_22110	GO:0009307	4	0.2	0
BSU_22560	GO:0005737	4	0.2	0
BSU_33510	GO:0005886	4	0.2	0
BSU_40840	GO:0030420	4	0.2	0
BSU_22110	GO:0003677	4	0.2	0
BSU_07490	GO:0030420	4	0.2	0
BSU_31060	GO:0047533	4	0.2	0
BSU_27340	GO:0005886	4	0.2	0
BSU_18010	GO:0003677	4	0.2	0
BSU_31050	GO:0047533	4	0.2	0
BSU_38970	GO:0047533	4	0.2	0
BSU_27760	GO:0003677	4	0.2	0
BSU_39000	GO:0003677	4	0.2	0
BSU_16500	GO:0032993	4	0.2	0
BSU_16520	GO:0032993	4	0.2	0
BSU_03820	GO:0016020	4	0.2	0
BSU_38970	GO:0003677	4	0.2	0
BSU_34380	GO:0004519	4	0.2	0
BSU_07060	GO:0005524	4	0.2	0
BSU_05420	GO:0016787	4	0.2	0
BSU_14230	GO:0003677	4	0.2	0
BSU_37460	GO:0000049	4	0.2	0
BSU_04520	GO:0047533	4	0.2	0
BSU_32130	GO:0047533	4	0.2	0
BSU_38590	GO:0005524	4	0.2	0
BSU_39740	GO:0009307	4	0.2	0
BSU_04050	GO:0009307	4	0.2	0
BSU_08390	GO:0003677	4	0.2	0
BSU_03830	GO:0016020	4	0.2	0
BSU_07830	GO:0047533	4	0.2	0
BSU_05820	GO:0005524	4	0.2	0
BSU_06839	GO:0003677	4	0.2	0
BSU_23040	GO:0005886	4	0.2	0
BSU_38270	GO:0016020	4	0.2	0
BSU_38590	GO:0000049	4	0.2	0
BSU_08470	GO:0046872	4	0.2	0
BSU_30410	GO:0003723	4	0.2	0
BSU_22560	GO:0016798	4	0.2	0
BSU_40010	GO:0003690	4	0.2	0
BSU_31620	GO:0016020	4	0.2	0
BSU_22940	GO:0016020	4	0.2	0
BSU_04090	GO:0016042	4	0.2	0
BSU_08840	GO:0003723	4	0.2	0
BSU_07350	GO:0047533	4	0.2	0
BSU_22560	GO:0016020	4	0.2	0
BSU_23130	GO:0016020	4	0.2	0
BSU_29490	GO:0003677	4	0.2	0
BSU_08390	GO:0016042	4	0.2	0
BSU_33480	GO:0016020	4	0.2	0
BSU_19210	GO:0016798	4	0.2	0
BSU_33320	GO:0016020	4	0.2	0
BSU_10340	GO:0003677	4	0.2	0
BSU_01670	GO:0016042	4	0.2	0
BSU_15350	GO:0016042	4	0.2	0
BSU_10240	GO:0016042	4	0.2	0
BSU_08470	GO:0030170	4	0.2	0
BSU_04340	GO:0030170	4	0.2	0
BSU_07150	GO:0016705	4	0.2	0
BSU_40220	GO:0016042	4	0.2	0
BSU_07350	GO:0003677	4	0.2	0
BSU_23130	GO:0016798	4	0.2	0
BSU_26890	GO:0016042	4	0.2	0
BSU_31230	GO:0035873	4	0.2	0
BSU_23130	GO:0035873	4	0.2	0
BSU_33800	GO:0003723	4	0.2	0
BSU_31230	GO:0016020	4	0.2	1
BSU_06770	GO:0016042	4	0.2	0
BSU_24710	GO:0016020	4	0.2	0
BSU_38590	GO:0006364	4	0.2	0
BSU_09830	GO:0016042	4	0.2	0
BSU_05820	GO:0006364	4	0.2	0
BSU_05000	GO:0016042	4	0.2	0
BSU_33700	GO:0003723	4	0.2	0
BSU_08370	GO:0005886	4	0.2	0
BSU_31570	GO:0003723	4	0.2	0
BSU_17920	GO:0003677	4	0.2	0
BSU_14920	GO:0030435	4	0.2	0
BSU_27980	GO:0140359	4	0.2	0
BSU_24710	GO:0035873	4	0.2	0
BSU_17930	GO:0006525	4	0.2	0
BSU_04090	GO:0005886	4	0.2	0
BSU_14510	GO:0006525	4	0.2	0
BSU_30370	GO:0003723	4	0.2	0
BSU_22940	GO:0035873	4	0.2	0
BSU_27320	GO:0005886	4	0.2	0
BSU_21480	GO:0003677	4	0.2	0
BSU_28250	GO:0005886	4	0.2	0
BSU_21450	GO:0003677	4	0.2	0
BSU_22560	GO:0035873	4	0.2	0
BSU_38830	GO:0047533	4	0.2	0
BSU_04050	GO:0005886	4	0.2	0
BSU_17920	GO:0016042	4	0.2	0
BSU_03830	GO:0016020	4	0.2	0
BSU_40840	GO:0003723	4	0.2	0
BSU_32940	GO:0032508	4	0.2	0
BSU_27010	GO:0016787	4	0.2	0
BSU_33400	GO:0003677	4	0.2	0
BSU_17930	GO:0140359	4	0.2	0
BSU_32940	GO:0016020	4	0.2	0
BSU_27320	GO:0003690	4	0.2	0
BSU_35950	GO:0003723	4	0.2	0
BSU_16500	GO:0009314	4	0.2	0
BSU_21780	GO:0003677	4	0.2	0
BSU_35320	GO:0032993	4	0.2	0
BSU_02240	GO:0016042	4	0.2	0
BSU_15300	GO:0016042	4	0.2	0
BSU_03820	GO:0032508	4	0.2	0
BSU_27060	GO:0046940	4	0.2	0
BSU_03820	GO:0016020	4	0.2	0
BSU_06760	GO:0004519	4	0.2	0
BSU_21480	GO:0005576	4	0.2	1
BSU_32220	GO:0016705	4	0.2	0
BSU_28500	GO:0005524	4	0.2	0
BSU_04690	GO:0030435	4	0.2	0
BSU_10340	GO:0016042	4	0.2	0
BSU_39610	GO:0016020	4	0.2	0
BSU_16520	GO:0009314	4	0.2	0
BSU_33480	GO:0016020	4	0.2	0
BSU_29570	GO:0003690	4	0.2	1
BSU_19210	GO:0016042	4	0.2	0
BSU_25630	GO:0008616	3	0.15	0
BSU_00610	GO:0003677	3	0.15	0
BSU_04810	GO:0008616	3	0.15	0
BSU_13700	GO:0005737	3	0.15	0
BSU_13700	GO:0008237	3	0.15	0
BSU_25840	GO:0016787	3	0.15	0
BSU_08830	GO:0016798	3	0.15	0
BSU_35360	GO:0000049	3	0.15	0
BSU_17420	GO:0005886	3	0.15	0
BSU_32030	GO:0016798	3	0.15	0
BSU_26260	GO:0005737	3	0.15	0
BSU_04440	GO:0016787	3	0.15	0
BSU_35800	GO:0046872	3	0.15	0
BSU_25690	GO:0003677	3	0.15	0
BSU_05750	GO:0008237	3	0.15	0
BSU_24670	GO:0016798	3	0.15	0
BSU_16740	GO:0003677	3	0.15	0
BSU_17990	GO:0003677	3	0.15	0
BSU_14990	GO:0003677	3	0.15	0
BSU_11550	GO:0009097	3	0.15	0
BSU_10750	GO:0030170	3	0.15	0
BSU_30450	GO:0005737	3	0.15	0
BSU_38980	GO:0030170	3	0.15	0
BSU_08850	GO:0016798	3	0.15	0
BSU_18550	GO:0030170	3	0.15	0
BSU_35360	GO:0008973	3	0.15	0
BSU_12440	GO:0003677	3	0.15	0
BSU_32580	GO:0046872	3	0.15	0
BSU_33660	GO:0019825	3	0.15	0
BSU_35070	GO:0030170	3	0.15	0
BSU_25570	GO:0016798	3	0.15	0
BSU_25840	GO:0005886	3	0.15	0
BSU_12440	GO:0009228	3	0.15	0
BSU_35520	GO:0030170	3	0.15	0
BSU_25690	GO:0005737	3	0.15	0
BSU_17990	GO:0005886	3	0.15	0
BSU_05750	GO:0016787	3	0.15	0
BSU_18020	GO:0005886	3	0.15	0
BSU_38990	GO:0030170	3	0.15	0
BSU_13000	GO:0019825	3	0.15	0
BSU_17030	GO:0016874	3	0.15	0
BSU_24970	GO:0016887	3	0.15	0
BSU_12820	GO:0003677	3	0.15	0
BSU_04710	GO:0003677	3	0.15	0
BSU_30720	GO:0003677	3	0.15	0
BSU_00600	GO:0003677	3	0.15	0
BSU_31875	GO:0005737	3	0.15	0
BSU_35820	GO:0046872	3	0.15	0
BSU_09770	GO:0003677	3	0.15	0
BSU_24620	GO:0016787	3	0.15	0
BSU_23270	GO:0030170	3	0.15	0
BSU_16460	GO:0000160	3	0.15	0
BSU_33070	GO:0046872	3	0.15	0
BSU_03720	GO:0046872	3	0.15	0
BSU_25570	GO:0046872	3	0.15	0
BSU_24690	GO:0016887	3	0.15	0
BSU_24620	GO:0003677	3	0.15	0
BSU_03700	GO:0046872	3	0.15	0
BSU_04710	GO:0019825	3	0.15	0
BSU_35840	GO:0030170	3	0.15	0
BSU_08550	GO:0005886	3	0.15	0
BSU_16450	GO:0000160	3	0.15	0
BSU_35360	GO:0005737	3	0.15	0
BSU_22230	GO:0000160	3	0.15	0
BSU_30620	GO:0016798	3	0.15	0
BSU_30720	GO:0008289	3	0.15	0
BSU_18020	GO:0003677	3	0.15	0
BSU_08110	GO:0003677	3	0.15	0
BSU_24990	GO:0016798	3	0.15	0
BSU_09890	GO:0003677	3	0.15	0
BSU_04700	GO:0003677	3	0.15	0
BSU_40120	GO:0030170	3	0.15	0
BSU_29420	GO:0016020	3	0.15	0
BSU_24020	GO:0030435	3	0.15	0
BSU_19460	GO:0003677	3	0.15	0
BSU_01910	GO:0030170	3	0.15	0
BSU_04740	GO:0003677	3	0.15	0
BSU_25830	GO:0003677	3	0.15	0
BSU_30170	GO:0016798	3	0.15	0
BSU_38570	GO:0000049	3	0.15	0
BSU_32590	GO:0046872	3	0.15	0
BSU_24360	GO:0016798	3	0.15	0
BSU_31270	GO:0003677	3	0.15	0
BSU_40250	GO:0008616	3	0.15	0
BSU_34520	GO:0016020	3	0.15	0
BSU_00440	GO:0005886	3	0.15	0
BSU_31550	GO:0005737	3	0.15	0
BSU_22180	GO:0008763	3	0.15	0
BSU_34760	GO:0019825	3	0.15	0
BSU_12440	GO:0016787	3	0.15	0
BSU_23050	GO:0016798	3	0.15	0
BSU_24690	GO:0016798	3	0.15	0
BSU_11550	GO:0016874	3	0.15	0
BSU_07110	GO:0016798	3	0.15	0
BSU_31480	GO:0008289	3	0.15	0
BSU_25490	GO:0046872	3	0.15	0
BSU_12430	GO:0003677	3	0.15	0
BSU_13700	GO:0008616	3	0.15	0
BSU_04310	GO:0016798	3	0.15	0
BSU_35220	GO:0008763	3	0.15	0
BSU_22180	GO:0019825	3	0.15	0
BSU_32200	GO:0016020	3	0.15	0
BSU_30135	GO:0016798	3	0.15	0
BSU_24230	GO:0003677	3	0.15	0
BSU_04270	GO:0030170	3	0.15	0
BSU_36240	GO:0046872	3	0.15	0
BSU_38570	GO:0008973	3	0.15	0
BSU_07120	GO:0016798	3	0.15	0
BSU_05750	GO:0030170	3	0.15	0
BSU_17290	GO:0008289	3	0.15	0
BSU_36690	GO:0003677	3	0.15	0
BSU_13780	GO:0005886	3	0.15	0
BSU_29730	GO:0016798	3	0.15	0
BSU_17300	GO:0008289	3	0.15	0
BSU_16870	GO:0016020	3	0.15	0
BSU_37920	GO:0003677	3	0.15	0
BSU_26970	GO:0008616	3	0.15	0
BSU_27040	GO:0016798	3	0.15	0
BSU_27660	GO:0009228	3	0.15	0
BSU_00230	GO:0008237	3	0.15	0
BSU_12430	GO:0000160	3	0.15	0
BSU_05750	GO:0008616	3	0.15	0
BSU_21990	GO:0008616	3	0.15	0
BSU_13680	GO:0016798	3	0.15	0
BSU_01910	GO:0005737	3	0.15	0
BSU_37350	GO:0016787	3	0.15	0
BSU_26260	GO:0005737	3	0.15	0
BSU_24970	GO:0016798	3	0.15	0
BSU_04740	GO:0019825	3	0.15	0
BSU_27050	GO:0016798	3	0.15	0
BSU_30460	GO:0030435	3	0.15	0
BSU_02530	GO:0003677	3	0.15	0
BSU_10570	GO:0016798	3	0.15	0
BSU_40120	GO:0000160	3	0.15	0
BSU_07520	GO:0016798	3	0.15	0
BSU_38510	GO:0000160	3	0.15	0
BSU_16340	GO:0046872	3	0.15	0
BSU_01910	GO:0016787	3	0.15	0
BSU_24430	GO:0003677	3	0.15	0
BSU_13700	GO:0016787	3	0.15	0
BSU_08830	GO:0005737	3	0.15	0
BSU_13000	GO:0008763	3	0.15	0
BSU_08550	GO:0003677	3	0.15	0
BSU_08110	GO:0005886	3	0.15	0
BSU_18920	GO:0016787	3	0.15	0
BSU_33360	GO:0008616	3	0.15	0
BSU_08070	GO:0005737	3	0.15	0
BSU_03710	GO:0046872	3	0.15	0
BSU_12430	GO:0009228	3	0.15	0
BSU_27660	GO:0003677	3	0.15	0
BSU_16740	GO:0030170	3	0.15	0
BSU_08070	GO:0016020	3	0.15	0
BSU_03340	GO:0004784	3	0.15	0
BSU_34520	GO:0003677	3	0.15	0
BSU_33050	GO:0046872	3	0.15	0
BSU_40120	GO:0046872	3	0.15	0
BSU_33360	GO:0008289	3	0.15	0
BSU_12530	GO:0005886	3	0.15	0
BSU_10750	GO:0046872	3	0.15	1
BSU_00610	GO:0042601	3	0.15	1
BSU_38110	GO:0050660	3	0.15	0
BSU_22230	GO:0003677	3	0.15	0
BSU_40120	GO:0003677	3	0.15	0
BSU_34520	GO:0050660	3	0.15	0
BSU_08070	GO:0050660	3	0.15	0
BSU_38570	GO:0003677	3	0.15	0
BSU_16870	GO:0050660	3	0.15	0
BSU_29420	GO:0050660	3	0.15	0
BSU_12430	GO:0030145	3	0.15	0
BSU_13680	GO:0006525	3	0.15	0
BSU_38570	GO:0006364	3	0.15	0
BSU_14170	GO:0009055	3	0.15	1
BSU_07520	GO:0016020	3	0.15	0
BSU_08830	GO:0016020	3	0.15	0
BSU_24020	GO:0006354	3	0.15	0
BSU_36240	GO:0006354	3	0.15	0
BSU_27050	GO:0006525	3	0.15	0
BSU_23050	GO:0016020	3	0.15	0
BSU_27040	GO:0006525	3	0.15	0
BSU_31480	GO:0016020	3	0.15	0
BSU_17420	GO:0005886	3	0.15	0
BSU_39770	GO:0003700	3	0.15	1
BSU_22230	GO:0030145	3	0.15	0
BSU_40120	GO:0030145	3	0.15	0
BSU_14990	GO:0016787	3	0.15	0
BSU_25840	GO:0071793	3	0.15	0
BSU_08110	GO:0071793	3	0.15	0
BSU_05750	GO:0016787	3	0.15	0
BSU_39510	GO:0016746	3	0.15	1
BSU_04860	GO:0009307	3	0.15	0
BSU_11550	GO:0016020	3	0.15	0
BSU_36690	GO:0016787	3	0.15	0
BSU_15660	GO:0009307	3	0.15	0
BSU_02260	GO:0106435	3	0.15	1
BSU_02530	GO:0016787	3	0.15	0
BSU_12330	GO:0016787	3	0.15	0
BSU_26970	GO:0016787	3	0.15	0
BSU_27660	GO:0003677	3	0.15	0
BSU_11550	GO:0006364	3	0.15	0
BSU_38950	GO:0016787	3	0.15	0
BSU_24020	GO:0003677	3	0.15	1
BSU_32200	GO:0050660	3	0.15	0
BSU_32100	GO:0050660	3	0.15	0
BSU_38570	GO:0030145	3	0.15	0
BSU_38960	GO:0016787	3	0.15	0
BSU_12440	GO:0003677	3	0.15	0
BSU_12430	GO:0003677	3	0.15	0
BSU_25340	GO:0005886	3	0.15	0
BSU_22230	GO:0006364	3	0.15	0
BSU_06920	GO:0004145	3	0.15	0
BSU_24090	GO:0005886	3	0.15	0
BSU_36240	GO:0005737	3	0.15	0
BSU_24020	GO:0005737	3	0.15	0
BSU_13700	GO:0016787	3	0.15	0
BSU_10370	GO:0006525	3	0.15	0
BSU_32030	GO:0006525	3	0.15	0
BSU_09890	GO:0016020	3	0.15	0
BSU_24670	GO:0006525	3	0.15	0
BSU_35840	GO:0016020	3	0.15	0
BSU_31270	GO:0004145	3	0.15	0
BSU_36130	GO:0016020	3	0.15	0
BSU_36120	GO:0016020	3	0.15	0
BSU_17030	GO:0050440	3	0.15	0
BSU_34500	GO:0016020	3	0.15	0
BSU_34490	GO:0016020	3	0.15	0
BSU_39770	GO:0005737	3	0.15	0
BSU_33570	GO:0016020	3	0.15	0
BSU_38510	GO:0004145	3	0.15	0
BSU_02500	GO:0006355	3	0.15	1
BSU_05750	GO:0016787	3	0.15	0
BSU_39990	GO:0080090	3	0.15	1
BSU_23240	GO:0004145	3	0.15	0
BSU_39500	GO:0016020	3	0.15	0
BSU_38570	GO:0050440	3	0.15	0
BSU_14170	GO:0016651	3	0.15	1
BSU_37400	GO:0016020	3	0.15	0
BSU_09090	GO:0016020	3	0.15	0
BSU_17300	GO:0016020	3	0.15	0
BSU_04940	GO:0005886	3	0.15	0
BSU_02260	GO:0005886	3	0.15	0
BSU_27180	GO:0005886	3	0.15	0
BSU_23050	GO:0006525	3	0.15	0
BSU_12820	GO:0005886	3	0.15	0
BSU_25570	GO:0006525	3	0.15	0
BSU_35860	GO:0005576	3	0.15	1
BSU_07520	GO:0006525	3	0.15	0
BSU_29730	GO:0016020	3	0.15	0
BSU_17290	GO:0016020	3	0.15	0
BSU_38540	GO:0050660	3	0.15	0
BSU_00230	GO:0016787	3	0.15	0
BSU_30170	GO:0006525	3	0.15	0
BSU_07120	GO:0006525	3	0.15	0
BSU_30135	GO:0006525	3	0.15	0
BSU_07110	GO:0006525	3	0.15	0
BSU_33360	GO:0016020	3	0.15	0
BSU_31560	GO:0016020	3	0.15	0
BSU_39500	GO:0016020	3	0.15	0
BSU_06750	GO:0003677	3	0.15	1
BSU_11550	GO:0033592	3	0.15	0
BSU_09200	GO:0016020	3	0.15	0
BSU_24690	GO:0015295	3	0.15	0
BSU_12390	GO:0071793	3	0.15	0
BSU_12330	GO:0071793	3	0.15	0
BSU_17420	GO:0009307	3	0.15	0
BSU_19040	GO:0006508	3	0.15	0
BSU_13700	GO:0005886	3	0.15	0
BSU_00470	GO:0006364	3	0.15	0
BSU_27660	GO:0006508	3	0.15	0
BSU_22230	GO:0003723	3	0.15	0
BSU_24670	GO:0015295	3	0.15	0
BSU_32030	GO:0015295	3	0.15	0
BSU_12440	GO:0006508	3	0.15	0
BSU_35360	GO:0005198	3	0.15	1
BSU_12430	GO:0006508	3	0.15	0
BSU_33360	GO:0005886	3	0.15	1
BSU_04310	GO:0015295	3	0.15	0
BSU_36690	GO:0030435	3	0.15	1
BSU_30620	GO:0015295	3	0.15	0
BSU_24360	GO:0030435	3	0.15	1
BSU_40120	GO:0006508	3	0.15	0
BSU_07110	GO:0015295	3	0.15	0
BSU_30135	GO:0015295	3	0.15	0
BSU_07120	GO:0015295	3	0.15	0
BSU_30170	GO:0015295	3	0.15	0
BSU_32300	GO:0110001	3	0.15	1
BSU_07520	GO:0015295	3	0.15	0
BSU_25490	GO:0006364	3	0.15	0
BSU_16340	GO:0006364	3	0.15	0
BSU_38570	GO:0003723	3	0.15	0
BSU_25340	GO:0006508	3	0.15	0
BSU_02530	GO:0003723	3	0.15	0
BSU_36130	GO:0005886	3	0.15	1
BSU_40800	GO:0043565	3	0.15	0
BSU_12430	GO:0016836	3	0.15	0
BSU_12440	GO:0016836	3	0.15	0
BSU_40120	GO:0003723	3	0.15	0
BSU_14380	GO:0003700	3	0.15	1
BSU_18920	GO:0006508	3	0.15	0
BSU_05750	GO:0003723	3	0.15	0
BSU_36690	GO:0003723	3	0.15	0
BSU_34760	GO:0006508	3	0.15	0
BSU_06750	GO:0043565	3	0.15	0
BSU_02530	GO:0042802	3	0.15	1
BSU_36180	GO:0006508	3	0.15	0
BSU_34760	GO:0005737	3	0.15	1
BSU_14990	GO:0003723	3	0.15	0
BSU_06740	GO:0043565	3	0.15	0
BSU_39010	GO:0003723	3	0.15	0
BSU_36300	GO:0043565	3	0.15	0
BSU_01510	GO:0003723	3	0.15	0
BSU_19600	GO:0003723	3	0.15	0
BSU_27180	GO:0003723	3	0.15	0
BSU_27660	GO:0016836	3	0.15	0
BSU_25570	GO:0015295	3	0.15	0
BSU_05750	GO:0006508	3	0.15	0
BSU_08830	GO:0015295	3	0.15	0
BSU_11550	GO:0005576	3	0.15	0
BSU_14990	GO:0006508	3	0.15	0
BSU_09200	GO:0071793	3	0.15	0
BSU_22230	GO:0005576	3	0.15	0
BSU_04310	GO:0071793	3	0.15	0
BSU_18550	GO:0071793	3	0.15	0
BSU_04940	GO:0009307	3	0.15	0
BSU_38570	GO:0005576	3	0.15	0
BSU_09890	GO:0009307	3	0.15	0
BSU_19040	GO:0016787	3	0.15	0
BSU_03340	GO:0071793	3	0.15	0
BSU_27660	GO:0016787	3	0.15	0
BSU_31550	GO:0009307	3	0.15	0
BSU_31875	GO:0009307	3	0.15	0
BSU_12440	GO:0016787	3	0.15	0
BSU_12430	GO:0016787	3	0.15	0
BSU_24360	GO:0015295	3	0.15	0
BSU_38960	GO:0071793	3	0.15	0
BSU_38950	GO:0071793	3	0.15	0
BSU_38980	GO:0071793	3	0.15	0
BSU_38990	GO:0071793	3	0.15	0
BSU_28520	GO:0071793	3	0.15	0
BSU_40120	GO:0016787	3	0.15	0
BSU_35690	GO:0071793	3	0.15	0
BSU_29730	GO:0015295	3	0.15	0
BSU_36690	GO:0006508	3	0.15	0
BSU_19040	GO:0016836	3	0.15	0
BSU_08850	GO:0015295	3	0.15	0
BSU_23050	GO:0015295	3	0.15	0
BSU_26260	GO:0009307	3	0.15	0
BSU_13700	GO:0009307	3	0.15	0
BSU_10570	GO:0015295	3	0.15	0
BSU_31170	GO:0071793	3	0.15	0
BSU_11680	GO:0071793	3	0.15	0
BSU_25630	GO:0071793	3	0.15	0
BSU_27040	GO:0015295	3	0.15	0
BSU_08830	GO:0009307	3	0.15	0
BSU_27050	GO:0015295	3	0.15	0
BSU_37850	GO:0071793	3	0.15	0
BSU_02530	GO:0006508	3	0.15	0
BSU_12530	GO:0009307	3	0.15	0
BSU_25340	GO:0009307	3	0.15	0
BSU_24430	GO:0009307	3	0.15	0
BSU_38430	GO:0071793	3	0.15	0
BSU_30450	GO:0009307	3	0.15	0
BSU_35550	GO:0071793	3	0.15	0
BSU_35540	GO:0071793	3	0.15	0
BSU_35590	GO:0071793	3	0.15	0
BSU_13680	GO:0015295	3	0.15	0
BSU_08830	GO:0016020	3	0.15	0
BSU_27050	GO:0055085	3	0.15	0
BSU_12430	GO:0003723	3	0.15	0
BSU_32200	GO:0009055	3	0.15	0
BSU_36300	GO:0006950	3	0.15	0
BSU_33660	GO:0006950	3	0.15	0
BSU_02470	GO:0030435	3	0.15	0
BSU_07450	GO:0030435	3	0.15	0
BSU_07460	GO:0030435	3	0.15	0
BSU_34180	GO:0006950	3	0.15	0
BSU_13000	GO:0016020	3	0.15	0
BSU_30460	GO:0006950	3	0.15	0
BSU_33840	GO:0006950	3	0.15	0
BSU_31210	GO:0006950	3	0.15	0
BSU_02500	GO:0006950	3	0.15	0
BSU_14380	GO:0006950	3	0.15	0
BSU_07390	GO:0006950	3	0.15	0
BSU_24670	GO:0016757	3	0.15	0
BSU_05750	GO:0030288	3	0.15	0
BSU_26970	GO:0016301	3	0.15	0
BSU_32030	GO:0016757	3	0.15	0
BSU_10370	GO:0016757	3	0.15	0
BSU_06740	GO:0006950	3	0.15	0
BSU_25630	GO:0016301	3	0.15	0
BSU_13700	GO:0030288	3	0.15	0
BSU_36180	GO:0005886	3	0.15	0
BSU_02450	GO:0006950	3	0.15	0
BSU_25630	GO:0030288	3	0.15	0
BSU_34370	GO:0006950	3	0.15	0
BSU_25490	GO:0005524	3	0.15	0
BSU_40250	GO:0030288	3	0.15	0
BSU_01910	GO:0071555	3	0.15	0
BSU_18920	GO:0071555	3	0.15	0
BSU_33140	GO:0030435	3	0.15	0
BSU_13700	GO:0008840	3	0.15	0
BSU_19170	GO:0030435	3	0.15	0
BSU_05750	GO:0008840	3	0.15	0
BSU_12230	GO:0008840	3	0.15	0
BSU_01510	GO:0030435	3	0.15	0
BSU_25840	GO:0071555	3	0.15	0
BSU_37350	GO:0071555	3	0.15	0
BSU_17030	GO:0005524	3	0.15	0
BSU_25690	GO:0071555	3	0.15	0
BSU_00230	GO:0071555	3	0.15	0
BSU_15810	GO:0071555	3	0.15	0
BSU_37830	GO:0008840	3	0.15	0
BSU_26970	GO:0030288	3	0.15	0
BSU_16460	GO:0016757	3	0.15	0
BSU_13700	GO:0071555	3	0.15	0
BSU_16450	GO:0016757	3	0.15	0
BSU_12390	GO:0008840	3	0.15	0
BSU_35960	GO:0071555	3	0.15	0
BSU_21990	GO:0030288	3	0.15	0
BSU_05750	GO:0016301	3	0.15	0
BSU_25340	GO:0005886	3	0.15	0
BSU_27040	GO:0055085	3	0.15	0
BSU_13700	GO:0016301	3	0.15	0
BSU_02260	GO:0005886	3	0.15	0
BSU_40740	GO:0016757	3	0.15	0
BSU_07110	GO:0015113	3	0.15	0
BSU_30135	GO:0015113	3	0.15	0
BSU_07120	GO:0015113	3	0.15	0
BSU_35840	GO:0016757	3	0.15	0
BSU_30170	GO:0015113	3	0.15	0
BSU_04310	GO:0016757	3	0.15	0
BSU_07520	GO:0015113	3	0.15	0
BSU_25570	GO:0015113	3	0.15	0
BSU_08830	GO:0015113	3	0.15	0
BSU_08850	GO:0015113	3	0.15	0
BSU_23050	GO:0015113	3	0.15	0
BSU_27040	GO:0015113	3	0.15	0
BSU_27050	GO:0015113	3	0.15	0
BSU_13680	GO:0015113	3	0.15	0
BSU_29730	GO:0015113	3	0.15	0
BSU_35220	GO:0015113	3	0.15	0
BSU_08110	GO:0005975	3	0.15	0
BSU_25840	GO:0005975	3	0.15	0
BSU_31210	GO:0005975	3	0.15	0
BSU_12390	GO:0005975	3	0.15	0
BSU_12330	GO:0005975	3	0.15	0
BSU_02530	GO:0016757	3	0.15	0
BSU_31560	GO:0005886	3	0.15	1
BSU_30620	GO:0015113	3	0.15	0
BSU_10370	GO:0015113	3	0.15	0
BSU_31875	GO:0006950	3	0.15	0
BSU_25690	GO:0016740	3	0.15	0
BSU_24670	GO:0015113	3	0.15	0
BSU_00230	GO:0009055	3	0.15	0
BSU_35860	GO:0016757	3	0.15	0
BSU_13700	GO:0016740	3	0.15	0
BSU_27950	GO:0016757	3	0.15	0
BSU_28040	GO:0016757	3	0.15	0
BSU_16860	GO:0016757	3	0.15	0
BSU_32030	GO:0015113	3	0.15	0
BSU_04810	GO:0016757	3	0.15	0
BSU_12820	GO:0016757	3	0.15	0
BSU_09200	GO:0016757	3	0.15	0
BSU_13700	GO:0009055	3	0.15	0
BSU_24230	GO:0016757	3	0.15	0
BSU_34760	GO:0016757	3	0.15	0
BSU_19170	GO:0016757	3	0.15	0
BSU_22230	GO:0004849	3	0.15	0
BSU_27660	GO:0016757	3	0.15	0
BSU_25690	GO:0016757	3	0.15	0
BSU_04310	GO:0015113	3	0.15	0
BSU_38570	GO:0004849	3	0.15	0
BSU_22180	GO:0016757	3	0.15	0
BSU_11550	GO:0006541	3	0.15	0
BSU_11550	GO:0005524	3	0.15	0
BSU_24620	GO:0071555	3	0.15	0
BSU_34490	GO:0055085	3	0.15	1
BSU_14990	GO:0004145	3	0.15	0
BSU_09890	GO:0016020	3	0.15	0
BSU_36690	GO:0004145	3	0.15	0
BSU_35840	GO:0016020	3	0.15	0
BSU_34520	GO:0004145	3	0.15	0
BSU_34370	GO:0005886	3	0.15	1
BSU_36130	GO:0016020	3	0.15	0
BSU_12430	GO:0004145	3	0.15	0
BSU_12440	GO:0004145	3	0.15	0
BSU_36120	GO:0016020	3	0.15	0
BSU_12820	GO:0004145	3	0.15	0
BSU_34500	GO:0016020	3	0.15	0
BSU_25690	GO:0004145	3	0.15	0
BSU_38570	GO:0055085	3	0.15	0
BSU_16740	GO:0004145	3	0.15	0
BSU_24230	GO:0004145	3	0.15	0
BSU_34490	GO:0016020	3	0.15	0
BSU_22180	GO:0045121	3	0.15	0
BSU_15660	GO:0004521	3	0.15	1
BSU_23270	GO:0009231	3	0.15	1
BSU_33570	GO:0016020	3	0.15	0
BSU_24430	GO:0004145	3	0.15	0
BSU_37400	GO:0016020	3	0.15	0
BSU_09090	GO:0016020	3	0.15	0
BSU_13000	GO:0030152	3	0.15	0
BSU_31560	GO:0016020	3	0.15	0
BSU_23050	GO:0016020	3	0.15	0
BSU_24090	GO:0004145	3	0.15	0
BSU_39510	GO:0004145	3	0.15	0
BSU_31480	GO:0016020	3	0.15	0
BSU_29730	GO:0016020	3	0.15	0
BSU_17290	GO:0016020	3	0.15	0
BSU_31550	GO:0005886	3	0.15	1
BSU_17300	GO:0016020	3	0.15	0
BSU_24430	GO:0030435	3	0.15	1
BSU_33360	GO:0016020	3	0.15	0
BSU_10370	GO:0055085	3	0.15	0
BSU_22230	GO:0005524	3	0.15	0
BSU_24670	GO:0055085	3	0.15	0
BSU_29390	GO:0004145	3	0.15	0
BSU_14500	GO:0004145	3	0.15	0
BSU_18170	GO:0016020	3	0.15	1
BSU_23050	GO:0032218	3	0.15	1
BSU_11550	GO:0005524	3	0.15	0
BSU_13000	GO:0005737	3	0.15	0
BSU_11490	GO:0004145	3	0.15	0
BSU_08850	GO:0055085	3	0.15	1
BSU_09200	GO:0016020	3	0.15	0
BSU_37920	GO:0004145	3	0.15	0
BSU_30720	GO:0004145	3	0.15	0
BSU_33760	GO:0005886	3	0.15	1
BSU_33070	GO:0055085	3	0.15	0
BSU_01845	GO:0030288	3	0.15	0
BSU_31210	GO:0003700	3	0.15	1
BSU_00600	GO:0004145	3	0.15	0
BSU_03710	GO:0055085	3	0.15	0
BSU_03720	GO:0055085	3	0.15	0
BSU_03700	GO:0055085	3	0.15	0
BSU_35820	GO:0055085	3	0.15	0
BSU_24230	GO:0071555	3	0.15	0
BSU_35800	GO:0055085	3	0.15	0
BSU_09200	GO:0071555	3	0.15	0
BSU_00610	GO:0004145	3	0.15	0
BSU_03710	GO:0045121	3	0.15	0
BSU_04810	GO:0030288	3	0.15	0
BSU_33050	GO:0055085	3	0.15	0
BSU_22230	GO:0015969	3	0.15	0
BSU_22180	GO:0006541	3	0.15	0
BSU_24670	GO:0071555	3	0.15	0
BSU_33360	GO:0030288	3	0.15	0
BSU_12440	GO:0071555	3	0.15	0
BSU_22230	GO:0006541	3	0.15	0
BSU_05480	GO:0016491	3	0.15	1
BSU_04440	GO:0071555	3	0.15	0
BSU_13700	GO:0005829	3	0.15	0
BSU_03720	GO:0045121	3	0.15	0
BSU_25570	GO:0055085	3	0.15	0
BSU_19460	GO:0030288	3	0.15	0
BSU_06740	GO:0000150	3	0.15	1
BSU_18550	GO:0003824	3	0.15	1
BSU_24620	GO:0004145	3	0.15	0
BSU_16340	GO:0045121	3	0.15	0
BSU_35570	GO:0050845	3	0.15	1
BSU_25830	GO:0004145	3	0.15	0
BSU_40740	GO:0046677	3	0.15	1
BSU_36880	GO:0055085	3	0.15	0
BSU_35220	GO:0055085	3	0.15	0
BSU_09770	GO:0004145	3	0.15	0
BSU_38980	GO:0016740	3	0.15	1
BSU_00230	GO:0005829	3	0.15	0
BSU_16860	GO:0030288	3	0.15	0
BSU_22460	GO:0071793	3	0.15	1
BSU_28730	GO:0005886	3	0.15	1
BSU_00800	GO:0003677	3	0.15	1
BSU_33050	GO:0045121	3	0.15	0
BSU_33070	GO:0045121	3	0.15	0
BSU_35960	GO:0015969	3	0.15	0
BSU_10370	GO:0055085	3	0.15	0
BSU_30720	GO:0005886	3	0.15	1
BSU_03700	GO:0045121	3	0.15	0
BSU_24690	GO:0005886	3	0.15	1
BSU_12440	GO:0003723	3	0.15	0
BSU_35360	GO:0004784	3	0.15	0
BSU_16860	GO:0008270	3	0.15	0
BSU_37400	GO:0030435	3	0.15	0
BSU_18920	GO:0030435	3	0.15	0
BSU_01910	GO:0030435	3	0.15	0
BSU_19170	GO:0005576	3	0.15	0
BSU_11550	GO:0016780	3	0.15	0
BSU_19800	GO:0030435	3	0.15	0
BSU_09200	GO:0008270	3	0.15	0
BSU_11490	GO:0008270	3	0.15	0
BSU_32990	GO:0008270	3	0.15	0
BSU_37220	GO:0008270	3	0.15	0
BSU_08230	GO:0008270	3	0.15	0
BSU_39010	GO:0008270	3	0.15	0
BSU_38570	GO:0016780	3	0.15	0
BSU_22180	GO:0016780	3	0.15	0
BSU_39980	GO:0008270	3	0.15	0
BSU_32900	GO:0005829	3	0.15	0
BSU_22230	GO:0006397	3	0.15	0
BSU_38430	GO:0008270	3	0.15	0
BSU_39470	GO:0008270	3	0.15	0
BSU_28040	GO:0008270	3	0.15	0
BSU_04200	GO:0008270	3	0.15	0
BSU_38570	GO:0006397	3	0.15	0
BSU_10750	GO:0008270	3	0.15	0
BSU_09890	GO:0030435	3	0.15	0
BSU_16340	GO:0042802	3	0.15	0
BSU_14990	GO:0009228	3	0.15	0
BSU_30720	GO:0005829	3	0.15	0
BSU_09200	GO:0005576	3	0.15	0
BSU_04810	GO:0005576	3	0.15	0
BSU_08860	GO:0005829	3	0.15	0
BSU_29390	GO:0005829	3	0.15	0
BSU_39510	GO:0005829	3	0.15	0
BSU_39470	GO:0005829	3	0.15	0
BSU_39520	GO:0005829	3	0.15	0
BSU_10570	GO:0005829	3	0.15	0
BSU_12530	GO:0005829	3	0.15	0
BSU_00230	GO:0005737	3	0.15	0
BSU_39930	GO:0030435	3	0.15	0
BSU_07460	GO:0030435	3	0.15	0
BSU_37380	GO:0030435	3	0.15	0
BSU_16860	GO:0005576	3	0.15	0
BSU_37350	GO:0030435	3	0.15	0
BSU_35070	GO:0030435	3	0.15	0
BSU_28040	GO:0005576	3	0.15	0
BSU_33760	GO:0030435	3	0.15	0
BSU_02470	GO:0030435	3	0.15	0
BSU_38130	GO:0030435	3	0.15	0
BSU_27950	GO:0005576	3	0.15	0
BSU_07450	GO:0030435	3	0.15	0
BSU_19460	GO:0008270	3	0.15	0
BSU_17870	GO:0005576	3	0.15	0
BSU_12430	GO:0005829	3	0.15	0
BSU_04810	GO:0008270	3	0.15	0
BSU_19800	GO:0046872	3	0.15	0
BSU_36300	GO:0046872	3	0.15	0
BSU_32300	GO:0046872	3	0.15	0
BSU_03430	GO:0046872	3	0.15	0
BSU_25750	GO:0046872	3	0.15	0
BSU_35540	GO:0005576	3	0.15	0
BSU_35590	GO:0005576	3	0.15	0
BSU_35570	GO:0005576	3	0.15	0
BSU_38570	GO:0005829	3	0.15	0
BSU_35520	GO:0005576	3	0.15	0
BSU_35690	GO:0005576	3	0.15	0
BSU_40120	GO:0005829	3	0.15	0
BSU_09200	GO:0016787	3	0.15	0
BSU_10430	GO:0005829	3	0.15	0
BSU_22230	GO:0005829	3	0.15	0
BSU_06990	GO:0016787	3	0.15	0
BSU_39500	GO:0005576	3	0.15	0
BSU_16340	GO:0006508	3	0.15	0
BSU_11550	GO:0006508	3	0.15	0
BSU_06980	GO:0016787	3	0.15	0
BSU_38570	GO:0016020	3	0.15	0
BSU_35220	GO:0016881	3	0.15	0
BSU_22230	GO:0016020	3	0.15	0
BSU_04440	GO:0046872	3	0.15	0
BSU_01910	GO:0046872	3	0.15	0
BSU_35550	GO:0005576	3	0.15	0
BSU_19040	GO:0046872	3	0.15	0
BSU_19550	GO:0005829	3	0.15	0
BSU_33360	GO:0008270	3	0.15	0
BSU_21990	GO:0008270	3	0.15	0
BSU_11550	GO:0006397	3	0.15	0
BSU_25630	GO:0008270	3	0.15	0
BSU_36180	GO:0005576	3	0.15	0
BSU_03340	GO:0046872	3	0.15	0
BSU_36690	GO:0046872	3	0.15	0
BSU_36690	GO:0005576	3	0.15	0
BSU_25830	GO:0046872	3	0.15	0
BSU_31480	GO:0046872	3	0.15	0
BSU_13000	GO:0016881	3	0.15	0
BSU_11550	GO:0042802	3	0.15	0
BSU_19040	GO:0005576	3	0.15	0
BSU_04310	GO:0046872	3	0.15	0
BSU_09200	GO:0046872	3	0.15	0
BSU_35840	GO:0005576	3	0.15	0
BSU_25490	GO:0042802	3	0.15	0
BSU_37350	GO:0046872	3	0.15	0
BSU_35860	GO:0046872	3	0.15	0
BSU_25840	GO:0046872	3	0.15	0
BSU_18920	GO:0046872	3	0.15	0
BSU_18170	GO:0005829	3	0.15	0
BSU_15660	GO:0005829	3	0.15	0
BSU_36880	GO:0016020	3	0.15	0
BSU_35360	GO:0016491	3	0.15	0
BSU_11780	GO:0000160	3	0.15	0
BSU_01910	GO:0016491	3	0.15	0
BSU_32030	GO:0071555	3	0.15	0
BSU_35570	GO:0008289	3	0.15	0
BSU_05500	GO:0008289	3	0.15	0
BSU_19800	GO:0003677	3	0.15	0
BSU_35520	GO:0008289	3	0.15	0
BSU_13700	GO:0016491	3	0.15	0
BSU_04310	GO:0071555	3	0.15	0
BSU_36480	GO:0008289	3	0.15	0
BSU_40570	GO:0008289	3	0.15	0
BSU_30620	GO:0071555	3	0.15	0
BSU_07110	GO:0071555	3	0.15	0
BSU_30135	GO:0071555	3	0.15	0
BSU_07120	GO:0071555	3	0.15	0
BSU_30170	GO:0071555	3	0.15	0
BSU_07520	GO:0071555	3	0.15	0
BSU_05750	GO:0016491	3	0.15	0
BSU_08830	GO:0071555	3	0.15	0
BSU_08850	GO:0071555	3	0.15	0
BSU_13000	GO:0005737	3	0.15	0
BSU_23050	GO:0071555	3	0.15	0
BSU_10570	GO:0071555	3	0.15	0
BSU_30720	GO:0016491	3	0.15	0
BSU_40120	GO:0006355	3	0.15	0
BSU_28520	GO:0016491	3	0.15	0
BSU_04740	GO:0004784	3	0.15	0
BSU_04440	GO:0006355	3	0.15	0
BSU_14990	GO:0006355	3	0.15	0
BSU_09090	GO:0008289	3	0.15	0
BSU_40120	GO:0009228	3	0.15	0
BSU_09890	GO:0008289	3	0.15	0
BSU_35840	GO:0008289	3	0.15	0
BSU_02530	GO:0006355	3	0.15	0
BSU_34500	GO:0008289	3	0.15	0
BSU_34490	GO:0008289	3	0.15	0
BSU_33570	GO:0008289	3	0.15	0
BSU_04700	GO:0004784	3	0.15	0
BSU_15810	GO:0000160	3	0.15	0
BSU_04710	GO:0004784	3	0.15	0
BSU_25630	GO:0003677	3	0.15	0
BSU_36690	GO:0006355	3	0.15	0
BSU_04960	GO:0008289	3	0.15	0
BSU_05750	GO:0006355	3	0.15	0
BSU_00230	GO:0000160	3	0.15	0
BSU_01845	GO:0008289	3	0.15	0
BSU_08070	GO:0004784	3	0.15	0
BSU_38570	GO:0009228	3	0.15	0
BSU_08070	GO:0042128	3	0.15	0
BSU_00230	GO:0005829	3	0.15	0
BSU_31480	GO:0071555	3	0.15	0
BSU_13680	GO:0071555	3	0.15	0
BSU_35360	GO:0050660	3	0.15	0
BSU_36240	GO:0090529	3	0.15	0
BSU_04810	GO:0016491	3	0.15	0
BSU_35360	GO:0005524	3	0.15	0
BSU_03340	GO:0003677	3	0.15	0
BSU_19040	GO:0006355	3	0.15	0
BSU_01845	GO:0016491	3	0.15	0
BSU_22180	GO:0090529	3	0.15	0
BSU_16860	GO:0016491	3	0.15	0
BSU_17030	GO:0090529	3	0.15	0
BSU_11550	GO:0090529	3	0.15	0
BSU_19460	GO:0016491	3	0.15	0
BSU_33360	GO:0071555	3	0.15	0
BSU_10750	GO:0016491	3	0.15	0
BSU_34760	GO:0003677	3	0.15	0
BSU_35430	GO:0003677	3	0.15	0
BSU_04200	GO:0016491	3	0.15	0
BSU_04710	GO:0003677	3	0.15	0
BSU_28040	GO:0016491	3	0.15	0
BSU_39470	GO:0016491	3	0.15	0
BSU_38570	GO:0016491	3	0.15	0
BSU_11550	GO:0071555	3	0.15	0
BSU_34760	GO:0006355	3	0.15	0
BSU_31550	GO:0071555	3	0.15	0
BSU_30720	GO:0071555	3	0.15	0
BSU_24350	GO:0005829	3	0.15	0
BSU_33360	GO:0016491	3	0.15	0
BSU_29730	GO:0071555	3	0.15	0
BSU_25630	GO:0016491	3	0.15	0
BSU_12430	GO:0006355	3	0.15	0
BSU_12440	GO:0006355	3	0.15	0
BSU_38510	GO:0005829	3	0.15	0
BSU_17290	GO:0071555	3	0.15	0
BSU_17300	GO:0071555	3	0.15	0
BSU_21990	GO:0016491	3	0.15	0
BSU_27660	GO:0006355	3	0.15	0
BSU_27050	GO:0005524	3	0.15	0
BSU_27040	GO:0005524	3	0.15	0
BSU_30440	GO:0071555	3	0.15	0
BSU_24360	GO:0071555	3	0.15	0
BSU_08070	GO:0005524	3	0.15	0
BSU_24970	GO:0071555	3	0.15	0
BSU_24990	GO:0071555	3	0.15	0
BSU_28730	GO:0071555	3	0.15	0
BSU_38570	GO:0005524	3	0.15	0
BSU_04710	GO:0005524	3	0.15	0
BSU_04740	GO:0005524	3	0.15	0
BSU_28740	GO:0071555	3	0.15	0
BSU_30450	GO:0071555	3	0.15	0
BSU_39500	GO:0016787	3	0.15	0
BSU_36880	GO:0016020	3	0.15	0
BSU_40120	GO:0016836	3	0.15	0
BSU_39770	GO:0006259	3	0.15	0
BSU_34180	GO:0000160	3	0.15	0
BSU_33660	GO:0006259	3	0.15	0
BSU_19040	GO:0016853	3	0.15	0
BSU_03340	GO:0003933	3	0.15	1
BSU_29330	GO:0005829	3	0.15	1
BSU_38650	GO:0005886	3	0.15	1
BSU_27660	GO:0016853	3	0.15	0
BSU_06560	GO:0000034	3	0.15	1
BSU_17030	GO:0042802	3	0.15	1
BSU_12440	GO:0016853	3	0.15	0
BSU_12430	GO:0016853	3	0.15	0
BSU_33660	GO:0000160	3	0.15	0
BSU_40800	GO:0000160	3	0.15	0
BSU_34180	GO:0006259	3	0.15	0
BSU_30460	GO:0006259	3	0.15	0
BSU_02500	GO:0006259	3	0.15	0
BSU_36300	GO:0000160	3	0.15	0
BSU_04710	GO:0000160	3	0.15	0
BSU_17990	GO:0042601	3	0.15	1
BSU_27000	GO:0043565	3	0.15	0
BSU_14380	GO:0043565	3	0.15	0
BSU_40120	GO:0016853	3	0.15	0
BSU_39500	GO:0006508	3	0.15	0
BSU_25340	GO:0016853	3	0.15	0
BSU_30460	GO:0000160	3	0.15	0
BSU_36180	GO:0016853	3	0.15	0
BSU_26580	GO:0000160	3	0.15	0
BSU_22230	GO:0005524	3	0.15	0
BSU_38540	GO:0005886	3	0.15	0
BSU_06750	GO:0000160	3	0.15	0
BSU_06740	GO:0000160	3	0.15	0
BSU_00800	GO:0043565	3	0.15	0
BSU_35800	GO:0055085	3	0.15	0
BSU_22180	GO:0005524	3	0.15	0
BSU_07390	GO:0043565	3	0.15	0
BSU_18550	GO:0005975	3	0.15	1
BSU_07390	GO:0000160	3	0.15	0
BSU_03700	GO:0005886	3	0.15	1
BSU_24020	GO:0006259	3	0.15	0
BSU_26580	GO:0043565	3	0.15	0
BSU_25830	GO:0016853	3	0.15	0
BSU_02450	GO:0016853	3	0.15	0
BSU_27000	GO:0000160	3	0.15	0
BSU_14380	GO:0000160	3	0.15	0
BSU_18920	GO:0016853	3	0.15	0
BSU_02500	GO:0000160	3	0.15	0
BSU_31210	GO:0000160	3	0.15	0
BSU_33840	GO:0000160	3	0.15	0
BSU_34760	GO:0016853	3	0.15	0
BSU_35690	GO:0006508	3	0.15	0
BSU_10370	GO:0015878	3	0.15	1
BSU_22180	GO:0016881	3	0.15	0
BSU_05750	GO:0016853	3	0.15	0
BSU_17870	GO:0006508	3	0.15	0
BSU_31210	GO:0043565	3	0.15	0
BSU_33840	GO:0043565	3	0.15	0
BSU_26260	GO:0005886	3	0.15	0
BSU_25830	GO:0003723	3	0.15	0
BSU_14990	GO:0016836	3	0.15	0
BSU_02450	GO:0003723	3	0.15	0
BSU_01845	GO:0005886	3	0.15	1
BSU_18920	GO:0003723	3	0.15	0
BSU_35360	GO:0006556	3	0.15	0
BSU_34760	GO:0003723	3	0.15	0
BSU_02530	GO:0016836	3	0.15	0
BSU_34180	GO:0043565	3	0.15	0
BSU_36690	GO:0016836	3	0.15	0
BSU_36180	GO:0003723	3	0.15	0
BSU_31875	GO:0043565	3	0.15	0
BSU_05750	GO:0016836	3	0.15	0
BSU_02450	GO:0043565	3	0.15	0
BSU_25340	GO:0003723	3	0.15	0
BSU_02470	GO:0047533	3	0.15	1
BSU_19040	GO:0003723	3	0.15	0
BSU_34265	GO:0005886	3	0.15	1
BSU_27660	GO:0003723	3	0.15	0
BSU_19800	GO:0006508	3	0.15	0
BSU_03710	GO:0055085	3	0.15	0
BSU_33360	GO:0006508	3	0.15	0
BSU_35840	GO:0006508	3	0.15	0
BSU_02500	GO:0043565	3	0.15	0
BSU_35520	GO:0006508	3	0.15	0
BSU_35570	GO:0006508	3	0.15	0
BSU_35590	GO:0006508	3	0.15	0
BSU_35540	GO:0006508	3	0.15	0
BSU_24360	GO:0005515	3	0.15	1
BSU_29320	GO:0045454	3	0.15	1
BSU_35550	GO:0006508	3	0.15	0
BSU_36690	GO:0016853	3	0.15	0
BSU_02530	GO:0016853	3	0.15	0
BSU_14990	GO:0016853	3	0.15	0
BSU_04440	GO:0006508	3	0.15	0
BSU_37350	GO:0006508	3	0.15	0
BSU_25840	GO:0006508	3	0.15	0
BSU_25750	GO:0006508	3	0.15	0
BSU_35820	GO:0055085	3	0.15	0
BSU_03700	GO:0055085	3	0.15	0
BSU_11680	GO:0016853	3	0.15	0
BSU_03720	GO:0055085	3	0.15	0
BSU_18920	GO:0006508	3	0.15	0
BSU_01910	GO:0006508	3	0.15	0
BSU_04740	GO:0006556	3	0.15	0
BSU_31875	GO:0000160	3	0.15	0
BSU_32990	GO:0043565	3	0.15	0
BSU_26970	GO:0009229	3	0.15	0
BSU_02680	GO:0043565	3	0.15	0
BSU_38130	GO:0009847	3	0.15	1
BSU_05480	GO:0005829	3	0.15	0
BSU_08230	GO:0005829	3	0.15	0
BSU_22180	GO:0005829	3	0.15	0
BSU_10370	GO:0055085	3	0.15	0
BSU_04270	GO:0016787	3	0.15	0
BSU_02470	GO:0005829	3	0.15	0
BSU_18550	GO:0016787	3	0.15	0
BSU_07450	GO:0005829	3	0.15	0
BSU_25570	GO:0055085	3	0.15	0
BSU_05500	GO:0005829	3	0.15	0
BSU_12330	GO:0005829	3	0.15	0
BSU_40250	GO:0005829	3	0.15	0
BSU_03710	GO:0005524	3	0.15	0
BSU_03720	GO:0005524	3	0.15	0
BSU_00230	GO:0009229	3	0.15	0
BSU_26970	GO:0005829	3	0.15	0
BSU_03700	GO:0005524	3	0.15	0
BSU_13700	GO:0009229	3	0.15	0
BSU_35820	GO:0005524	3	0.15	0
BSU_35220	GO:0055085	3	0.15	0
BSU_36880	GO:0055085	3	0.15	0
BSU_16740	GO:0005829	3	0.15	0
BSU_29320	GO:0005829	3	0.15	0
BSU_04310	GO:0016787	3	0.15	0
BSU_30620	GO:0016787	3	0.15	0
BSU_22230	GO:0005829	3	0.15	0
BSU_11550	GO:0016020	3	0.15	0
BSU_11550	GO:0005829	3	0.15	0
BSU_31560	GO:0016787	3	0.15	0
BSU_33360	GO:0016787	3	0.15	0
BSU_30720	GO:0016787	3	0.15	0
BSU_38570	GO:0008966	3	0.15	0
BSU_17300	GO:0005886	3	0.15	1
BSU_38570	GO:0005829	3	0.15	0
BSU_35360	GO:0008966	3	0.15	0
BSU_24430	GO:0016887	3	0.15	1
BSU_17300	GO:0016787	3	0.15	0
BSU_08830	GO:0016787	3	0.15	0
BSU_17290	GO:0016787	3	0.15	0
BSU_00470	GO:0003677	3	0.15	1
BSU_29730	GO:0016787	3	0.15	0
BSU_08110	GO:0030436	3	0.15	1
BSU_31480	GO:0016787	3	0.15	0
BSU_10570	GO:0016787	3	0.15	0
BSU_35590	GO:0071555	3	0.15	1
BSU_23050	GO:0016787	3	0.15	0
BSU_04940	GO:0060187	3	0.15	1
BSU_08850	GO:0016787	3	0.15	0
BSU_33070	GO:0006605	3	0.15	0
BSU_35800	GO:0005524	3	0.15	0
BSU_31170	GO:0005829	3	0.15	0
BSU_33050	GO:0055085	3	0.15	0
BSU_27040	GO:0005524	3	0.15	0
BSU_32580	GO:0065002	3	0.15	0
BSU_15810	GO:0005524	3	0.15	0
BSU_25570	GO:0005524	3	0.15	0
BSU_12330	GO:0003677	3	0.15	0
BSU_12390	GO:0003677	3	0.15	0
BSU_25840	GO:0003677	3	0.15	0
BSU_25630	GO:0009229	3	0.15	0
BSU_08110	GO:0003677	3	0.15	0
BSU_36880	GO:0065002	3	0.15	0
BSU_00230	GO:0005524	3	0.15	0
BSU_33050	GO:0065002	3	0.15	0
BSU_22230	GO:0051920	3	0.15	0
BSU_33070	GO:0055085	3	0.15	0
BSU_18020	GO:0030435	3	0.15	1
BSU_04830	GO:0043565	3	0.15	0
BSU_04860	GO:0043565	3	0.15	0
BSU_39430	GO:0043565	3	0.15	0
BSU_00230	GO:0005886	3	0.15	0
BSU_17870	GO:0043565	3	0.15	0
BSU_15810	GO:0005886	3	0.15	0
BSU_39990	GO:0043565	3	0.15	0
BSU_32590	GO:0065002	3	0.15	0
BSU_33070	GO:0065002	3	0.15	0
BSU_33050	GO:0005524	3	0.15	0
BSU_03340	GO:0003677	3	0.15	0
BSU_00440	GO:0003677	3	0.15	0
BSU_06580	GO:0003677	3	0.15	0
BSU_26260	GO:0003677	3	0.15	0
BSU_32590	GO:0005524	3	0.15	0
BSU_12530	GO:0003677	3	0.15	0
BSU_05750	GO:0009229	3	0.15	0
BSU_16340	GO:0006605	3	0.15	0
BSU_38570	GO:0051920	3	0.15	0
BSU_18550	GO:0003677	3	0.15	0
BSU_32580	GO:0005524	3	0.15	0
BSU_38960	GO:0003677	3	0.15	0
BSU_27050	GO:0005524	3	0.15	0
BSU_28740	GO:0005524	3	0.15	0
BSU_28730	GO:0005524	3	0.15	0
BSU_38950	GO:0003677	3	0.15	0
BSU_34370	GO:0005524	3	0.15	0
BSU_00440	GO:0043565	3	0.15	0
BSU_35820	GO:0065002	3	0.15	0
BSU_38980	GO:0003677	3	0.15	0
BSU_38990	GO:0003677	3	0.15	0
BSU_28520	GO:0003677	3	0.15	0
BSU_35800	GO:0065002	3	0.15	0
BSU_25750	GO:0005886	3	0.15	0
BSU_22230	GO:0051156	3	0.15	0
BSU_24360	GO:0016887	3	0.15	0
BSU_35960	GO:0005737	3	0.15	0
BSU_38130	GO:0016491	3	0.15	0
BSU_37350	GO:0016491	3	0.15	0
BSU_37380	GO:0016491	3	0.15	0
BSU_18920	GO:0016491	3	0.15	0
BSU_26970	GO:0016829	3	0.15	0
BSU_35550	GO:0016491	3	0.15	0
BSU_35540	GO:0016491	3	0.15	0
BSU_35590	GO:0016491	3	0.15	0
BSU_25630	GO:0016829	3	0.15	0
BSU_35570	GO:0016491	3	0.15	0
BSU_10570	GO:0016757	3	0.15	0
BSU_31480	GO:0016757	3	0.15	0
BSU_14500	GO:0008460	3	0.15	0
BSU_39100	GO:0016491	3	0.15	0
BSU_06560	GO:0008460	3	0.15	0
BSU_19550	GO:0008460	3	0.15	0
BSU_19560	GO:0008460	3	0.15	0
BSU_00440	GO:0008460	3	0.15	0
BSU_39520	GO:0016491	3	0.15	0
BSU_29330	GO:0016491	3	0.15	0
BSU_26260	GO:0060187	3	0.15	0
BSU_14500	GO:0016491	3	0.15	0
BSU_30720	GO:0016491	3	0.15	0
BSU_12530	GO:0016491	3	0.15	0
BSU_10570	GO:0016491	3	0.15	0
BSU_39470	GO:0016491	3	0.15	0
BSU_15660	GO:0016491	3	0.15	0
BSU_39510	GO:0016491	3	0.15	0
BSU_29390	GO:0016491	3	0.15	0
BSU_02260	GO:0008460	3	0.15	0
BSU_05480	GO:0008460	3	0.15	0
BSU_08860	GO:0016491	3	0.15	0
BSU_18170	GO:0016491	3	0.15	0
BSU_14520	GO:0008460	3	0.15	0
BSU_17290	GO:0016757	3	0.15	0
BSU_17300	GO:0016757	3	0.15	0
BSU_09090	GO:0016757	3	0.15	0
BSU_04710	GO:0005737	3	0.15	0
BSU_35220	GO:0016020	3	0.15	0
BSU_13680	GO:0016020	3	0.15	0
BSU_34690	GO:0016757	3	0.15	0
BSU_08070	GO:0005737	3	0.15	0
BSU_38570	GO:0006006	3	0.15	0
BSU_17030	GO:0005975	3	0.15	0
BSU_12230	GO:0016829	3	0.15	0
BSU_09890	GO:0016757	3	0.15	0
BSU_27040	GO:0005737	3	0.15	0
BSU_27050	GO:0005737	3	0.15	0
BSU_38570	GO:0006355	3	0.15	0
BSU_28730	GO:0005737	3	0.15	0
BSU_28740	GO:0005737	3	0.15	0
BSU_04740	GO:0005737	3	0.15	0
BSU_05750	GO:0016829	3	0.15	0
BSU_34500	GO:0005215	3	0.15	0
BSU_24690	GO:0016020	3	0.15	0
BSU_35360	GO:0005737	3	0.15	0
BSU_30440	GO:0016020	3	0.15	0
BSU_30450	GO:0016020	3	0.15	0
BSU_31560	GO:0005215	3	0.15	0
BSU_24990	GO:0016020	3	0.15	0
BSU_24970	GO:0016020	3	0.15	0
BSU_13700	GO:0016829	3	0.15	0
BSU_31480	GO:0005215	3	0.15	0
BSU_30720	GO:0016757	3	0.15	0
BSU_33360	GO:0016757	3	0.15	0
BSU_24360	GO:0016020	3	0.15	0
BSU_17300	GO:0005215	3	0.15	0
BSU_17290	GO:0005215	3	0.15	0
BSU_11550	GO:0006355	3	0.15	0
BSU_13700	GO:0060187	3	0.15	0
BSU_25340	GO:0016491	3	0.15	0
BSU_34490	GO:0005215	3	0.15	0
BSU_06990	GO:0015293	3	0.15	0
BSU_38570	GO:0046872	3	0.15	0
BSU_31550	GO:0016020	3	0.15	0
BSU_13000	GO:0003677	3	0.15	0
BSU_08070	GO:0004425	3	0.15	0
BSU_04440	GO:0015293	3	0.15	0
BSU_06980	GO:0015293	3	0.15	0
BSU_30810	GO:0008460	3	0.15	0
BSU_18550	GO:0004425	3	0.15	0
BSU_36000	GO:0004425	3	0.15	0
BSU_08380	GO:0005215	3	0.15	0
BSU_33360	GO:0008460	3	0.15	0
BSU_17420	GO:0071555	3	0.15	0
BSU_31875	GO:0071555	3	0.15	0
BSU_09890	GO:0071555	3	0.15	0
BSU_16740	GO:0004425	3	0.15	0
BSU_31560	GO:0016020	3	0.15	0
BSU_39930	GO:0005215	3	0.15	0
BSU_10330	GO:0016020	3	0.15	0
BSU_30170	GO:0015293	3	0.15	0
BSU_16860	GO:0016757	3	0.15	0
BSU_36240	GO:0032300	3	0.15	0
BSU_28040	GO:0016757	3	0.15	0
BSU_08850	GO:0015293	3	0.15	0
BSU_27950	GO:0016757	3	0.15	0
BSU_35860	GO:0016757	3	0.15	0
BSU_31560	GO:0015293	3	0.15	0
BSU_10750	GO:0004425	3	0.15	0
BSU_28730	GO:0015293	3	0.15	0
BSU_28740	GO:0015293	3	0.15	0
BSU_30440	GO:0015293	3	0.15	0
BSU_38510	GO:0016020	3	0.15	0
BSU_35960	GO:0016020	3	0.15	0
BSU_04940	GO:0071555	3	0.15	0
BSU_24430	GO:0071555	3	0.15	0
BSU_15810	GO:0015293	3	0.15	0
BSU_12530	GO:0060187	3	0.15	0
BSU_31875	GO:0060187	3	0.15	0
BSU_09890	GO:0060187	3	0.15	0
BSU_25340	GO:0008460	3	0.15	0
BSU_40120	GO:0046872	3	0.15	0
BSU_24430	GO:0060187	3	0.15	0
BSU_25340	GO:0060187	3	0.15	0
BSU_36180	GO:0008460	3	0.15	0
BSU_36480	GO:0005215	3	0.15	0
BSU_00230	GO:0015293	3	0.15	0
BSU_22230	GO:0046872	3	0.15	0
BSU_08830	GO:0060187	3	0.15	0
BSU_04310	GO:0015293	3	0.15	0
BSU_33570	GO:0005215	3	0.15	0
BSU_25570	GO:0015293	3	0.15	0
BSU_17420	GO:0060187	3	0.15	0
BSU_07460	GO:0005215	3	0.15	0
BSU_25340	GO:0071555	3	0.15	0
BSU_38430	GO:0071555	3	0.15	0
BSU_12530	GO:0071555	3	0.15	0
BSU_08830	GO:0071555	3	0.15	0
BSU_13700	GO:0071555	3	0.15	0
BSU_26260	GO:0071555	3	0.15	0
BSU_04310	GO:0071555	3	0.15	0
BSU_37850	GO:0071555	3	0.15	0
BSU_22460	GO:0071555	3	0.15	0
BSU_04860	GO:0060187	3	0.15	0
BSU_31480	GO:0060187	3	0.15	0
BSU_10570	GO:0060187	3	0.15	0
BSU_23050	GO:0060187	3	0.15	0
BSU_08850	GO:0060187	3	0.15	0
BSU_30620	GO:0060187	3	0.15	0
BSU_04310	GO:0060187	3	0.15	0
BSU_36130	GO:0016757	3	0.15	0
BSU_36120	GO:0016757	3	0.15	0
BSU_34520	GO:0030170	3	0.15	0
BSU_24020	GO:0045892	3	0.15	0
BSU_24690	GO:0006750	3	0.15	0
BSU_02530	GO:0003677	3	0.15	0
BSU_24360	GO:0030420	3	0.15	0
BSU_14990	GO:0003677	3	0.15	0
BSU_24970	GO:0030420	3	0.15	0
BSU_24990	GO:0030420	3	0.15	0
BSU_34370	GO:0030420	3	0.15	0
BSU_08850	GO:0022857	3	0.15	0
BSU_10330	GO:0016020	3	0.15	0
BSU_35220	GO:0008360	3	0.15	0
BSU_39500	GO:0016020	3	0.15	0
BSU_38510	GO:0016020	3	0.15	0
BSU_02260	GO:0003677	3	0.15	0
BSU_39770	GO:0045892	3	0.15	0
BSU_35960	GO:0016020	3	0.15	0
BSU_10370	GO:0006826	3	0.15	0
BSU_32030	GO:0006826	3	0.15	0
BSU_36690	GO:0003677	3	0.15	0
BSU_06990	GO:0022857	3	0.15	0
BSU_04960	GO:0022857	3	0.15	0
BSU_12440	GO:0003677	3	0.15	0
BSU_12430	GO:0003677	3	0.15	0
BSU_35220	GO:0030420	3	0.15	0
BSU_02500	GO:0045892	3	0.15	0
BSU_34690	GO:0022857	3	0.15	0
BSU_06980	GO:0022857	3	0.15	0
BSU_05750	GO:0003677	3	0.15	0
BSU_04440	GO:0022857	3	0.15	0
BSU_30440	GO:0022857	3	0.15	0
BSU_28740	GO:0022857	3	0.15	0
BSU_40120	GO:0003677	3	0.15	0
BSU_28730	GO:0022857	3	0.15	0
BSU_24670	GO:0006826	3	0.15	0
BSU_30170	GO:0022857	3	0.15	0
BSU_31560	GO:0016020	3	0.15	0
BSU_31550	GO:0016020	3	0.15	0
BSU_23050	GO:0016020	3	0.15	0
BSU_27050	GO:0006826	3	0.15	0
BSU_35220	GO:0016020	3	0.15	0
BSU_13680	GO:0006826	3	0.15	0
BSU_29730	GO:0016020	3	0.15	0
BSU_13680	GO:0016020	3	0.15	0
BSU_38510	GO:0006750	3	0.15	0
BSU_31270	GO:0006750	3	0.15	0
BSU_27040	GO:0006826	3	0.15	0
BSU_35220	GO:0006826	3	0.15	0
BSU_08830	GO:0016020	3	0.15	0
BSU_07520	GO:0016020	3	0.15	0
BSU_19460	GO:0003677	3	0.15	0
BSU_10370	GO:0016020	3	0.15	0
BSU_32030	GO:0016020	3	0.15	0
BSU_24360	GO:0016020	3	0.15	0
BSU_24690	GO:0016020	3	0.15	0
BSU_07120	GO:0022857	3	0.15	0
BSU_30450	GO:0016020	3	0.15	0
BSU_07110	GO:0006826	3	0.15	0
BSU_30135	GO:0006826	3	0.15	0
BSU_07120	GO:0006826	3	0.15	0
BSU_30170	GO:0006826	3	0.15	0
BSU_24230	GO:0006750	3	0.15	0
BSU_30440	GO:0016020	3	0.15	0
BSU_30135	GO:0022857	3	0.15	0
BSU_23050	GO:0006826	3	0.15	0
BSU_25570	GO:0006826	3	0.15	0
BSU_39470	GO:0003677	3	0.15	0
BSU_24990	GO:0016020	3	0.15	0
BSU_24970	GO:0016020	3	0.15	0
BSU_07110	GO:0022857	3	0.15	0
BSU_30620	GO:0022857	3	0.15	0
BSU_27660	GO:0003677	3	0.15	0
BSU_13680	GO:0030420	3	0.15	0
BSU_31210	GO:0045892	3	0.15	0
BSU_29730	GO:0022857	3	0.15	0
BSU_22230	GO:0005886	3	0.15	0
BSU_10370	GO:0016020	3	0.15	0
BSU_32030	GO:0016020	3	0.15	0
BSU_24670	GO:0016020	3	0.15	0
BSU_17030	GO:0005886	3	0.15	0
BSU_22180	GO:0005886	3	0.15	0
BSU_13680	GO:0022857	3	0.15	0
BSU_12330	GO:0050661	3	0.15	0
BSU_27050	GO:0022857	3	0.15	0
BSU_27040	GO:0022857	3	0.15	0
BSU_25570	GO:0140359	3	0.15	0
BSU_10570	GO:0022857	3	0.15	0
BSU_23050	GO:0022857	3	0.15	0
BSU_32030	GO:0030420	3	0.15	0
BSU_36240	GO:0005886	3	0.15	0
BSU_05500	GO:0050661	3	0.15	0
BSU_08830	GO:0022857	3	0.15	0
BSU_33570	GO:0016757	3	0.15	0
BSU_35360	GO:0006006	3	0.15	0
BSU_22230	GO:0006355	3	0.15	0
BSU_34500	GO:0016757	3	0.15	0
BSU_34490	GO:0016757	3	0.15	0
BSU_38570	GO:0005975	3	0.15	0
BSU_23050	GO:0016020	3	0.15	0
BSU_04960	GO:0016757	3	0.15	0
BSU_38540	GO:0050661	3	0.15	0
BSU_07520	GO:0016020	3	0.15	0
BSU_33660	GO:0045892	3	0.15	0
BSU_11550	GO:0005886	3	0.15	0
BSU_29320	GO:0050661	3	0.15	0
BSU_08230	GO:0050661	3	0.15	0
BSU_00230	GO:0140359	3	0.15	0
BSU_10370	GO:0030420	3	0.15	0
BSU_07520	GO:0022857	3	0.15	0
BSU_32200	GO:0050661	3	0.15	0
BSU_27040	GO:0140359	3	0.15	0
BSU_24670	GO:0022857	3	0.15	0
BSU_08070	GO:0050661	3	0.15	0
BSU_23050	GO:0030420	3	0.15	0
BSU_34520	GO:0050661	3	0.15	0
BSU_27040	GO:0030420	3	0.15	0
BSU_27050	GO:0030420	3	0.15	0
BSU_33840	GO:0045892	3	0.15	0
BSU_32030	GO:0022857	3	0.15	0
BSU_27050	GO:0140359	3	0.15	0
BSU_13000	GO:0008360	3	0.15	0
BSU_38110	GO:0050661	3	0.15	0
BSU_25340	GO:0003677	3	0.15	0
BSU_32100	GO:0050661	3	0.15	0
BSU_19040	GO:0003677	3	0.15	0
BSU_31170	GO:0050661	3	0.15	0
BSU_16870	GO:0050661	3	0.15	0
BSU_15810	GO:0140359	3	0.15	0
BSU_07110	GO:0030420	3	0.15	0
BSU_25830	GO:0003677	3	0.15	0
BSU_18920	GO:0003677	3	0.15	0
BSU_34180	GO:0045892	3	0.15	0
BSU_04310	GO:0022857	3	0.15	0
BSU_30460	GO:0045892	3	0.15	0
BSU_34760	GO:0003677	3	0.15	0
BSU_30135	GO:0030420	3	0.15	0
BSU_29420	GO:0050661	3	0.15	0
BSU_26970	GO:0050661	3	0.15	0
BSU_07120	GO:0030420	3	0.15	0
BSU_30170	GO:0030420	3	0.15	0
BSU_36180	GO:0003677	3	0.15	0
BSU_07520	GO:0030420	3	0.15	0
BSU_16740	GO:0050661	3	0.15	0
BSU_07120	GO:0015293	3	0.15	0
BSU_30135	GO:0015293	3	0.15	0
BSU_07110	GO:0015293	3	0.15	0
BSU_30620	GO:0015293	3	0.15	0
BSU_07110	GO:0006813	3	0.15	0
BSU_34370	GO:0005515	3	0.15	0
BSU_28730	GO:0005515	3	0.15	0
BSU_12530	GO:0046677	3	0.15	0
BSU_09200	GO:0046677	3	0.15	0
BSU_06750	GO:0046677	3	0.15	0
BSU_17870	GO:0046677	3	0.15	0
BSU_13680	GO:0016020	3	0.15	0
BSU_36880	GO:0006814	3	0.15	0
BSU_28740	GO:0005515	3	0.15	0
BSU_32580	GO:0005515	3	0.15	0
BSU_32590	GO:0005515	3	0.15	0
BSU_00230	GO:0006813	3	0.15	0
BSU_24670	GO:0006814	3	0.15	0
BSU_29730	GO:0016020	3	0.15	0
BSU_30135	GO:0006813	3	0.15	0
BSU_07120	GO:0006813	3	0.15	0
BSU_13020	GO:0046677	3	0.15	0
BSU_19460	GO:0046677	3	0.15	0
BSU_27050	GO:0006813	3	0.15	0
BSU_27040	GO:0006813	3	0.15	0
BSU_30170	GO:0005515	3	0.15	0
BSU_15810	GO:0006813	3	0.15	0
BSU_24990	GO:0042906	3	0.15	0
BSU_25570	GO:0005515	3	0.15	0
BSU_39470	GO:0046677	3	0.15	0
BSU_30170	GO:0006813	3	0.15	0
BSU_25570	GO:0006813	3	0.15	0
BSU_02260	GO:0046677	3	0.15	0
BSU_27040	GO:0005515	3	0.15	0
BSU_27050	GO:0005515	3	0.15	0
BSU_24190	GO:0046677	3	0.15	0
BSU_19560	GO:0046677	3	0.15	0
BSU_32030	GO:0006814	3	0.15	0
BSU_10370	GO:0006814	3	0.15	0
BSU_27660	GO:0006364	3	0.15	0
BSU_35220	GO:0006814	3	0.15	0
BSU_37400	GO:0006813	3	0.15	0
BSU_13680	GO:0006814	3	0.15	0
BSU_09090	GO:0006813	3	0.15	0
BSU_22180	GO:0071555	3	0.15	0
BSU_34690	GO:0006813	3	0.15	0
BSU_22180	GO:0046872	3	0.15	0
BSU_40120	GO:0006364	3	0.15	0
BSU_38570	GO:0006412	3	0.15	0
BSU_39770	GO:0051775	3	0.15	0
BSU_30450	GO:0016020	3	0.15	0
BSU_30440	GO:0016020	3	0.15	0
BSU_38570	GO:0006364	3	0.15	0
BSU_33360	GO:0016020	3	0.15	0
BSU_24360	GO:0006814	3	0.15	0
BSU_27050	GO:0006814	3	0.15	0
BSU_27040	GO:0006814	3	0.15	0
BSU_17290	GO:0016020	3	0.15	0
BSU_07110	GO:0006814	3	0.15	0
BSU_17300	GO:0016020	3	0.15	0
BSU_16450	GO:0006537	3	0.15	0
BSU_06980	GO:0005515	3	0.15	0
BSU_06990	GO:0005515	3	0.15	0
BSU_12440	GO:0006364	3	0.15	0
BSU_12430	GO:0006364	3	0.15	0
BSU_30135	GO:0006814	3	0.15	0
BSU_24990	GO:0016020	3	0.15	0
BSU_07120	GO:0006814	3	0.15	0
BSU_30170	GO:0006814	3	0.15	0
BSU_03340	GO:0006537	3	0.15	0
BSU_07520	GO:0006814	3	0.15	0
BSU_25570	GO:0006814	3	0.15	0
BSU_24970	GO:0016020	3	0.15	0
BSU_24970	GO:0042906	3	0.15	0
BSU_07120	GO:0005515	3	0.15	0
BSU_30135	GO:0005515	3	0.15	0
BSU_27040	GO:0042906	3	0.15	0
BSU_04960	GO:0016787	3	0.15	0
BSU_24670	GO:0016020	3	0.15	0
BSU_33570	GO:0016787	3	0.15	0
BSU_10370	GO:0016020	3	0.15	0
BSU_23050	GO:0042906	3	0.15	0
BSU_10570	GO:0042906	3	0.15	0
BSU_34490	GO:0016787	3	0.15	0
BSU_08830	GO:0042906	3	0.15	0
BSU_27050	GO:0042906	3	0.15	0
BSU_34500	GO:0016787	3	0.15	0
BSU_36120	GO:0016787	3	0.15	0
BSU_36130	GO:0016787	3	0.15	0
BSU_13680	GO:0042906	3	0.15	0
BSU_29730	GO:0042906	3	0.15	0
BSU_08850	GO:0042906	3	0.15	0
BSU_01845	GO:0016787	3	0.15	0
BSU_09890	GO:0016787	3	0.15	0
BSU_30135	GO:0042906	3	0.15	0
BSU_16860	GO:0005737	3	0.15	0
BSU_01845	GO:0005737	3	0.15	0
BSU_04310	GO:0042906	3	0.15	0
BSU_30620	GO:0042906	3	0.15	0
BSU_04810	GO:0005737	3	0.15	0
BSU_07110	GO:0042906	3	0.15	0
BSU_07120	GO:0042906	3	0.15	0
BSU_25570	GO:0042906	3	0.15	0
BSU_30170	GO:0042906	3	0.15	0
BSU_33360	GO:0005737	3	0.15	0
BSU_40250	GO:0005737	3	0.15	0
BSU_21990	GO:0005737	3	0.15	0
BSU_13000	GO:0006826	3	0.15	0
BSU_07520	GO:0042906	3	0.15	0
BSU_35840	GO:0016787	3	0.15	0
BSU_09090	GO:0016787	3	0.15	0
BSU_07110	GO:0005515	3	0.15	0
BSU_00230	GO:0005515	3	0.15	0
BSU_24360	GO:0042906	3	0.15	0
BSU_32590	GO:0006813	3	0.15	0
BSU_32580	GO:0006813	3	0.15	0
BSU_28740	GO:0006813	3	0.15	0
BSU_28730	GO:0006813	3	0.15	0
BSU_34370	GO:0006813	3	0.15	0
BSU_19800	GO:0046677	3	0.15	0
BSU_31480	GO:0016787	3	0.15	0
BSU_24690	GO:0042906	3	0.15	0
BSU_06560	GO:0046677	3	0.15	0
BSU_14520	GO:0046677	3	0.15	0
BSU_25630	GO:0046677	3	0.15	0
BSU_25680	GO:0046677	3	0.15	0
BSU_31480	GO:0016020	3	0.15	0
BSU_10570	GO:0016787	3	0.15	0
BSU_17290	GO:0016787	3	0.15	0
BSU_34690	GO:0016787	3	0.15	0
BSU_38570	GO:0032259	3	0.15	0
BSU_07520	GO:0016020	3	0.15	0
BSU_35220	GO:0016020	3	0.15	0
BSU_36880	GO:0016020	3	0.15	0
BSU_06990	GO:0006813	3	0.15	0
BSU_06980	GO:0006813	3	0.15	0
BSU_24690	GO:0016020	3	0.15	0
BSU_09200	GO:0016787	3	0.15	0
BSU_17300	GO:0016787	3	0.15	0
BSU_08830	GO:0016020	3	0.15	0
BSU_22230	GO:0032259	3	0.15	0
BSU_33360	GO:0016787	3	0.15	0
BSU_30720	GO:0016787	3	0.15	0
BSU_23050	GO:0016020	3	0.15	0
BSU_14990	GO:0016740	3	0.15	0
BSU_24690	GO:0006814	3	0.15	0
BSU_24970	GO:0006814	3	0.15	0
BSU_24990	GO:0006814	3	0.15	0
BSU_08830	GO:0006813	3	0.15	0
BSU_22230	GO:0004312	3	0.15	0
BSU_30720	GO:0016747	3	0.15	0
BSU_23050	GO:0006813	3	0.15	0
BSU_38570	GO:0004312	3	0.15	0
BSU_09770	GO:0016747	3	0.15	0
BSU_08850	GO:0006813	3	0.15	0
BSU_13000	GO:0015625	3	0.15	0
BSU_31480	GO:0006813	3	0.15	0
BSU_25750	GO:0016747	3	0.15	0
BSU_37040	GO:0005215	3	0.15	0
BSU_17990	GO:0016747	3	0.15	0
BSU_28060	GO:0016747	3	0.15	0
BSU_04960	GO:0005215	3	0.15	0
BSU_35840	GO:0016757	3	0.15	0
BSU_10570	GO:0006813	3	0.15	0
BSU_19550	GO:0016747	3	0.15	0
BSU_24350	GO:0004312	3	0.15	0
BSU_09090	GO:0016020	3	0.15	0
BSU_38430	GO:0016747	3	0.15	0
BSU_36880	GO:0015031	3	0.15	0
BSU_39980	GO:0016747	3	0.15	0
BSU_39010	GO:0016747	3	0.15	0
BSU_16340	GO:0015031	3	0.15	0
BSU_25340	GO:0016747	3	0.15	0
BSU_37400	GO:0016020	3	0.15	0
BSU_19560	GO:0016747	3	0.15	0
BSU_29730	GO:0006813	3	0.15	0
BSU_36180	GO:0016747	3	0.15	0
BSU_02260	GO:0016747	3	0.15	0
BSU_05480	GO:0016747	3	0.15	0
BSU_09890	GO:0016020	3	0.15	0
BSU_00440	GO:0016747	3	0.15	0
BSU_22230	GO:0004519	3	0.15	0
BSU_09090	GO:0005215	3	0.15	0
BSU_09200	GO:0016020	3	0.15	0
BSU_09200	GO:0016757	3	0.15	0
BSU_30135	GO:0005215	3	0.15	0
BSU_07110	GO:0005215	3	0.15	0
BSU_30620	GO:0005215	3	0.15	0
BSU_17030	GO:0006221	3	0.15	0
BSU_38570	GO:0004519	3	0.15	0
BSU_13700	GO:0004425	3	0.15	0
BSU_04810	GO:0016757	3	0.15	0
BSU_07120	GO:0005215	3	0.15	0
BSU_19560	GO:0004425	3	0.15	0
BSU_05480	GO:0004425	3	0.15	0
BSU_16340	GO:0016491	3	0.15	0
BSU_08230	GO:0004425	3	0.15	0
BSU_07450	GO:0004425	3	0.15	0
BSU_05500	GO:0004425	3	0.15	0
BSU_19170	GO:0016757	3	0.15	0
BSU_30170	GO:0005215	3	0.15	0
BSU_34690	GO:0005215	3	0.15	0
BSU_04310	GO:0006813	3	0.15	0
BSU_30620	GO:0006813	3	0.15	0
BSU_06990	GO:0005215	3	0.15	0
BSU_06980	GO:0005215	3	0.15	0
BSU_04440	GO:0005215	3	0.15	0
BSU_40740	GO:0016757	3	0.15	0
BSU_30440	GO:0005215	3	0.15	0
BSU_28740	GO:0005215	3	0.15	0
BSU_08850	GO:0005215	3	0.15	0
BSU_28730	GO:0005215	3	0.15	0
BSU_36240	GO:0016491	3	0.15	0
BSU_25490	GO:0016491	3	0.15	0
BSU_02530	GO:0016757	3	0.15	0
BSU_12820	GO:0016757	3	0.15	0
BSU_05750	GO:0004425	3	0.15	0
BSU_11550	GO:0006221	3	0.15	0
BSU_39470	GO:0016747	3	0.15	0
BSU_38570	GO:0051539	3	0.15	0
BSU_31270	GO:0051537	3	0.15	0
BSU_13780	GO:0030436	3	0.15	0
BSU_24230	GO:0051537	3	0.15	0
BSU_28060	GO:0030436	3	0.15	0
BSU_39500	GO:0006813	3	0.15	0
BSU_25840	GO:0030436	3	0.15	0
BSU_25750	GO:0030436	3	0.15	0
BSU_25690	GO:0051537	3	0.15	0
BSU_38570	GO:0046872	3	0.15	0
BSU_00610	GO:0030436	3	0.15	0
BSU_00600	GO:0030436	3	0.15	0
BSU_35820	GO:0015031	3	0.15	0
BSU_12440	GO:0051537	3	0.15	0
BSU_09770	GO:0030436	3	0.15	0
BSU_12430	GO:0051537	3	0.15	0
BSU_00440	GO:0030436	3	0.15	0
BSU_14990	GO:0006364	3	0.15	0
BSU_25830	GO:0030436	3	0.15	0
BSU_06990	GO:0006813	3	0.15	0
BSU_26260	GO:0030153	3	0.15	0
BSU_31550	GO:0016020	3	0.15	0
BSU_13700	GO:0030153	3	0.15	0
BSU_31560	GO:0016020	3	0.15	0
BSU_09200	GO:0006813	3	0.15	0
BSU_22230	GO:0051539	3	0.15	0
BSU_24020	GO:0051775	3	0.15	0
BSU_39500	GO:0016020	3	0.15	0
BSU_22230	GO:0046872	3	0.15	0
BSU_06980	GO:0006813	3	0.15	0
BSU_38570	GO:0071555	3	0.15	0
BSU_08830	GO:0030153	3	0.15	0
BSU_17420	GO:0030436	3	0.15	0
BSU_38510	GO:0016020	3	0.15	0
BSU_11780	GO:0051537	3	0.15	0
BSU_30450	GO:0030153	3	0.15	0
BSU_04200	GO:0016747	3	0.15	0
BSU_32590	GO:0015031	3	0.15	0
BSU_00230	GO:0051537	3	0.15	0
BSU_11550	GO:0006526	3	0.15	0
BSU_25490	GO:0006221	3	0.15	0
BSU_14500	GO:0016747	3	0.15	0
BSU_21990	GO:0016747	3	0.15	0
BSU_40250	GO:0016747	3	0.15	0
BSU_33360	GO:0016747	3	0.15	0
BSU_33050	GO:0015031	3	0.15	0
BSU_17300	GO:0006813	3	0.15	0
BSU_04810	GO:0016747	3	0.15	0
BSU_32580	GO:0015031	3	0.15	0
BSU_01845	GO:0016747	3	0.15	0
BSU_10750	GO:0016747	3	0.15	0
BSU_17290	GO:0006813	3	0.15	0
BSU_22230	GO:0071555	3	0.15	0
BSU_33070	GO:0015031	3	0.15	0
BSU_31550	GO:0030153	3	0.15	0
BSU_34520	GO:0051537	3	0.15	0
BSU_35800	GO:0015031	3	0.15	0
BSU_15810	GO:0051537	3	0.15	0
BSU_30720	GO:0030436	3	0.15	0
BSU_24430	GO:0030436	3	0.15	0
BSU_16740	GO:0030436	3	0.15	0
BSU_25690	GO:0030436	3	0.15	0
BSU_12820	GO:0030436	3	0.15	0
BSU_30720	GO:0006813	3	0.15	0
BSU_36690	GO:0051537	3	0.15	0
BSU_36690	GO:0030436	3	0.15	0
BSU_14990	GO:0030436	3	0.15	0
BSU_31560	GO:0006813	3	0.15	0
BSU_33360	GO:0006813	3	0.15	0
BSU_14990	GO:0051537	3	0.15	0
BSU_24670	GO:0016020	3	0.15	0
BSU_24360	GO:0006826	3	0.15	0
BSU_24690	GO:0006826	3	0.15	0
BSU_05750	GO:0003824	3	0.15	0
BSU_17290	GO:0030435	3	0.15	0
BSU_31480	GO:0030435	3	0.15	0
BSU_02530	GO:0008168	3	0.15	0
BSU_36690	GO:0008168	3	0.15	0
BSU_05750	GO:0008168	3	0.15	0
BSU_25570	GO:0031460	3	0.15	0
BSU_19040	GO:0008168	3	0.15	0
BSU_36690	GO:0019344	3	0.15	0
BSU_36180	GO:0008168	3	0.15	0
BSU_15810	GO:0031460	3	0.15	0
BSU_18920	GO:0008168	3	0.15	0
BSU_02450	GO:0008168	3	0.15	0
BSU_25830	GO:0008168	3	0.15	0
BSU_05750	GO:0019344	3	0.15	0
BSU_27040	GO:0031460	3	0.15	0
BSU_16620	GO:0008168	3	0.15	0
BSU_17300	GO:0030435	3	0.15	0
BSU_33360	GO:0030435	3	0.15	0
BSU_36120	GO:0030435	3	0.15	0
BSU_04960	GO:0030435	3	0.15	0
BSU_33140	GO:0016020	3	0.15	0
BSU_25340	GO:0008168	3	0.15	0
BSU_33570	GO:0030435	3	0.15	0
BSU_34490	GO:0030435	3	0.15	0
BSU_34500	GO:0030435	3	0.15	0
BSU_36130	GO:0030435	3	0.15	0
BSU_09200	GO:0030435	3	0.15	0
BSU_35840	GO:0030435	3	0.15	0
BSU_29330	GO:0008168	3	0.15	0
BSU_09890	GO:0030435	3	0.15	0
BSU_09090	GO:0030435	3	0.15	0
BSU_34690	GO:0030435	3	0.15	0
BSU_14500	GO:0008168	3	0.15	0
BSU_27050	GO:0031460	3	0.15	0
BSU_00230	GO:0006096	3	0.15	0
BSU_40120	GO:0019344	3	0.15	0
BSU_25690	GO:0008360	3	0.15	0
BSU_23050	GO:0016020	3	0.15	0
BSU_28740	GO:0031460	3	0.15	0
BSU_08850	GO:0005262	3	0.15	0
BSU_32580	GO:0031460	3	0.15	0
BSU_32590	GO:0031460	3	0.15	0
BSU_10570	GO:0005262	3	0.15	0
BSU_33050	GO:0031460	3	0.15	0
BSU_30170	GO:0005262	3	0.15	0
BSU_16740	GO:0008360	3	0.15	0
BSU_30720	GO:0005262	3	0.15	0
BSU_06980	GO:0005262	3	0.15	0
BSU_00230	GO:0005886	3	0.15	0
BSU_31270	GO:0008360	3	0.15	0
BSU_06990	GO:0005262	3	0.15	0
BSU_12820	GO:0008360	3	0.15	0
BSU_07120	GO:0005262	3	0.15	0
BSU_07520	GO:0016020	3	0.15	0
BSU_34520	GO:0008360	3	0.15	0
BSU_14990	GO:0008360	3	0.15	0
BSU_36690	GO:0008360	3	0.15	0
BSU_08830	GO:0016020	3	0.15	0
BSU_25840	GO:0008168	3	0.15	0
BSU_02260	GO:0008168	3	0.15	0
BSU_04310	GO:0005262	3	0.15	0
BSU_30620	GO:0005262	3	0.15	0
BSU_12440	GO:0008360	3	0.15	0
BSU_34370	GO:0031460	3	0.15	0
BSU_15810	GO:0008360	3	0.15	0
BSU_28730	GO:0031460	3	0.15	0
BSU_07110	GO:0005262	3	0.15	0
BSU_30135	GO:0005262	3	0.15	0
BSU_12430	GO:0008360	3	0.15	0
BSU_06740	GO:0008168	3	0.15	0
BSU_12230	GO:0008168	3	0.15	0
BSU_01845	GO:0030435	3	0.15	0
BSU_09090	GO:0009847	3	0.15	0
BSU_36880	GO:0031460	3	0.15	0
BSU_00230	GO:0031460	3	0.15	0
BSU_38570	GO:0005829	3	0.15	0
BSU_38980	GO:0019344	3	0.15	0
BSU_23270	GO:0019344	3	0.15	0
BSU_37400	GO:0009847	3	0.15	0
BSU_34690	GO:0009847	3	0.15	0
BSU_12430	GO:0019284	3	0.15	0
BSU_09200	GO:0009847	3	0.15	0
BSU_00470	GO:0030163	3	0.15	0
BSU_06990	GO:0009847	3	0.15	0
BSU_06980	GO:0009847	3	0.15	0
BSU_39500	GO:0009847	3	0.15	0
BSU_31480	GO:0016020	3	0.15	0
BSU_25490	GO:0030163	3	0.15	0
BSU_12440	GO:0019284	3	0.15	0
BSU_17290	GO:0016020	3	0.15	0
BSU_32030	GO:0055085	3	0.15	0
BSU_12440	GO:0003824	3	0.15	0
BSU_27660	GO:0003824	3	0.15	0
BSU_09200	GO:0035429	3	0.15	0
BSU_24670	GO:0055085	3	0.15	0
BSU_24020	GO:0003676	3	0.15	0
BSU_19040	GO:0003824	3	0.15	0
BSU_25340	GO:0003824	3	0.15	0
BSU_05750	GO:0006096	3	0.15	0
BSU_10370	GO:0055085	3	0.15	0
BSU_36180	GO:0003824	3	0.15	0
BSU_07520	GO:0055085	3	0.15	0
BSU_11550	GO:0009097	3	0.15	0
BSU_27660	GO:0019284	3	0.15	0
BSU_11550	GO:0009099	3	0.15	0
BSU_22230	GO:0005829	3	0.15	0
BSU_31560	GO:0009847	3	0.15	0
BSU_35570	GO:0030435	3	0.15	0
BSU_13700	GO:0006096	3	0.15	0
BSU_10570	GO:0009847	3	0.15	0
BSU_38650	GO:0016020	3	0.15	0
BSU_39930	GO:0016020	3	0.15	0
BSU_23050	GO:0009847	3	0.15	0
BSU_08850	GO:0009847	3	0.15	0
BSU_08830	GO:0009847	3	0.15	0
BSU_38570	GO:0019284	3	0.15	0
BSU_39100	GO:0016020	3	0.15	0
BSU_30620	GO:0009847	3	0.15	0
BSU_04310	GO:0009847	3	0.15	0
BSU_03530	GO:0016020	3	0.15	0
BSU_35520	GO:0030435	3	0.15	0
BSU_08380	GO:0016020	3	0.15	0
BSU_05500	GO:0030435	3	0.15	0
BSU_31480	GO:0009847	3	0.15	0
BSU_07460	GO:0016020	3	0.15	0
BSU_33360	GO:0009847	3	0.15	0
BSU_34490	GO:0016020	3	0.15	0
BSU_17300	GO:0016020	3	0.15	0
BSU_31560	GO:0016020	3	0.15	0
BSU_04440	GO:0016020	3	0.15	0
BSU_30720	GO:0009847	3	0.15	0
BSU_09090	GO:0016020	3	0.15	0
BSU_34500	GO:0016020	3	0.15	0
BSU_33570	GO:0016020	3	0.15	0
BSU_40570	GO:0016020	3	0.15	0
BSU_17300	GO:0009847	3	0.15	0
BSU_17290	GO:0009847	3	0.15	0
BSU_14990	GO:0019344	3	0.15	0
BSU_29730	GO:0009847	3	0.15	0
BSU_40120	GO:0019284	3	0.15	0
BSU_36480	GO:0016020	3	0.15	0
BSU_29730	GO:0016020	3	0.15	0
BSU_35800	GO:0031460	3	0.15	0
BSU_34690	GO:0005262	3	0.15	0
BSU_32580	GO:0007165	3	0.15	0
BSU_35590	GO:0003723	3	0.15	0
BSU_35540	GO:0003723	3	0.15	0
BSU_35550	GO:0003723	3	0.15	0
BSU_33070	GO:0007165	3	0.15	0
BSU_33050	GO:0007165	3	0.15	0
BSU_32590	GO:0007165	3	0.15	0
BSU_03340	GO:0046872	3	0.15	0
BSU_04740	GO:0034023	3	0.15	0
BSU_19800	GO:0046872	3	0.15	0
BSU_04810	GO:0035539	3	0.15	0
BSU_06560	GO:0046872	3	0.15	0
BSU_14990	GO:0019284	3	0.15	0
BSU_14520	GO:0046872	3	0.15	0
BSU_25570	GO:0007165	3	0.15	0
BSU_37850	GO:0003723	3	0.15	0
BSU_04700	GO:0034023	3	0.15	0
BSU_34760	GO:0071555	3	0.15	0
BSU_31550	GO:0046872	3	0.15	0
BSU_09200	GO:0016020	3	0.15	0
BSU_30450	GO:0046872	3	0.15	0
BSU_08070	GO:0034023	3	0.15	0
BSU_30440	GO:0046872	3	0.15	0
BSU_27050	GO:0003723	3	0.15	0
BSU_30720	GO:0046872	3	0.15	0
BSU_27040	GO:0003723	3	0.15	0
BSU_04710	GO:0034023	3	0.15	0
BSU_15660	GO:0003723	3	0.15	0
BSU_31560	GO:0046872	3	0.15	0
BSU_02530	GO:0003723	3	0.15	0
BSU_38510	GO:0046872	3	0.15	0
BSU_39500	GO:0046872	3	0.15	0
BSU_35800	GO:0007165	3	0.15	0
BSU_25680	GO:0046872	3	0.15	0
BSU_00230	GO:0007165	3	0.15	0
BSU_28730	GO:0046872	3	0.15	0
BSU_25840	GO:0016491	3	0.15	0
BSU_25830	GO:0016491	3	0.15	0
BSU_19040	GO:0046872	3	0.15	0
BSU_11550	GO:0006526	3	0.15	0
BSU_14990	GO:0046872	3	0.15	0
BSU_27660	GO:0046872	3	0.15	0
BSU_02530	GO:0046872	3	0.15	0
BSU_02260	GO:0016491	3	0.15	0
BSU_13020	GO:0046872	3	0.15	0
BSU_00440	GO:0016491	3	0.15	0
BSU_12440	GO:0046872	3	0.15	0
BSU_36690	GO:0046872	3	0.15	0
BSU_12430	GO:0046872	3	0.15	0
BSU_35360	GO:0071555	3	0.15	0
BSU_25490	GO:0006526	3	0.15	0
BSU_02450	GO:0016491	3	0.15	0
BSU_18920	GO:0016491	3	0.15	0
BSU_03340	GO:0034023	3	0.15	0
BSU_36690	GO:0016491	3	0.15	0
BSU_01845	GO:0035539	3	0.15	0
BSU_11490	GO:0016491	3	0.15	0
BSU_16860	GO:0035539	3	0.15	0
BSU_02260	GO:0046872	3	0.15	0
BSU_00470	GO:0006526	3	0.15	0
BSU_02530	GO:0016491	3	0.15	0
BSU_05750	GO:0016491	3	0.15	0
BSU_19560	GO:0046872	3	0.15	0
BSU_19560	GO:0016491	3	0.15	0
BSU_19040	GO:0016491	3	0.15	0
BSU_24190	GO:0046872	3	0.15	0
BSU_25340	GO:0016491	3	0.15	0
BSU_25340	GO:0046872	3	0.15	0
BSU_36180	GO:0016491	3	0.15	0
BSU_28740	GO:0046872	3	0.15	0
BSU_24990	GO:0046872	3	0.15	0
BSU_24230	GO:0008360	3	0.15	0
BSU_33360	GO:0016020	3	0.15	0
BSU_05750	GO:0035539	3	0.15	0
BSU_00600	GO:0008360	3	0.15	0
BSU_00610	GO:0008360	3	0.15	0
BSU_38540	GO:0005262	3	0.15	0
BSU_25840	GO:0008360	3	0.15	0
BSU_08110	GO:0008360	3	0.15	0
BSU_37040	GO:0005262	3	0.15	0
BSU_25830	GO:0008360	3	0.15	0
BSU_17420	GO:0008360	3	0.15	0
BSU_18020	GO:0008360	3	0.15	0
BSU_25630	GO:0035539	3	0.15	0
BSU_15660	GO:0046872	3	0.15	0
BSU_21990	GO:0035539	3	0.15	0
BSU_25340	GO:0046872	3	0.15	0
BSU_09770	GO:0008360	3	0.15	0
BSU_13700	GO:0035539	3	0.15	0
BSU_25490	GO:0005515	3	0.15	0
BSU_35820	GO:0031460	3	0.15	0
BSU_24360	GO:0008360	3	0.15	0
BSU_24430	GO:0008360	3	0.15	0
BSU_37920	GO:0008360	3	0.15	0
BSU_30720	GO:0008360	3	0.15	0
BSU_24620	GO:0008360	3	0.15	0
BSU_22180	GO:0005886	3	0.15	0
BSU_16460	GO:0005886	3	0.15	0
BSU_00610	GO:0005262	3	0.15	0
BSU_04960	GO:0005262	3	0.15	0
BSU_09770	GO:0005262	3	0.15	0
BSU_03700	GO:0031460	3	0.15	0
BSU_03720	GO:0031460	3	0.15	0
BSU_03710	GO:0031460	3	0.15	0
BSU_00600	GO:0005262	3	0.15	0
BSU_16340	GO:0005515	3	0.15	0
BSU_26970	GO:0035539	3	0.15	0
BSU_24970	GO:0046872	3	0.15	0
BSU_03700	GO:0007165	3	0.15	0
BSU_10570	GO:0046872	3	0.15	0
BSU_31480	GO:0046872	3	0.15	0
BSU_13680	GO:0046872	3	0.15	0
BSU_29730	GO:0046872	3	0.15	0
BSU_03710	GO:0007165	3	0.15	0
BSU_03720	GO:0007165	3	0.15	0
BSU_12440	GO:0034023	3	0.15	0
BSU_08850	GO:0046872	3	0.15	0
BSU_17290	GO:0046872	3	0.15	0
BSU_17300	GO:0046872	3	0.15	0
BSU_12430	GO:0034023	3	0.15	0
BSU_27050	GO:0034023	3	0.15	0
BSU_35820	GO:0007165	3	0.15	0
BSU_27040	GO:0034023	3	0.15	0
BSU_23050	GO:0046872	3	0.15	0
BSU_35960	GO:0003723	3	0.15	0
BSU_39500	GO:0016020	3	0.15	0
BSU_07110	GO:0046872	3	0.15	0
BSU_40250	GO:0035539	3	0.15	0
BSU_13000	GO:0005886	3	0.15	0
BSU_32030	GO:0046872	3	0.15	0
BSU_04310	GO:0046872	3	0.15	0
BSU_00230	GO:0033609	3	0.15	0
BSU_30620	GO:0046872	3	0.15	0
BSU_30135	GO:0046872	3	0.15	0
BSU_08830	GO:0046872	3	0.15	0
BSU_33360	GO:0035539	3	0.15	0
BSU_07120	GO:0046872	3	0.15	0
BSU_30170	GO:0046872	3	0.15	0
BSU_11780	GO:0033609	3	0.15	0
BSU_07520	GO:0046872	3	0.15	0
BSU_14990	GO:0003723	3	0.15	0
BSU_06990	GO:0035429	3	0.15	0
BSU_36690	GO:0003824	3	0.15	0
BSU_34370	GO:0140359	3	0.15	0
BSU_02530	GO:0003824	3	0.15	0
BSU_07120	GO:0006465	3	0.15	0
BSU_29730	GO:0035429	3	0.15	0
BSU_30135	GO:0006465	3	0.15	0
BSU_24350	GO:0005886	3	0.15	0
BSU_07110	GO:0006465	3	0.15	0
BSU_30620	GO:0006465	3	0.15	0
BSU_04310	GO:0006465	3	0.15	0
BSU_17290	GO:0035429	3	0.15	0
BSU_17300	GO:0035429	3	0.15	0
BSU_24020	GO:0005886	3	0.15	0
BSU_24430	GO:0003677	3	0.15	0
BSU_19040	GO:0106435	3	0.15	0
BSU_25340	GO:0003677	3	0.15	0
BSU_12530	GO:0003677	3	0.15	0
BSU_08830	GO:0003677	3	0.15	0
BSU_04710	GO:0003677	3	0.15	0
BSU_30170	GO:0006465	3	0.15	0
BSU_07520	GO:0006465	3	0.15	0
BSU_10570	GO:0006465	3	0.15	0
BSU_07520	GO:0035429	3	0.15	0
BSU_27050	GO:0006465	3	0.15	0
BSU_08830	GO:0035429	3	0.15	0
BSU_08850	GO:0035429	3	0.15	0
BSU_27040	GO:0006465	3	0.15	0
BSU_23050	GO:0035429	3	0.15	0
BSU_23050	GO:0006465	3	0.15	0
BSU_25570	GO:0006465	3	0.15	0
BSU_10570	GO:0035429	3	0.15	0
BSU_31480	GO:0035429	3	0.15	0
BSU_13000	GO:0005886	3	0.15	0
BSU_08850	GO:0006465	3	0.15	0
BSU_08830	GO:0006465	3	0.15	0
BSU_04940	GO:0003677	3	0.15	0
BSU_05750	GO:0106435	3	0.15	0
BSU_36690	GO:0106435	3	0.15	0
BSU_26260	GO:0003677	3	0.15	0
BSU_02530	GO:0008652	3	0.15	0
BSU_36690	GO:0008652	3	0.15	0
BSU_12440	GO:0008652	3	0.15	0
BSU_16340	GO:0046872	3	0.15	0
BSU_12430	GO:0008652	3	0.15	0
BSU_38570	GO:0000287	3	0.15	0
BSU_19460	GO:0106435	3	0.15	0
BSU_24620	GO:0008652	3	0.15	0
BSU_25830	GO:0008652	3	0.15	0
BSU_40120	GO:0016798	3	0.15	0
BSU_00230	GO:0006782	3	0.15	0
BSU_39430	GO:0008652	3	0.15	0
BSU_25680	GO:0106435	3	0.15	0
BSU_25630	GO:0106435	3	0.15	0
BSU_13700	GO:0006782	3	0.15	0
BSU_39470	GO:0106435	3	0.15	0
BSU_14990	GO:0008652	3	0.15	0
BSU_02530	GO:0106435	3	0.15	0
BSU_16340	GO:0008233	3	0.15	0
BSU_26250	GO:0003677	3	0.15	0
BSU_32030	GO:0006465	3	0.15	0
BSU_24670	GO:0006465	3	0.15	0
BSU_13020	GO:0106435	3	0.15	0
BSU_19560	GO:0106435	3	0.15	0
BSU_24190	GO:0106435	3	0.15	0
BSU_11780	GO:0005886	3	0.15	0
BSU_12430	GO:0016798	3	0.15	0
BSU_25690	GO:0008652	3	0.15	0
BSU_00230	GO:0005886	3	0.15	0
BSU_27660	GO:0016798	3	0.15	0
BSU_12230	GO:0008652	3	0.15	0
BSU_05750	GO:0008652	3	0.15	0
BSU_12440	GO:0016798	3	0.15	0
BSU_28730	GO:0003677	3	0.15	0
BSU_09890	GO:0003677	3	0.15	0
BSU_28740	GO:0003677	3	0.15	0
BSU_35820	GO:0140359	3	0.15	0
BSU_35800	GO:0140359	3	0.15	0
BSU_25630	GO:0003677	3	0.15	0
BSU_40120	GO:0009314	3	0.15	0
BSU_22230	GO:0009314	3	0.15	0
BSU_14520	GO:0003677	3	0.15	0
BSU_06560	GO:0003677	3	0.15	0
BSU_16740	GO:0071949	3	0.15	0
BSU_38430	GO:0071949	3	0.15	0
BSU_03700	GO:0140359	3	0.15	0
BSU_03720	GO:0140359	3	0.15	0
BSU_03710	GO:0140359	3	0.15	0
BSU_13000	GO:0016020	3	0.15	0
BSU_19800	GO:0003677	3	0.15	0
BSU_40250	GO:0071949	3	0.15	0
BSU_25680	GO:0003677	3	0.15	0
BSU_22460	GO:0071949	3	0.15	0
BSU_05500	GO:0071949	3	0.15	0
BSU_34370	GO:0006826	3	0.15	0
BSU_28730	GO:0140359	3	0.15	0
BSU_28740	GO:0140359	3	0.15	0
BSU_24970	GO:0006826	3	0.15	0
BSU_24990	GO:0006826	3	0.15	0
BSU_32580	GO:0140359	3	0.15	0
BSU_32590	GO:0140359	3	0.15	0
BSU_39520	GO:0071949	3	0.15	0
BSU_25630	GO:0071949	3	0.15	0
BSU_29330	GO:0071949	3	0.15	0
BSU_38570	GO:0009314	3	0.15	0
BSU_08860	GO:0071949	3	0.15	0
BSU_31170	GO:0071949	3	0.15	0
BSU_33050	GO:0140359	3	0.15	0
BSU_11680	GO:0071949	3	0.15	0
BSU_12330	GO:0071949	3	0.15	0
BSU_07450	GO:0071949	3	0.15	0
BSU_13680	GO:0006465	3	0.15	0
BSU_17420	GO:0003677	3	0.15	0
BSU_35360	GO:0006750	3	0.15	0
BSU_12440	GO:0006750	3	0.15	0
BSU_00230	GO:0008740	3	0.15	0
BSU_13700	GO:0008740	3	0.15	0
BSU_36880	GO:0016020	3	0.15	0
BSU_24670	GO:0006750	3	0.15	0
BSU_12390	GO:0008652	3	0.15	0
BSU_24620	GO:0006750	3	0.15	0
BSU_37830	GO:0008652	3	0.15	0
BSU_04310	GO:0035429	3	0.15	0
BSU_30620	GO:0035429	3	0.15	0
BSU_32590	GO:0003677	3	0.15	0
BSU_32580	GO:0003677	3	0.15	0
BSU_29730	GO:0006465	3	0.15	0
BSU_00230	GO:0003677	3	0.15	0
BSU_08110	GO:0071949	3	0.15	0
BSU_02470	GO:0071949	3	0.15	0
BSU_32900	GO:0071949	3	0.15	0
BSU_08230	GO:0071949	3	0.15	0
BSU_05480	GO:0071949	3	0.15	0
BSU_29320	GO:0071949	3	0.15	0
BSU_03340	GO:0003677	3	0.15	0
BSU_10430	GO:0071949	3	0.15	0
BSU_19550	GO:0071949	3	0.15	0
BSU_12820	GO:0071949	3	0.15	0
BSU_17990	GO:0071949	3	0.15	0
BSU_24430	GO:0071949	3	0.15	0
BSU_30720	GO:0071949	3	0.15	0
BSU_25830	GO:0071949	3	0.15	0
BSU_09770	GO:0071949	3	0.15	0
BSU_08070	GO:0016616	3	0.15	0
BSU_25750	GO:0071949	3	0.15	0
BSU_38570	GO:0016798	3	0.15	0
BSU_14520	GO:0106435	3	0.15	0
BSU_06560	GO:0106435	3	0.15	0
BSU_00230	GO:0055085	3	0.15	0
BSU_30720	GO:0035429	3	0.15	0
BSU_16460	GO:0005576	3	0.15	0
BSU_40120	GO:0009245	3	0.15	0
BSU_08070	GO:0017000	3	0.15	0
BSU_16450	GO:0005576	3	0.15	0
BSU_33360	GO:0035429	3	0.15	0
BSU_38570	GO:0003934	3	0.15	0
BSU_12440	GO:0009245	3	0.15	0
BSU_05750	GO:0009245	3	0.15	0
BSU_25570	GO:0055085	3	0.15	0
BSU_15810	GO:0055085	3	0.15	0
BSU_36690	GO:0009245	3	0.15	0
BSU_27040	GO:0055085	3	0.15	0
BSU_27050	GO:0055085	3	0.15	0
BSU_12430	GO:0009245	3	0.15	0
BSU_14990	GO:0004564	3	0.15	0
BSU_02530	GO:0009245	3	0.15	0
BSU_05750	GO:0004564	3	0.15	0
BSU_11780	GO:0005576	3	0.15	0
BSU_12430	GO:0005576	3	0.15	0
BSU_40120	GO:0004564	3	0.15	0
BSU_25690	GO:0005576	3	0.15	0
BSU_38570	GO:0017000	3	0.15	0
BSU_31270	GO:0005576	3	0.15	0
BSU_10370	GO:0005737	3	0.15	0
BSU_27660	GO:0009245	3	0.15	0
BSU_36690	GO:0004564	3	0.15	0
BSU_24230	GO:0005576	3	0.15	0
BSU_24360	GO:0005576	3	0.15	0
BSU_02530	GO:0004564	3	0.15	0
BSU_37920	GO:0005576	3	0.15	0
BSU_19040	GO:0009245	3	0.15	0
BSU_22230	GO:0003934	3	0.15	0
BSU_31560	GO:0035429	3	0.15	0
BSU_15810	GO:0005576	3	0.15	0
BSU_21990	GO:0006281	3	0.15	0
BSU_16860	GO:0006281	3	0.15	0
BSU_01845	GO:0006281	3	0.15	0
BSU_38570	GO:0070681	3	0.15	0
BSU_04810	GO:0006281	3	0.15	0
BSU_33360	GO:0006281	3	0.15	0
BSU_40250	GO:0006281	3	0.15	0
BSU_25630	GO:0006281	3	0.15	0
BSU_10750	GO:0006281	3	0.15	0
BSU_34370	GO:0055085	3	0.15	0
BSU_35800	GO:0055085	3	0.15	0
BSU_37830	GO:0003824	3	0.15	0
BSU_35820	GO:0055085	3	0.15	0
BSU_30810	GO:0003824	3	0.15	0
BSU_14990	GO:0003824	3	0.15	0
BSU_19460	GO:0006281	3	0.15	0
BSU_12330	GO:0006281	3	0.15	0
BSU_12390	GO:0003824	3	0.15	0
BSU_09200	GO:0006281	3	0.15	0
BSU_14990	GO:0009245	3	0.15	0
BSU_30720	GO:0006281	3	0.15	0
BSU_25830	GO:0006281	3	0.15	0
BSU_39500	GO:0035429	3	0.15	0
BSU_19040	GO:0006281	3	0.15	0
BSU_31480	GO:0006281	3	0.15	0
BSU_39010	GO:0006281	3	0.15	0
BSU_06980	GO:0035429	3	0.15	0
BSU_39770	GO:0003676	3	0.15	0
BSU_39980	GO:0006281	3	0.15	0
BSU_38430	GO:0006281	3	0.15	0
BSU_39470	GO:0006281	3	0.15	0
BSU_28040	GO:0006281	3	0.15	0
BSU_04200	GO:0006281	3	0.15	0
BSU_13700	GO:0008270	3	0.15	0
BSU_34520	GO:0005576	3	0.15	0
BSU_19800	GO:0106435	3	0.15	0
BSU_30810	GO:0005829	3	0.15	0
BSU_10750	GO:0008270	3	0.15	0
BSU_19460	GO:0008270	3	0.15	0
BSU_16860	GO:0008270	3	0.15	0
BSU_11550	GO:0016020	3	0.15	0
BSU_12390	GO:0005829	3	0.15	0
BSU_37830	GO:0005829	3	0.15	0
BSU_06990	GO:0006865	3	0.15	0
BSU_04200	GO:0008270	3	0.15	0
BSU_06980	GO:0006865	3	0.15	0
BSU_04810	GO:0008270	3	0.15	0
BSU_12230	GO:0005829	3	0.15	0
BSU_05750	GO:0005829	3	0.15	0
BSU_35220	GO:0005737	3	0.15	0
BSU_12530	GO:0005829	3	0.15	0
BSU_36880	GO:0016020	3	0.15	0
BSU_28040	GO:0008270	3	0.15	0
BSU_26260	GO:0005829	3	0.15	0
BSU_04310	GO:0006865	3	0.15	0
BSU_03340	GO:0106435	3	0.15	0
BSU_11550	GO:0008233	3	0.15	0
BSU_34520	GO:0008652	3	0.15	0
BSU_15810	GO:0006865	3	0.15	0
BSU_25570	GO:0006865	3	0.15	0
BSU_11550	GO:0003678	3	0.15	0
BSU_38430	GO:0008270	3	0.15	0
BSU_39470	GO:0008270	3	0.15	0
BSU_17030	GO:0008233	3	0.15	0
BSU_00230	GO:0006865	3	0.15	0
BSU_38570	GO:0016020	3	0.15	0
BSU_25490	GO:0008233	3	0.15	0
BSU_22230	GO:0016020	3	0.15	0
BSU_14990	GO:0016798	3	0.15	0
BSU_31560	GO:0006865	3	0.15	0
BSU_10570	GO:0005829	3	0.15	0
BSU_14990	GO:0005576	3	0.15	0
BSU_34760	GO:0005829	3	0.15	0
BSU_07120	GO:0006865	3	0.15	0
BSU_30135	GO:0006865	3	0.15	0
BSU_07110	GO:0006865	3	0.15	0
BSU_08070	GO:0051537	3	0.15	0
BSU_30620	GO:0006865	3	0.15	0
BSU_27660	GO:0004564	3	0.15	0
BSU_18170	GO:0005829	3	0.15	0
BSU_30170	GO:0006865	3	0.15	0
BSU_00230	GO:0005576	3	0.15	0
BSU_12440	GO:0004564	3	0.15	0
BSU_11780	GO:0005737	3	0.15	0
BSU_12430	GO:0004564	3	0.15	0
BSU_05750	GO:0009234	3	0.15	0
BSU_05750	GO:0008270	3	0.15	0
BSU_25630	GO:0008270	3	0.15	0
BSU_08860	GO:0005829	3	0.15	0
BSU_00230	GO:0009234	3	0.15	0
BSU_28730	GO:0006865	3	0.15	0
BSU_08830	GO:0005829	3	0.15	0
BSU_08850	GO:0005829	3	0.15	0
BSU_30440	GO:0006865	3	0.15	0
BSU_39500	GO:0005829	3	0.15	0
BSU_39520	GO:0005829	3	0.15	0
BSU_28740	GO:0006865	3	0.15	0
BSU_33360	GO:0008270	3	0.15	0
BSU_21990	GO:0008270	3	0.15	0
BSU_39470	GO:0005829	3	0.15	0
BSU_08850	GO:0006865	3	0.15	0
BSU_13700	GO:0009234	3	0.15	0
BSU_39510	GO:0005829	3	0.15	0
BSU_29390	GO:0005829	3	0.15	0
BSU_29320	GO:0005829	3	0.15	0
BSU_10750	GO:0005737	3	0.15	0
BSU_04200	GO:0005737	3	0.15	0
BSU_28040	GO:0005737	3	0.15	0
BSU_10570	GO:0008961	3	0.15	0
BSU_36180	GO:0005524	3	0.15	0
BSU_30720	GO:0042601	3	0.15	0
BSU_04310	GO:0006826	3	0.15	0
BSU_30620	GO:0006826	3	0.15	0
BSU_07110	GO:0006826	3	0.15	0
BSU_30135	GO:0006826	3	0.15	0
BSU_07120	GO:0006826	3	0.15	0
BSU_30170	GO:0006826	3	0.15	0
BSU_08830	GO:0006826	3	0.15	0
BSU_08850	GO:0006826	3	0.15	0
BSU_23050	GO:0006826	3	0.15	0
BSU_24620	GO:0042601	3	0.15	0
BSU_10570	GO:0006826	3	0.15	0
BSU_31480	GO:0006826	3	0.15	0
BSU_13680	GO:0006826	3	0.15	0
BSU_37920	GO:0042601	3	0.15	0
BSU_24430	GO:0042601	3	0.15	0
BSU_34760	GO:0005524	3	0.15	0
BSU_19800	GO:0008237	3	0.15	0
BSU_30620	GO:0008961	3	0.15	0
BSU_12820	GO:0042601	3	0.15	0
BSU_04310	GO:0008961	3	0.15	0
BSU_25630	GO:0016705	3	0.15	0
BSU_17030	GO:0006508	3	0.15	0
BSU_25690	GO:0042601	3	0.15	0
BSU_11550	GO:0006508	3	0.15	0
BSU_32030	GO:0006826	3	0.15	0
BSU_16740	GO:0042601	3	0.15	0
BSU_25830	GO:0005524	3	0.15	0
BSU_26970	GO:0016705	3	0.15	0
BSU_02450	GO:0005524	3	0.15	0
BSU_18920	GO:0005524	3	0.15	0
BSU_24230	GO:0042601	3	0.15	0
BSU_29730	GO:0006826	3	0.15	0
BSU_31875	GO:0003910	3	0.15	0
BSU_17290	GO:0006826	3	0.15	0
BSU_35070	GO:0008961	3	0.15	0
BSU_00230	GO:0016151	3	0.15	0
BSU_32030	GO:0008961	3	0.15	0
BSU_40120	GO:0005524	3	0.15	0
BSU_05750	GO:0005524	3	0.15	0
BSU_36690	GO:0005524	3	0.15	0
BSU_03340	GO:0046872	3	0.15	0
BSU_12430	GO:0046872	3	0.15	0
BSU_12440	GO:0005524	3	0.15	0
BSU_12440	GO:0046872	3	0.15	0
BSU_36690	GO:0046872	3	0.15	0
BSU_25830	GO:0046872	3	0.15	0
BSU_35840	GO:0008961	3	0.15	0
BSU_23270	GO:0008961	3	0.15	0
BSU_38990	GO:0008961	3	0.15	0
BSU_12430	GO:0005524	3	0.15	0
BSU_31560	GO:0006826	3	0.15	0
BSU_17300	GO:0006826	3	0.15	0
BSU_28740	GO:0006826	3	0.15	0
BSU_30720	GO:0046872	3	0.15	0
BSU_34760	GO:0046872	3	0.15	0
BSU_38980	GO:0046872	3	0.15	0
BSU_24970	GO:0006826	3	0.15	0
BSU_24990	GO:0006826	3	0.15	0
BSU_28730	GO:0006826	3	0.15	0
BSU_25830	GO:0042601	3	0.15	0
BSU_27660	GO:0005524	3	0.15	0
BSU_30450	GO:0006826	3	0.15	0
BSU_30440	GO:0006826	3	0.15	0
BSU_30720	GO:0006826	3	0.15	0
BSU_19040	GO:0005524	3	0.15	0
BSU_33360	GO:0006826	3	0.15	0
BSU_31550	GO:0006826	3	0.15	0
BSU_12440	GO:0042601	3	0.15	0
BSU_16340	GO:0006508	3	0.15	0
BSU_12440	GO:0008237	3	0.15	0
BSU_33840	GO:0043200	3	0.15	0
BSU_04940	GO:0003910	3	0.15	0
BSU_34180	GO:0043200	3	0.15	0
BSU_30460	GO:0043200	3	0.15	0
BSU_25630	GO:0008237	3	0.15	0
BSU_13700	GO:0005886	3	0.15	0
BSU_19040	GO:0016977	3	0.15	0
BSU_31210	GO:0043200	3	0.15	0
BSU_31875	GO:0043200	3	0.15	0
BSU_02500	GO:0043200	3	0.15	0
BSU_24230	GO:0005886	3	0.15	0
BSU_14380	GO:0043200	3	0.15	0
BSU_27000	GO:0043200	3	0.15	0
BSU_23050	GO:0008531	3	0.15	0
BSU_05750	GO:0008237	3	0.15	0
BSU_14990	GO:0034219	3	0.15	0
BSU_27660	GO:0005886	3	0.15	0
BSU_07390	GO:0043200	3	0.15	0
BSU_22230	GO:0004124	3	0.15	0
BSU_11780	GO:0005886	3	0.15	0
BSU_31270	GO:0034219	3	0.15	0
BSU_40800	GO:0043200	3	0.15	0
BSU_16740	GO:0034219	3	0.15	0
BSU_25690	GO:0034219	3	0.15	0
BSU_33660	GO:0043200	3	0.15	0
BSU_12820	GO:0034219	3	0.15	0
BSU_36690	GO:0034219	3	0.15	0
BSU_12440	GO:0034219	3	0.15	0
BSU_12430	GO:0034219	3	0.15	0
BSU_23050	GO:0008961	3	0.15	0
BSU_02450	GO:0043200	3	0.15	0
BSU_25690	GO:0005886	3	0.15	0
BSU_34520	GO:0034219	3	0.15	0
BSU_26580	GO:0043200	3	0.15	0
BSU_09890	GO:0003910	3	0.15	0
BSU_12430	GO:0042601	3	0.15	0
BSU_36690	GO:0042601	3	0.15	0
BSU_37350	GO:0008237	3	0.15	0
BSU_25840	GO:0008237	3	0.15	0
BSU_07120	GO:0008961	3	0.15	0
BSU_30135	GO:0008961	3	0.15	0
BSU_07110	GO:0008961	3	0.15	0
BSU_05750	GO:0016705	3	0.15	0
BSU_34520	GO:0042601	3	0.15	0
BSU_13700	GO:0008531	3	0.15	0
BSU_18920	GO:0008237	3	0.15	0
BSU_01910	GO:0008237	3	0.15	0
BSU_24620	GO:0008237	3	0.15	0
BSU_04440	GO:0008237	3	0.15	0
BSU_08070	GO:0016836	3	0.15	0
BSU_33360	GO:0008237	3	0.15	0
BSU_14990	GO:0042601	3	0.15	0
BSU_30170	GO:0008961	3	0.15	0
BSU_10370	GO:0008531	3	0.15	0
BSU_13700	GO:0008237	3	0.15	0
BSU_32990	GO:0043200	3	0.15	0
BSU_40120	GO:0005886	3	0.15	0
BSU_34760	GO:0005886	3	0.15	0
BSU_02680	GO:0043200	3	0.15	0
BSU_39990	GO:0043200	3	0.15	0
BSU_14170	GO:0016705	3	0.15	0
BSU_38570	GO:0008531	3	0.15	0
BSU_13700	GO:0016705	3	0.15	0
BSU_08850	GO:0008961	3	0.15	0
BSU_08830	GO:0008961	3	0.15	0
BSU_13000	GO:0003677	3	0.15	0
BSU_19040	GO:0005886	3	0.15	0
BSU_00230	GO:0016705	3	0.15	0
BSU_07520	GO:0008961	3	0.15	0
BSU_38980	GO:0008961	3	0.15	0
BSU_14990	GO:0046872	3	0.15	0
BSU_25750	GO:0042601	3	0.15	0
BSU_25830	GO:0046872	3	0.15	0
BSU_17030	GO:0006950	3	0.15	0
BSU_23050	GO:0012501	3	0.15	0
BSU_13700	GO:0006144	3	0.15	0
BSU_00230	GO:0005886	3	0.15	0
BSU_15810	GO:0005886	3	0.15	0
BSU_08850	GO:0012501	3	0.15	0
BSU_08830	GO:0012501	3	0.15	0
BSU_00230	GO:0006144	3	0.15	0
BSU_36690	GO:0046872	3	0.15	0
BSU_03340	GO:0046872	3	0.15	0
BSU_25570	GO:0012501	3	0.15	0
BSU_13000	GO:0005886	3	0.15	0
BSU_07520	GO:0012501	3	0.15	0
BSU_15660	GO:0046872	3	0.15	0
BSU_19040	GO:0046872	3	0.15	0
BSU_38570	GO:0006525	3	0.15	0
BSU_30720	GO:0046872	3	0.15	0
BSU_22230	GO:0006525	3	0.15	0
BSU_36690	GO:0030420	3	0.15	0
BSU_16450	GO:0006144	3	0.15	0
BSU_19740	GO:0046872	3	0.15	0
BSU_04270	GO:0046872	3	0.15	0
BSU_29730	GO:0012501	3	0.15	0
BSU_13680	GO:0012501	3	0.15	0
BSU_40120	GO:0006525	3	0.15	0
BSU_10570	GO:0012501	3	0.15	0
BSU_09200	GO:0046872	3	0.15	0
BSU_04310	GO:0046872	3	0.15	0
BSU_29420	GO:0003824	3	0.15	0
BSU_31480	GO:0046872	3	0.15	0
BSU_27050	GO:0012501	3	0.15	0
BSU_27040	GO:0012501	3	0.15	0
BSU_38980	GO:0046872	3	0.15	0
BSU_38110	GO:0046872	3	0.15	0
BSU_12430	GO:0030420	3	0.15	0
BSU_04710	GO:0003700	3	0.15	0
BSU_00230	GO:0009423	3	0.15	0
BSU_13700	GO:0009423	3	0.15	0
BSU_13000	GO:0005886	3	0.15	0
BSU_06990	GO:0015793	3	0.15	0
BSU_05750	GO:0009423	3	0.15	0
BSU_06980	GO:0015793	3	0.15	0
BSU_27660	GO:0003677	3	0.15	0
BSU_13700	GO:0005886	3	0.15	0
BSU_12440	GO:0003677	3	0.15	0
BSU_12430	GO:0003677	3	0.15	0
BSU_40120	GO:0003677	3	0.15	0
BSU_00230	GO:0042626	3	0.15	0
BSU_05750	GO:0003677	3	0.15	0
BSU_36690	GO:0003677	3	0.15	0
BSU_11550	GO:0003962	3	0.15	0
BSU_19800	GO:0016977	3	0.15	0
BSU_30170	GO:0012501	3	0.15	0
BSU_22180	GO:0051992	3	0.15	0
BSU_07120	GO:0012501	3	0.15	0
BSU_30135	GO:0012501	3	0.15	0
BSU_07110	GO:0012501	3	0.15	0
BSU_30620	GO:0012501	3	0.15	0
BSU_04310	GO:0012501	3	0.15	0
BSU_11550	GO:0006950	3	0.15	0
BSU_38570	GO:0051992	3	0.15	0
BSU_24620	GO:0006525	3	0.15	0
BSU_04440	GO:0016977	3	0.15	0
BSU_11550	GO:0051992	3	0.15	0
BSU_32030	GO:0012501	3	0.15	0
BSU_33360	GO:0016977	3	0.15	0
BSU_24670	GO:0012501	3	0.15	0
BSU_00230	GO:0005737	3	0.15	0
BSU_16460	GO:0006144	3	0.15	0
BSU_12440	GO:0030420	3	0.15	0
BSU_25840	GO:0042601	3	0.15	0
BSU_36690	GO:0016977	3	0.15	0
BSU_30620	GO:0005524	3	0.15	0
BSU_07110	GO:0005524	3	0.15	0
BSU_30135	GO:0005524	3	0.15	0
BSU_07120	GO:0005524	3	0.15	0
BSU_00230	GO:0031222	3	0.15	0
BSU_30170	GO:0005524	3	0.15	0
BSU_36180	GO:0016977	3	0.15	0
BSU_38510	GO:0000155	3	0.15	0
BSU_25840	GO:0031222	3	0.15	0
BSU_08850	GO:0005524	3	0.15	0
BSU_19040	GO:0030420	3	0.15	0
BSU_28730	GO:0005524	3	0.15	0
BSU_28740	GO:0005524	3	0.15	0
BSU_01910	GO:0031222	3	0.15	0
BSU_13700	GO:0031222	3	0.15	0
BSU_11550	GO:0000287	3	0.15	0
BSU_31560	GO:0005524	3	0.15	0
BSU_04310	GO:0046872	3	0.15	0
BSU_02530	GO:0005524	3	0.15	0
BSU_14990	GO:0005524	3	0.15	0
BSU_28060	GO:0042601	3	0.15	0
BSU_19040	GO:0046872	3	0.15	0
BSU_31480	GO:0046872	3	0.15	0
BSU_13780	GO:0042601	3	0.15	0
BSU_24230	GO:0046872	3	0.15	0
BSU_17420	GO:0003910	3	0.15	0
BSU_09200	GO:0046872	3	0.15	0
BSU_24090	GO:0046872	3	0.15	0
BSU_00440	GO:0042601	3	0.15	0
BSU_15660	GO:0046872	3	0.15	0
BSU_17420	GO:0042601	3	0.15	0
BSU_05750	GO:0031222	3	0.15	0
BSU_30440	GO:0005524	3	0.15	0
BSU_24620	GO:0031222	3	0.15	0
BSU_13000	GO:0005737	3	0.15	0
BSU_30450	GO:0000155	3	0.15	0
BSU_24360	GO:0012501	3	0.15	0
BSU_25750	GO:0016977	3	0.15	0
BSU_02530	GO:0030420	3	0.15	0
BSU_18920	GO:0016977	3	0.15	0
BSU_34520	GO:0003824	3	0.15	0
BSU_01910	GO:0016977	3	0.15	0
BSU_24670	GO:0005524	3	0.15	0
BSU_25840	GO:0016977	3	0.15	0
BSU_31550	GO:0000155	3	0.15	0
BSU_32030	GO:0005524	3	0.15	0
BSU_25840	GO:0030420	3	0.15	0
BSU_16740	GO:0046872	3	0.15	0
BSU_18550	GO:0046872	3	0.15	0
BSU_25830	GO:0030420	3	0.15	0
BSU_05750	GO:0030420	3	0.15	0
BSU_35860	GO:0016977	3	0.15	0
BSU_09200	GO:0016977	3	0.15	0
BSU_13000	GO:0000155	3	0.15	0
BSU_04440	GO:0005524	3	0.15	0
BSU_06980	GO:0005524	3	0.15	0
BSU_06990	GO:0005524	3	0.15	0
BSU_35360	GO:0031222	3	0.15	0
BSU_12440	GO:0031222	3	0.15	0
BSU_34690	GO:0005524	3	0.15	0
BSU_04270	GO:0016977	3	0.15	0
BSU_37350	GO:0016977	3	0.15	0
BSU_24670	GO:0031222	3	0.15	0
BSU_18550	GO:0016977	3	0.15	0
BSU_24990	GO:0012501	3	0.15	0
BSU_40120	GO:0030420	3	0.15	0
BSU_24970	GO:0012501	3	0.15	0
BSU_24690	GO:0012501	3	0.15	0
BSU_24230	GO:0034219	3	0.15	0
BSU_12230	GO:0020037	3	0.15	0
BSU_32590	GO:0015793	3	0.15	0
BSU_24430	GO:0034219	3	0.15	0
BSU_08230	GO:0046256	3	0.15	0
BSU_07520	GO:0016887	3	0.15	0
BSU_10330	GO:0016887	3	0.15	0
BSU_25340	GO:0016798	3	0.15	0
BSU_05480	GO:0046256	3	0.15	0
BSU_29320	GO:0046256	3	0.15	0
BSU_19040	GO:0016798	3	0.15	0
BSU_24020	GO:0004527	3	0.15	0
BSU_17290	GO:0016020	3	0.15	0
BSU_17300	GO:0016020	3	0.15	0
BSU_10430	GO:0046256	3	0.15	0
BSU_27660	GO:0016798	3	0.15	0
BSU_00470	GO:0006289	3	0.15	0
BSU_12440	GO:0016798	3	0.15	0
BSU_12430	GO:0016798	3	0.15	0
BSU_02470	GO:0046256	3	0.15	0
BSU_07450	GO:0046256	3	0.15	0
BSU_38540	GO:0046256	3	0.15	0
BSU_10370	GO:0016887	3	0.15	0
BSU_25690	GO:0005886	3	0.15	0
BSU_26260	GO:0005886	3	0.15	0
BSU_04440	GO:0005886	3	0.15	0
BSU_18920	GO:0016798	3	0.15	0
BSU_34760	GO:0016798	3	0.15	0
BSU_36180	GO:0016798	3	0.15	0
BSU_07520	GO:0016020	3	0.15	0
BSU_05500	GO:0046256	3	0.15	0
BSU_08830	GO:0016020	3	0.15	0
BSU_23050	GO:0016020	3	0.15	0
BSU_12330	GO:0046256	3	0.15	0
BSU_32030	GO:0016887	3	0.15	0
BSU_24670	GO:0016887	3	0.15	0
BSU_31480	GO:0016020	3	0.15	0
BSU_24360	GO:0016020	3	0.15	0
BSU_24970	GO:0016020	3	0.15	0
BSU_19550	GO:0046256	3	0.15	0
BSU_36690	GO:0016740	3	0.15	0
BSU_31550	GO:0016020	3	0.15	0
BSU_31560	GO:0016020	3	0.15	0
BSU_38570	GO:0004124	3	0.15	0
BSU_38510	GO:0016020	3	0.15	0
BSU_29420	GO:0140824	3	0.15	0
BSU_39500	GO:0016020	3	0.15	0
BSU_33660	GO:0004519	3	0.15	0
BSU_34520	GO:0140824	3	0.15	0
BSU_02530	GO:0016740	3	0.15	0
BSU_14990	GO:0016740	3	0.15	0
BSU_02450	GO:0004519	3	0.15	0
BSU_29330	GO:0016740	3	0.15	0
BSU_31875	GO:0004519	3	0.15	0
BSU_34180	GO:0004519	3	0.15	0
BSU_08070	GO:0140824	3	0.15	0
BSU_06740	GO:0004519	3	0.15	0
BSU_32900	GO:0046256	3	0.15	0
BSU_02530	GO:0016798	3	0.15	0
BSU_17030	GO:0006289	3	0.15	0
BSU_40120	GO:0016798	3	0.15	0
BSU_25490	GO:0006289	3	0.15	0
BSU_24990	GO:0016020	3	0.15	0
BSU_05750	GO:0016798	3	0.15	0
BSU_36690	GO:0016798	3	0.15	0
BSU_30450	GO:0016020	3	0.15	0
BSU_32070	GO:0016798	3	0.15	0
BSU_16340	GO:0006289	3	0.15	0
BSU_30440	GO:0016020	3	0.15	0
BSU_39770	GO:0004527	3	0.15	0
BSU_33360	GO:0016020	3	0.15	0
BSU_36300	GO:0004519	3	0.15	0
BSU_14990	GO:0016798	3	0.15	0
BSU_40250	GO:0046256	3	0.15	0
BSU_36300	GO:0005886	3	0.15	0
BSU_26970	GO:0046256	3	0.15	0
BSU_35360	GO:0090729	3	0.15	0
BSU_29730	GO:0016887	3	0.15	0
BSU_13680	GO:0016887	3	0.15	0
BSU_25830	GO:0005886	3	0.15	0
BSU_25570	GO:0055085	3	0.15	0
BSU_35840	GO:0016787	3	0.15	0
BSU_11550	GO:0003677	3	0.15	0
BSU_15810	GO:0055085	3	0.15	0
BSU_35540	GO:0016787	3	0.15	0
BSU_27040	GO:0055085	3	0.15	0
BSU_27050	GO:0055085	3	0.15	0
BSU_27050	GO:0016887	3	0.15	0
BSU_27040	GO:0016887	3	0.15	0
BSU_23050	GO:0016887	3	0.15	0
BSU_14990	GO:0044781	3	0.15	0
BSU_35550	GO:0016787	3	0.15	0
BSU_24670	GO:0090729	3	0.15	0
BSU_24430	GO:0005886	3	0.15	0
BSU_30450	GO:0055085	3	0.15	0
BSU_11680	GO:0030170	3	0.15	0
BSU_13700	GO:0055085	3	0.15	0
BSU_23050	GO:0030170	3	0.15	0
BSU_23240	GO:0030170	3	0.15	0
BSU_13000	GO:0055085	3	0.15	0
BSU_24670	GO:0016787	3	0.15	0
BSU_31550	GO:0055085	3	0.15	0
BSU_00230	GO:0055085	3	0.15	0
BSU_35220	GO:0016887	3	0.15	0
BSU_00610	GO:0005886	3	0.15	0
BSU_35570	GO:0016787	3	0.15	0
BSU_00600	GO:0005886	3	0.15	0
BSU_35590	GO:0016787	3	0.15	0
BSU_09770	GO:0005886	3	0.15	0
BSU_34370	GO:0055085	3	0.15	0
BSU_08850	GO:0016887	3	0.15	0
BSU_19040	GO:0005886	3	0.15	0
BSU_29420	GO:0046256	3	0.15	0
BSU_04310	GO:0016887	3	0.15	0
BSU_29730	GO:0016020	3	0.15	0
BSU_38110	GO:0046256	3	0.15	0
BSU_34520	GO:0046256	3	0.15	0
BSU_31170	GO:0046256	3	0.15	0
BSU_16870	GO:0046256	3	0.15	0
BSU_16620	GO:0005886	3	0.15	0
BSU_32200	GO:0046256	3	0.15	0
BSU_12820	GO:0005886	3	0.15	0
BSU_16740	GO:0046256	3	0.15	0
BSU_38980	GO:0005886	3	0.15	0
BSU_32030	GO:0016020	3	0.15	0
BSU_02450	GO:0005886	3	0.15	0
BSU_32100	GO:0005886	3	0.15	0
BSU_32100	GO:0046256	3	0.15	0
BSU_00600	GO:0005886	3	0.15	0
BSU_25570	GO:0016887	3	0.15	0
BSU_30135	GO:0016887	3	0.15	0
BSU_00230	GO:0016874	3	0.15	0
BSU_16740	GO:0005886	3	0.15	0
BSU_30170	GO:0016887	3	0.15	0
BSU_25690	GO:0005886	3	0.15	0
BSU_12820	GO:0005886	3	0.15	0
BSU_07120	GO:0016887	3	0.15	0
BSU_13680	GO:0016020	3	0.15	0
BSU_00610	GO:0005886	3	0.15	0
BSU_07110	GO:0016887	3	0.15	0
BSU_36690	GO:0005886	3	0.15	0
BSU_02260	GO:0005886	3	0.15	0
BSU_27180	GO:0005886	3	0.15	0
BSU_38540	GO:0005886	3	0.15	0
BSU_30620	GO:0016887	3	0.15	0
BSU_30460	GO:0004519	3	0.15	0
BSU_00230	GO:0004497	3	0.15	0
BSU_25340	GO:0016740	3	0.15	0
BSU_08550	GO:0034219	3	0.15	0
BSU_17300	GO:0020037	3	0.15	0
BSU_13680	GO:0008961	3	0.15	0
BSU_17290	GO:0020037	3	0.15	0
BSU_36690	GO:0017000	3	0.15	0
BSU_16450	GO:0005886	3	0.15	0
BSU_05750	GO:0017000	3	0.15	0
BSU_40120	GO:0017000	3	0.15	0
BSU_02530	GO:0017000	3	0.15	0
BSU_29730	GO:0020037	3	0.15	0
BSU_17420	GO:0034219	3	0.15	0
BSU_12430	GO:0017000	3	0.15	0
BSU_12440	GO:0017000	3	0.15	0
BSU_00440	GO:0034219	3	0.15	0
BSU_27660	GO:0017000	3	0.15	0
BSU_18020	GO:0034219	3	0.15	0
BSU_35430	GO:0071978	3	0.15	0
BSU_31480	GO:0020037	3	0.15	0
BSU_30620	GO:0071978	3	0.15	0
BSU_15810	GO:0006979	3	0.15	0
BSU_17290	GO:0071978	3	0.15	0
BSU_31480	GO:0071978	3	0.15	0
BSU_10570	GO:0071978	3	0.15	0
BSU_08850	GO:0071978	3	0.15	0
BSU_08830	GO:0071978	3	0.15	0
BSU_04310	GO:0071978	3	0.15	0
BSU_38110	GO:0071978	3	0.15	0
BSU_35860	GO:0071978	3	0.15	0
BSU_00230	GO:0006979	3	0.15	0
BSU_38540	GO:0071978	3	0.15	0
BSU_00610	GO:0071978	3	0.15	0
BSU_14990	GO:0017000	3	0.15	0
BSU_00600	GO:0071978	3	0.15	0
BSU_13780	GO:0034219	3	0.15	0
BSU_10570	GO:0020037	3	0.15	0
BSU_30720	GO:0020037	3	0.15	0
BSU_36130	GO:0043200	3	0.15	0
BSU_00600	GO:0034219	3	0.15	0
BSU_02450	GO:0017000	3	0.15	0
BSU_25830	GO:0017000	3	0.15	0
BSU_09770	GO:0034219	3	0.15	0
BSU_31480	GO:0008961	3	0.15	0
BSU_25830	GO:0034219	3	0.15	0
BSU_36120	GO:0043200	3	0.15	0
BSU_18920	GO:0017000	3	0.15	0
BSU_36300	GO:0043200	3	0.15	0
BSU_06740	GO:0043200	3	0.15	0
BSU_24620	GO:0034219	3	0.15	0
BSU_06750	GO:0043200	3	0.15	0
BSU_30720	GO:0034219	3	0.15	0
BSU_37920	GO:0034219	3	0.15	0
BSU_00610	GO:0034219	3	0.15	0
BSU_34760	GO:0017000	3	0.15	0
BSU_19040	GO:0017000	3	0.15	0
BSU_08110	GO:0034219	3	0.15	0
BSU_23050	GO:0020037	3	0.15	0
BSU_28060	GO:0034219	3	0.15	0
BSU_25340	GO:0017000	3	0.15	0
BSU_04440	GO:0005886	3	0.15	0
BSU_08850	GO:0020037	3	0.15	0
BSU_08830	GO:0020037	3	0.15	0
BSU_07520	GO:0020037	3	0.15	0
BSU_02530	GO:0005886	3	0.15	0
BSU_25840	GO:0034219	3	0.15	0
BSU_36180	GO:0017000	3	0.15	0
BSU_30620	GO:0020037	3	0.15	0
BSU_17990	GO:0034219	3	0.15	0
BSU_04310	GO:0020037	3	0.15	0
BSU_25750	GO:0034219	3	0.15	0
BSU_17300	GO:0071978	3	0.15	0
BSU_33360	GO:0020037	3	0.15	0
BSU_33840	GO:0004519	3	0.15	0
BSU_30440	GO:0042907	3	0.15	0
BSU_14500	GO:0016740	3	0.15	0
BSU_29390	GO:0016740	3	0.15	0
BSU_32580	GO:0042907	3	0.15	0
BSU_39510	GO:0016740	3	0.15	0
BSU_32590	GO:0042907	3	0.15	0
BSU_24090	GO:0016740	3	0.15	0
BSU_06920	GO:0016740	3	0.15	0
BSU_28740	GO:0042907	3	0.15	0
BSU_31560	GO:0042907	3	0.15	0
BSU_23240	GO:0016740	3	0.15	0
BSU_02680	GO:0004519	3	0.15	0
BSU_39990	GO:0004519	3	0.15	0
BSU_40740	GO:0016740	3	0.15	0
BSU_06980	GO:0042907	3	0.15	0
BSU_07390	GO:0004519	3	0.15	0
BSU_11490	GO:0016740	3	0.15	0
BSU_17030	GO:0005737	3	0.15	0
BSU_07120	GO:0042907	3	0.15	0
BSU_07110	GO:0042907	3	0.15	0
BSU_31210	GO:0004519	3	0.15	0
BSU_30135	GO:0042907	3	0.15	0
BSU_39470	GO:0016740	3	0.15	0
BSU_39520	GO:0016740	3	0.15	0
BSU_02500	GO:0004519	3	0.15	0
BSU_30170	GO:0042907	3	0.15	0
BSU_16870	GO:0016740	3	0.15	0
BSU_05750	GO:0016740	3	0.15	0
BSU_23050	GO:0016740	3	0.15	0
BSU_11680	GO:0016740	3	0.15	0
BSU_14380	GO:0004519	3	0.15	0
BSU_14170	GO:0004497	3	0.15	0
BSU_28730	GO:0042907	3	0.15	0
BSU_06990	GO:0042907	3	0.15	0
BSU_06740	GO:0003910	3	0.15	0
BSU_30720	GO:0071978	3	0.15	0
BSU_30450	GO:0003910	3	0.15	0
BSU_00600	GO:0005886	3	0.15	0
BSU_12530	GO:0003910	3	0.15	0
BSU_00610	GO:0005886	3	0.15	0
BSU_25340	GO:0003910	3	0.15	0
BSU_24430	GO:0003910	3	0.15	0
BSU_38540	GO:0005886	3	0.15	0
BSU_11780	GO:0006979	3	0.15	0
BSU_00230	GO:0050660	3	0.15	0
BSU_31550	GO:0003910	3	0.15	0
BSU_39500	GO:0020037	3	0.15	0
BSU_31560	GO:0020037	3	0.15	0
BSU_36300	GO:0005886	3	0.15	0
BSU_38570	GO:0046872	3	0.15	0
BSU_33360	GO:0071978	3	0.15	0
BSU_08830	GO:0003910	3	0.15	0
BSU_06980	GO:0020037	3	0.15	0
BSU_06750	GO:0003910	3	0.15	0
BSU_16860	GO:0016977	3	0.15	0
BSU_27950	GO:0016977	3	0.15	0
BSU_09200	GO:0020037	3	0.15	0
BSU_26250	GO:0003910	3	0.15	0
BSU_17870	GO:0003910	3	0.15	0
BSU_04830	GO:0003910	3	0.15	0
BSU_28040	GO:0016977	3	0.15	0
BSU_04810	GO:0016977	3	0.15	0
BSU_06990	GO:0020037	3	0.15	0
BSU_00230	GO:0042907	3	0.15	0
BSU_24360	GO:0006979	3	0.15	0
BSU_26260	GO:0003910	3	0.15	0
BSU_13700	GO:0003910	3	0.15	0
BSU_00230	GO:0005886	3	0.15	0
BSU_15810	GO:0005886	3	0.15	0
BSU_13000	GO:0006450	3	0.15	0
BSU_32580	GO:0015793	3	0.15	0
BSU_39470	GO:0005737	3	0.15	0
BSU_33070	GO:0071555	3	0.15	0
BSU_36880	GO:0000160	3	0.15	0
BSU_38960	GO:0004725	3	0.15	0
BSU_38950	GO:0004725	3	0.15	0
BSU_34520	GO:0003690	3	0.15	0
BSU_12440	GO:0003690	3	0.15	0
BSU_24690	GO:0000160	3	0.15	0
BSU_38980	GO:0004725	3	0.15	0
BSU_38990	GO:0004725	3	0.15	0
BSU_27660	GO:0046872	3	0.15	0
BSU_28520	GO:0004725	3	0.15	0
BSU_12440	GO:0046872	3	0.15	0
BSU_12430	GO:0046872	3	0.15	0
BSU_34370	GO:0000160	3	0.15	0
BSU_12330	GO:0004725	3	0.15	0
BSU_12390	GO:0004725	3	0.15	0
BSU_35220	GO:0000160	3	0.15	0
BSU_36690	GO:0003690	3	0.15	0
BSU_03340	GO:0004725	3	0.15	0
BSU_25830	GO:0004725	3	0.15	0
BSU_07390	GO:0003690	3	0.15	0
BSU_00800	GO:0003690	3	0.15	0
BSU_32990	GO:0003690	3	0.15	0
BSU_02680	GO:0003690	3	0.15	0
BSU_39990	GO:0003690	3	0.15	0
BSU_25570	GO:0000160	3	0.15	0
BSU_17870	GO:0003690	3	0.15	0
BSU_14990	GO:0003690	3	0.15	0
BSU_39430	GO:0003690	3	0.15	0
BSU_04860	GO:0003690	3	0.15	0
BSU_04830	GO:0003690	3	0.15	0
BSU_27040	GO:0000160	3	0.15	0
BSU_27050	GO:0000160	3	0.15	0
BSU_18550	GO:0004725	3	0.15	0
BSU_40120	GO:0046872	3	0.15	0
BSU_32580	GO:0000160	3	0.15	0
BSU_32590	GO:0000160	3	0.15	0
BSU_27040	GO:0046872	3	0.15	0
BSU_17030	GO:0044780	3	0.15	0
BSU_05750	GO:0016746	3	0.15	0
BSU_25340	GO:0006508	3	0.15	0
BSU_38570	GO:0046872	3	0.15	0
BSU_36180	GO:0006508	3	0.15	0
BSU_18920	GO:0006508	3	0.15	0
BSU_04710	GO:0003700	3	0.15	0
BSU_06740	GO:0003700	3	0.15	0
BSU_27050	GO:0046872	3	0.15	0
BSU_23270	GO:0016746	3	0.15	0
BSU_02450	GO:0006508	3	0.15	0
BSU_39470	GO:0016746	3	0.15	0
BSU_39520	GO:0016746	3	0.15	0
BSU_13700	GO:0006338	3	0.15	0
BSU_19040	GO:0006508	3	0.15	0
BSU_25630	GO:0016746	3	0.15	0
BSU_38570	GO:0046872	3	0.15	0
BSU_36690	GO:0006508	3	0.15	0
BSU_25840	GO:0004725	3	0.15	0
BSU_14990	GO:0046872	3	0.15	0
BSU_08110	GO:0004725	3	0.15	0
BSU_33360	GO:0016746	3	0.15	0
BSU_14990	GO:0006508	3	0.15	0
BSU_02530	GO:0006508	3	0.15	0
BSU_05750	GO:0006508	3	0.15	0
BSU_21990	GO:0016746	3	0.15	0
BSU_02450	GO:0003700	3	0.15	0
BSU_12440	GO:0006508	3	0.15	0
BSU_40250	GO:0016746	3	0.15	0
BSU_35360	GO:0046872	3	0.15	0
BSU_26970	GO:0016746	3	0.15	0
BSU_27660	GO:0006508	3	0.15	0
BSU_26580	GO:0003690	3	0.15	0
BSU_36690	GO:0004725	3	0.15	0
BSU_31875	GO:0003700	3	0.15	0
BSU_16340	GO:0005829	3	0.15	0
BSU_29420	GO:0005886	3	0.15	0
BSU_16870	GO:0005886	3	0.15	0
BSU_40120	GO:0009089	3	0.15	0
BSU_06740	GO:0003700	3	0.15	0
BSU_08070	GO:0005886	3	0.15	0
BSU_34520	GO:0005886	3	0.15	0
BSU_24020	GO:0042276	3	0.15	0
BSU_27040	GO:0030420	3	0.15	0
BSU_30170	GO:0030420	3	0.15	0
BSU_36240	GO:0005829	3	0.15	0
BSU_36240	GO:0042276	3	0.15	0
BSU_07120	GO:0030420	3	0.15	0
BSU_11550	GO:0005829	3	0.15	0
BSU_30135	GO:0030420	3	0.15	0
BSU_35220	GO:0003700	3	0.15	0
BSU_27050	GO:0030420	3	0.15	0
BSU_07110	GO:0030420	3	0.15	0
BSU_11550	GO:0042276	3	0.15	0
BSU_27040	GO:0005737	3	0.15	0
BSU_25340	GO:0015937	3	0.15	0
BSU_27050	GO:0005737	3	0.15	0
BSU_13680	GO:0005737	3	0.15	0
BSU_29730	GO:0005737	3	0.15	0
BSU_36180	GO:0015937	3	0.15	0
BSU_36880	GO:0030420	3	0.15	0
BSU_13680	GO:0030420	3	0.15	0
BSU_35220	GO:0030420	3	0.15	0
BSU_34760	GO:0015937	3	0.15	0
BSU_18920	GO:0015937	3	0.15	0
BSU_38570	GO:0009089	3	0.15	0
BSU_02450	GO:0015937	3	0.15	0
BSU_25830	GO:0015937	3	0.15	0
BSU_38430	GO:0016746	3	0.15	0
BSU_14990	GO:0003700	3	0.15	0
BSU_27000	GO:0003690	3	0.15	0
BSU_33840	GO:0003690	3	0.15	0
BSU_36240	GO:0005737	3	0.15	0
BSU_40800	GO:0003690	3	0.15	0
BSU_02450	GO:0003690	3	0.15	0
BSU_11550	GO:0000725	3	0.15	0
BSU_31875	GO:0003690	3	0.15	0
BSU_34180	GO:0003690	3	0.15	0
BSU_31210	GO:0003690	3	0.15	0
BSU_06740	GO:0003690	3	0.15	0
BSU_11550	GO:0005504	3	0.15	0
BSU_02500	GO:0003690	3	0.15	0
BSU_14380	GO:0003690	3	0.15	0
BSU_04810	GO:0016746	3	0.15	0
BSU_24670	GO:0000160	3	0.15	0
BSU_10370	GO:0000160	3	0.15	0
BSU_06750	GO:0003690	3	0.15	0
BSU_36300	GO:0003690	3	0.15	0
BSU_32200	GO:0005886	3	0.15	0
BSU_19460	GO:0016746	3	0.15	0
BSU_28040	GO:0016746	3	0.15	0
BSU_04200	GO:0016746	3	0.15	0
BSU_10370	GO:0030420	3	0.15	0
BSU_12330	GO:0016746	3	0.15	0
BSU_32030	GO:0030420	3	0.15	0
BSU_10750	GO:0016746	3	0.15	0
BSU_16860	GO:0016746	3	0.15	0
BSU_27660	GO:0009089	3	0.15	0
BSU_01845	GO:0016746	3	0.15	0
BSU_12430	GO:0009089	3	0.15	0
BSU_12440	GO:0009089	3	0.15	0
BSU_39430	GO:0003700	3	0.15	0
BSU_39990	GO:0003700	3	0.15	0
BSU_02680	GO:0003700	3	0.15	0
BSU_04440	GO:0005886	3	0.15	0
BSU_34760	GO:0005829	3	0.15	0
BSU_25830	GO:0006508	3	0.15	0
BSU_26260	GO:0005886	3	0.15	0
BSU_34500	GO:0030435	3	0.15	0
BSU_38540	GO:0005886	3	0.15	0
BSU_12430	GO:0016740	3	0.15	0
BSU_36120	GO:0030435	3	0.15	0
BSU_36130	GO:0030435	3	0.15	0
BSU_35840	GO:0030435	3	0.15	0
BSU_25690	GO:0005886	3	0.15	0
BSU_34490	GO:0030435	3	0.15	0
BSU_09890	GO:0030435	3	0.15	0
BSU_09090	GO:0030435	3	0.15	0
BSU_34690	GO:0030435	3	0.15	0
BSU_09200	GO:0030435	3	0.15	0
BSU_33360	GO:0030435	3	0.15	0
BSU_17300	GO:0030435	3	0.15	0
BSU_00610	GO:0005886	3	0.15	0
BSU_00600	GO:0005886	3	0.15	0
BSU_31480	GO:0030435	3	0.15	0
BSU_05750	GO:0003700	3	0.15	0
BSU_10370	GO:0005515	3	0.15	0
BSU_35570	GO:0016787	3	0.15	0
BSU_36240	GO:0003677	3	0.15	0
BSU_35570	GO:0030435	3	0.15	0
BSU_36690	GO:0003700	3	0.15	0
BSU_27660	GO:0016740	3	0.15	0
BSU_01845	GO:0030435	3	0.15	0
BSU_12440	GO:0016740	3	0.15	0
BSU_32030	GO:0016020	3	0.15	0
BSU_04960	GO:0030435	3	0.15	0
BSU_25570	GO:0005515	3	0.15	0
BSU_00230	GO:0005886	3	0.15	0
BSU_15810	GO:0005886	3	0.15	0
BSU_33570	GO:0030435	3	0.15	0
BSU_17290	GO:0030435	3	0.15	0
BSU_10570	GO:0030435	3	0.15	0
BSU_11550	GO:0003677	3	0.15	0
BSU_05750	GO:0016740	3	0.15	0
BSU_02450	GO:0005886	3	0.15	0
BSU_16460	GO:0003677	3	0.15	0
BSU_39010	GO:0005737	3	0.15	0
BSU_08070	GO:0016740	3	0.15	0
BSU_39980	GO:0005737	3	0.15	0
BSU_38430	GO:0005737	3	0.15	0
BSU_27040	GO:0016740	3	0.15	0
BSU_32200	GO:0005886	3	0.15	0
BSU_27050	GO:0016740	3	0.15	0
BSU_12430	GO:0016740	3	0.15	0
BSU_12440	GO:0016740	3	0.15	0
BSU_38570	GO:0016020	3	0.15	0
BSU_24670	GO:0042906	3	0.15	0
BSU_32030	GO:0042906	3	0.15	0
BSU_32100	GO:0005886	3	0.15	0
BSU_31480	GO:0005737	3	0.15	0
BSU_17030	GO:0003677	3	0.15	0
BSU_40120	GO:0016740	3	0.15	0
BSU_36300	GO:0005886	3	0.15	0
BSU_40120	GO:0005886	3	0.15	0
BSU_38570	GO:0003677	3	0.15	0
BSU_03340	GO:0016740	3	0.15	0
BSU_34760	GO:0005886	3	0.15	0
BSU_35360	GO:0016740	3	0.15	0
BSU_22230	GO:0003677	3	0.15	0
BSU_19040	GO:0005886	3	0.15	0
BSU_11550	GO:0003677	3	0.15	0
BSU_25570	GO:0003677	3	0.15	0
BSU_04740	GO:0016740	3	0.15	0
BSU_04700	GO:0016740	3	0.15	0
BSU_34520	GO:0005886	3	0.15	0
BSU_04710	GO:0016740	3	0.15	0
BSU_24670	GO:0005515	3	0.15	0
BSU_30720	GO:0005737	3	0.15	0
BSU_26260	GO:0006338	3	0.15	0
BSU_14990	GO:0016887	3	0.15	0
BSU_25690	GO:0016887	3	0.15	0
BSU_12820	GO:0016887	3	0.15	0
BSU_31875	GO:0003700	3	0.15	0
BSU_12440	GO:0016887	3	0.15	0
BSU_34520	GO:0016887	3	0.15	0
BSU_36690	GO:0016887	3	0.15	0
BSU_00230	GO:0005515	3	0.15	0
BSU_24230	GO:0016887	3	0.15	0
BSU_04860	GO:0016887	3	0.15	0
BSU_38540	GO:0006508	3	0.15	0
BSU_02680	GO:0003700	3	0.15	0
BSU_39990	GO:0003700	3	0.15	0
BSU_25840	GO:0006508	3	0.15	0
BSU_31875	GO:0016887	3	0.15	0
BSU_16740	GO:0016887	3	0.15	0
BSU_37920	GO:0016887	3	0.15	0
BSU_02260	GO:0006508	3	0.15	0
BSU_16340	GO:0044780	3	0.15	0
BSU_35360	GO:0005829	3	0.15	0
BSU_15810	GO:0005886	3	0.15	0
BSU_25490	GO:0004527	3	0.15	0
BSU_00600	GO:0005886	3	0.15	0
BSU_00610	GO:0005886	3	0.15	0
BSU_38540	GO:0005886	3	0.15	0
BSU_00470	GO:0004527	3	0.15	0
BSU_30720	GO:0016887	3	0.15	0
BSU_09770	GO:0016887	3	0.15	0
BSU_25830	GO:0016887	3	0.15	0
BSU_34370	GO:0005829	3	0.15	0
BSU_16340	GO:0004527	3	0.15	0
BSU_35220	GO:0005829	3	0.15	0
BSU_24620	GO:0016887	3	0.15	0
BSU_14990	GO:0003700	3	0.15	0
BSU_04940	GO:0016887	3	0.15	0
BSU_24670	GO:0003677	3	0.15	0
BSU_35520	GO:0005737	3	0.15	0
BSU_16450	GO:0005829	3	0.15	0
BSU_16450	GO:0006338	3	0.15	0
BSU_16460	GO:0005829	3	0.15	0
BSU_32590	GO:0015711	3	0.15	0
BSU_30440	GO:0015711	3	0.15	0
BSU_17420	GO:0005886	3	0.15	0
BSU_03340	GO:0006338	3	0.15	0
BSU_28740	GO:0015711	3	0.15	0
BSU_22230	GO:0003677	3	0.15	0
BSU_00230	GO:0015711	3	0.15	0
BSU_38570	GO:0003677	3	0.15	0
BSU_04940	GO:0005886	3	0.15	0
BSU_25570	GO:0015711	3	0.15	0
BSU_15810	GO:0015711	3	0.15	0
BSU_32580	GO:0015711	3	0.15	0
BSU_28730	GO:0015711	3	0.15	0
BSU_07110	GO:0015711	3	0.15	0
BSU_19170	GO:0030435	3	0.15	0
BSU_25340	GO:0016887	3	0.15	0
BSU_30135	GO:0015711	3	0.15	0
BSU_07120	GO:0015711	3	0.15	0
BSU_30170	GO:0015711	3	0.15	0
BSU_38570	GO:0005524	3	0.15	0
BSU_33140	GO:0030435	3	0.15	0
BSU_01510	GO:0030435	3	0.15	0
BSU_24430	GO:0005886	3	0.15	0
BSU_02470	GO:0030435	3	0.15	0
BSU_07450	GO:0030435	3	0.15	0
BSU_07460	GO:0030435	3	0.15	0
BSU_26260	GO:0005886	3	0.15	0
BSU_13700	GO:0005886	3	0.15	0
BSU_12530	GO:0005886	3	0.15	0
BSU_19040	GO:0015937	3	0.15	0
BSU_23050	GO:0005737	3	0.15	0
BSU_04310	GO:0042626	3	0.15	0
BSU_27660	GO:0015937	3	0.15	0
BSU_27660	GO:0051082	3	0.15	0
BSU_02450	GO:0030435	3	0.15	0
BSU_15660	GO:0005737	3	0.15	0
BSU_11550	GO:0016787	3	0.15	0
BSU_40800	GO:0030435	3	0.15	0
BSU_30450	GO:0051156	3	0.15	0
BSU_22180	GO:0005886	3	0.15	0
BSU_06750	GO:0030435	3	0.15	0
BSU_06740	GO:0030435	3	0.15	0
BSU_38570	GO:0016787	3	0.15	0
BSU_36300	GO:0030435	3	0.15	0
BSU_13000	GO:0051156	3	0.15	0
BSU_22230	GO:0016787	3	0.15	0
BSU_12430	GO:0016491	3	0.15	0
BSU_12440	GO:0016491	3	0.15	0
BSU_13000	GO:0005886	3	0.15	0
BSU_22230	GO:0005886	3	0.15	0
BSU_04740	GO:0016783	3	0.15	0
BSU_16340	GO:0030152	3	0.15	0
BSU_00600	GO:0042626	3	0.15	0
BSU_11550	GO:0005886	3	0.15	0
BSU_40120	GO:0051082	3	0.15	0
BSU_31210	GO:0030435	3	0.15	0
BSU_33840	GO:0030435	3	0.15	0
BSU_00610	GO:0042626	3	0.15	0
BSU_24020	GO:0005886	3	0.15	0
BSU_04700	GO:0016783	3	0.15	0
BSU_26260	GO:0005737	3	0.15	0
BSU_31875	GO:0030435	3	0.15	0
BSU_04710	GO:0016783	3	0.15	0
BSU_11550	GO:0030152	3	0.15	0
BSU_12430	GO:0051082	3	0.15	0
BSU_12440	GO:0051082	3	0.15	0
BSU_32580	GO:1902475	3	0.15	0
BSU_35360	GO:0016783	3	0.15	0
BSU_27660	GO:0016491	3	0.15	0
BSU_33050	GO:0016887	3	0.15	0
BSU_38570	GO:0006072	3	0.15	0
BSU_02260	GO:0005886	3	0.15	0
BSU_36880	GO:0016887	3	0.15	0
BSU_32580	GO:0016887	3	0.15	0
BSU_11550	GO:0004659	3	0.15	0
BSU_32590	GO:0016887	3	0.15	0
BSU_19040	GO:0000271	3	0.15	0
BSU_40120	GO:0051156	3	0.15	0
BSU_36690	GO:0000271	3	0.15	0
BSU_02530	GO:0000271	3	0.15	0
BSU_22230	GO:0006072	3	0.15	0
BSU_14990	GO:0000271	3	0.15	0
BSU_35690	GO:0000271	3	0.15	0
BSU_35570	GO:0000271	3	0.15	0
BSU_25490	GO:0140663	3	0.15	0
BSU_00470	GO:0140663	3	0.15	0
BSU_32590	GO:1902475	3	0.15	0
BSU_00230	GO:0016651	3	0.15	0
BSU_33050	GO:1902475	3	0.15	0
BSU_33070	GO:1902475	3	0.15	0
BSU_32200	GO:0016651	3	0.15	0
BSU_35800	GO:1902475	3	0.15	0
BSU_35820	GO:1902475	3	0.15	0
BSU_03340	GO:0016783	3	0.15	0
BSU_17030	GO:0005886	3	0.15	0
BSU_17030	GO:0140663	3	0.15	0
BSU_03700	GO:1902475	3	0.15	0
BSU_03720	GO:1902475	3	0.15	0
BSU_03710	GO:1902475	3	0.15	0
BSU_36240	GO:0005886	3	0.15	0
BSU_13700	GO:0016651	3	0.15	0
BSU_11550	GO:0140663	3	0.15	0
BSU_14380	GO:0030435	3	0.15	0
BSU_35220	GO:0003677	3	0.15	0
BSU_27000	GO:0030435	3	0.15	0
BSU_25570	GO:0015793	3	0.15	0
BSU_27040	GO:0015793	3	0.15	0
BSU_34520	GO:0005737	3	0.15	0
BSU_15810	GO:0015793	3	0.15	0
BSU_15810	GO:0005737	3	0.15	0
BSU_27660	GO:0016740	3	0.15	0
BSU_11780	GO:0005737	3	0.15	0
BSU_30170	GO:0015793	3	0.15	0
BSU_27050	GO:0015793	3	0.15	0
BSU_07120	GO:0015793	3	0.15	0
BSU_30135	GO:0015793	3	0.15	0
BSU_07110	GO:0015793	3	0.15	0
BSU_25690	GO:0005737	3	0.15	0
BSU_31270	GO:0005737	3	0.15	0
BSU_12440	GO:0016740	3	0.15	0
BSU_00230	GO:0005737	3	0.15	0
BSU_38570	GO:0016491	3	0.15	0
BSU_12430	GO:0016740	3	0.15	0
BSU_07120	GO:0042626	3	0.15	0
BSU_28740	GO:0015793	3	0.15	0
BSU_30620	GO:0042626	3	0.15	0
BSU_28730	GO:0015793	3	0.15	0
BSU_34370	GO:0015793	3	0.15	0
BSU_07110	GO:0042626	3	0.15	0
BSU_30135	GO:0042626	3	0.15	0
BSU_30170	GO:0042626	3	0.15	0
BSU_35220	GO:0008889	3	0.15	0
BSU_25570	GO:0042626	3	0.15	0
BSU_08850	GO:0042626	3	0.15	0
BSU_15810	GO:0042626	3	0.15	0
BSU_27040	GO:0042626	3	0.15	0
BSU_08070	GO:0003700	3	0.15	0
BSU_27050	GO:0042626	3	0.15	0
BSU_40120	GO:0016491	3	0.15	0
BSU_34370	GO:0042626	3	0.15	0
BSU_05750	GO:0051082	3	0.15	0
BSU_14990	GO:0016740	3	0.15	0
BSU_00600	GO:0005737	3	0.15	0
BSU_00610	GO:0005737	3	0.15	0
BSU_32990	GO:0030435	3	0.15	0
BSU_00800	GO:0030435	3	0.15	0
BSU_08070	GO:0016783	3	0.15	0
BSU_06980	GO:0042626	3	0.15	0
BSU_06990	GO:0042626	3	0.15	0
BSU_14990	GO:0051082	3	0.15	0
BSU_14990	GO:0003677	3	0.15	0
BSU_07390	GO:0030435	3	0.15	0
BSU_26580	GO:0030435	3	0.15	0
BSU_36690	GO:0051082	3	0.15	0
BSU_23240	GO:0005737	3	0.15	0
BSU_38510	GO:0005737	3	0.15	0
BSU_02680	GO:0030435	3	0.15	0
BSU_39990	GO:0030435	3	0.15	0
BSU_28730	GO:0042626	3	0.15	0
BSU_37920	GO:0005737	3	0.15	0
BSU_28740	GO:0042626	3	0.15	0
BSU_22230	GO:0016491	3	0.15	0
BSU_24230	GO:0005737	3	0.15	0
BSU_24360	GO:0005737	3	0.15	0
BSU_00230	GO:0015793	3	0.15	0
BSU_40120	GO:0016740	3	0.15	0
BSU_19800	GO:0030435	3	0.15	0
BSU_17870	GO:0030435	3	0.15	0
BSU_24620	GO:0005737	3	0.15	0
BSU_05750	GO:0016740	3	0.15	0
BSU_13000	GO:0016874	3	0.15	0
BSU_04830	GO:0030435	3	0.15	0
BSU_04860	GO:0030435	3	0.15	0
BSU_39430	GO:0030435	3	0.15	0
BSU_35590	GO:0000271	3	0.15	0
BSU_35540	GO:0000271	3	0.15	0
BSU_00230	GO:0004407	3	0.15	0
BSU_27050	GO:0016301	3	0.15	0
BSU_25570	GO:0016301	3	0.15	0
BSU_13000	GO:0005886	3	0.15	0
BSU_36240	GO:0009103	3	0.15	0
BSU_07520	GO:0005737	3	0.15	0
BSU_23050	GO:0016301	3	0.15	0
BSU_27040	GO:0016301	3	0.15	0
BSU_35960	GO:0005737	3	0.15	0
BSU_29730	GO:0005576	3	0.15	0
BSU_28740	GO:0030420	3	0.15	0
BSU_39500	GO:0005737	3	0.15	0
BSU_13680	GO:0016301	3	0.15	0
BSU_10330	GO:0005737	3	0.15	0
BSU_28730	GO:0030420	3	0.15	0
BSU_24670	GO:0005737	3	0.15	0
BSU_25690	GO:0005886	3	0.15	0
BSU_26260	GO:0005886	3	0.15	0
BSU_32030	GO:0005737	3	0.15	0
BSU_35360	GO:0005886	3	0.15	0
BSU_24670	GO:0016301	3	0.15	0
BSU_32030	GO:0016301	3	0.15	0
BSU_10370	GO:0016301	3	0.15	0
BSU_38980	GO:0005886	3	0.15	0
BSU_10570	GO:0005576	3	0.15	0
BSU_31480	GO:0005576	3	0.15	0
BSU_12390	GO:0009098	3	0.15	0
BSU_07520	GO:0016301	3	0.15	0
BSU_24620	GO:0005886	3	0.15	0
BSU_07110	GO:0016301	3	0.15	0
BSU_30135	GO:0016301	3	0.15	0
BSU_07120	GO:0016301	3	0.15	0
BSU_30170	GO:0016301	3	0.15	0
BSU_13680	GO:0005576	3	0.15	0
BSU_35220	GO:0016301	3	0.15	0
BSU_10370	GO:0005737	3	0.15	0
BSU_16340	GO:0009103	3	0.15	0
BSU_30170	GO:0005737	3	0.15	0
BSU_24970	GO:0030420	3	0.15	0
BSU_36240	GO:0005886	3	0.15	0
BSU_07110	GO:0005737	3	0.15	0
BSU_30135	GO:0005737	3	0.15	0
BSU_07120	GO:0005737	3	0.15	0
BSU_16340	GO:0071555	3	0.15	0
BSU_24360	GO:0030420	3	0.15	0
BSU_40120	GO:0015937	3	0.15	0
BSU_12430	GO:0015937	3	0.15	0
BSU_25570	GO:0005737	3	0.15	0
BSU_08830	GO:0005737	3	0.15	0
BSU_08850	GO:0005737	3	0.15	0
BSU_12440	GO:0015937	3	0.15	0
BSU_38540	GO:0005886	3	0.15	0
BSU_17030	GO:0005886	3	0.15	0
BSU_30620	GO:0005737	3	0.15	0
BSU_34370	GO:0030420	3	0.15	0
BSU_17030	GO:0009103	3	0.15	0
BSU_11550	GO:0009103	3	0.15	0
BSU_03340	GO:0009098	3	0.15	0
BSU_24360	GO:0016301	3	0.15	0
BSU_24690	GO:0016301	3	0.15	0
BSU_14990	GO:0009089	3	0.15	0
BSU_14990	GO:0015937	3	0.15	0
BSU_02530	GO:0015937	3	0.15	0
BSU_05750	GO:0015937	3	0.15	0
BSU_24690	GO:0006779	3	0.15	0
BSU_24670	GO:0006779	3	0.15	0
BSU_24990	GO:0030420	3	0.15	0
BSU_11550	GO:0005886	3	0.15	0
BSU_36690	GO:0015937	3	0.15	0
BSU_04310	GO:0005737	3	0.15	0
BSU_23050	GO:0005576	3	0.15	0
BSU_08850	GO:0005576	3	0.15	0
BSU_35550	GO:0000271	3	0.15	0
BSU_36300	GO:0005886	3	0.15	0
BSU_16460	GO:0005886	3	0.15	0
BSU_23270	GO:0000271	3	0.15	0
BSU_38990	GO:0000271	3	0.15	0
BSU_38980	GO:0000271	3	0.15	0
BSU_12430	GO:0006164	3	0.15	0
BSU_16860	GO:0005737	3	0.15	0
BSU_33070	GO:0016887	3	0.15	0
BSU_38540	GO:0005886	3	0.15	0
BSU_24020	GO:0004529	3	0.15	0
BSU_24230	GO:0005886	3	0.15	0
BSU_19040	GO:0005576	3	0.15	0
BSU_35800	GO:0016887	3	0.15	0
BSU_40120	GO:0005886	3	0.15	0
BSU_22230	GO:0006164	3	0.15	0
BSU_35840	GO:0000271	3	0.15	0
BSU_36180	GO:0005886	3	0.15	0
BSU_34760	GO:0005886	3	0.15	0
BSU_23240	GO:0000271	3	0.15	0
BSU_25340	GO:0005886	3	0.15	0
BSU_36300	GO:0000271	3	0.15	0
BSU_17030	GO:0005829	3	0.15	0
BSU_05750	GO:0000271	3	0.15	0
BSU_16340	GO:0005829	3	0.15	0
BSU_25490	GO:0005829	3	0.15	0
BSU_23050	GO:0000271	3	0.15	0
BSU_35520	GO:0000271	3	0.15	0
BSU_25490	GO:0048476	3	0.15	0
BSU_11680	GO:0000271	3	0.15	0
BSU_38570	GO:0004407	3	0.15	0
BSU_35070	GO:0000271	3	0.15	0
BSU_00230	GO:0005886	3	0.15	0
BSU_15810	GO:0005886	3	0.15	0
BSU_40120	GO:0006164	3	0.15	0
BSU_33660	GO:0004529	3	0.15	0
BSU_06990	GO:0016301	3	0.15	0
BSU_38960	GO:0005737	3	0.15	0
BSU_02500	GO:0004529	3	0.15	0
BSU_30620	GO:0005576	3	0.15	0
BSU_12330	GO:0005737	3	0.15	0
BSU_07110	GO:0005576	3	0.15	0
BSU_30135	GO:0005576	3	0.15	0
BSU_38950	GO:0005737	3	0.15	0
BSU_39770	GO:0004529	3	0.15	0
BSU_04310	GO:0005576	3	0.15	0
BSU_26970	GO:0005737	3	0.15	0
BSU_07120	GO:0005576	3	0.15	0
BSU_30170	GO:0005576	3	0.15	0
BSU_07520	GO:0005576	3	0.15	0
BSU_08830	GO:0005576	3	0.15	0
BSU_06980	GO:0016301	3	0.15	0
BSU_16450	GO:0005886	3	0.15	0
BSU_13700	GO:0005737	3	0.15	0
BSU_09200	GO:0005576	3	0.15	0
BSU_36690	GO:0005576	3	0.15	0
BSU_38570	GO:0006164	3	0.15	0
BSU_35820	GO:0016887	3	0.15	0
BSU_36180	GO:0005576	3	0.15	0
BSU_03700	GO:0016887	3	0.15	0
BSU_03720	GO:0016887	3	0.15	0
BSU_03710	GO:0016887	3	0.15	0
BSU_00230	GO:0005524	3	0.15	0
BSU_32580	GO:0030420	3	0.15	0
BSU_25630	GO:0005737	3	0.15	0
BSU_12430	GO:0005576	3	0.15	0
BSU_33070	GO:0009103	3	0.15	0
BSU_32030	GO:0005576	3	0.15	0
BSU_34180	GO:0004529	3	0.15	0
BSU_30460	GO:0004529	3	0.15	0
BSU_10570	GO:0030435	3	0.15	0
BSU_24360	GO:0015113	3	0.15	0
BSU_15810	GO:0005886	3	0.15	0
BSU_40800	GO:0043565	3	0.15	0
BSU_00230	GO:0016787	3	0.15	0
BSU_36300	GO:0043565	3	0.15	0
BSU_06740	GO:0043565	3	0.15	0
BSU_04740	GO:0016407	3	0.15	0
BSU_06750	GO:0043565	3	0.15	0
BSU_35960	GO:0005737	3	0.15	0
BSU_28740	GO:0005737	3	0.15	0
BSU_28730	GO:0005737	3	0.15	0
BSU_11550	GO:0016020	3	0.15	0
BSU_27050	GO:0005737	3	0.15	0
BSU_04710	GO:0017118	3	0.15	0
BSU_27040	GO:0005737	3	0.15	0
BSU_08070	GO:0005737	3	0.15	0
BSU_02450	GO:0043565	3	0.15	0
BSU_31875	GO:0043565	3	0.15	0
BSU_33050	GO:0016746	3	0.15	0
BSU_33070	GO:0016746	3	0.15	0
BSU_35800	GO:0016746	3	0.15	0
BSU_35820	GO:0016746	3	0.15	0
BSU_03700	GO:0016746	3	0.15	0
BSU_38570	GO:0017118	3	0.15	0
BSU_04700	GO:0017118	3	0.15	0
BSU_32590	GO:0022857	3	0.15	0
BSU_04710	GO:0016407	3	0.15	0
BSU_32580	GO:0022857	3	0.15	0
BSU_28740	GO:0022857	3	0.15	0
BSU_28730	GO:0022857	3	0.15	0
BSU_24230	GO:0046872	3	0.15	0
BSU_30170	GO:0022857	3	0.15	0
BSU_07120	GO:0022857	3	0.15	0
BSU_30135	GO:0022857	3	0.15	0
BSU_07110	GO:0022857	3	0.15	0
BSU_09200	GO:0046872	3	0.15	0
BSU_30810	GO:0046872	3	0.15	0
BSU_04740	GO:0017118	3	0.15	0
BSU_37830	GO:0046872	3	0.15	0
BSU_12390	GO:0046872	3	0.15	0
BSU_11550	GO:0004315	3	0.15	0
BSU_16460	GO:0016020	3	0.15	0
BSU_35360	GO:0017118	3	0.15	0
BSU_04700	GO:0016407	3	0.15	0
BSU_17030	GO:0003824	3	0.15	0
BSU_36880	GO:0016020	3	0.15	0
BSU_13700	GO:0016787	3	0.15	0
BSU_03720	GO:0016746	3	0.15	0
BSU_03710	GO:0016746	3	0.15	0
BSU_00230	GO:0016746	3	0.15	0
BSU_07520	GO:0016020	3	0.15	0
BSU_30440	GO:0016020	3	0.15	0
BSU_24670	GO:0016020	3	0.15	0
BSU_32030	GO:0016020	3	0.15	0
BSU_10370	GO:0016020	3	0.15	0
BSU_04860	GO:0043565	3	0.15	0
BSU_38570	GO:0005829	3	0.15	0
BSU_04830	GO:0043565	3	0.15	0
BSU_04710	GO:0005829	3	0.15	0
BSU_04740	GO:0005829	3	0.15	0
BSU_23050	GO:0016020	3	0.15	0
BSU_34180	GO:0043565	3	0.15	0
BSU_13680	GO:0016020	3	0.15	0
BSU_35220	GO:0016020	3	0.15	0
BSU_24360	GO:0016020	3	0.15	0
BSU_24690	GO:0016020	3	0.15	0
BSU_24970	GO:0016020	3	0.15	0
BSU_24990	GO:0016020	3	0.15	0
BSU_30450	GO:0016020	3	0.15	0
BSU_00440	GO:0043565	3	0.15	0
BSU_31550	GO:0016020	3	0.15	0
BSU_08070	GO:0005829	3	0.15	0
BSU_31560	GO:0016020	3	0.15	0
BSU_39430	GO:0043565	3	0.15	0
BSU_27040	GO:0005829	3	0.15	0
BSU_04710	GO:0005737	3	0.15	0
BSU_04740	GO:0005737	3	0.15	0
BSU_11780	GO:0016746	3	0.15	0
BSU_36240	GO:0005737	3	0.15	0
BSU_33840	GO:0043565	3	0.15	0
BSU_31210	GO:0043565	3	0.15	0
BSU_35360	GO:0005737	3	0.15	0
BSU_02500	GO:0043565	3	0.15	0
BSU_14380	GO:0043565	3	0.15	0
BSU_27000	GO:0043565	3	0.15	0
BSU_26580	GO:0043565	3	0.15	0
BSU_07390	GO:0043565	3	0.15	0
BSU_00800	GO:0043565	3	0.15	0
BSU_32990	GO:0043565	3	0.15	0
BSU_02680	GO:0043565	3	0.15	0
BSU_39990	GO:0043565	3	0.15	0
BSU_17870	GO:0043565	3	0.15	0
BSU_16340	GO:0005737	3	0.15	0
BSU_27050	GO:0005829	3	0.15	0
BSU_04310	GO:0046872	3	0.15	0
BSU_30440	GO:0022857	3	0.15	0
BSU_05750	GO:0016740	3	0.15	0
BSU_11550	GO:0000287	3	0.15	0
BSU_30720	GO:0043878	3	0.15	0
BSU_01910	GO:0043878	3	0.15	0
BSU_06590	GO:0043878	3	0.15	0
BSU_36880	GO:0016020	3	0.15	0
BSU_28740	GO:0016407	3	0.15	0
BSU_34760	GO:0005886	3	0.15	0
BSU_40120	GO:0005886	3	0.15	0
BSU_13000	GO:0005886	3	0.15	0
BSU_35220	GO:0016020	3	0.15	0
BSU_10370	GO:0016020	3	0.15	0
BSU_38980	GO:0016407	3	0.15	0
BSU_16460	GO:0005886	3	0.15	0
BSU_15810	GO:0005886	3	0.15	0
BSU_27660	GO:0005829	3	0.15	0
BSU_00230	GO:0005886	3	0.15	0
BSU_12440	GO:0005829	3	0.15	0
BSU_12430	GO:0005829	3	0.15	0
BSU_28730	GO:0016407	3	0.15	0
BSU_18170	GO:0016740	3	0.15	0
BSU_08110	GO:0003824	3	0.15	0
BSU_35960	GO:0016407	3	0.15	0
BSU_38990	GO:0016407	3	0.15	0
BSU_06980	GO:0022857	3	0.15	0
BSU_36240	GO:0016020	3	0.15	0
BSU_02470	GO:0043878	3	0.15	0
BSU_32200	GO:0043878	3	0.15	0
BSU_32100	GO:0043878	3	0.15	0
BSU_38110	GO:0043878	3	0.15	0
BSU_31170	GO:0043878	3	0.15	0
BSU_16870	GO:0043878	3	0.15	0
BSU_16740	GO:0043878	3	0.15	0
BSU_26970	GO:0043878	3	0.15	0
BSU_40250	GO:0043878	3	0.15	0
BSU_35220	GO:0016887	3	0.15	0
BSU_32900	GO:0043878	3	0.15	0
BSU_12330	GO:0043878	3	0.15	0
BSU_05500	GO:0043878	3	0.15	0
BSU_38540	GO:0043878	3	0.15	0
BSU_07450	GO:0043878	3	0.15	0
BSU_08230	GO:0043878	3	0.15	0
BSU_05480	GO:0043878	3	0.15	0
BSU_29320	GO:0043878	3	0.15	0
BSU_10430	GO:0043878	3	0.15	0
BSU_19550	GO:0043878	3	0.15	0
BSU_25840	GO:0003824	3	0.15	0
BSU_31210	GO:0003824	3	0.15	0
BSU_12390	GO:0003824	3	0.15	0
BSU_25830	GO:0046872	3	0.15	0
BSU_23050	GO:0022857	3	0.15	0
BSU_25570	GO:0022857	3	0.15	0
BSU_07520	GO:0022857	3	0.15	0
BSU_15660	GO:0046872	3	0.15	0
BSU_08070	GO:0016407	3	0.15	0
BSU_03340	GO:0046872	3	0.15	0
BSU_12430	GO:0046872	3	0.15	0
BSU_12440	GO:0046872	3	0.15	0
BSU_36690	GO:0046872	3	0.15	0
BSU_14990	GO:0046872	3	0.15	0
BSU_12330	GO:0003824	3	0.15	0
BSU_10370	GO:0022857	3	0.15	0
BSU_32030	GO:0022857	3	0.15	0
BSU_24670	GO:0022857	3	0.15	0
BSU_11680	GO:0016740	3	0.15	0
BSU_23050	GO:0016740	3	0.15	0
BSU_19040	GO:0046872	3	0.15	0
BSU_23240	GO:0016740	3	0.15	0
BSU_31480	GO:0046872	3	0.15	0
BSU_06990	GO:0022857	3	0.15	0
BSU_27040	GO:0022857	3	0.15	0
BSU_27050	GO:0022857	3	0.15	0
BSU_14990	GO:0005829	3	0.15	0
BSU_27040	GO:0016407	3	0.15	0
BSU_25830	GO:0004252	3	0.15	0
BSU_40120	GO:0005829	3	0.15	0
BSU_31270	GO:0009252	3	0.15	0
BSU_34350	GO:0016740	3	0.15	0
BSU_00230	GO:0009252	3	0.15	0
BSU_15810	GO:0009252	3	0.15	0
BSU_28520	GO:0003824	3	0.15	0
BSU_38570	GO:0005829	3	0.15	0
BSU_06990	GO:0003824	3	0.15	0
BSU_34265	GO:0016740	3	0.15	0
BSU_06980	GO:0003824	3	0.15	0
BSU_38990	GO:0003824	3	0.15	0
BSU_38980	GO:0003824	3	0.15	0
BSU_38950	GO:0003824	3	0.15	0
BSU_38960	GO:0003824	3	0.15	0
BSU_12440	GO:0016407	3	0.15	0
BSU_03340	GO:0003824	3	0.15	0
BSU_12430	GO:0016407	3	0.15	0
BSU_27050	GO:0016407	3	0.15	0
BSU_35960	GO:0016020	3	0.15	0
BSU_35360	GO:0005829	3	0.15	0
BSU_13700	GO:0005886	3	0.15	0
BSU_12330	GO:0005886	3	0.15	0
BSU_35690	GO:0016740	3	0.15	0
BSU_26970	GO:0005886	3	0.15	0
BSU_07520	GO:0035435	3	0.15	0
BSU_14990	GO:0004315	3	0.15	0
BSU_25570	GO:0035435	3	0.15	0
BSU_08830	GO:0035435	3	0.15	0
BSU_08850	GO:0035435	3	0.15	0
BSU_18550	GO:0016787	3	0.15	0
BSU_13700	GO:0042838	3	0.15	0
BSU_23050	GO:0035435	3	0.15	0
BSU_07120	GO:0035435	3	0.15	0
BSU_05750	GO:0042838	3	0.15	0
BSU_38540	GO:0005886	3	0.15	0
BSU_12230	GO:0042838	3	0.15	0
BSU_27040	GO:0035435	3	0.15	0
BSU_27050	GO:0035435	3	0.15	0
BSU_12330	GO:0003677	3	0.15	0
BSU_38540	GO:0004252	3	0.15	0
BSU_14990	GO:0016740	3	0.15	0
BSU_36300	GO:0005886	3	0.15	0
BSU_30170	GO:0035435	3	0.15	0
BSU_29420	GO:0005886	3	0.15	0
BSU_27660	GO:0004315	3	0.15	0
BSU_30620	GO:0035435	3	0.15	0
BSU_04700	GO:0016787	3	0.15	0
BSU_04740	GO:0016787	3	0.15	0
BSU_12440	GO:0004315	3	0.15	0
BSU_12430	GO:0004315	3	0.15	0
BSU_38950	GO:0016787	3	0.15	0
BSU_38570	GO:0005524	3	0.15	0
BSU_04310	GO:0035435	3	0.15	0
BSU_22230	GO:0005524	3	0.15	0
BSU_38960	GO:0016787	3	0.15	0
BSU_40120	GO:0004315	3	0.15	0
BSU_16870	GO:0005886	3	0.15	0
BSU_38570	GO:0004315	3	0.15	0
BSU_32200	GO:0005886	3	0.15	0
BSU_32100	GO:0005886	3	0.15	0
BSU_07110	GO:0035435	3	0.15	0
BSU_38110	GO:0005886	3	0.15	0
BSU_30135	GO:0035435	3	0.15	0
BSU_34520	GO:0005886	3	0.15	0
BSU_08070	GO:0005886	3	0.15	0
BSU_31170	GO:0005886	3	0.15	0
BSU_28520	GO:0005886	3	0.15	0
BSU_37830	GO:0042838	3	0.15	0
BSU_02530	GO:0016740	3	0.15	0
BSU_11550	GO:0051726	3	0.15	0
BSU_28520	GO:0003677	3	0.15	0
BSU_25570	GO:0015878	3	0.15	0
BSU_22180	GO:0051726	3	0.15	0
BSU_06990	GO:0003677	3	0.15	0
BSU_27040	GO:0015878	3	0.15	0
BSU_27050	GO:0015878	3	0.15	0
BSU_17030	GO:0051726	3	0.15	0
BSU_06980	GO:0003677	3	0.15	0
BSU_38990	GO:0003677	3	0.15	0
BSU_38980	GO:0003677	3	0.15	0
BSU_36180	GO:0005886	3	0.15	0
BSU_35220	GO:0035435	3	0.15	0
BSU_19040	GO:0016740	3	0.15	0
BSU_13680	GO:0015878	3	0.15	0
BSU_25340	GO:0016740	3	0.15	0
BSU_36180	GO:0016740	3	0.15	0
BSU_35220	GO:0015878	3	0.15	0
BSU_36880	GO:0015878	3	0.15	0
BSU_12440	GO:0003677	3	0.15	0
BSU_24360	GO:0015878	3	0.15	0
BSU_30170	GO:0015878	3	0.15	0
BSU_07120	GO:0015878	3	0.15	0
BSU_30135	GO:0015878	3	0.15	0
BSU_07110	GO:0015878	3	0.15	0
BSU_36690	GO:0016740	3	0.15	0
BSU_09770	GO:0005886	3	0.15	0
BSU_00600	GO:0005886	3	0.15	0
BSU_00610	GO:0005886	3	0.15	0
BSU_38540	GO:0005886	3	0.15	0
BSU_13680	GO:0035435	3	0.15	0
BSU_37220	GO:0005886	3	0.15	0
BSU_29730	GO:0035435	3	0.15	0
BSU_04440	GO:0005886	3	0.15	0
BSU_02530	GO:0005886	3	0.15	0
BSU_12820	GO:0005886	3	0.15	0
BSU_25690	GO:0005886	3	0.15	0
BSU_27660	GO:0005886	3	0.15	0
BSU_12390	GO:0042838	3	0.15	0
BSU_35550	GO:0005886	3	0.15	0
BSU_35540	GO:0005886	3	0.15	0
BSU_35590	GO:0005886	3	0.15	0
BSU_24670	GO:0015878	3	0.15	0
BSU_36240	GO:0051726	3	0.15	0
BSU_04710	GO:0016787	3	0.15	0
BSU_10370	GO:0035435	3	0.15	0
BSU_38510	GO:0016020	3	0.15	0
BSU_38570	GO:0006289	3	0.15	0
BSU_03340	GO:0016407	3	0.15	0
BSU_11550	GO:0006289	3	0.15	0
BSU_35550	GO:0016740	3	0.15	0
BSU_18550	GO:0016407	3	0.15	0
BSU_02450	GO:0005886	3	0.15	0
BSU_35540	GO:0016740	3	0.15	0
BSU_35590	GO:0016740	3	0.15	0
BSU_35360	GO:1990169	3	0.15	0
BSU_35570	GO:0016740	3	0.15	0
BSU_22230	GO:0006289	3	0.15	0
BSU_36240	GO:0006289	3	0.15	0
BSU_35360	GO:0006177	3	0.15	0
BSU_00440	GO:0030420	3	0.15	0
BSU_05480	GO:0030420	3	0.15	0
BSU_02260	GO:0030420	3	0.15	0
BSU_25840	GO:0030420	3	0.15	0
BSU_22180	GO:0009252	3	0.15	0
BSU_00230	GO:0017018	3	0.15	0
BSU_11550	GO:0009252	3	0.15	0
BSU_22180	GO:0003924	3	0.15	0
BSU_04440	GO:0005886	3	0.15	0
BSU_24430	GO:0005886	3	0.15	0
BSU_32030	GO:0035435	3	0.15	0
BSU_37220	GO:0005886	3	0.15	0
BSU_06980	GO:0043565	3	0.15	0
BSU_10330	GO:0016020	3	0.15	0
BSU_06990	GO:0043565	3	0.15	0
BSU_09770	GO:0005886	3	0.15	0
BSU_00230	GO:0004170	3	0.15	0
BSU_24620	GO:0004170	3	0.15	0
BSU_00600	GO:0005886	3	0.15	0
BSU_00610	GO:0005886	3	0.15	0
BSU_38570	GO:0003677	3	0.15	0
BSU_40120	GO:0003677	3	0.15	0
BSU_12820	GO:0005886	3	0.15	0
BSU_22230	GO:0003677	3	0.15	0
BSU_38950	GO:0016407	3	0.15	0
BSU_38960	GO:0016407	3	0.15	0
BSU_36300	GO:0016740	3	0.15	0
BSU_19040	GO:0005886	3	0.15	0
BSU_38570	GO:0016491	3	0.15	0
BSU_12430	GO:0003677	3	0.15	0
BSU_12440	GO:0003677	3	0.15	0
BSU_27660	GO:0003677	3	0.15	0
BSU_34760	GO:0017018	3	0.15	0
BSU_24990	GO:0006071	3	0.15	0
BSU_38540	GO:0030420	3	0.15	0
BSU_10370	GO:0006071	3	0.15	0
BSU_38980	GO:0016787	3	0.15	0
BSU_35960	GO:0016787	3	0.15	0
BSU_07120	GO:0006071	3	0.15	0
BSU_28740	GO:0016787	3	0.15	0
BSU_30135	GO:0006071	3	0.15	0
BSU_07110	GO:0006071	3	0.15	0
BSU_16460	GO:0005524	3	0.15	0
BSU_28730	GO:0016787	3	0.15	0
BSU_24020	GO:0005524	3	0.15	0
BSU_32030	GO:0006071	3	0.15	0
BSU_24970	GO:0006071	3	0.15	0
BSU_24670	GO:0006071	3	0.15	0
BSU_12440	GO:0016787	3	0.15	0
BSU_24990	GO:0035435	3	0.15	0
BSU_12430	GO:0016787	3	0.15	0
BSU_27050	GO:0016787	3	0.15	0
BSU_27040	GO:0016787	3	0.15	0
BSU_24670	GO:0035435	3	0.15	0
BSU_35220	GO:0005524	3	0.15	0
BSU_08070	GO:0016787	3	0.15	0
BSU_38990	GO:0016787	3	0.15	0
BSU_30170	GO:0006071	3	0.15	0
BSU_06980	GO:0016787	3	0.15	0
BSU_06990	GO:0016787	3	0.15	0
BSU_24690	GO:0006071	3	0.15	0
BSU_24360	GO:0006071	3	0.15	0
BSU_25830	GO:0030420	3	0.15	0
BSU_36880	GO:0006071	3	0.15	0
BSU_02450	GO:0030420	3	0.15	0
BSU_35220	GO:0006071	3	0.15	0
BSU_22230	GO:0009252	3	0.15	0
BSU_36180	GO:0030420	3	0.15	0
BSU_13680	GO:0006071	3	0.15	0
BSU_25340	GO:0030420	3	0.15	0
BSU_19040	GO:0030420	3	0.15	0
BSU_27050	GO:0006071	3	0.15	0
BSU_27040	GO:0006071	3	0.15	0
BSU_25570	GO:0006071	3	0.15	0
BSU_05750	GO:0030420	3	0.15	0
BSU_36690	GO:0030420	3	0.15	0
BSU_02530	GO:0030420	3	0.15	0
BSU_07520	GO:0006071	3	0.15	0
BSU_28520	GO:0016787	3	0.15	0
BSU_14500	GO:0003700	3	0.15	0
BSU_29330	GO:0003700	3	0.15	0
BSU_24970	GO:0015878	3	0.15	0
BSU_32580	GO:0140359	3	0.15	0
BSU_27660	GO:0042802	3	0.15	0
BSU_12440	GO:0042802	3	0.15	0
BSU_05750	GO:0042802	3	0.15	0
BSU_36690	GO:0042802	3	0.15	0
BSU_35800	GO:0140359	3	0.15	0
BSU_14990	GO:0042802	3	0.15	0
BSU_22650	GO:0042802	3	0.15	0
BSU_12390	GO:0004553	3	0.15	0
BSU_32590	GO:0140359	3	0.15	0
BSU_28740	GO:0140359	3	0.15	0
BSU_25340	GO:0042802	3	0.15	0
BSU_28730	GO:0140359	3	0.15	0
BSU_34370	GO:0140359	3	0.15	0
BSU_24670	GO:0004553	3	0.15	0
BSU_09770	GO:0005886	3	0.15	0
BSU_00600	GO:0005886	3	0.15	0
BSU_00610	GO:0005886	3	0.15	0
BSU_35360	GO:0005886	3	0.15	0
BSU_37220	GO:0005886	3	0.15	0
BSU_26260	GO:0005886	3	0.15	0
BSU_19040	GO:0042802	3	0.15	0
BSU_36180	GO:0042802	3	0.15	0
BSU_00610	GO:0005886	3	0.15	0
BSU_06740	GO:0003700	3	0.15	0
BSU_19560	GO:0005886	3	0.15	0
BSU_24190	GO:0005886	3	0.15	0
BSU_13700	GO:0003700	3	0.15	0
BSU_26260	GO:0003700	3	0.15	0
BSU_25690	GO:0003700	3	0.15	0
BSU_02680	GO:0003700	3	0.15	0
BSU_31875	GO:0003700	3	0.15	0
BSU_02260	GO:0005886	3	0.15	0
BSU_39470	GO:0005886	3	0.15	0
BSU_25680	GO:0005886	3	0.15	0
BSU_18920	GO:0042802	3	0.15	0
BSU_14520	GO:0005886	3	0.15	0
BSU_06560	GO:0005886	3	0.15	0
BSU_35430	GO:0003700	3	0.15	0
BSU_19800	GO:0005886	3	0.15	0
BSU_38540	GO:0042802	3	0.15	0
BSU_04710	GO:0003700	3	0.15	0
BSU_25830	GO:0042802	3	0.15	0
BSU_35820	GO:0140359	3	0.15	0
BSU_02450	GO:0042802	3	0.15	0
BSU_00600	GO:0005886	3	0.15	0
BSU_25570	GO:0016887	3	0.15	0
BSU_23050	GO:0016887	3	0.15	0
BSU_32200	GO:0005886	3	0.15	0
BSU_38540	GO:0005886	3	0.15	0
BSU_36300	GO:0005886	3	0.15	0
BSU_15810	GO:0005886	3	0.15	0
BSU_40120	GO:0005886	3	0.15	0
BSU_34760	GO:0005886	3	0.15	0
BSU_00230	GO:0005886	3	0.15	0
BSU_12430	GO:0010468	3	0.15	0
BSU_34520	GO:0005886	3	0.15	0
BSU_19040	GO:0005886	3	0.15	0
BSU_32100	GO:0005886	3	0.15	0
BSU_27040	GO:0016887	3	0.15	0
BSU_02450	GO:0005886	3	0.15	0
BSU_12440	GO:0010468	3	0.15	0
BSU_00230	GO:0005886	3	0.15	0
BSU_27050	GO:0016887	3	0.15	0
BSU_34370	GO:0016301	3	0.15	0
BSU_24990	GO:0016301	3	0.15	0
BSU_24970	GO:0016301	3	0.15	0
BSU_24690	GO:0016301	3	0.15	0
BSU_24360	GO:0016301	3	0.15	0
BSU_16460	GO:0005886	3	0.15	0
BSU_25690	GO:0005886	3	0.15	0
BSU_18920	GO:0004252	3	0.15	0
BSU_26260	GO:0005886	3	0.15	0
BSU_36690	GO:0005886	3	0.15	0
BSU_12820	GO:0005886	3	0.15	0
BSU_16740	GO:0005886	3	0.15	0
BSU_24430	GO:0005886	3	0.15	0
BSU_25830	GO:0005886	3	0.15	0
BSU_25750	GO:0005886	3	0.15	0
BSU_17990	GO:0005886	3	0.15	0
BSU_25840	GO:0005886	3	0.15	0
BSU_08110	GO:0005886	3	0.15	0
BSU_13780	GO:0005886	3	0.15	0
BSU_00230	GO:0005886	3	0.15	0
BSU_15810	GO:0005886	3	0.15	0
BSU_38570	GO:0010468	3	0.15	0
BSU_00600	GO:0005886	3	0.15	0
BSU_00610	GO:0005886	3	0.15	0
BSU_38540	GO:0005886	3	0.15	0
BSU_40120	GO:0010468	3	0.15	0
BSU_22230	GO:0010468	3	0.15	0
BSU_04440	GO:0005886	3	0.15	0
BSU_13020	GO:0005886	3	0.15	0
BSU_38540	GO:0005886	3	0.15	0
BSU_32100	GO:0045454	3	0.15	0
BSU_01845	GO:0055085	3	0.15	0
BSU_06740	GO:0000976	3	0.15	0
BSU_40120	GO:0050660	3	0.15	0
BSU_19040	GO:0005886	3	0.15	0
BSU_36300	GO:0000976	3	0.15	0
BSU_34520	GO:0005886	3	0.15	0
BSU_34760	GO:0005886	3	0.15	0
BSU_40120	GO:0005886	3	0.15	0
BSU_12430	GO:0050660	3	0.15	0
BSU_12440	GO:0050660	3	0.15	0
BSU_36300	GO:0005886	3	0.15	0
BSU_32200	GO:0005886	3	0.15	0
BSU_27660	GO:0050660	3	0.15	0
BSU_35360	GO:1902210	3	0.15	0
BSU_25690	GO:0005886	3	0.15	0
BSU_12440	GO:0004252	3	0.15	0
BSU_26260	GO:0005886	3	0.15	0
BSU_04440	GO:0005886	3	0.15	0
BSU_38540	GO:0005886	3	0.15	0
BSU_38570	GO:0015935	3	0.15	0
BSU_00610	GO:0005886	3	0.15	0
BSU_06750	GO:0000976	3	0.15	0
BSU_32100	GO:0005886	3	0.15	0
BSU_08830	GO:0003700	3	0.15	0
BSU_31210	GO:0000976	3	0.15	0
BSU_39990	GO:0000976	3	0.15	0
BSU_02680	GO:0000976	3	0.15	0
BSU_32990	GO:0000976	3	0.15	0
BSU_07390	GO:0000976	3	0.15	0
BSU_26580	GO:0000976	3	0.15	0
BSU_03340	GO:0019516	3	0.15	0
BSU_27000	GO:0000976	3	0.15	0
BSU_14380	GO:0000976	3	0.15	0
BSU_02500	GO:0000976	3	0.15	0
BSU_33840	GO:0000976	3	0.15	0
BSU_38570	GO:0050660	3	0.15	0
BSU_30460	GO:0000976	3	0.15	0
BSU_34180	GO:0000976	3	0.15	0
BSU_31875	GO:0000976	3	0.15	0
BSU_22180	GO:0030488	3	0.15	0
BSU_02450	GO:0000976	3	0.15	0
BSU_14990	GO:0050660	3	0.15	0
BSU_33660	GO:0000976	3	0.15	0
BSU_40800	GO:0000976	3	0.15	0
BSU_02450	GO:0005886	3	0.15	0
BSU_27660	GO:0004252	3	0.15	0
BSU_19040	GO:0004252	3	0.15	0
BSU_35360	GO:0071555	3	0.15	0
BSU_29420	GO:0005886	3	0.15	0
BSU_19040	GO:0005886	3	0.15	0
BSU_26260	GO:0005886	3	0.15	0
BSU_30620	GO:0016887	3	0.15	0
BSU_09890	GO:0055085	3	0.15	0
BSU_34520	GO:0005886	3	0.15	0
BSU_23270	GO:0005886	3	0.15	0
BSU_07110	GO:0016887	3	0.15	0
BSU_37920	GO:0005886	3	0.15	0
BSU_24350	GO:0005886	3	0.15	0
BSU_36300	GO:0005886	3	0.15	0
BSU_36120	GO:0055085	3	0.15	0
BSU_16870	GO:0005886	3	0.15	0
BSU_30135	GO:0016887	3	0.15	0
BSU_08070	GO:0005886	3	0.15	0
BSU_07120	GO:0016887	3	0.15	0
BSU_25690	GO:0005886	3	0.15	0
BSU_30170	GO:0016887	3	0.15	0
BSU_26260	GO:0005886	3	0.15	0
BSU_11550	GO:0006417	3	0.15	0
BSU_07520	GO:0016887	3	0.15	0
BSU_25690	GO:0005886	3	0.15	0
BSU_04310	GO:0016887	3	0.15	0
BSU_32200	GO:0005886	3	0.15	0
BSU_32100	GO:0005886	3	0.15	0
BSU_25340	GO:0004252	3	0.15	0
BSU_36130	GO:0055085	3	0.15	0
BSU_00600	GO:0005886	3	0.15	0
BSU_24670	GO:0016887	3	0.15	0
BSU_15810	GO:0005886	3	0.15	0
BSU_00230	GO:0005886	3	0.15	0
BSU_12820	GO:0005886	3	0.15	0
BSU_32030	GO:0016887	3	0.15	0
BSU_10370	GO:0016887	3	0.15	0
BSU_38570	GO:1902210	3	0.15	0
BSU_40120	GO:0005886	3	0.15	0
BSU_16620	GO:0005886	3	0.15	0
BSU_22230	GO:1902210	3	0.15	0
BSU_36300	GO:0005886	3	0.15	0
BSU_35840	GO:0055085	3	0.15	0
BSU_12820	GO:0005886	3	0.15	0
BSU_38980	GO:0005886	3	0.15	0
BSU_36180	GO:0004252	3	0.15	0
BSU_02450	GO:0005886	3	0.15	0
BSU_32200	GO:0045454	3	0.15	0
BSU_38110	GO:0045454	3	0.15	0
BSU_26260	GO:0005886	3	0.15	0
BSU_24020	GO:0009401	3	0.15	0
BSU_02530	GO:0003949	3	0.15	0
BSU_31270	GO:0005515	3	0.15	0
BSU_24230	GO:0005515	3	0.15	0
BSU_37920	GO:0005515	3	0.15	0
BSU_24620	GO:0005515	3	0.15	0
BSU_11550	GO:0003824	3	0.15	0
BSU_33660	GO:0009401	3	0.15	0
BSU_17030	GO:0003824	3	0.15	0
BSU_04710	GO:0009401	3	0.15	0
BSU_24670	GO:0005515	3	0.15	0
BSU_12430	GO:0005515	3	0.15	0
BSU_32030	GO:0005515	3	0.15	0
BSU_10370	GO:0005515	3	0.15	0
BSU_36690	GO:0003949	3	0.15	0
BSU_05750	GO:0003949	3	0.15	0
BSU_40120	GO:0003949	3	0.15	0
BSU_04310	GO:0005515	3	0.15	0
BSU_30620	GO:0005515	3	0.15	0
BSU_07110	GO:0005515	3	0.15	0
BSU_30135	GO:0005515	3	0.15	0
BSU_12440	GO:0005515	3	0.15	0
BSU_15660	GO:0003677	3	0.15	0
BSU_24690	GO:0016020	3	0.15	0
BSU_04710	GO:0003677	3	0.15	0
BSU_12530	GO:0003677	3	0.15	0
BSU_35220	GO:0016020	3	0.15	0
BSU_25690	GO:0003677	3	0.15	0
BSU_26260	GO:0003677	3	0.15	0
BSU_29730	GO:0016020	3	0.15	0
BSU_09200	GO:0003677	3	0.15	0
BSU_13680	GO:0016020	3	0.15	0
BSU_24620	GO:0003677	3	0.15	0
BSU_02530	GO:0003677	3	0.15	0
BSU_23050	GO:0016020	3	0.15	0
BSU_34520	GO:0005515	3	0.15	0
BSU_07520	GO:0016020	3	0.15	0
BSU_16620	GO:0003677	3	0.15	0
BSU_10370	GO:0016020	3	0.15	0
BSU_32030	GO:0016020	3	0.15	0
BSU_24670	GO:0016020	3	0.15	0
BSU_00230	GO:0005515	3	0.15	0
BSU_14990	GO:0005515	3	0.15	0
BSU_30460	GO:0009401	3	0.15	0
BSU_34180	GO:0009401	3	0.15	0
BSU_07120	GO:0005515	3	0.15	0
BSU_30170	GO:0005515	3	0.15	0
BSU_12430	GO:0003949	3	0.15	0
BSU_39990	GO:0003700	3	0.15	0
BSU_25570	GO:0005737	3	0.15	0
BSU_06740	GO:0003700	3	0.15	0
BSU_06750	GO:0003700	3	0.15	0
BSU_16450	GO:0005737	3	0.15	0
BSU_16460	GO:0005737	3	0.15	0
BSU_02450	GO:0003700	3	0.15	0
BSU_31875	GO:0003700	3	0.15	0
BSU_32990	GO:0003700	3	0.15	0
BSU_02680	GO:0003700	3	0.15	0
BSU_17870	GO:0003700	3	0.15	0
BSU_12440	GO:0003949	3	0.15	0
BSU_39430	GO:0003700	3	0.15	0
BSU_04860	GO:0003700	3	0.15	0
BSU_04830	GO:0003700	3	0.15	0
BSU_32200	GO:0005886	3	0.15	0
BSU_25340	GO:0003700	3	0.15	0
BSU_22180	GO:0016020	3	0.15	0
BSU_16460	GO:0016020	3	0.15	0
BSU_34520	GO:0005886	3	0.15	0
BSU_24670	GO:0005737	3	0.15	0
BSU_24670	GO:0008324	3	0.15	0
BSU_39770	GO:0005737	3	0.15	0
BSU_00230	GO:0005737	3	0.15	0
BSU_02500	GO:0005737	3	0.15	0
BSU_27660	GO:0003949	3	0.15	0
BSU_30620	GO:0008324	3	0.15	0
BSU_07110	GO:0008324	3	0.15	0
BSU_30135	GO:0008324	3	0.15	0
BSU_07120	GO:0008324	3	0.15	0
BSU_30170	GO:0008324	3	0.15	0
BSU_19040	GO:0003949	3	0.15	0
BSU_28730	GO:0008324	3	0.15	0
BSU_28740	GO:0008324	3	0.15	0
BSU_30440	GO:0008324	3	0.15	0
BSU_31560	GO:0008324	3	0.15	0
BSU_35220	GO:0005737	3	0.15	0
BSU_24020	GO:0005737	3	0.15	0
BSU_06980	GO:0008324	3	0.15	0
BSU_06990	GO:0008324	3	0.15	0
BSU_38570	GO:0005886	3	0.15	0
BSU_33660	GO:0005737	3	0.15	0
BSU_34180	GO:0005737	3	0.15	0
BSU_30460	GO:0005737	3	0.15	0
BSU_24360	GO:0016020	3	0.15	0
BSU_24970	GO:0016020	3	0.15	0
BSU_31170	GO:0045454	3	0.15	0
BSU_25570	GO:0140359	3	0.15	0
BSU_37400	GO:0055085	3	0.15	0
BSU_07520	GO:0016301	3	0.15	0
BSU_30170	GO:0016301	3	0.15	0
BSU_07120	GO:0016301	3	0.15	0
BSU_30135	GO:0016301	3	0.15	0
BSU_07110	GO:0016301	3	0.15	0
BSU_27050	GO:0140359	3	0.15	0
BSU_27040	GO:0140359	3	0.15	0
BSU_15810	GO:0140359	3	0.15	0
BSU_30170	GO:0140359	3	0.15	0
BSU_30720	GO:0045454	3	0.15	0
BSU_07120	GO:0140359	3	0.15	0
BSU_30135	GO:0140359	3	0.15	0
BSU_07110	GO:0140359	3	0.15	0
BSU_10370	GO:0016301	3	0.15	0
BSU_32030	GO:0016301	3	0.15	0
BSU_24670	GO:0016301	3	0.15	0
BSU_28740	GO:0003824	3	0.15	0
BSU_28730	GO:0003824	3	0.15	0
BSU_00230	GO:0140359	3	0.15	0
BSU_01910	GO:0045454	3	0.15	0
BSU_11490	GO:0005886	3	0.15	0
BSU_18550	GO:0003677	3	0.15	0
BSU_07450	GO:0045454	3	0.15	0
BSU_16870	GO:0045454	3	0.15	0
BSU_16740	GO:0045454	3	0.15	0
BSU_26970	GO:0045454	3	0.15	0
BSU_40250	GO:0045454	3	0.15	0
BSU_35220	GO:0016301	3	0.15	0
BSU_12330	GO:0045454	3	0.15	0
BSU_13680	GO:0016301	3	0.15	0
BSU_05500	GO:0045454	3	0.15	0
BSU_38540	GO:0045454	3	0.15	0
BSU_02470	GO:0045454	3	0.15	0
BSU_28520	GO:0045454	3	0.15	0
BSU_08230	GO:0045454	3	0.15	0
BSU_05480	GO:0045454	3	0.15	0
BSU_27050	GO:0016301	3	0.15	0
BSU_27040	GO:0016301	3	0.15	0
BSU_10430	GO:0045454	3	0.15	0
BSU_23050	GO:0016301	3	0.15	0
BSU_25570	GO:0016301	3	0.15	0
BSU_19550	GO:0045454	3	0.15	0
BSU_32900	GO:0045454	3	0.15	0
BSU_04830	GO:0000150	3	0.15	0
BSU_04860	GO:0000150	3	0.15	0
BSU_39430	GO:0000150	3	0.15	0
BSU_10330	GO:0016020	3	0.15	0
BSU_40800	GO:0000150	3	0.15	0
BSU_03340	GO:0003824	3	0.15	0
BSU_02450	GO:0004252	3	0.15	0
BSU_23240	GO:0005886	3	0.15	0
BSU_36300	GO:0000150	3	0.15	0
BSU_38570	GO:0043041	3	0.15	0
BSU_38960	GO:0003677	3	0.15	0
BSU_13680	GO:0016887	3	0.15	0
BSU_29730	GO:0016887	3	0.15	0
BSU_03340	GO:0003677	3	0.15	0
BSU_39990	GO:0000150	3	0.15	0
BSU_38510	GO:0016020	3	0.15	0
BSU_31270	GO:0005886	3	0.15	0
BSU_35960	GO:0016020	3	0.15	0
BSU_31560	GO:0016020	3	0.15	0
BSU_31550	GO:0016020	3	0.15	0
BSU_14990	GO:0003949	3	0.15	0
BSU_30440	GO:0016020	3	0.15	0
BSU_30450	GO:0016020	3	0.15	0
BSU_24990	GO:0016020	3	0.15	0
BSU_33660	GO:0000150	3	0.15	0
BSU_08070	GO:0043041	3	0.15	0
BSU_02450	GO:0000150	3	0.15	0
BSU_31875	GO:0000150	3	0.15	0
BSU_02680	GO:0000150	3	0.15	0
BSU_32990	GO:0000150	3	0.15	0
BSU_00800	GO:0000150	3	0.15	0
BSU_11550	GO:0043754	3	0.15	0
BSU_07390	GO:0000150	3	0.15	0
BSU_26580	GO:0000150	3	0.15	0
BSU_12440	GO:0003824	3	0.15	0
BSU_12430	GO:0003824	3	0.15	0
BSU_27000	GO:0000150	3	0.15	0
BSU_14380	GO:0000150	3	0.15	0
BSU_27050	GO:0003824	3	0.15	0
BSU_27040	GO:0003824	3	0.15	0
BSU_02500	GO:0000150	3	0.15	0
BSU_31210	GO:0000150	3	0.15	0
BSU_33840	GO:0000150	3	0.15	0
BSU_04710	GO:0003824	3	0.15	0
BSU_04700	GO:0003824	3	0.15	0
BSU_04740	GO:0003824	3	0.15	0
BSU_34180	GO:0000150	3	0.15	0
BSU_24690	GO:0015878	3	0.15	0
BSU_09200	GO:0055085	3	0.15	0
BSU_13680	GO:0071555	3	0.15	0
BSU_31875	GO:0006355	3	0.15	0
BSU_13700	GO:0005829	3	0.15	0
BSU_30440	GO:0003723	3	0.15	0
BSU_31560	GO:0003723	3	0.15	0
BSU_14990	GO:0006355	3	0.15	0
BSU_24360	GO:0035873	3	0.15	0
BSU_38980	GO:0016747	3	0.15	0
BSU_39990	GO:0006355	3	0.15	0
BSU_02680	GO:0006355	3	0.15	0
BSU_38990	GO:0016747	3	0.15	0
BSU_36880	GO:0042802	3	0.15	0
BSU_38950	GO:0016747	3	0.15	0
BSU_02450	GO:0006355	3	0.15	0
BSU_28520	GO:0016747	3	0.15	0
BSU_19460	GO:0005829	3	0.15	0
BSU_32580	GO:0042802	3	0.15	0
BSU_32590	GO:0042802	3	0.15	0
BSU_33050	GO:0042802	3	0.15	0
BSU_33070	GO:0042802	3	0.15	0
BSU_35800	GO:0042802	3	0.15	0
BSU_06740	GO:0006355	3	0.15	0
BSU_02530	GO:0006355	3	0.15	0
BSU_05750	GO:0005829	3	0.15	0
BSU_26970	GO:0047533	3	0.15	0
BSU_07120	GO:0003723	3	0.15	0
BSU_16740	GO:0047533	3	0.15	0
BSU_31170	GO:0047533	3	0.15	0
BSU_19040	GO:0005886	3	0.15	0
BSU_32100	GO:0005886	3	0.15	0
BSU_02450	GO:0005886	3	0.15	0
BSU_38110	GO:0047533	3	0.15	0
BSU_07110	GO:0003723	3	0.15	0
BSU_30135	GO:0003723	3	0.15	0
BSU_32100	GO:0047533	3	0.15	0
BSU_38980	GO:0005886	3	0.15	0
BSU_28740	GO:0003723	3	0.15	0
BSU_12820	GO:0005886	3	0.15	0
BSU_30170	GO:0003723	3	0.15	0
BSU_16620	GO:0005886	3	0.15	0
BSU_00600	GO:0005886	3	0.15	0
BSU_00610	GO:0005886	3	0.15	0
BSU_28730	GO:0003723	3	0.15	0
BSU_27180	GO:0005886	3	0.15	0
BSU_02260	GO:0005886	3	0.15	0
BSU_11490	GO:0005886	3	0.15	0
BSU_34370	GO:0030435	3	0.15	0
BSU_24990	GO:0030435	3	0.15	0
BSU_25630	GO:0005829	3	0.15	0
BSU_06990	GO:0003824	3	0.15	0
BSU_32030	GO:0030435	3	0.15	0
BSU_24670	GO:0030435	3	0.15	0
BSU_34370	GO:0006222	3	0.15	0
BSU_24690	GO:0032259	3	0.15	0
BSU_24670	GO:0032259	3	0.15	0
BSU_06740	GO:0032259	3	0.15	0
BSU_28520	GO:0003824	3	0.15	0
BSU_15810	GO:0006222	3	0.15	0
BSU_11780	GO:0006222	3	0.15	0
BSU_06980	GO:0003824	3	0.15	0
BSU_24970	GO:0030435	3	0.15	0
BSU_38990	GO:0003824	3	0.15	0
BSU_27660	GO:0006222	3	0.15	0
BSU_38980	GO:0003824	3	0.15	0
BSU_24360	GO:0006222	3	0.15	0
BSU_38950	GO:0003824	3	0.15	0
BSU_06980	GO:0003723	3	0.15	0
BSU_38960	GO:0003824	3	0.15	0
BSU_25830	GO:0046677	3	0.15	0
BSU_02450	GO:0046677	3	0.15	0
BSU_10370	GO:0030435	3	0.15	0
BSU_04310	GO:0030435	3	0.15	0
BSU_30620	GO:0030435	3	0.15	0
BSU_12390	GO:0016747	3	0.15	0
BSU_19800	GO:0005829	3	0.15	0
BSU_03340	GO:0005829	3	0.15	0
BSU_24690	GO:0030435	3	0.15	0
BSU_11550	GO:0002131	3	0.15	0
BSU_24690	GO:0035873	3	0.15	0
BSU_35220	GO:0030435	3	0.15	0
BSU_29730	GO:0030435	3	0.15	0
BSU_13680	GO:0030435	3	0.15	0
BSU_08860	GO:0016705	3	0.15	0
BSU_27050	GO:0030435	3	0.15	0
BSU_27040	GO:0030435	3	0.15	0
BSU_23050	GO:0030435	3	0.15	0
BSU_25570	GO:0030435	3	0.15	0
BSU_07520	GO:0030435	3	0.15	0
BSU_30170	GO:0030435	3	0.15	0
BSU_07120	GO:0030435	3	0.15	0
BSU_30135	GO:0030435	3	0.15	0
BSU_07110	GO:0030435	3	0.15	0
BSU_12330	GO:0016747	3	0.15	0
BSU_30620	GO:0003723	3	0.15	0
BSU_40250	GO:0047533	3	0.15	0
BSU_03340	GO:0003824	3	0.15	0
BSU_35360	GO:0044550	3	0.15	0
BSU_35840	GO:0030366	3	0.15	0
BSU_35520	GO:0030366	3	0.15	0
BSU_14500	GO:0016747	3	0.15	0
BSU_35070	GO:0030366	3	0.15	0
BSU_27050	GO:0016887	3	0.15	0
BSU_27040	GO:0016887	3	0.15	0
BSU_15810	GO:0016887	3	0.15	0
BSU_04310	GO:0055085	3	0.15	0
BSU_25570	GO:0016887	3	0.15	0
BSU_25340	GO:0030366	3	0.15	0
BSU_38990	GO:0030366	3	0.15	0
BSU_18550	GO:0016747	3	0.15	0
BSU_00230	GO:0016887	3	0.15	0
BSU_36880	GO:0016887	3	0.15	0
BSU_29330	GO:0030366	3	0.15	0
BSU_14500	GO:0030366	3	0.15	0
BSU_38540	GO:0030435	3	0.15	0
BSU_03340	GO:0000034	3	0.15	0
BSU_19800	GO:0000034	3	0.15	0
BSU_25630	GO:0000034	3	0.15	0
BSU_23270	GO:0030366	3	0.15	0
BSU_38980	GO:0030366	3	0.15	0
BSU_36300	GO:0005886	3	0.15	0
BSU_03720	GO:0016887	3	0.15	0
BSU_40250	GO:0005886	3	0.15	0
BSU_08830	GO:0005737	3	0.15	0
BSU_26970	GO:0005886	3	0.15	0
BSU_21990	GO:0005886	3	0.15	0
BSU_25630	GO:0005886	3	0.15	0
BSU_05750	GO:0005886	3	0.15	0
BSU_13700	GO:0005737	3	0.15	0
BSU_26260	GO:0005737	3	0.15	0
BSU_03710	GO:0016887	3	0.15	0
BSU_03700	GO:0016887	3	0.15	0
BSU_34370	GO:0016887	3	0.15	0
BSU_35820	GO:0016887	3	0.15	0
BSU_36180	GO:0005886	3	0.15	0
BSU_35800	GO:0016887	3	0.15	0
BSU_33050	GO:0016887	3	0.15	0
BSU_32590	GO:0016887	3	0.15	0
BSU_32580	GO:0016887	3	0.15	0
BSU_24090	GO:0016747	3	0.15	0
BSU_28740	GO:0016887	3	0.15	0
BSU_28730	GO:0016887	3	0.15	0
BSU_25680	GO:0000034	3	0.15	0
BSU_19460	GO:0000034	3	0.15	0
BSU_39470	GO:0000034	3	0.15	0
BSU_05750	GO:0006355	3	0.15	0
BSU_05750	GO:0030435	3	0.15	0
BSU_00230	GO:0030288	3	0.15	0
BSU_02530	GO:0030435	3	0.15	0
BSU_05480	GO:0047533	3	0.15	0
BSU_16450	GO:0030288	3	0.15	0
BSU_16460	GO:0030288	3	0.15	0
BSU_08230	GO:0047533	3	0.15	0
BSU_38960	GO:0016747	3	0.15	0
BSU_40120	GO:0006355	3	0.15	0
BSU_24690	GO:0030288	3	0.15	0
BSU_10430	GO:0047533	3	0.15	0
BSU_36690	GO:0006355	3	0.15	0
BSU_25570	GO:0030288	3	0.15	0
BSU_07450	GO:0047533	3	0.15	0
BSU_24670	GO:0030288	3	0.15	0
BSU_04440	GO:0005886	3	0.15	0
BSU_26260	GO:0005886	3	0.15	0
BSU_38540	GO:0047533	3	0.15	0
BSU_05500	GO:0047533	3	0.15	0
BSU_12330	GO:0047533	3	0.15	0
BSU_40120	GO:0030435	3	0.15	0
BSU_15810	GO:0030288	3	0.15	0
BSU_11780	GO:0030288	3	0.15	0
BSU_27660	GO:0030435	3	0.15	0
BSU_02260	GO:0000034	3	0.15	0
BSU_02450	GO:0030435	3	0.15	0
BSU_24190	GO:0000034	3	0.15	0
BSU_19560	GO:0000034	3	0.15	0
BSU_13020	GO:0000034	3	0.15	0
BSU_18920	GO:0030435	3	0.15	0
BSU_12530	GO:0000034	3	0.15	0
BSU_26260	GO:0000034	3	0.15	0
BSU_09200	GO:0000034	3	0.15	0
BSU_06740	GO:0000034	3	0.15	0
BSU_06750	GO:0000034	3	0.15	0
BSU_34760	GO:0030435	3	0.15	0
BSU_25690	GO:0000034	3	0.15	0
BSU_29320	GO:0047533	3	0.15	0
BSU_03340	GO:0016747	3	0.15	0
BSU_35220	GO:0008081	3	0.15	0
BSU_36180	GO:0030435	3	0.15	0
BSU_25340	GO:0030435	3	0.15	0
BSU_19040	GO:0030435	3	0.15	0
BSU_18920	GO:0046677	3	0.15	0
BSU_36180	GO:0046677	3	0.15	0
BSU_30450	GO:0005737	3	0.15	0
BSU_28740	GO:0071555	3	0.15	0
BSU_38570	GO:0016616	3	0.15	0
BSU_38570	GO:0005515	3	0.15	0
BSU_39980	GO:0016705	3	0.15	0
BSU_19040	GO:0005524	3	0.15	0
BSU_22230	GO:0016616	3	0.15	0
BSU_35840	GO:0005524	3	0.15	0
BSU_32590	GO:0071555	3	0.15	0
BSU_32580	GO:0071555	3	0.15	0
BSU_02450	GO:0005524	3	0.15	0
BSU_28730	GO:0071555	3	0.15	0
BSU_29250	GO:0005524	3	0.15	0
BSU_34370	GO:0071555	3	0.15	0
BSU_39010	GO:0016705	3	0.15	0
BSU_06740	GO:0005524	3	0.15	0
BSU_06750	GO:0005524	3	0.15	0
BSU_07520	GO:0005524	3	0.15	0
BSU_08850	GO:0005524	3	0.15	0
BSU_24670	GO:0015727	3	0.15	0
BSU_32030	GO:0015727	3	0.15	0
BSU_25840	GO:0016747	3	0.15	0
BSU_04700	GO:0005524	3	0.15	0
BSU_34760	GO:0005524	3	0.15	0
BSU_00230	GO:0003723	3	0.15	0
BSU_35540	GO:0016491	3	0.15	0
BSU_18170	GO:0016491	3	0.15	0
BSU_28040	GO:0016705	3	0.15	0
BSU_39470	GO:0016705	3	0.15	0
BSU_22230	GO:0044205	3	0.15	0
BSU_40120	GO:0044205	3	0.15	0
BSU_38130	GO:0016491	3	0.15	0
BSU_37350	GO:0016491	3	0.15	0
BSU_37380	GO:0016491	3	0.15	0
BSU_35550	GO:0016491	3	0.15	0
BSU_35590	GO:0016491	3	0.15	0
BSU_27660	GO:0005524	3	0.15	0
BSU_35570	GO:0016491	3	0.15	0
BSU_39100	GO:0016491	3	0.15	0
BSU_39630	GO:0016491	3	0.15	0
BSU_38430	GO:0016705	3	0.15	0
BSU_38570	GO:0044205	3	0.15	0
BSU_22230	GO:0005515	3	0.15	0
BSU_15660	GO:0005524	3	0.15	0
BSU_24090	GO:0005524	3	0.15	0
BSU_25690	GO:0005524	3	0.15	0
BSU_29330	GO:0046677	3	0.15	0
BSU_08110	GO:0016747	3	0.15	0
BSU_27050	GO:0071555	3	0.15	0
BSU_39510	GO:0016705	3	0.15	0
BSU_24360	GO:0015727	3	0.15	0
BSU_24690	GO:0015727	3	0.15	0
BSU_24970	GO:0015727	3	0.15	0
BSU_24990	GO:0015727	3	0.15	0
BSU_34370	GO:0015727	3	0.15	0
BSU_39470	GO:0046677	3	0.15	0
BSU_28730	GO:0015727	3	0.15	0
BSU_28740	GO:0015727	3	0.15	0
BSU_39520	GO:0046677	3	0.15	0
BSU_38570	GO:0016597	3	0.15	0
BSU_27040	GO:0071555	3	0.15	0
BSU_00230	GO:0071555	3	0.15	0
BSU_11490	GO:0046677	3	0.15	0
BSU_14500	GO:0046677	3	0.15	0
BSU_29390	GO:0046677	3	0.15	0
BSU_39510	GO:0046677	3	0.15	0
BSU_24090	GO:0046677	3	0.15	0
BSU_06920	GO:0046677	3	0.15	0
BSU_09890	GO:0003824	3	0.15	0
BSU_32100	GO:0016747	3	0.15	0
BSU_25340	GO:0046677	3	0.15	0
BSU_07110	GO:0071555	3	0.15	0
BSU_30135	GO:0071555	3	0.15	0
BSU_29730	GO:0015727	3	0.15	0
BSU_04310	GO:0015727	3	0.15	0
BSU_30620	GO:0015727	3	0.15	0
BSU_07110	GO:0015727	3	0.15	0
BSU_30135	GO:0015727	3	0.15	0
BSU_07120	GO:0015727	3	0.15	0
BSU_30170	GO:0015727	3	0.15	0
BSU_15810	GO:0071555	3	0.15	0
BSU_25570	GO:0003333	3	0.15	0
BSU_07520	GO:0015727	3	0.15	0
BSU_25570	GO:0071555	3	0.15	0
BSU_08830	GO:0015727	3	0.15	0
BSU_08850	GO:0015727	3	0.15	0
BSU_30170	GO:0071555	3	0.15	0
BSU_23050	GO:0015727	3	0.15	0
BSU_10570	GO:0015727	3	0.15	0
BSU_27040	GO:0015727	3	0.15	0
BSU_27050	GO:0015727	3	0.15	0
BSU_07120	GO:0071555	3	0.15	0
BSU_13680	GO:0015727	3	0.15	0
BSU_36880	GO:0016020	3	0.15	0
BSU_08860	GO:0016491	3	0.15	0
BSU_19040	GO:0046677	3	0.15	0
BSU_37400	GO:0005829	3	0.15	0
BSU_33360	GO:0016705	3	0.15	0
BSU_15660	GO:0005829	3	0.15	0
BSU_24360	GO:0046940	3	0.15	0
BSU_38570	GO:0016020	3	0.15	0
BSU_11550	GO:0016020	3	0.15	0
BSU_16870	GO:0005829	3	0.15	0
BSU_36240	GO:0016020	3	0.15	0
BSU_16620	GO:0005829	3	0.15	0
BSU_22230	GO:0016020	3	0.15	0
BSU_38130	GO:0005829	3	0.15	0
BSU_40250	GO:0016705	3	0.15	0
BSU_37350	GO:0005829	3	0.15	0
BSU_37380	GO:0005829	3	0.15	0
BSU_01910	GO:0005829	3	0.15	0
BSU_18920	GO:0005829	3	0.15	0
BSU_35550	GO:0005829	3	0.15	0
BSU_35540	GO:0005829	3	0.15	0
BSU_35590	GO:0005829	3	0.15	0
BSU_35570	GO:0005829	3	0.15	0
BSU_39100	GO:0005829	3	0.15	0
BSU_18170	GO:0005829	3	0.15	0
BSU_26970	GO:0016705	3	0.15	0
BSU_04200	GO:0016705	3	0.15	0
BSU_12530	GO:0005829	3	0.15	0
BSU_06990	GO:0003723	3	0.15	0
BSU_36690	GO:0046677	3	0.15	0
BSU_05750	GO:0016705	3	0.15	0
BSU_22230	GO:0046940	3	0.15	0
BSU_02530	GO:0046677	3	0.15	0
BSU_40120	GO:0046940	3	0.15	0
BSU_24020	GO:0006222	3	0.15	0
BSU_39520	GO:0005829	3	0.15	0
BSU_08860	GO:0005829	3	0.15	0
BSU_26260	GO:0005829	3	0.15	0
BSU_21990	GO:0016705	3	0.15	0
BSU_10570	GO:0005829	3	0.15	0
BSU_25630	GO:0016705	3	0.15	0
BSU_08830	GO:0005829	3	0.15	0
BSU_08850	GO:0005829	3	0.15	0
BSU_39500	GO:0005829	3	0.15	0
BSU_39470	GO:0005829	3	0.15	0
BSU_39510	GO:0005829	3	0.15	0
BSU_29390	GO:0005829	3	0.15	0
BSU_29320	GO:0005829	3	0.15	0
BSU_13000	GO:0016020	3	0.15	0
BSU_39630	GO:0005829	3	0.15	0
BSU_11780	GO:0046940	3	0.15	0
BSU_29330	GO:0016491	3	0.15	0
BSU_38980	GO:0003933	3	0.15	0
BSU_38990	GO:0003933	3	0.15	0
BSU_06980	GO:0003933	3	0.15	0
BSU_16860	GO:0016705	3	0.15	0
BSU_19460	GO:0016705	3	0.15	0
BSU_06990	GO:0003933	3	0.15	0
BSU_28520	GO:0003933	3	0.15	0
BSU_12330	GO:0003933	3	0.15	0
BSU_25340	GO:0016491	3	0.15	0
BSU_14500	GO:0016491	3	0.15	0
BSU_15810	GO:0046940	3	0.15	0
BSU_10750	GO:0016705	3	0.15	0
BSU_30720	GO:0016491	3	0.15	0
BSU_12330	GO:0016705	3	0.15	0
BSU_12530	GO:0016491	3	0.15	0
BSU_10570	GO:0016491	3	0.15	0
BSU_39520	GO:0016491	3	0.15	0
BSU_39470	GO:0016491	3	0.15	0
BSU_39510	GO:0016491	3	0.15	0
BSU_29390	GO:0016491	3	0.15	0
BSU_28740	GO:0003933	3	0.15	0
BSU_28730	GO:0003933	3	0.15	0
BSU_12390	GO:0003824	3	0.15	0
BSU_12440	GO:0003933	3	0.15	0
BSU_18550	GO:0003933	3	0.15	0
BSU_12230	GO:0003824	3	0.15	0
BSU_01910	GO:0003824	3	0.15	0
BSU_05750	GO:0003824	3	0.15	0
BSU_04810	GO:0016705	3	0.15	0
BSU_22180	GO:0016020	3	0.15	0
BSU_16460	GO:0016020	3	0.15	0
BSU_01845	GO:0016705	3	0.15	0
BSU_38960	GO:0003933	3	0.15	0
BSU_12440	GO:0044205	3	0.15	0
BSU_38950	GO:0003933	3	0.15	0
BSU_12430	GO:0044205	3	0.15	0
BSU_04740	GO:0003933	3	0.15	0
BSU_04700	GO:0003933	3	0.15	0
BSU_04710	GO:0003933	3	0.15	0
BSU_30810	GO:0003824	3	0.15	0
BSU_37830	GO:0003824	3	0.15	0
BSU_08070	GO:0003933	3	0.15	0
BSU_12430	GO:0003933	3	0.15	0
BSU_04810	GO:0005886	3	0.15	0
BSU_31550	GO:0005737	3	0.15	0
BSU_24990	GO:0015878	3	0.15	0
BSU_06740	GO:0006355	3	0.15	0
BSU_31270	GO:0071555	3	0.15	0
BSU_31875	GO:0006355	3	0.15	0
BSU_02450	GO:0006355	3	0.15	0
BSU_24230	GO:0071555	3	0.15	0
BSU_24360	GO:0071555	3	0.15	0
BSU_37920	GO:0071555	3	0.15	0
BSU_24620	GO:0071555	3	0.15	0
BSU_06750	GO:0006355	3	0.15	0
BSU_38570	GO:0009361	3	0.15	0
BSU_31170	GO:0006355	3	0.15	0
BSU_12440	GO:0071555	3	0.15	0
BSU_22230	GO:0003723	3	0.15	0
BSU_35360	GO:0004823	3	0.15	0
BSU_38570	GO:0003723	3	0.15	0
BSU_16460	GO:0071555	3	0.15	0
BSU_16450	GO:0071555	3	0.15	0
BSU_35360	GO:0009361	3	0.15	0
BSU_24670	GO:0006779	3	0.15	0
BSU_04740	GO:0004823	3	0.15	0
BSU_32030	GO:0006779	3	0.15	0
BSU_25690	GO:0071555	3	0.15	0
BSU_12430	GO:0071555	3	0.15	0
BSU_22460	GO:0006355	3	0.15	0
BSU_39430	GO:0006355	3	0.15	0
BSU_26250	GO:0003677	3	0.15	0
BSU_25630	GO:0006355	3	0.15	0
BSU_39010	GO:0003677	3	0.15	0
BSU_11680	GO:0006355	3	0.15	0
BSU_14170	GO:0005737	3	0.15	0
BSU_00230	GO:0005737	3	0.15	0
BSU_01510	GO:0003677	3	0.15	0
BSU_04830	GO:0006355	3	0.15	0
BSU_04860	GO:0006355	3	0.15	0
BSU_17870	GO:0006355	3	0.15	0
BSU_11780	GO:0071555	3	0.15	0
BSU_39990	GO:0006355	3	0.15	0
BSU_19600	GO:0003677	3	0.15	0
BSU_02680	GO:0006355	3	0.15	0
BSU_32990	GO:0006355	3	0.15	0
BSU_27180	GO:0003677	3	0.15	0
BSU_00230	GO:0071555	3	0.15	0
BSU_14990	GO:0071555	3	0.15	0
BSU_34520	GO:0071555	3	0.15	0
BSU_15810	GO:0071555	3	0.15	0
BSU_04710	GO:0004823	3	0.15	0
BSU_24020	GO:0005737	3	0.15	0
BSU_04310	GO:0006779	3	0.15	0
BSU_19040	GO:0045454	3	0.15	0
BSU_24990	GO:0006779	3	0.15	0
BSU_34370	GO:0006779	3	0.15	0
BSU_28730	GO:0006779	3	0.15	0
BSU_28740	GO:0006779	3	0.15	0
BSU_30460	GO:0005737	3	0.15	0
BSU_25830	GO:0045454	3	0.15	0
BSU_02450	GO:0045454	3	0.15	0
BSU_18920	GO:0045454	3	0.15	0
BSU_36180	GO:0045454	3	0.15	0
BSU_05750	GO:0045454	3	0.15	0
BSU_30620	GO:0006779	3	0.15	0
BSU_36690	GO:0045454	3	0.15	0
BSU_02530	GO:0045454	3	0.15	0
BSU_14990	GO:0045454	3	0.15	0
BSU_40120	GO:0003677	3	0.15	0
BSU_14500	GO:0045454	3	0.15	0
BSU_04710	GO:0003677	3	0.15	0
BSU_29330	GO:0045454	3	0.15	0
BSU_27050	GO:0003677	3	0.15	0
BSU_27040	GO:0003677	3	0.15	0
BSU_24970	GO:0006779	3	0.15	0
BSU_24690	GO:0006779	3	0.15	0
BSU_24360	GO:0006779	3	0.15	0
BSU_34180	GO:0005737	3	0.15	0
BSU_07110	GO:0006779	3	0.15	0
BSU_30135	GO:0006779	3	0.15	0
BSU_07120	GO:0006779	3	0.15	0
BSU_30170	GO:0006779	3	0.15	0
BSU_07520	GO:0006779	3	0.15	0
BSU_33660	GO:0005737	3	0.15	0
BSU_08830	GO:0006779	3	0.15	0
BSU_08850	GO:0006779	3	0.15	0
BSU_23050	GO:0006779	3	0.15	0
BSU_10570	GO:0006779	3	0.15	0
BSU_27040	GO:0006779	3	0.15	0
BSU_27050	GO:0006779	3	0.15	0
BSU_33360	GO:0055085	3	0.15	0
BSU_30720	GO:0055085	3	0.15	0
BSU_35360	GO:0042802	3	0.15	0
BSU_04310	GO:0035873	3	0.15	0
BSU_13680	GO:0006779	3	0.15	0
BSU_30620	GO:0035873	3	0.15	0
BSU_29730	GO:0006779	3	0.15	0
BSU_12230	GO:0003677	3	0.15	0
BSU_38430	GO:0006355	3	0.15	0
BSU_25340	GO:0045454	3	0.15	0
BSU_24670	GO:0042906	3	0.15	0
BSU_08230	GO:0010181	3	0.15	0
BSU_05480	GO:0010181	3	0.15	0
BSU_29320	GO:0010181	3	0.15	0
BSU_10430	GO:0010181	3	0.15	0
BSU_19550	GO:0010181	3	0.15	0
BSU_32900	GO:0010181	3	0.15	0
BSU_02530	GO:0010181	3	0.15	0
BSU_24620	GO:0010181	3	0.15	0
BSU_39430	GO:0010181	3	0.15	0
BSU_32030	GO:0042906	3	0.15	0
BSU_07450	GO:0010181	3	0.15	0
BSU_10370	GO:0042906	3	0.15	0
BSU_38950	GO:0003677	3	0.15	0
BSU_30450	GO:0006096	3	0.15	0
BSU_35360	GO:0008615	3	0.15	0
BSU_39500	GO:0055085	3	0.15	0
BSU_38960	GO:0003677	3	0.15	0
BSU_07110	GO:0042906	3	0.15	0
BSU_30135	GO:0042906	3	0.15	0
BSU_07120	GO:0042906	3	0.15	0
BSU_02470	GO:0010181	3	0.15	0
BSU_38540	GO:0010181	3	0.15	0
BSU_26260	GO:0003677	3	0.15	0
BSU_32100	GO:0010181	3	0.15	0
BSU_38570	GO:0030488	3	0.15	0
BSU_34370	GO:0015878	3	0.15	0
BSU_04710	GO:0030488	3	0.15	0
BSU_04700	GO:0030488	3	0.15	0
BSU_28730	GO:0015878	3	0.15	0
BSU_28740	GO:0015878	3	0.15	0
BSU_04700	GO:0003677	3	0.15	0
BSU_04740	GO:0030488	3	0.15	0
BSU_32200	GO:0010181	3	0.15	0
BSU_38110	GO:0010181	3	0.15	0
BSU_05500	GO:0010181	3	0.15	0
BSU_34520	GO:0010181	3	0.15	0
BSU_31170	GO:0010181	3	0.15	0
BSU_16870	GO:0010181	3	0.15	0
BSU_29420	GO:0010181	3	0.15	0
BSU_16740	GO:0010181	3	0.15	0
BSU_26970	GO:0010181	3	0.15	0
BSU_40250	GO:0010181	3	0.15	0
BSU_12330	GO:0010181	3	0.15	0
BSU_35360	GO:0030488	3	0.15	0
BSU_30170	GO:0042906	3	0.15	0
BSU_07520	GO:0042906	3	0.15	0
BSU_25570	GO:0042906	3	0.15	0
BSU_40250	GO:0006355	3	0.15	0
BSU_13780	GO:0042601	3	0.15	0
BSU_38540	GO:0006355	3	0.15	0
BSU_00440	GO:0042601	3	0.15	0
BSU_17420	GO:0042601	3	0.15	0
BSU_05500	GO:0006355	3	0.15	0
BSU_12330	GO:0006355	3	0.15	0
BSU_34520	GO:0005737	3	0.15	0
BSU_08070	GO:0005737	3	0.15	0
BSU_29420	GO:0005737	3	0.15	0
BSU_26970	GO:0006355	3	0.15	0
BSU_38570	GO:0008615	3	0.15	0
BSU_16740	GO:0006355	3	0.15	0
BSU_18550	GO:0003677	3	0.15	0
BSU_12530	GO:0003677	3	0.15	0
BSU_16870	GO:0006355	3	0.15	0
BSU_38110	GO:0006355	3	0.15	0
BSU_25690	GO:0003677	3	0.15	0
BSU_38570	GO:0042802	3	0.15	0
BSU_32100	GO:0006355	3	0.15	0
BSU_32200	GO:0006355	3	0.15	0
BSU_28060	GO:0042601	3	0.15	0
BSU_40120	GO:0006096	3	0.15	0
BSU_22230	GO:0006096	3	0.15	0
BSU_25840	GO:0042601	3	0.15	0
BSU_13000	GO:0006096	3	0.15	0
BSU_23050	GO:0042906	3	0.15	0
BSU_27040	GO:0042906	3	0.15	0
BSU_27050	GO:0042906	3	0.15	0
BSU_24670	GO:0035873	3	0.15	0
BSU_13680	GO:0042906	3	0.15	0
BSU_35220	GO:0042906	3	0.15	0
BSU_03340	GO:0003677	3	0.15	0
BSU_32030	GO:0035873	3	0.15	0
BSU_24360	GO:0042906	3	0.15	0
BSU_24690	GO:0042906	3	0.15	0
BSU_24970	GO:0042906	3	0.15	0
BSU_36690	GO:0042601	3	0.15	0
BSU_12820	GO:0042601	3	0.15	0
BSU_16740	GO:0042601	3	0.15	0
BSU_24430	GO:0042601	3	0.15	0
BSU_30720	GO:0042601	3	0.15	0
BSU_25830	GO:0042601	3	0.15	0
BSU_25750	GO:0042601	3	0.15	0
BSU_22230	GO:0003677	3	0.15	0
BSU_38570	GO:0003677	3	0.15	0
BSU_11550	GO:0042802	3	0.15	0
BSU_15810	GO:0005886	3	0.15	0
BSU_38570	GO:0051301	3	0.15	0
BSU_10570	GO:0035873	3	0.15	0
BSU_27040	GO:0035873	3	0.15	0
BSU_19460	GO:0000287	3	0.15	0
BSU_38540	GO:0005886	3	0.15	0
BSU_00610	GO:0005886	3	0.15	0
BSU_00600	GO:0005886	3	0.15	0
BSU_14990	GO:0051301	3	0.15	0
BSU_11550	GO:0019346	3	0.15	0
BSU_00230	GO:0005886	3	0.15	0
BSU_25630	GO:0000287	3	0.15	0
BSU_13700	GO:0005886	3	0.15	0
BSU_26260	GO:0005886	3	0.15	0
BSU_08070	GO:0016052	3	0.15	0
BSU_11550	GO:0016746	3	0.15	0
BSU_27050	GO:0035873	3	0.15	0
BSU_08830	GO:0055085	3	0.15	0
BSU_13680	GO:0035873	3	0.15	0
BSU_29730	GO:0035873	3	0.15	0
BSU_24690	GO:0006751	3	0.15	0
BSU_23050	GO:0035873	3	0.15	0
BSU_40120	GO:0051301	3	0.15	0
BSU_30170	GO:0035873	3	0.15	0
BSU_08070	GO:0046316	3	0.15	0
BSU_25490	GO:0006284	3	0.15	0
BSU_16340	GO:0006284	3	0.15	0
BSU_40120	GO:0046316	3	0.15	0
BSU_22230	GO:0016740	3	0.15	0
BSU_22230	GO:0051082	3	0.15	0
BSU_38570	GO:0051082	3	0.15	0
BSU_07520	GO:0035873	3	0.15	0
BSU_35360	GO:0006418	3	0.15	0
BSU_15810	GO:0000287	3	0.15	0
BSU_25570	GO:0035873	3	0.15	0
BSU_13000	GO:0004747	3	0.15	0
BSU_27660	GO:0051301	3	0.15	0
BSU_12440	GO:0051301	3	0.15	0
BSU_29730	GO:0055085	3	0.15	0
BSU_12430	GO:0051301	3	0.15	0
BSU_03340	GO:0000287	3	0.15	0
BSU_08830	GO:0035873	3	0.15	0
BSU_08850	GO:0035873	3	0.15	0
BSU_10570	GO:0055085	3	0.15	0
BSU_19800	GO:0000287	3	0.15	0
BSU_11550	GO:0004088	3	0.15	0
BSU_16460	GO:0005506	3	0.15	0
BSU_24230	GO:0006751	3	0.15	0
BSU_03720	GO:0030435	3	0.15	0
BSU_30460	GO:0005737	3	0.15	0
BSU_32580	GO:0030435	3	0.15	0
BSU_32590	GO:0030435	3	0.15	0
BSU_39980	GO:0005886	3	0.15	0
BSU_33050	GO:0030435	3	0.15	0
BSU_33070	GO:0030435	3	0.15	0
BSU_35800	GO:0030435	3	0.15	0
BSU_35820	GO:0030435	3	0.15	0
BSU_03700	GO:0030435	3	0.15	0
BSU_03710	GO:0030435	3	0.15	0
BSU_16450	GO:0005506	3	0.15	0
BSU_38430	GO:0005886	3	0.15	0
BSU_24020	GO:0005737	3	0.15	0
BSU_39470	GO:0005886	3	0.15	0
BSU_28040	GO:0005886	3	0.15	0
BSU_04200	GO:0005886	3	0.15	0
BSU_12330	GO:0005886	3	0.15	0
BSU_10750	GO:0005886	3	0.15	0
BSU_19460	GO:0005886	3	0.15	0
BSU_16860	GO:0005886	3	0.15	0
BSU_39770	GO:0005737	3	0.15	0
BSU_04710	GO:0005737	3	0.15	0
BSU_36880	GO:0030435	3	0.15	0
BSU_24670	GO:0005737	3	0.15	0
BSU_18550	GO:0047533	3	0.15	0
BSU_38510	GO:0006751	3	0.15	0
BSU_31270	GO:0006751	3	0.15	0
BSU_00230	GO:0005506	3	0.15	0
BSU_06590	GO:0047533	3	0.15	0
BSU_01910	GO:0047533	3	0.15	0
BSU_02260	GO:0005886	3	0.15	0
BSU_24620	GO:0006751	3	0.15	0
BSU_35360	GO:0006751	3	0.15	0
BSU_30720	GO:0047533	3	0.15	0
BSU_12440	GO:0006751	3	0.15	0
BSU_24670	GO:0006751	3	0.15	0
BSU_32900	GO:0047533	3	0.15	0
BSU_19550	GO:0047533	3	0.15	0
BSU_25340	GO:0005886	3	0.15	0
BSU_35360	GO:0005737	3	0.15	0
BSU_16340	GO:0030435	3	0.15	0
BSU_19800	GO:0005886	3	0.15	0
BSU_39010	GO:0005886	3	0.15	0
BSU_17030	GO:0006284	3	0.15	0
BSU_00230	GO:0005886	3	0.15	0
BSU_24020	GO:0000976	3	0.15	0
BSU_12440	GO:0009435	3	0.15	0
BSU_24020	GO:0006281	3	0.15	0
BSU_38570	GO:0009435	3	0.15	0
BSU_09090	GO:0050845	3	0.15	0
BSU_34690	GO:0050845	3	0.15	0
BSU_22230	GO:0008168	3	0.15	0
BSU_40120	GO:0009435	3	0.15	0
BSU_38570	GO:0008168	3	0.15	0
BSU_09200	GO:0050845	3	0.15	0
BSU_12430	GO:0009435	3	0.15	0
BSU_06990	GO:0050845	3	0.15	0
BSU_11550	GO:0140581	3	0.15	0
BSU_06980	GO:0050845	3	0.15	0
BSU_27660	GO:0009435	3	0.15	0
BSU_39500	GO:0050845	3	0.15	0
BSU_39770	GO:0006281	3	0.15	0
BSU_28730	GO:0003677	3	0.15	0
BSU_28740	GO:0003677	3	0.15	0
BSU_04710	GO:0003677	3	0.15	0
BSU_35430	GO:0003677	3	0.15	0
BSU_39500	GO:0003677	3	0.15	0
BSU_37400	GO:0050845	3	0.15	0
BSU_17030	GO:0140581	3	0.15	0
BSU_00470	GO:0006284	3	0.15	0
BSU_30460	GO:0000976	3	0.15	0
BSU_33840	GO:0005737	3	0.15	0
BSU_31210	GO:0005737	3	0.15	0
BSU_02500	GO:0005737	3	0.15	0
BSU_13700	GO:0140098	3	0.15	0
BSU_33660	GO:0000976	3	0.15	0
BSU_39770	GO:0005737	3	0.15	0
BSU_02680	GO:0005737	3	0.15	0
BSU_22230	GO:0000156	3	0.15	0
BSU_34180	GO:0000976	3	0.15	0
BSU_02500	GO:0000976	3	0.15	0
BSU_16340	GO:0140581	3	0.15	0
BSU_39770	GO:0000976	3	0.15	0
BSU_04710	GO:0005737	3	0.15	0
BSU_38570	GO:0000156	3	0.15	0
BSU_28730	GO:0005737	3	0.15	0
BSU_28740	GO:0005737	3	0.15	0
BSU_24670	GO:0005737	3	0.15	0
BSU_32030	GO:0005737	3	0.15	0
BSU_10370	GO:0005737	3	0.15	0
BSU_14990	GO:0009435	3	0.15	0
BSU_32030	GO:0003677	3	0.15	0
BSU_26260	GO:0003677	3	0.15	0
BSU_13700	GO:0003677	3	0.15	0
BSU_04740	GO:0005829	3	0.15	0
BSU_17290	GO:0050845	3	0.15	0
BSU_18550	GO:0005829	3	0.15	0
BSU_29730	GO:0050845	3	0.15	0
BSU_11550	GO:0008705	3	0.15	0
BSU_30135	GO:0035873	3	0.15	0
BSU_03340	GO:0005829	3	0.15	0
BSU_38960	GO:0005829	3	0.15	0
BSU_07120	GO:0035873	3	0.15	0
BSU_38950	GO:0005829	3	0.15	0
BSU_04700	GO:0005829	3	0.15	0
BSU_11550	GO:0032259	3	0.15	0
BSU_04710	GO:0005829	3	0.15	0
BSU_31480	GO:0050845	3	0.15	0
BSU_10570	GO:0050845	3	0.15	0
BSU_23050	GO:0050845	3	0.15	0
BSU_08850	GO:0050845	3	0.15	0
BSU_08830	GO:0050845	3	0.15	0
BSU_11550	GO:0042126	3	0.15	0
BSU_30620	GO:0050845	3	0.15	0
BSU_04310	GO:0050845	3	0.15	0
BSU_30810	GO:0005829	3	0.15	0
BSU_37830	GO:0005829	3	0.15	0
BSU_38570	GO:0016491	3	0.15	0
BSU_04710	GO:0016491	3	0.15	0
BSU_31560	GO:0050845	3	0.15	0
BSU_08830	GO:0003677	3	0.15	0
BSU_33360	GO:0050845	3	0.15	0
BSU_30720	GO:0050845	3	0.15	0
BSU_12530	GO:0003677	3	0.15	0
BSU_22180	GO:0032259	3	0.15	0
BSU_24430	GO:0003677	3	0.15	0
BSU_30450	GO:0003677	3	0.15	0
BSU_31550	GO:0003677	3	0.15	0
BSU_04940	GO:0003677	3	0.15	0
BSU_09890	GO:0003677	3	0.15	0
BSU_07110	GO:0035873	3	0.15	0
BSU_38570	GO:0042823	3	0.15	0
BSU_35360	GO:0016491	3	0.15	0
BSU_35360	GO:0042823	3	0.15	0
BSU_12390	GO:0005829	3	0.15	0
BSU_17300	GO:0050845	3	0.15	0
BSU_04740	GO:0016491	3	0.15	0
BSU_04700	GO:0016491	3	0.15	0
BSU_39430	GO:0000976	3	0.15	0
BSU_35360	GO:0019516	3	0.15	0
BSU_11550	GO:0030488	3	0.15	0
BSU_19040	GO:0005886	3	0.15	0
BSU_03710	GO:0009401	3	0.15	0
BSU_32200	GO:0003756	3	0.15	0
BSU_38570	GO:0009089	3	0.15	0
BSU_03720	GO:0009401	3	0.15	0
BSU_03700	GO:0009401	3	0.15	0
BSU_35820	GO:0009401	3	0.15	0
BSU_10330	GO:0006826	3	0.15	0
BSU_00230	GO:0006826	3	0.15	0
BSU_38950	GO:0009972	3	0.15	0
BSU_35800	GO:0009401	3	0.15	0
BSU_38960	GO:0009972	3	0.15	0
BSU_02450	GO:0005886	3	0.15	0
BSU_07110	GO:0006826	3	0.15	0
BSU_30135	GO:0006826	3	0.15	0
BSU_07120	GO:0006826	3	0.15	0
BSU_30170	GO:0006826	3	0.15	0
BSU_25570	GO:0006826	3	0.15	0
BSU_33070	GO:0009401	3	0.15	0
BSU_15810	GO:0006826	3	0.15	0
BSU_33050	GO:0009401	3	0.15	0
BSU_32100	GO:0003756	3	0.15	0
BSU_38110	GO:0003756	3	0.15	0
BSU_06980	GO:0000160	3	0.15	0
BSU_37830	GO:0016491	3	0.15	0
BSU_38980	GO:0030435	3	0.15	0
BSU_38990	GO:0030435	3	0.15	0
BSU_23270	GO:0030435	3	0.15	0
BSU_35840	GO:0030435	3	0.15	0
BSU_12390	GO:0016491	3	0.15	0
BSU_35070	GO:0030435	3	0.15	0
BSU_35360	GO:0009090	3	0.15	0
BSU_38570	GO:0042371	3	0.15	0
BSU_12820	GO:0005886	3	0.15	0
BSU_13700	GO:0030435	3	0.15	0
BSU_35360	GO:0009089	3	0.15	0
BSU_38570	GO:0019877	3	0.15	0
BSU_26970	GO:0003756	3	0.15	0
BSU_05750	GO:0030435	3	0.15	0
BSU_29420	GO:0003756	3	0.15	0
BSU_16870	GO:0003756	3	0.15	0
BSU_14990	GO:0019877	3	0.15	0
BSU_26970	GO:0009972	3	0.15	0
BSU_08070	GO:0003756	3	0.15	0
BSU_34520	GO:0003756	3	0.15	0
BSU_27040	GO:0006826	3	0.15	0
BSU_27050	GO:0006826	3	0.15	0
BSU_32590	GO:0009401	3	0.15	0
BSU_27050	GO:0006814	3	0.15	0
BSU_11550	GO:0009380	3	0.15	0
BSU_37350	GO:0005886	3	0.15	0
BSU_00560	GO:0003676	3	0.15	0
BSU_12530	GO:0005886	3	0.15	0
BSU_25570	GO:0006814	3	0.15	0
BSU_36240	GO:0009380	3	0.15	0
BSU_14990	GO:0009972	3	0.15	0
BSU_08830	GO:0055085	3	0.15	0
BSU_27040	GO:0006814	3	0.15	0
BSU_38570	GO:0035999	3	0.15	0
BSU_32580	GO:0009401	3	0.15	0
BSU_05750	GO:0003723	3	0.15	0
BSU_35220	GO:0006814	3	0.15	0
BSU_36880	GO:0006814	3	0.15	0
BSU_04310	GO:0055085	3	0.15	0
BSU_10570	GO:0055085	3	0.15	0
BSU_24360	GO:0006814	3	0.15	0
BSU_24690	GO:0006814	3	0.15	0
BSU_35360	GO:0035999	3	0.15	0
BSU_34370	GO:0006814	3	0.15	0
BSU_24090	GO:0005886	3	0.15	0
BSU_04940	GO:0005886	3	0.15	0
BSU_25630	GO:0003723	3	0.15	0
BSU_10370	GO:0006814	3	0.15	0
BSU_34370	GO:0006826	3	0.15	0
BSU_28730	GO:0006826	3	0.15	0
BSU_28740	GO:0006826	3	0.15	0
BSU_32580	GO:0006826	3	0.15	0
BSU_32590	GO:0006826	3	0.15	0
BSU_22230	GO:0009380	3	0.15	0
BSU_12820	GO:0005886	3	0.15	0
BSU_12330	GO:0009972	3	0.15	0
BSU_35800	GO:0006826	3	0.15	0
BSU_35820	GO:0006826	3	0.15	0
BSU_03700	GO:0006826	3	0.15	0
BSU_03720	GO:0006826	3	0.15	0
BSU_03710	GO:0006826	3	0.15	0
BSU_38570	GO:0009380	3	0.15	0
BSU_25490	GO:0003676	3	0.15	0
BSU_27180	GO:0005886	3	0.15	0
BSU_02260	GO:0005886	3	0.15	0
BSU_35960	GO:0006814	3	0.15	0
BSU_24670	GO:0006814	3	0.15	0
BSU_38570	GO:0009090	3	0.15	0
BSU_06990	GO:0000160	3	0.15	0
BSU_32580	GO:0006814	3	0.15	0
BSU_17750	GO:0009306	3	0.15	0
BSU_15810	GO:0055085	3	0.15	0
BSU_32580	GO:0065002	3	0.15	0
BSU_25570	GO:0055085	3	0.15	0
BSU_07760	GO:0009306	3	0.15	0
BSU_07790	GO:0009306	3	0.15	0
BSU_07780	GO:0009306	3	0.15	0
BSU_39630	GO:0009306	3	0.15	0
BSU_00230	GO:0055085	3	0.15	0
BSU_17770	GO:0009306	3	0.15	0
BSU_36880	GO:0065002	3	0.15	0
BSU_27040	GO:0055085	3	0.15	0
BSU_27660	GO:0019877	3	0.15	0
BSU_26410	GO:0009306	3	0.15	0
BSU_12440	GO:0019877	3	0.15	0
BSU_12430	GO:0019877	3	0.15	0
BSU_24230	GO:0004180	3	0.15	0
BSU_37220	GO:0009306	3	0.15	0
BSU_09200	GO:0004180	3	0.15	0
BSU_04810	GO:0004180	3	0.15	0
BSU_27670	GO:0009306	3	0.15	0
BSU_32590	GO:0065002	3	0.15	0
BSU_27050	GO:0055085	3	0.15	0
BSU_24670	GO:0042371	3	0.15	0
BSU_03710	GO:0055085	3	0.15	0
BSU_36880	GO:0016787	3	0.15	0
BSU_24360	GO:0016787	3	0.15	0
BSU_24690	GO:0016787	3	0.15	0
BSU_24970	GO:0016787	3	0.15	0
BSU_02530	GO:0046872	3	0.15	0
BSU_10370	GO:0055085	3	0.15	0
BSU_32030	GO:0055085	3	0.15	0
BSU_24670	GO:0055085	3	0.15	0
BSU_14990	GO:0046872	3	0.15	0
BSU_03720	GO:0055085	3	0.15	0
BSU_18170	GO:0009306	3	0.15	0
BSU_37040	GO:0009306	3	0.15	0
BSU_03700	GO:0055085	3	0.15	0
BSU_35820	GO:0055085	3	0.15	0
BSU_16340	GO:0046933	3	0.15	0
BSU_35800	GO:0055085	3	0.15	0
BSU_35800	GO:0065002	3	0.15	0
BSU_34370	GO:0055085	3	0.15	0
BSU_33070	GO:0065002	3	0.15	0
BSU_33050	GO:0065002	3	0.15	0
BSU_16860	GO:0004180	3	0.15	0
BSU_28040	GO:0004180	3	0.15	0
BSU_14990	GO:0004180	3	0.15	0
BSU_30170	GO:0000160	3	0.15	0
BSU_19560	GO:0005886	3	0.15	0
BSU_13020	GO:0005886	3	0.15	0
BSU_35220	GO:0000160	3	0.15	0
BSU_13680	GO:0000160	3	0.15	0
BSU_27050	GO:0000160	3	0.15	0
BSU_27040	GO:0000160	3	0.15	0
BSU_23050	GO:0000160	3	0.15	0
BSU_25570	GO:0000160	3	0.15	0
BSU_07520	GO:0000160	3	0.15	0
BSU_07120	GO:0000160	3	0.15	0
BSU_24360	GO:0000160	3	0.15	0
BSU_30135	GO:0000160	3	0.15	0
BSU_07110	GO:0000160	3	0.15	0
BSU_38570	GO:0070929	3	0.15	0
BSU_22230	GO:0070929	3	0.15	0
BSU_10370	GO:0042371	3	0.15	0
BSU_32030	GO:0042371	3	0.15	0
BSU_10370	GO:0000160	3	0.15	0
BSU_32030	GO:0000160	3	0.15	0
BSU_24670	GO:0000160	3	0.15	0
BSU_24190	GO:0005886	3	0.15	0
BSU_02260	GO:0005886	3	0.15	0
BSU_39470	GO:0005886	3	0.15	0
BSU_25680	GO:0005886	3	0.15	0
BSU_33360	GO:0009306	3	0.15	0
BSU_33070	GO:0016301	3	0.15	0
BSU_02530	GO:0004180	3	0.15	0
BSU_36690	GO:0004180	3	0.15	0
BSU_05750	GO:0004180	3	0.15	0
BSU_40120	GO:0004180	3	0.15	0
BSU_33050	GO:0016301	3	0.15	0
BSU_09890	GO:0009306	3	0.15	0
BSU_38540	GO:0003756	3	0.15	0
BSU_12430	GO:0004180	3	0.15	0
BSU_12440	GO:0004180	3	0.15	0
BSU_27660	GO:0004180	3	0.15	0
BSU_32590	GO:0016301	3	0.15	0
BSU_40120	GO:0019877	3	0.15	0
BSU_32580	GO:0016301	3	0.15	0
BSU_19040	GO:0004180	3	0.15	0
BSU_19800	GO:0005886	3	0.15	0
BSU_06560	GO:0005886	3	0.15	0
BSU_14520	GO:0005886	3	0.15	0
BSU_30720	GO:0055085	3	0.15	0
BSU_19800	GO:0016837	3	0.15	0
BSU_36690	GO:0046872	3	0.15	0
BSU_36690	GO:0003677	3	0.15	0
BSU_14990	GO:0003677	3	0.15	0
BSU_23270	GO:0006434	3	0.15	0
BSU_38980	GO:0006434	3	0.15	0
BSU_38570	GO:0044780	3	0.15	0
BSU_02530	GO:0003677	3	0.15	0
BSU_22230	GO:0044780	3	0.15	0
BSU_05750	GO:0000287	3	0.15	0
BSU_13700	GO:0000287	3	0.15	0
BSU_25830	GO:0006414	3	0.15	0
BSU_02450	GO:0006414	3	0.15	0
BSU_13700	GO:0005737	3	0.15	0
BSU_00230	GO:0000287	3	0.15	0
BSU_18920	GO:0006414	3	0.15	0
BSU_05750	GO:0003677	3	0.15	0
BSU_40120	GO:0003677	3	0.15	0
BSU_34760	GO:0006414	3	0.15	0
BSU_23270	GO:0000287	3	0.15	0
BSU_38980	GO:0000287	3	0.15	0
BSU_12430	GO:0003677	3	0.15	0
BSU_12440	GO:0003677	3	0.15	0
BSU_00230	GO:0005737	3	0.15	0
BSU_14990	GO:0006434	3	0.15	0
BSU_05500	GO:0006979	3	0.15	0
BSU_08070	GO:0006979	3	0.15	0
BSU_24020	GO:0032357	3	0.15	0
BSU_38510	GO:0030435	3	0.15	0
BSU_26970	GO:0006979	3	0.15	0
BSU_13700	GO:0030435	3	0.15	0
BSU_16740	GO:0006979	3	0.15	0
BSU_29420	GO:0006979	3	0.15	0
BSU_16870	GO:0006979	3	0.15	0
BSU_31170	GO:0006979	3	0.15	0
BSU_13000	GO:0030435	3	0.15	0
BSU_34520	GO:0006979	3	0.15	0
BSU_14170	GO:0003677	3	0.15	0
BSU_38110	GO:0006979	3	0.15	0
BSU_30450	GO:0030435	3	0.15	0
BSU_31550	GO:0030435	3	0.15	0
BSU_32100	GO:0006979	3	0.15	0
BSU_32200	GO:0006979	3	0.15	0
BSU_24670	GO:0006400	3	0.15	0
BSU_19800	GO:0005886	3	0.15	0
BSU_35360	GO:0044780	3	0.15	0
BSU_11550	GO:0032357	3	0.15	0
BSU_27660	GO:0003677	3	0.15	0
BSU_36180	GO:0006414	3	0.15	0
BSU_19040	GO:0003677	3	0.15	0
BSU_05750	GO:0006414	3	0.15	0
BSU_04440	GO:0006811	3	0.15	0
BSU_06980	GO:0006811	3	0.15	0
BSU_06990	GO:0006811	3	0.15	0
BSU_19040	GO:0006414	3	0.15	0
BSU_34760	GO:0003677	3	0.15	0
BSU_27660	GO:0006414	3	0.15	0
BSU_12440	GO:0006414	3	0.15	0
BSU_12430	GO:0006414	3	0.15	0
BSU_40120	GO:0006414	3	0.15	0
BSU_36690	GO:0006414	3	0.15	0
BSU_25340	GO:0003677	3	0.15	0
BSU_00230	GO:0000162	3	0.15	0
BSU_13700	GO:0000162	3	0.15	0
BSU_02530	GO:0006414	3	0.15	0
BSU_14990	GO:0006414	3	0.15	0
BSU_05750	GO:0000162	3	0.15	0
BSU_04710	GO:0051287	3	0.15	0
BSU_04700	GO:0051287	3	0.15	0
BSU_04740	GO:0051287	3	0.15	0
BSU_25630	GO:0000162	3	0.15	0
BSU_31560	GO:0006811	3	0.15	0
BSU_30440	GO:0006811	3	0.15	0
BSU_28740	GO:0006811	3	0.15	0
BSU_28730	GO:0006811	3	0.15	0
BSU_03340	GO:0016835	3	0.15	0
BSU_35960	GO:0046872	3	0.15	0
BSU_34760	GO:0046872	3	0.15	0
BSU_04310	GO:0046872	3	0.15	0
BSU_24670	GO:0046872	3	0.15	0
BSU_15810	GO:0046872	3	0.15	0
BSU_24020	GO:0046872	3	0.15	0
BSU_05750	GO:0016835	3	0.15	0
BSU_24350	GO:0046872	3	0.15	0
BSU_25340	GO:0006414	3	0.15	0
BSU_34760	GO:0016835	3	0.15	0
BSU_07520	GO:0046872	3	0.15	0
BSU_30620	GO:0006811	3	0.15	0
BSU_07110	GO:0006811	3	0.15	0
BSU_30135	GO:0006811	3	0.15	0
BSU_07120	GO:0006811	3	0.15	0
BSU_30170	GO:0006811	3	0.15	0
BSU_36180	GO:0003677	3	0.15	0
BSU_08850	GO:0006811	3	0.15	0
BSU_12330	GO:0006979	3	0.15	0
BSU_38540	GO:0006979	3	0.15	0
BSU_33360	GO:0016837	3	0.15	0
BSU_16860	GO:0005886	3	0.15	0
BSU_31480	GO:0016837	3	0.15	0
BSU_32100	GO:0005886	3	0.15	0
BSU_05750	GO:0005886	3	0.15	0
BSU_25630	GO:0005886	3	0.15	0
BSU_21990	GO:0005886	3	0.15	0
BSU_26970	GO:0005886	3	0.15	0
BSU_40250	GO:0005886	3	0.15	0
BSU_04810	GO:0005886	3	0.15	0
BSU_09770	GO:0055085	3	0.15	0
BSU_19460	GO:0005886	3	0.15	0
BSU_35690	GO:0016837	3	0.15	0
BSU_10750	GO:0005886	3	0.15	0
BSU_12330	GO:0005886	3	0.15	0
BSU_04200	GO:0005886	3	0.15	0
BSU_28040	GO:0005886	3	0.15	0
BSU_39470	GO:0005886	3	0.15	0
BSU_00600	GO:0055085	3	0.15	0
BSU_40250	GO:0004181	3	0.15	0
BSU_26970	GO:0004181	3	0.15	0
BSU_36690	GO:0009972	3	0.15	0
BSU_10570	GO:0016837	3	0.15	0
BSU_35520	GO:0016837	3	0.15	0
BSU_08230	GO:0006979	3	0.15	0
BSU_19040	GO:0016837	3	0.15	0
BSU_04440	GO:0016837	3	0.15	0
BSU_18920	GO:0016837	3	0.15	0
BSU_25750	GO:0016837	3	0.15	0
BSU_35860	GO:0016837	3	0.15	0
BSU_37350	GO:0016837	3	0.15	0
BSU_09200	GO:0016837	3	0.15	0
BSU_02530	GO:0009972	3	0.15	0
BSU_36180	GO:0016837	3	0.15	0
BSU_36690	GO:0016837	3	0.15	0
BSU_04810	GO:0016837	3	0.15	0
BSU_35570	GO:0016837	3	0.15	0
BSU_33360	GO:0004181	3	0.15	0
BSU_16860	GO:0016837	3	0.15	0
BSU_28040	GO:0016837	3	0.15	0
BSU_27950	GO:0016837	3	0.15	0
BSU_19170	GO:0016837	3	0.15	0
BSU_35840	GO:0016837	3	0.15	0
BSU_35550	GO:0016837	3	0.15	0
BSU_35540	GO:0016837	3	0.15	0
BSU_35590	GO:0016837	3	0.15	0
BSU_21990	GO:0004181	3	0.15	0
BSU_00610	GO:0055085	3	0.15	0
BSU_05750	GO:0009972	3	0.15	0
BSU_27670	GO:0055085	3	0.15	0
BSU_13700	GO:0004181	3	0.15	0
BSU_28040	GO:0004181	3	0.15	0
BSU_27660	GO:0005829	3	0.15	0
BSU_37220	GO:0055085	3	0.15	0
BSU_16860	GO:0004181	3	0.15	0
BSU_12440	GO:0005829	3	0.15	0
BSU_04810	GO:0004181	3	0.15	0
BSU_12430	GO:0005829	3	0.15	0
BSU_34265	GO:0055085	3	0.15	0
BSU_32030	GO:0055085	3	0.15	0
BSU_38430	GO:0005886	3	0.15	0
BSU_40120	GO:0005829	3	0.15	0
BSU_05750	GO:0005829	3	0.15	0
BSU_36690	GO:0005829	3	0.15	0
BSU_04310	GO:0003723	3	0.15	0
BSU_40120	GO:0046872	3	0.15	0
BSU_14990	GO:0005829	3	0.15	0
BSU_13000	GO:0006400	3	0.15	0
BSU_27660	GO:0030435	3	0.15	0
BSU_29320	GO:0006979	3	0.15	0
BSU_26410	GO:0055085	3	0.15	0
BSU_15660	GO:0003723	3	0.15	0
BSU_17750	GO:0055085	3	0.15	0
BSU_14170	GO:0003723	3	0.15	0
BSU_25630	GO:0004181	3	0.15	0
BSU_39980	GO:0005886	3	0.15	0
BSU_38540	GO:0055085	3	0.15	0
BSU_39010	GO:0005886	3	0.15	0
BSU_40120	GO:0009972	3	0.15	0
BSU_38960	GO:0005886	3	0.15	0
BSU_12430	GO:0009972	3	0.15	0
BSU_38950	GO:0005886	3	0.15	0
BSU_12440	GO:0009972	3	0.15	0
BSU_13700	GO:0003723	3	0.15	0
BSU_18170	GO:0055085	3	0.15	0
BSU_07760	GO:0055085	3	0.15	0
BSU_27660	GO:0009972	3	0.15	0
BSU_24230	GO:0003723	3	0.15	0
BSU_07790	GO:0055085	3	0.15	0
BSU_05750	GO:0004181	3	0.15	0
BSU_07780	GO:0055085	3	0.15	0
BSU_19040	GO:0009972	3	0.15	0
BSU_17770	GO:0055085	3	0.15	0
BSU_35220	GO:0016787	3	0.15	0
BSU_13680	GO:0016787	3	0.15	0
BSU_22230	GO:0004177	3	0.15	0
BSU_32590	GO:0071555	3	0.15	0
BSU_03710	GO:0071555	3	0.15	0
BSU_03720	GO:0071555	3	0.15	0
BSU_03700	GO:0071555	3	0.15	0
BSU_35820	GO:0071555	3	0.15	0
BSU_35800	GO:0071555	3	0.15	0
BSU_33070	GO:0071555	3	0.15	0
BSU_33050	GO:0071555	3	0.15	0
BSU_33070	GO:0016757	3	0.15	0
BSU_33050	GO:0008320	3	0.15	0
BSU_32580	GO:0071555	3	0.15	0
BSU_34760	GO:0005886	3	0.15	0
BSU_33070	GO:0008320	3	0.15	0
BSU_35800	GO:0008320	3	0.15	0
BSU_34520	GO:0010133	3	0.15	0
BSU_08070	GO:0010133	3	0.15	0
BSU_29420	GO:0010133	3	0.15	0
BSU_16340	GO:0071555	3	0.15	0
BSU_24620	GO:0005886	3	0.15	0
BSU_37920	GO:0005886	3	0.15	0
BSU_35820	GO:0008320	3	0.15	0
BSU_16340	GO:0016757	3	0.15	0
BSU_38570	GO:0005524	3	0.15	0
BSU_00230	GO:0033214	3	0.15	0
BSU_17030	GO:0016757	3	0.15	0
BSU_09770	GO:0016787	3	0.15	0
BSU_25750	GO:0016787	3	0.15	0
BSU_17990	GO:0016787	3	0.15	0
BSU_28060	GO:0016787	3	0.15	0
BSU_13780	GO:0016787	3	0.15	0
BSU_00440	GO:0016787	3	0.15	0
BSU_06750	GO:0003690	3	0.15	0
BSU_06740	GO:0003690	3	0.15	0
BSU_36300	GO:0003690	3	0.15	0
BSU_11550	GO:0016757	3	0.15	0
BSU_36880	GO:0008320	3	0.15	0
BSU_13700	GO:0003690	3	0.15	0
BSU_11780	GO:0005886	3	0.15	0
BSU_36240	GO:0016757	3	0.15	0
BSU_33660	GO:0005886	3	0.15	0
BSU_27660	GO:0005886	3	0.15	0
BSU_33660	GO:0006064	3	0.15	0
BSU_05750	GO:0006064	3	0.15	0
BSU_15810	GO:0005886	3	0.15	0
BSU_00230	GO:0005886	3	0.15	0
BSU_03700	GO:0008320	3	0.15	0
BSU_31270	GO:0005886	3	0.15	0
BSU_03720	GO:0008320	3	0.15	0
BSU_32580	GO:0033214	3	0.15	0
BSU_35820	GO:0006508	3	0.15	0
BSU_26970	GO:0016020	3	0.15	0
BSU_35800	GO:0006508	3	0.15	0
BSU_38570	GO:0046872	3	0.15	0
BSU_30440	GO:0033214	3	0.15	0
BSU_32590	GO:0033214	3	0.15	0
BSU_07110	GO:0004222	3	0.15	0
BSU_30135	GO:0004222	3	0.15	0
BSU_07120	GO:0004222	3	0.15	0
BSU_28740	GO:0033214	3	0.15	0
BSU_12440	GO:0005886	3	0.15	0
BSU_30170	GO:0004222	3	0.15	0
BSU_28730	GO:0033214	3	0.15	0
BSU_32590	GO:0006508	3	0.15	0
BSU_30170	GO:0033214	3	0.15	0
BSU_07120	GO:0033214	3	0.15	0
BSU_25570	GO:0004222	3	0.15	0
BSU_30135	GO:0033214	3	0.15	0
BSU_07110	GO:0033214	3	0.15	0
BSU_12430	GO:0005524	3	0.15	0
BSU_03700	GO:0006508	3	0.15	0
BSU_03720	GO:0006508	3	0.15	0
BSU_03710	GO:0006508	3	0.15	0
BSU_31270	GO:0004222	3	0.15	0
BSU_12430	GO:0005886	3	0.15	0
BSU_11780	GO:0005886	3	0.15	0
BSU_22180	GO:0071555	3	0.15	0
BSU_03710	GO:0008320	3	0.15	0
BSU_34520	GO:0005886	3	0.15	0
BSU_15810	GO:0005886	3	0.15	0
BSU_00230	GO:0005886	3	0.15	0
BSU_13700	GO:0016020	3	0.15	0
BSU_24230	GO:0005886	3	0.15	0
BSU_05750	GO:0016020	3	0.15	0
BSU_27660	GO:0005886	3	0.15	0
BSU_24360	GO:0004222	3	0.15	0
BSU_22180	GO:0004222	3	0.15	0
BSU_00230	GO:0004222	3	0.15	0
BSU_14990	GO:0005886	3	0.15	0
BSU_15810	GO:0004222	3	0.15	0
BSU_11780	GO:0004222	3	0.15	0
BSU_12430	GO:0004222	3	0.15	0
BSU_25630	GO:0016020	3	0.15	0
BSU_30720	GO:0016787	3	0.15	0
BSU_39770	GO:0006310	3	0.15	0
BSU_32580	GO:0006508	3	0.15	0
BSU_07110	GO:0050845	3	0.15	0
BSU_01845	GO:0016887	3	0.15	0
BSU_10570	GO:0050845	3	0.15	0
BSU_38570	GO:0000287	3	0.15	0
BSU_00230	GO:0000287	3	0.15	0
BSU_08850	GO:0050845	3	0.15	0
BSU_04960	GO:0016887	3	0.15	0
BSU_30170	GO:0050845	3	0.15	0
BSU_07120	GO:0050845	3	0.15	0
BSU_30135	GO:0050845	3	0.15	0
BSU_33570	GO:0016887	3	0.15	0
BSU_30720	GO:0050845	3	0.15	0
BSU_30620	GO:0050845	3	0.15	0
BSU_04310	GO:0050845	3	0.15	0
BSU_34490	GO:0016887	3	0.15	0
BSU_34500	GO:0016887	3	0.15	0
BSU_36120	GO:0016887	3	0.15	0
BSU_36130	GO:0016887	3	0.15	0
BSU_35840	GO:0016887	3	0.15	0
BSU_04830	GO:0003690	3	0.15	0
BSU_34690	GO:0016887	3	0.15	0
BSU_04710	GO:0016979	3	0.15	0
BSU_36240	GO:0046872	3	0.15	0
BSU_17870	GO:0016787	3	0.15	0
BSU_37040	GO:0050845	3	0.15	0
BSU_33070	GO:0016887	3	0.15	0
BSU_03700	GO:0016887	3	0.15	0
BSU_03720	GO:0016887	3	0.15	0
BSU_03710	GO:0016887	3	0.15	0
BSU_00230	GO:0016491	3	0.15	0
BSU_17030	GO:0016887	3	0.15	0
BSU_18170	GO:0050845	3	0.15	0
BSU_14990	GO:0005524	3	0.15	0
BSU_38570	GO:0016979	3	0.15	0
BSU_40120	GO:0005524	3	0.15	0
BSU_16340	GO:0016887	3	0.15	0
BSU_38540	GO:0050845	3	0.15	0
BSU_00610	GO:0050845	3	0.15	0
BSU_00600	GO:0050845	3	0.15	0
BSU_16340	GO:0046872	3	0.15	0
BSU_09770	GO:0050845	3	0.15	0
BSU_04960	GO:0050845	3	0.15	0
BSU_34690	GO:0050845	3	0.15	0
BSU_06990	GO:0050845	3	0.15	0
BSU_06980	GO:0050845	3	0.15	0
BSU_04860	GO:0003690	3	0.15	0
BSU_04700	GO:0016979	3	0.15	0
BSU_09200	GO:0016887	3	0.15	0
BSU_04710	GO:0005886	3	0.15	0
BSU_31210	GO:0003690	3	0.15	0
BSU_33840	GO:0003690	3	0.15	0
BSU_34180	GO:0003690	3	0.15	0
BSU_13700	GO:0005886	3	0.15	0
BSU_31875	GO:0003690	3	0.15	0
BSU_02450	GO:0003690	3	0.15	0
BSU_16340	GO:0008320	3	0.15	0
BSU_33660	GO:0003690	3	0.15	0
BSU_29420	GO:0005886	3	0.15	0
BSU_04700	GO:0005886	3	0.15	0
BSU_04740	GO:0016979	3	0.15	0
BSU_04740	GO:0005886	3	0.15	0
BSU_40800	GO:0003690	3	0.15	0
BSU_24020	GO:0005886	3	0.15	0
BSU_06750	GO:0016787	3	0.15	0
BSU_24020	GO:0006310	3	0.15	0
BSU_27040	GO:0033214	3	0.15	0
BSU_15810	GO:0033214	3	0.15	0
BSU_25570	GO:0033214	3	0.15	0
BSU_35360	GO:0016979	3	0.15	0
BSU_02500	GO:0003690	3	0.15	0
BSU_14380	GO:0003690	3	0.15	0
BSU_27000	GO:0003690	3	0.15	0
BSU_25340	GO:0016887	3	0.15	0
BSU_39430	GO:0003690	3	0.15	0
BSU_33360	GO:0016887	3	0.15	0
BSU_30720	GO:0016887	3	0.15	0
BSU_17870	GO:0003690	3	0.15	0
BSU_17300	GO:0016887	3	0.15	0
BSU_17290	GO:0016887	3	0.15	0
BSU_31480	GO:0016887	3	0.15	0
BSU_10570	GO:0016887	3	0.15	0
BSU_39990	GO:0003690	3	0.15	0
BSU_02680	GO:0003690	3	0.15	0
BSU_32990	GO:0003690	3	0.15	0
BSU_38650	GO:0016887	3	0.15	0
BSU_09090	GO:0016887	3	0.15	0
BSU_00800	GO:0003690	3	0.15	0
BSU_04860	GO:0016887	3	0.15	0
BSU_11550	GO:0051539	3	0.15	0
BSU_07390	GO:0003690	3	0.15	0
BSU_26580	GO:0003690	3	0.15	0
BSU_04940	GO:0016887	3	0.15	0
BSU_12440	GO:0005524	3	0.15	0
BSU_12440	GO:0008033	3	0.15	0
BSU_40120	GO:0046872	3	0.15	0
BSU_24670	GO:0015112	3	0.15	0
BSU_03720	GO:0016301	3	0.15	0
BSU_30135	GO:0015112	3	0.15	0
BSU_07110	GO:0015112	3	0.15	0
BSU_03700	GO:0016301	3	0.15	0
BSU_30620	GO:0015112	3	0.15	0
BSU_14170	GO:0016491	3	0.15	0
BSU_04310	GO:0015112	3	0.15	0
BSU_12390	GO:0008880	3	0.15	0
BSU_32030	GO:0015112	3	0.15	0
BSU_38570	GO:0005886	3	0.15	0
BSU_07120	GO:0015112	3	0.15	0
BSU_13000	GO:0003677	3	0.15	0
BSU_10570	GO:0009306	3	0.15	0
BSU_30720	GO:0009306	3	0.15	0
BSU_36240	GO:0005886	3	0.15	0
BSU_22230	GO:0005886	3	0.15	0
BSU_34690	GO:0009306	3	0.15	0
BSU_14170	GO:0005737	3	0.15	0
BSU_35820	GO:0016301	3	0.15	0
BSU_04960	GO:0009306	3	0.15	0
BSU_11550	GO:0016746	3	0.15	0
BSU_03710	GO:0016301	3	0.15	0
BSU_29730	GO:0015112	3	0.15	0
BSU_40250	GO:0008801	3	0.15	0
BSU_13700	GO:0008801	3	0.15	0
BSU_05750	GO:0008801	3	0.15	0
BSU_35570	GO:0030420	3	0.15	0
BSU_33660	GO:0016491	3	0.15	0
BSU_25630	GO:0008801	3	0.15	0
BSU_21990	GO:0008801	3	0.15	0
BSU_27050	GO:0015112	3	0.15	0
BSU_27040	GO:0015112	3	0.15	0
BSU_26970	GO:0008801	3	0.15	0
BSU_10570	GO:0015112	3	0.15	0
BSU_30170	GO:0015112	3	0.15	0
BSU_23050	GO:0015112	3	0.15	0
BSU_33360	GO:0008801	3	0.15	0
BSU_04810	GO:0008801	3	0.15	0
BSU_31170	GO:0008880	3	0.15	0
BSU_08850	GO:0015112	3	0.15	0
BSU_08830	GO:0015112	3	0.15	0
BSU_25570	GO:0015112	3	0.15	0
BSU_18550	GO:0008880	3	0.15	0
BSU_07520	GO:0015112	3	0.15	0
BSU_36300	GO:0005737	3	0.15	0
BSU_06740	GO:0005737	3	0.15	0
BSU_06750	GO:0005737	3	0.15	0
BSU_16460	GO:0005886	3	0.15	0
BSU_34760	GO:0016787	3	0.15	0
BSU_36180	GO:0046872	3	0.15	0
BSU_24670	GO:0016787	3	0.15	0
BSU_32030	GO:0016787	3	0.15	0
BSU_10370	GO:0016787	3	0.15	0
BSU_35800	GO:0016301	3	0.15	0
BSU_25340	GO:0046872	3	0.15	0
BSU_13000	GO:0005886	3	0.15	0
BSU_19040	GO:0046872	3	0.15	0
BSU_07110	GO:0016787	3	0.15	0
BSU_09770	GO:0009306	3	0.15	0
BSU_30135	GO:0016787	3	0.15	0
BSU_07120	GO:0016787	3	0.15	0
BSU_30170	GO:0016787	3	0.15	0
BSU_27660	GO:0046872	3	0.15	0
BSU_25570	GO:0016787	3	0.15	0
BSU_12440	GO:0046872	3	0.15	0
BSU_12430	GO:0046872	3	0.15	0
BSU_27040	GO:0016787	3	0.15	0
BSU_27050	GO:0016787	3	0.15	0
BSU_22180	GO:0016787	3	0.15	0
BSU_34760	GO:0046872	3	0.15	0
BSU_22180	GO:0005886	3	0.15	0
BSU_18920	GO:0046872	3	0.15	0
BSU_40800	GO:0005737	3	0.15	0
BSU_33660	GO:0005737	3	0.15	0
BSU_31875	GO:0005737	3	0.15	0
BSU_34180	GO:0005737	3	0.15	0
BSU_30460	GO:0005737	3	0.15	0
BSU_25830	GO:0046872	3	0.15	0
BSU_33840	GO:0005737	3	0.15	0
BSU_31210	GO:0005737	3	0.15	0
BSU_02500	GO:0005737	3	0.15	0
BSU_02450	GO:0046872	3	0.15	0
BSU_14380	GO:0005737	3	0.15	0
BSU_01910	GO:0016491	3	0.15	0
BSU_27000	GO:0005737	3	0.15	0
BSU_26580	GO:0005737	3	0.15	0
BSU_07390	GO:0005737	3	0.15	0
BSU_32990	GO:0005737	3	0.15	0
BSU_02680	GO:0005737	3	0.15	0
BSU_39990	GO:0005737	3	0.15	0
BSU_39430	GO:0005737	3	0.15	0
BSU_13680	GO:0015112	3	0.15	0
BSU_13000	GO:0008033	3	0.15	0
BSU_28740	GO:0006508	3	0.15	0
BSU_02450	GO:0005886	3	0.15	0
BSU_30170	GO:0006508	3	0.15	0
BSU_07120	GO:0006508	3	0.15	0
BSU_30135	GO:0006508	3	0.15	0
BSU_07110	GO:0006508	3	0.15	0
BSU_12820	GO:0005886	3	0.15	0
BSU_38980	GO:0005886	3	0.15	0
BSU_04740	GO:0003824	3	0.15	0
BSU_30450	GO:0032508	3	0.15	0
BSU_31550	GO:0032508	3	0.15	0
BSU_00230	GO:0006508	3	0.15	0
BSU_25570	GO:0006508	3	0.15	0
BSU_32100	GO:0005886	3	0.15	0
BSU_32200	GO:0005886	3	0.15	0
BSU_12230	GO:0016491	3	0.15	0
BSU_19040	GO:0005886	3	0.15	0
BSU_34520	GO:0005886	3	0.15	0
BSU_22230	GO:0046872	3	0.15	0
BSU_22230	GO:0008033	3	0.15	0
BSU_40120	GO:0008033	3	0.15	0
BSU_35360	GO:0003824	3	0.15	0
BSU_04700	GO:0003824	3	0.15	0
BSU_15810	GO:0006508	3	0.15	0
BSU_01845	GO:0030420	3	0.15	0
BSU_10570	GO:0030420	3	0.15	0
BSU_12430	GO:0008033	3	0.15	0
BSU_38570	GO:0003824	3	0.15	0
BSU_04710	GO:0003824	3	0.15	0
BSU_27660	GO:0005524	3	0.15	0
BSU_27040	GO:0004222	3	0.15	0
BSU_27050	GO:0004222	3	0.15	0
BSU_28730	GO:0006508	3	0.15	0
BSU_34370	GO:0006508	3	0.15	0
BSU_13700	GO:0032508	3	0.15	0
BSU_31480	GO:0030420	3	0.15	0
BSU_27660	GO:0005886	3	0.15	0
BSU_17290	GO:0030420	3	0.15	0
BSU_11550	GO:0016763	3	0.15	0
BSU_17300	GO:0030420	3	0.15	0
BSU_30720	GO:0030420	3	0.15	0
BSU_33360	GO:0030420	3	0.15	0
BSU_27050	GO:0006508	3	0.15	0
BSU_27040	GO:0006508	3	0.15	0
BSU_16620	GO:0005886	3	0.15	0
BSU_13000	GO:0032508	3	0.15	0
BSU_38570	GO:0008033	3	0.15	0
BSU_24620	GO:0006631	3	0.15	0
BSU_36300	GO:0005886	3	0.15	0
BSU_38570	GO:0005886	3	0.15	0
BSU_11550	GO:0005886	3	0.15	0
BSU_35840	GO:0030420	3	0.15	0
BSU_36130	GO:0030420	3	0.15	0
BSU_24430	GO:0022857	3	0.15	0
BSU_22230	GO:0005886	3	0.15	0
BSU_36120	GO:0030420	3	0.15	0
BSU_12530	GO:0022857	3	0.15	0
BSU_34500	GO:0030420	3	0.15	0
BSU_34490	GO:0030420	3	0.15	0
BSU_08830	GO:0022857	3	0.15	0
BSU_37920	GO:0006631	3	0.15	0
BSU_24990	GO:0015112	3	0.15	0
BSU_33570	GO:0030420	3	0.15	0
BSU_24970	GO:0015112	3	0.15	0
BSU_24690	GO:0015112	3	0.15	0
BSU_13700	GO:0008033	3	0.15	0
BSU_24360	GO:0015112	3	0.15	0
BSU_13700	GO:0022857	3	0.15	0
BSU_26260	GO:0022857	3	0.15	0
BSU_04960	GO:0030420	3	0.15	0
BSU_09890	GO:0030420	3	0.15	0
BSU_30450	GO:0022857	3	0.15	0
BSU_31550	GO:0022857	3	0.15	0
BSU_04940	GO:0022857	3	0.15	0
BSU_24360	GO:0006631	3	0.15	0
BSU_24230	GO:0006631	3	0.15	0
BSU_31270	GO:0006631	3	0.15	0
BSU_10330	GO:0016491	3	0.15	0
BSU_12440	GO:0006631	3	0.15	0
BSU_12430	GO:0006631	3	0.15	0
BSU_11780	GO:0006631	3	0.15	0
BSU_15810	GO:0006631	3	0.15	0
BSU_34520	GO:0006631	3	0.15	0
BSU_25690	GO:0005886	3	0.15	0
BSU_26260	GO:0005886	3	0.15	0
BSU_17420	GO:0022857	3	0.15	0
BSU_00230	GO:0006631	3	0.15	0
BSU_29420	GO:0006631	3	0.15	0
BSU_31875	GO:0022857	3	0.15	0
BSU_09200	GO:0030420	3	0.15	0
BSU_34690	GO:0030420	3	0.15	0
BSU_09090	GO:0030420	3	0.15	0
BSU_09890	GO:0022857	3	0.15	0
BSU_35360	GO:0051287	3	0.15	0
BSU_22230	GO:0046872	3	0.15	0
BSU_26970	GO:0000162	3	0.15	0
BSU_15810	GO:0031160	3	0.15	0
BSU_38980	GO:0009231	3	0.15	0
BSU_13680	GO:0090729	3	0.15	0
BSU_29730	GO:0090729	3	0.15	0
BSU_38570	GO:0031160	3	0.15	0
BSU_24360	GO:0031160	3	0.15	0
BSU_31270	GO:0031160	3	0.15	0
BSU_24360	GO:0090729	3	0.15	0
BSU_24690	GO:0090729	3	0.15	0
BSU_38540	GO:0050661	3	0.15	0
BSU_24970	GO:0090729	3	0.15	0
BSU_35840	GO:0009231	3	0.15	0
BSU_24990	GO:0090729	3	0.15	0
BSU_00230	GO:0031160	3	0.15	0
BSU_22180	GO:0031160	3	0.15	0
BSU_34370	GO:0090729	3	0.15	0
BSU_28730	GO:0090729	3	0.15	0
BSU_28740	GO:0090729	3	0.15	0
BSU_36240	GO:0015833	3	0.15	0
BSU_08070	GO:0033014	3	0.15	0
BSU_17030	GO:0015833	3	0.15	0
BSU_38990	GO:0009231	3	0.15	0
BSU_35070	GO:0009231	3	0.15	0
BSU_30460	GO:0005515	3	0.15	0
BSU_07110	GO:0090729	3	0.15	0
BSU_12440	GO:0006083	3	0.15	0
BSU_39770	GO:0005515	3	0.15	0
BSU_36240	GO:0005829	3	0.15	0
BSU_27660	GO:0006083	3	0.15	0
BSU_24670	GO:0090729	3	0.15	0
BSU_32030	GO:0090729	3	0.15	0
BSU_04310	GO:0090729	3	0.15	0
BSU_30620	GO:0090729	3	0.15	0
BSU_25340	GO:0009231	3	0.15	0
BSU_30135	GO:0090729	3	0.15	0
BSU_27050	GO:0090729	3	0.15	0
BSU_07120	GO:0090729	3	0.15	0
BSU_30170	GO:0090729	3	0.15	0
BSU_07520	GO:0090729	3	0.15	0
BSU_08830	GO:0090729	3	0.15	0
BSU_08850	GO:0090729	3	0.15	0
BSU_23050	GO:0090729	3	0.15	0
BSU_10570	GO:0090729	3	0.15	0
BSU_11550	GO:0005829	3	0.15	0
BSU_27040	GO:0090729	3	0.15	0
BSU_16340	GO:0015833	3	0.15	0
BSU_29420	GO:0050661	3	0.15	0
BSU_16870	GO:0050661	3	0.15	0
BSU_12390	GO:0003677	3	0.15	0
BSU_13700	GO:0005737	3	0.15	0
BSU_26970	GO:0005886	3	0.15	0
BSU_40250	GO:0005886	3	0.15	0
BSU_00230	GO:0005737	3	0.15	0
BSU_34370	GO:0005737	3	0.15	0
BSU_38570	GO:0005524	3	0.15	0
BSU_14990	GO:0032993	3	0.15	0
BSU_08110	GO:0003677	3	0.15	0
BSU_25840	GO:0003677	3	0.15	0
BSU_12330	GO:0003677	3	0.15	0
BSU_08070	GO:0050661	3	0.15	0
BSU_35360	GO:0005524	3	0.15	0
BSU_38570	GO:0032993	3	0.15	0
BSU_05750	GO:0003824	3	0.15	0
BSU_14990	GO:0004252	3	0.15	0
BSU_12440	GO:0015935	3	0.15	0
BSU_12430	GO:0015935	3	0.15	0
BSU_40120	GO:0032993	3	0.15	0
BSU_28520	GO:0003677	3	0.15	0
BSU_06990	GO:0003677	3	0.15	0
BSU_21990	GO:0005886	3	0.15	0
BSU_25630	GO:0005886	3	0.15	0
BSU_36240	GO:0097588	3	0.15	0
BSU_19170	GO:0004252	3	0.15	0
BSU_34520	GO:0050661	3	0.15	0
BSU_35360	GO:0008270	3	0.15	0
BSU_24230	GO:0004252	3	0.15	0
BSU_38110	GO:0050661	3	0.15	0
BSU_16460	GO:0019556	3	0.15	0
BSU_04740	GO:0008270	3	0.15	0
BSU_04710	GO:0008270	3	0.15	0
BSU_32100	GO:0050661	3	0.15	0
BSU_38570	GO:0008270	3	0.15	0
BSU_36240	GO:0019556	3	0.15	0
BSU_32200	GO:0050661	3	0.15	0
BSU_04810	GO:0005886	3	0.15	0
BSU_16860	GO:0005886	3	0.15	0
BSU_28040	GO:0005886	3	0.15	0
BSU_24230	GO:0005886	3	0.15	0
BSU_26970	GO:0005737	3	0.15	0
BSU_24020	GO:0097588	3	0.15	0
BSU_13700	GO:0005886	3	0.15	0
BSU_05750	GO:0005886	3	0.15	0
BSU_12430	GO:0006083	3	0.15	0
BSU_29330	GO:0009231	3	0.15	0
BSU_38990	GO:0003677	3	0.15	0
BSU_40120	GO:0004521	3	0.15	0
BSU_33360	GO:0015700	3	0.15	0
BSU_10330	GO:0016020	3	0.15	0
BSU_30720	GO:0015700	3	0.15	0
BSU_30440	GO:0015700	3	0.15	0
BSU_30450	GO:0015700	3	0.15	0
BSU_24990	GO:0015700	3	0.15	0
BSU_24970	GO:0015700	3	0.15	0
BSU_12440	GO:0004521	3	0.15	0
BSU_12430	GO:0004521	3	0.15	0
BSU_05750	GO:0004521	3	0.15	0
BSU_38510	GO:0016020	3	0.15	0
BSU_17300	GO:0015700	3	0.15	0
BSU_36690	GO:0004521	3	0.15	0
BSU_17290	GO:0015700	3	0.15	0
BSU_29730	GO:0015700	3	0.15	0
BSU_02530	GO:0004521	3	0.15	0
BSU_38570	GO:0016765	3	0.15	0
BSU_31480	GO:0015700	3	0.15	0
BSU_10570	GO:0015700	3	0.15	0
BSU_14990	GO:0004521	3	0.15	0
BSU_31550	GO:0015700	3	0.15	0
BSU_35960	GO:0016020	3	0.15	0
BSU_40120	GO:0006083	3	0.15	0
BSU_35220	GO:0016020	3	0.15	0
BSU_37220	GO:0005886	3	0.15	0
BSU_24670	GO:0016020	3	0.15	0
BSU_32030	GO:0016020	3	0.15	0
BSU_10370	GO:0016020	3	0.15	0
BSU_09770	GO:0005886	3	0.15	0
BSU_07520	GO:0016020	3	0.15	0
BSU_23050	GO:0016020	3	0.15	0
BSU_13680	GO:0016020	3	0.15	0
BSU_29730	GO:0016020	3	0.15	0
BSU_24360	GO:0016020	3	0.15	0
BSU_31560	GO:0016020	3	0.15	0
BSU_24690	GO:0016020	3	0.15	0
BSU_24970	GO:0016020	3	0.15	0
BSU_24990	GO:0016020	3	0.15	0
BSU_39500	GO:0015700	3	0.15	0
BSU_19040	GO:0004521	3	0.15	0
BSU_30450	GO:0016020	3	0.15	0
BSU_30440	GO:0016020	3	0.15	0
BSU_31560	GO:0015700	3	0.15	0
BSU_31550	GO:0016020	3	0.15	0
BSU_23050	GO:0015700	3	0.15	0
BSU_24230	GO:0005886	3	0.15	0
BSU_36300	GO:0005886	3	0.15	0
BSU_06110	GO:0004521	3	0.15	0
BSU_25690	GO:0004521	3	0.15	0
BSU_26260	GO:0004521	3	0.15	0
BSU_04310	GO:0015700	3	0.15	0
BSU_02530	GO:0008270	3	0.15	0
BSU_12530	GO:0004521	3	0.15	0
BSU_22230	GO:0004525	3	0.15	0
BSU_36240	GO:0006520	3	0.15	0
BSU_25490	GO:0006520	3	0.15	0
BSU_38570	GO:0005886	3	0.15	0
BSU_14990	GO:0008270	3	0.15	0
BSU_22230	GO:0016765	3	0.15	0
BSU_38570	GO:0004525	3	0.15	0
BSU_25340	GO:0004521	3	0.15	0
BSU_40120	GO:0005886	3	0.15	0
BSU_22230	GO:0005886	3	0.15	0
BSU_11550	GO:0016682	3	0.15	0
BSU_26970	GO:0003824	3	0.15	0
BSU_05750	GO:0006083	3	0.15	0
BSU_16340	GO:0005829	3	0.15	0
BSU_11550	GO:0004525	3	0.15	0
BSU_14990	GO:0006083	3	0.15	0
BSU_30620	GO:0015700	3	0.15	0
BSU_04700	GO:0004521	3	0.15	0
BSU_12430	GO:0005886	3	0.15	0
BSU_08850	GO:0015700	3	0.15	0
BSU_05750	GO:0008270	3	0.15	0
BSU_08830	GO:0015700	3	0.15	0
BSU_38540	GO:0005886	3	0.15	0
BSU_00610	GO:0005886	3	0.15	0
BSU_00600	GO:0005886	3	0.15	0
BSU_33360	GO:0004521	3	0.15	0
BSU_07520	GO:0015700	3	0.15	0
BSU_15810	GO:0005886	3	0.15	0
BSU_10570	GO:0004521	3	0.15	0
BSU_30170	GO:0015700	3	0.15	0
BSU_07120	GO:0015700	3	0.15	0
BSU_30135	GO:0015700	3	0.15	0
BSU_27660	GO:0004521	3	0.15	0
BSU_07110	GO:0015700	3	0.15	0
BSU_04440	GO:0005886	3	0.15	0
BSU_25490	GO:0046872	3	0.15	0
BSU_36690	GO:0008270	3	0.15	0
BSU_12440	GO:0005886	3	0.15	0
BSU_06980	GO:0003677	3	0.15	0
BSU_38980	GO:0003677	3	0.15	0
BSU_17030	GO:0046872	3	0.15	0
BSU_30460	GO:0000917	3	0.15	0
BSU_22230	GO:0030170	3	0.15	0
BSU_02530	GO:0051537	3	0.15	0
BSU_35360	GO:0004324	3	0.15	0
BSU_14990	GO:0051537	3	0.15	0
BSU_31875	GO:0030435	3	0.15	0
BSU_36300	GO:0000917	3	0.15	0
BSU_04860	GO:0030435	3	0.15	0
BSU_33660	GO:0000917	3	0.15	0
BSU_34180	GO:0000917	3	0.15	0
BSU_33840	GO:0000917	3	0.15	0
BSU_05750	GO:0051537	3	0.15	0
BSU_31210	GO:0000917	3	0.15	0
BSU_02500	GO:0000917	3	0.15	0
BSU_39770	GO:0000917	3	0.15	0
BSU_22230	GO:0044183	3	0.15	0
BSU_04310	GO:0030435	3	0.15	0
BSU_30620	GO:0030435	3	0.15	0
BSU_08850	GO:0030435	3	0.15	0
BSU_38570	GO:0044183	3	0.15	0
BSU_06740	GO:0000917	3	0.15	0
BSU_36690	GO:0051537	3	0.15	0
BSU_40120	GO:0051537	3	0.15	0
BSU_28040	GO:0005737	3	0.15	0
BSU_33360	GO:0005737	3	0.15	0
BSU_12330	GO:0005737	3	0.15	0
BSU_10750	GO:0005737	3	0.15	0
BSU_19460	GO:0005737	3	0.15	0
BSU_34760	GO:0051537	3	0.15	0
BSU_16860	GO:0005737	3	0.15	0
BSU_01845	GO:0005737	3	0.15	0
BSU_04810	GO:0005737	3	0.15	0
BSU_36180	GO:0051537	3	0.15	0
BSU_11550	GO:0015293	3	0.15	0
BSU_40250	GO:0005737	3	0.15	0
BSU_38570	GO:0030170	3	0.15	0
BSU_26970	GO:0005737	3	0.15	0
BSU_21990	GO:0005737	3	0.15	0
BSU_25630	GO:0005737	3	0.15	0
BSU_25340	GO:0051537	3	0.15	0
BSU_19040	GO:0051537	3	0.15	0
BSU_13700	GO:0005737	3	0.15	0
BSU_27660	GO:0051537	3	0.15	0
BSU_12440	GO:0051537	3	0.15	0
BSU_12430	GO:0051537	3	0.15	0
BSU_10570	GO:0030435	3	0.15	0
BSU_31875	GO:0000917	3	0.15	0
BSU_14990	GO:0000105	3	0.15	0
BSU_12430	GO:0016765	3	0.15	0
BSU_02530	GO:0016765	3	0.15	0
BSU_05750	GO:0016740	3	0.15	0
BSU_11550	GO:0009229	3	0.15	0
BSU_35360	GO:0005886	3	0.15	0
BSU_36690	GO:0016765	3	0.15	0
BSU_05750	GO:0016765	3	0.15	0
BSU_40120	GO:0016765	3	0.15	0
BSU_22230	GO:0015935	3	0.15	0
BSU_25630	GO:0016740	3	0.15	0
BSU_40120	GO:0015935	3	0.15	0
BSU_02530	GO:0000105	3	0.15	0
BSU_12440	GO:0016765	3	0.15	0
BSU_27660	GO:0016765	3	0.15	0
BSU_19040	GO:0016765	3	0.15	0
BSU_26970	GO:0016740	3	0.15	0
BSU_08070	GO:0019516	3	0.15	0
BSU_38570	GO:0004177	3	0.15	0
BSU_04710	GO:0019516	3	0.15	0
BSU_04700	GO:0019516	3	0.15	0
BSU_04740	GO:0019516	3	0.15	0
BSU_14990	GO:0016765	3	0.15	0
BSU_13700	GO:0016740	3	0.15	0
BSU_35070	GO:0016765	3	0.15	0
BSU_00230	GO:0016740	3	0.15	0
BSU_36690	GO:0000105	3	0.15	0
BSU_05750	GO:0000105	3	0.15	0
BSU_40120	GO:0000105	3	0.15	0
BSU_25490	GO:0009898	3	0.15	0
BSU_12430	GO:0000105	3	0.15	0
BSU_12440	GO:0000105	3	0.15	0
BSU_38570	GO:0046872	3	0.15	0
BSU_27660	GO:0000105	3	0.15	0
BSU_19040	GO:0000105	3	0.15	0
BSU_00470	GO:0009898	3	0.15	0
BSU_25340	GO:0000105	3	0.15	0
BSU_35360	GO:0046872	3	0.15	0
BSU_36180	GO:0000105	3	0.15	0
BSU_38980	GO:0016765	3	0.15	0
BSU_38990	GO:0016765	3	0.15	0
BSU_23270	GO:0016765	3	0.15	0
BSU_34760	GO:0000105	3	0.15	0
BSU_35840	GO:0016765	3	0.15	0
BSU_18920	GO:0000105	3	0.15	0
BSU_04200	GO:0005737	3	0.15	0
BSU_18920	GO:0051537	3	0.15	0
BSU_02530	GO:0004252	3	0.15	0
BSU_24620	GO:0016042	3	0.15	0
BSU_35860	GO:0016042	3	0.15	0
BSU_25840	GO:0016042	3	0.15	0
BSU_25750	GO:0016042	3	0.15	0
BSU_02450	GO:0005886	3	0.15	0
BSU_32100	GO:0005886	3	0.15	0
BSU_32200	GO:0005886	3	0.15	0
BSU_18920	GO:0016042	3	0.15	0
BSU_01910	GO:0016042	3	0.15	0
BSU_19040	GO:0005886	3	0.15	0
BSU_04440	GO:0016042	3	0.15	0
BSU_00440	GO:0003677	3	0.15	0
BSU_34520	GO:0005886	3	0.15	0
BSU_33360	GO:0016042	3	0.15	0
BSU_12440	GO:0016042	3	0.15	0
BSU_15810	GO:0005886	3	0.15	0
BSU_19800	GO:0016042	3	0.15	0
BSU_13700	GO:0003824	3	0.15	0
BSU_34760	GO:0005886	3	0.15	0
BSU_40120	GO:0005886	3	0.15	0
BSU_00230	GO:0003824	3	0.15	0
BSU_37350	GO:0016042	3	0.15	0
BSU_06580	GO:0003677	3	0.15	0
BSU_39470	GO:0005737	3	0.15	0
BSU_36240	GO:0030435	3	0.15	0
BSU_38950	GO:0003677	3	0.15	0
BSU_12430	GO:0032993	3	0.15	0
BSU_12440	GO:0032993	3	0.15	0
BSU_38960	GO:0003677	3	0.15	0
BSU_27660	GO:0032993	3	0.15	0
BSU_03340	GO:0003677	3	0.15	0
BSU_39470	GO:0016042	3	0.15	0
BSU_36690	GO:0004252	3	0.15	0
BSU_19460	GO:0016042	3	0.15	0
BSU_18550	GO:0003677	3	0.15	0
BSU_26260	GO:0003677	3	0.15	0
BSU_12530	GO:0003677	3	0.15	0
BSU_16340	GO:0030435	3	0.15	0
BSU_25680	GO:0016042	3	0.15	0
BSU_25630	GO:0016042	3	0.15	0
BSU_25690	GO:0003677	3	0.15	0
BSU_05750	GO:0004252	3	0.15	0
BSU_14520	GO:0016042	3	0.15	0
BSU_06560	GO:0016042	3	0.15	0
BSU_03340	GO:0016042	3	0.15	0
BSU_36300	GO:0005886	3	0.15	0
BSU_17030	GO:0051287	3	0.15	0
BSU_14990	GO:0003700	3	0.15	0
BSU_12330	GO:0005737	3	0.15	0
BSU_25340	GO:0030435	3	0.15	0
BSU_04810	GO:0005737	3	0.15	0
BSU_04710	GO:0003700	3	0.15	0
BSU_01845	GO:0005737	3	0.15	0
BSU_16860	GO:0005737	3	0.15	0
BSU_16450	GO:0016051	3	0.15	0
BSU_19460	GO:0005737	3	0.15	0
BSU_10750	GO:0005737	3	0.15	0
BSU_16460	GO:0016051	3	0.15	0
BSU_28040	GO:0005737	3	0.15	0
BSU_39990	GO:0003700	3	0.15	0
BSU_04940	GO:0030435	3	0.15	0
BSU_39010	GO:0005737	3	0.15	0
BSU_36240	GO:0015293	3	0.15	0
BSU_16340	GO:0015293	3	0.15	0
BSU_39980	GO:0005737	3	0.15	0
BSU_09890	GO:0030435	3	0.15	0
BSU_38430	GO:0005737	3	0.15	0
BSU_25830	GO:0051537	3	0.15	0
BSU_02450	GO:0051537	3	0.15	0
BSU_33360	GO:0005737	3	0.15	0
BSU_12530	GO:0030435	3	0.15	0
BSU_40250	GO:0005737	3	0.15	0
BSU_26970	GO:0005737	3	0.15	0
BSU_02680	GO:0003700	3	0.15	0
BSU_25690	GO:0005886	3	0.15	0
BSU_26260	GO:0005886	3	0.15	0
BSU_31875	GO:0003700	3	0.15	0
BSU_25490	GO:0051287	3	0.15	0
BSU_16340	GO:0051287	3	0.15	0
BSU_06740	GO:0003700	3	0.15	0
BSU_00470	GO:0051287	3	0.15	0
BSU_13700	GO:0005737	3	0.15	0
BSU_32200	GO:0016051	3	0.15	0
BSU_35960	GO:0016051	3	0.15	0
BSU_40120	GO:0016051	3	0.15	0
BSU_36880	GO:0097588	3	0.15	0
BSU_32580	GO:0097588	3	0.15	0
BSU_26260	GO:0030435	3	0.15	0
BSU_13700	GO:0030435	3	0.15	0
BSU_25630	GO:0005737	3	0.15	0
BSU_21990	GO:0005737	3	0.15	0
BSU_08830	GO:0030435	3	0.15	0
BSU_26260	GO:0005886	3	0.15	0
BSU_25690	GO:0005886	3	0.15	0
BSU_40120	GO:0008270	3	0.15	0
BSU_00230	GO:0005524	3	0.15	0
BSU_16450	GO:0016791	3	0.15	0
BSU_16460	GO:0016791	3	0.15	0
BSU_27040	GO:0046872	3	0.15	0
BSU_27050	GO:0046872	3	0.15	0
BSU_12430	GO:0046872	3	0.15	0
BSU_12440	GO:0046872	3	0.15	0
BSU_24350	GO:0005524	3	0.15	0
BSU_04310	GO:0032218	3	0.15	0
BSU_30620	GO:0032218	3	0.15	0
BSU_07110	GO:0032218	3	0.15	0
BSU_38570	GO:0046872	3	0.15	0
BSU_30135	GO:0032218	3	0.15	0
BSU_07120	GO:0032218	3	0.15	0
BSU_30170	GO:0032218	3	0.15	0
BSU_07520	GO:0032218	3	0.15	0
BSU_08830	GO:0032218	3	0.15	0
BSU_08850	GO:0032218	3	0.15	0
BSU_10570	GO:0032218	3	0.15	0
BSU_05750	GO:0009697	3	0.15	0
BSU_27040	GO:0032218	3	0.15	0
BSU_08070	GO:0046872	3	0.15	0
BSU_24670	GO:0032218	3	0.15	0
BSU_04200	GO:0016491	3	0.15	0
BSU_38570	GO:0036440	3	0.15	0
BSU_39470	GO:0016491	3	0.15	0
BSU_38430	GO:0016491	3	0.15	0
BSU_36880	GO:0005737	3	0.15	0
BSU_25570	GO:0005737	3	0.15	0
BSU_39980	GO:0016491	3	0.15	0
BSU_24350	GO:0005737	3	0.15	0
BSU_33070	GO:0005737	3	0.15	0
BSU_10370	GO:0005737	3	0.15	0
BSU_39010	GO:0016491	3	0.15	0
BSU_10570	GO:0016491	3	0.15	0
BSU_04710	GO:0046872	3	0.15	0
BSU_31480	GO:0016491	3	0.15	0
BSU_00230	GO:0005886	3	0.15	0
BSU_15810	GO:0005886	3	0.15	0
BSU_00230	GO:0016791	3	0.15	0
BSU_35360	GO:0046872	3	0.15	0
BSU_13000	GO:0005886	3	0.15	0
BSU_32030	GO:0032218	3	0.15	0
BSU_04740	GO:0046872	3	0.15	0
BSU_04700	GO:0046872	3	0.15	0
BSU_27050	GO:0032218	3	0.15	0
BSU_13680	GO:0032218	3	0.15	0
BSU_29730	GO:0032218	3	0.15	0
BSU_39500	GO:0016020	3	0.15	0
BSU_17990	GO:0005886	3	0.15	0
BSU_25750	GO:0005886	3	0.15	0
BSU_00610	GO:0005886	3	0.15	0
BSU_00600	GO:0005886	3	0.15	0
BSU_09770	GO:0005886	3	0.15	0
BSU_31480	GO:0016020	3	0.15	0
BSU_17290	GO:0016020	3	0.15	0
BSU_17300	GO:0016020	3	0.15	0
BSU_33360	GO:0016020	3	0.15	0
BSU_09200	GO:0016020	3	0.15	0
BSU_13700	GO:0009697	3	0.15	0
BSU_09090	GO:0016020	3	0.15	0
BSU_37400	GO:0016020	3	0.15	0
BSU_09890	GO:0016020	3	0.15	0
BSU_35840	GO:0016020	3	0.15	0
BSU_36130	GO:0016020	3	0.15	0
BSU_36120	GO:0016020	3	0.15	0
BSU_25830	GO:0005886	3	0.15	0
BSU_34500	GO:0016020	3	0.15	0
BSU_34490	GO:0016020	3	0.15	0
BSU_25840	GO:0005886	3	0.15	0
BSU_08110	GO:0005886	3	0.15	0
BSU_13780	GO:0005886	3	0.15	0
BSU_00440	GO:0005886	3	0.15	0
BSU_00230	GO:0009697	3	0.15	0
BSU_24360	GO:0032218	3	0.15	0
BSU_24690	GO:0032218	3	0.15	0
BSU_24970	GO:0032218	3	0.15	0
BSU_24990	GO:0032218	3	0.15	0
BSU_34370	GO:0032218	3	0.15	0
BSU_28730	GO:0032218	3	0.15	0
BSU_28740	GO:0032218	3	0.15	0
BSU_00230	GO:0006650	3	0.15	0
BSU_34350	GO:0016020	3	0.15	0
BSU_00230	GO:0016301	3	0.15	0
BSU_13700	GO:0016301	3	0.15	0
BSU_23270	GO:0006650	3	0.15	0
BSU_00230	GO:0045333	3	0.15	0
BSU_40120	GO:0005829	3	0.15	0
BSU_08550	GO:0005886	3	0.15	0
BSU_17420	GO:0005886	3	0.15	0
BSU_08830	GO:0016020	3	0.15	0
BSU_38980	GO:0006650	3	0.15	0
BSU_28040	GO:0016491	3	0.15	0
BSU_24670	GO:0016020	3	0.15	0
BSU_00230	GO:0042802	3	0.15	0
BSU_12440	GO:0016746	3	0.15	0
BSU_14990	GO:0016746	3	0.15	0
BSU_36180	GO:0003700	3	0.15	0
BSU_02530	GO:0016746	3	0.15	0
BSU_09890	GO:0003700	3	0.15	0
BSU_18020	GO:0005886	3	0.15	0
BSU_36690	GO:0016746	3	0.15	0
BSU_05750	GO:0016746	3	0.15	0
BSU_40120	GO:0016746	3	0.15	0
BSU_12430	GO:0016746	3	0.15	0
BSU_30620	GO:0003700	3	0.15	0
BSU_22230	GO:0016020	3	0.15	0
BSU_27660	GO:0016746	3	0.15	0
BSU_19040	GO:0016746	3	0.15	0
BSU_25340	GO:0003700	3	0.15	0
BSU_25340	GO:0016746	3	0.15	0
BSU_15660	GO:0003700	3	0.15	0
BSU_04830	GO:0003700	3	0.15	0
BSU_04860	GO:0003700	3	0.15	0
BSU_39430	GO:0003700	3	0.15	0
BSU_17870	GO:0003700	3	0.15	0
BSU_22180	GO:0005524	3	0.15	0
BSU_15660	GO:0016491	3	0.15	0
BSU_32030	GO:0016020	3	0.15	0
BSU_35800	GO:0015658	3	0.15	0
BSU_11550	GO:0016887	3	0.15	0
BSU_35360	GO:0005829	3	0.15	0
BSU_38570	GO:0005829	3	0.15	0
BSU_38570	GO:0005524	3	0.15	0
BSU_03710	GO:0015658	3	0.15	0
BSU_03720	GO:0015658	3	0.15	0
BSU_03700	GO:0015658	3	0.15	0
BSU_35820	GO:0015658	3	0.15	0
BSU_38570	GO:0005524	3	0.15	0
BSU_33070	GO:0015658	3	0.15	0
BSU_14500	GO:0016491	3	0.15	0
BSU_33050	GO:0015658	3	0.15	0
BSU_27040	GO:0005829	3	0.15	0
BSU_27050	GO:0005829	3	0.15	0
BSU_22230	GO:0005524	3	0.15	0
BSU_35360	GO:0005524	3	0.15	0
BSU_32590	GO:0015658	3	0.15	0
BSU_32580	GO:0015658	3	0.15	0
BSU_25340	GO:0016491	3	0.15	0
BSU_29330	GO:0016491	3	0.15	0
BSU_39990	GO:0003700	3	0.15	0
BSU_36180	GO:0016746	3	0.15	0
BSU_02680	GO:0003700	3	0.15	0
BSU_24360	GO:0016020	3	0.15	0
BSU_06990	GO:0072488	3	0.15	0
BSU_34690	GO:0072488	3	0.15	0
BSU_35960	GO:0016020	3	0.15	0
BSU_04960	GO:0072488	3	0.15	0
BSU_09770	GO:0072488	3	0.15	0
BSU_25630	GO:0016491	3	0.15	0
BSU_21990	GO:0016491	3	0.15	0
BSU_33360	GO:0016491	3	0.15	0
BSU_24690	GO:0016020	3	0.15	0
BSU_36880	GO:0016020	3	0.15	0
BSU_32990	GO:0003700	3	0.15	0
BSU_35220	GO:0016020	3	0.15	0
BSU_04810	GO:0016491	3	0.15	0
BSU_13680	GO:0016020	3	0.15	0
BSU_01845	GO:0016491	3	0.15	0
BSU_16860	GO:0016491	3	0.15	0
BSU_19460	GO:0016491	3	0.15	0
BSU_10750	GO:0016491	3	0.15	0
BSU_16460	GO:0005737	3	0.15	0
BSU_10370	GO:0016020	3	0.15	0
BSU_06980	GO:0072488	3	0.15	0
BSU_38510	GO:0016020	3	0.15	0
BSU_30720	GO:0072488	3	0.15	0
BSU_10330	GO:0016020	3	0.15	0
BSU_34760	GO:0016746	3	0.15	0
BSU_18920	GO:0016746	3	0.15	0
BSU_31875	GO:0003700	3	0.15	0
BSU_08380	GO:0072488	3	0.15	0
BSU_02450	GO:0003700	3	0.15	0
BSU_04310	GO:0072488	3	0.15	0
BSU_30620	GO:0072488	3	0.15	0
BSU_07110	GO:0072488	3	0.15	0
BSU_30135	GO:0072488	3	0.15	0
BSU_07120	GO:0072488	3	0.15	0
BSU_30170	GO:0072488	3	0.15	0
BSU_08850	GO:0072488	3	0.15	0
BSU_06750	GO:0003700	3	0.15	0
BSU_15810	GO:0072488	3	0.15	0
BSU_10570	GO:0072488	3	0.15	0
BSU_06740	GO:0003700	3	0.15	0
BSU_00440	GO:0003700	3	0.15	0
BSU_28730	GO:0072488	3	0.15	0
BSU_28740	GO:0072488	3	0.15	0
BSU_33570	GO:0016020	3	0.15	0
BSU_01845	GO:0016020	3	0.15	0
BSU_24430	GO:0005886	3	0.15	0
BSU_31270	GO:0005515	3	0.15	0
BSU_38110	GO:0030497	3	0.15	0
BSU_32590	GO:0009401	3	0.15	0
BSU_34520	GO:0030497	3	0.15	0
BSU_31170	GO:0030497	3	0.15	0
BSU_32580	GO:0009401	3	0.15	0
BSU_16740	GO:0030497	3	0.15	0
BSU_00230	GO:0005515	3	0.15	0
BSU_26970	GO:0030497	3	0.15	0
BSU_40250	GO:0030497	3	0.15	0
BSU_12330	GO:0030497	3	0.15	0
BSU_32200	GO:0030497	3	0.15	0
BSU_05500	GO:0030497	3	0.15	0
BSU_38540	GO:0030497	3	0.15	0
BSU_07450	GO:0030497	3	0.15	0
BSU_02470	GO:0030497	3	0.15	0
BSU_08230	GO:0030497	3	0.15	0
BSU_05480	GO:0030497	3	0.15	0
BSU_29320	GO:0030497	3	0.15	0
BSU_10430	GO:0030497	3	0.15	0
BSU_04710	GO:0005515	3	0.15	0
BSU_32100	GO:0030497	3	0.15	0
BSU_24020	GO:0005515	3	0.15	0
BSU_16740	GO:0005886	3	0.15	0
BSU_16340	GO:0046872	3	0.15	0
BSU_18920	GO:0005829	3	0.15	0
BSU_14990	GO:0006633	3	0.15	0
BSU_35550	GO:0005829	3	0.15	0
BSU_16340	GO:0005737	3	0.15	0
BSU_35540	GO:0005829	3	0.15	0
BSU_35590	GO:0005829	3	0.15	0
BSU_35570	GO:0005829	3	0.15	0
BSU_39100	GO:0005829	3	0.15	0
BSU_00470	GO:0046872	3	0.15	0
BSU_17030	GO:0005737	3	0.15	0
BSU_33050	GO:0009401	3	0.15	0
BSU_00470	GO:0005737	3	0.15	0
BSU_03710	GO:0009401	3	0.15	0
BSU_03720	GO:0009401	3	0.15	0
BSU_03700	GO:0009401	3	0.15	0
BSU_25490	GO:0005737	3	0.15	0
BSU_35820	GO:0009401	3	0.15	0
BSU_39630	GO:0005829	3	0.15	0
BSU_35800	GO:0009401	3	0.15	0
BSU_33070	GO:0009401	3	0.15	0
BSU_19550	GO:0030497	3	0.15	0
BSU_25690	GO:0005886	3	0.15	0
BSU_26260	GO:0005886	3	0.15	0
BSU_32100	GO:0005886	3	0.15	0
BSU_30170	GO:0030001	3	0.15	0
BSU_07120	GO:0030001	3	0.15	0
BSU_30135	GO:0030001	3	0.15	0
BSU_07110	GO:0030001	3	0.15	0
BSU_30620	GO:0030001	3	0.15	0
BSU_27660	GO:0008270	3	0.15	0
BSU_12440	GO:0008270	3	0.15	0
BSU_12430	GO:0008270	3	0.15	0
BSU_02450	GO:0005886	3	0.15	0
BSU_32200	GO:0005886	3	0.15	0
BSU_19040	GO:0008270	3	0.15	0
BSU_02450	GO:0005886	3	0.15	0
BSU_19040	GO:0005886	3	0.15	0
BSU_34520	GO:0005886	3	0.15	0
BSU_00230	GO:0006281	3	0.15	0
BSU_34760	GO:0005886	3	0.15	0
BSU_40120	GO:0005886	3	0.15	0
BSU_24430	GO:0005886	3	0.15	0
BSU_12820	GO:0005886	3	0.15	0
BSU_19040	GO:0005886	3	0.15	0
BSU_04440	GO:0005886	3	0.15	0
BSU_17030	GO:0004359	3	0.15	0
BSU_15810	GO:0005886	3	0.15	0
BSU_00600	GO:0005886	3	0.15	0
BSU_30720	GO:0030497	3	0.15	0
BSU_24620	GO:0005886	3	0.15	0
BSU_24430	GO:0005886	3	0.15	0
BSU_11550	GO:0004359	3	0.15	0
BSU_12820	GO:0005886	3	0.15	0
BSU_38980	GO:0005886	3	0.15	0
BSU_19040	GO:0005886	3	0.15	0
BSU_34760	GO:0005886	3	0.15	0
BSU_40120	GO:0005886	3	0.15	0
BSU_24230	GO:0005886	3	0.15	0
BSU_36300	GO:0005886	3	0.15	0
BSU_06990	GO:0030001	3	0.15	0
BSU_06980	GO:0030001	3	0.15	0
BSU_31560	GO:0030001	3	0.15	0
BSU_38540	GO:0005886	3	0.15	0
BSU_30440	GO:0030001	3	0.15	0
BSU_28740	GO:0030001	3	0.15	0
BSU_28730	GO:0030001	3	0.15	0
BSU_00610	GO:0005886	3	0.15	0
BSU_01910	GO:0005829	3	0.15	0
BSU_36240	GO:0016887	3	0.15	0
BSU_37380	GO:0005829	3	0.15	0
BSU_12440	GO:0016829	3	0.15	0
BSU_36690	GO:0005886	3	0.15	0
BSU_05750	GO:0016829	3	0.15	0
BSU_35820	GO:0034220	3	0.15	0
BSU_40120	GO:0016829	3	0.15	0
BSU_35800	GO:0034220	3	0.15	0
BSU_33070	GO:0034220	3	0.15	0
BSU_33050	GO:0034220	3	0.15	0
BSU_38570	GO:0036402	3	0.15	0
BSU_12430	GO:0016829	3	0.15	0
BSU_39520	GO:0005829	3	0.15	0
BSU_23050	GO:0055085	3	0.15	0
BSU_27660	GO:0016829	3	0.15	0
BSU_19040	GO:0016829	3	0.15	0
BSU_12530	GO:0005829	3	0.15	0
BSU_25340	GO:0016829	3	0.15	0
BSU_26260	GO:0005829	3	0.15	0
BSU_13700	GO:0005829	3	0.15	0
BSU_27050	GO:0055085	3	0.15	0
BSU_27040	GO:0055085	3	0.15	0
BSU_10570	GO:0055085	3	0.15	0
BSU_36690	GO:0016829	3	0.15	0
BSU_12820	GO:0005886	3	0.15	0
BSU_03700	GO:0034220	3	0.15	0
BSU_03720	GO:0034220	3	0.15	0
BSU_31875	GO:0016020	3	0.15	0
BSU_39500	GO:0055085	3	0.15	0
BSU_38510	GO:0055085	3	0.15	0
BSU_35960	GO:0055085	3	0.15	0
BSU_31550	GO:0055085	3	0.15	0
BSU_30450	GO:0055085	3	0.15	0
BSU_34370	GO:0055085	3	0.15	0
BSU_24990	GO:0055085	3	0.15	0
BSU_24970	GO:0055085	3	0.15	0
BSU_24690	GO:0055085	3	0.15	0
BSU_24360	GO:0055085	3	0.15	0
BSU_32200	GO:0009027	3	0.15	0
BSU_34520	GO:0009027	3	0.15	0
BSU_08070	GO:0009027	3	0.15	0
BSU_29730	GO:0055085	3	0.15	0
BSU_14990	GO:0016829	3	0.15	0
BSU_13680	GO:0055085	3	0.15	0
BSU_02530	GO:0016829	3	0.15	0
BSU_03710	GO:0034220	3	0.15	0
BSU_26260	GO:0005829	3	0.15	0
BSU_10570	GO:0005829	3	0.15	0
BSU_37350	GO:0005829	3	0.15	0
BSU_22230	GO:0005886	3	0.15	0
BSU_24670	GO:0055085	3	0.15	0
BSU_18170	GO:0005829	3	0.15	0
BSU_22180	GO:0005886	3	0.15	0
BSU_11550	GO:0005524	3	0.15	0
BSU_15660	GO:0005829	3	0.15	0
BSU_33070	GO:0005524	3	0.15	0
BSU_27660	GO:0006633	3	0.15	0
BSU_16340	GO:0005524	3	0.15	0
BSU_16620	GO:0005829	3	0.15	0
BSU_12440	GO:0006633	3	0.15	0
BSU_08830	GO:0005829	3	0.15	0
BSU_12430	GO:0006633	3	0.15	0
BSU_37400	GO:0005829	3	0.15	0
BSU_00230	GO:0005886	3	0.15	0
BSU_40120	GO:0006633	3	0.15	0
BSU_38130	GO:0005829	3	0.15	0
BSU_05750	GO:0006633	3	0.15	0
BSU_13000	GO:0005886	3	0.15	0
BSU_36690	GO:0006633	3	0.15	0
BSU_11550	GO:0005886	3	0.15	0
BSU_32030	GO:0055085	3	0.15	0
BSU_11550	GO:0032993	3	0.15	0
BSU_17030	GO:0005886	3	0.15	0
BSU_36240	GO:0005886	3	0.15	0
BSU_08830	GO:0005829	3	0.15	0
BSU_08850	GO:0005829	3	0.15	0
BSU_39500	GO:0005829	3	0.15	0
BSU_39470	GO:0005829	3	0.15	0
BSU_39510	GO:0005829	3	0.15	0
BSU_36180	GO:0016829	3	0.15	0
BSU_08830	GO:0055085	3	0.15	0
BSU_29390	GO:0005829	3	0.15	0
BSU_34760	GO:0016829	3	0.15	0
BSU_29320	GO:0005829	3	0.15	0
BSU_18920	GO:0016829	3	0.15	0
BSU_07520	GO:0055085	3	0.15	0
BSU_25490	GO:0032993	3	0.15	0
BSU_16340	GO:0034220	3	0.15	0
BSU_00470	GO:0032993	3	0.15	0
BSU_08860	GO:0005829	3	0.15	0
BSU_13700	GO:0008233	3	0.15	0
BSU_00230	GO:0008233	3	0.15	0
BSU_04310	GO:0055085	3	0.15	0
BSU_00230	GO:0015093	3	0.15	0
BSU_33050	GO:0016887	3	0.15	0
BSU_30440	GO:0015648	3	0.15	0
BSU_30170	GO:0015648	3	0.15	0
BSU_36690	GO:0009058	3	0.15	0
BSU_08550	GO:0043595	3	0.15	0
BSU_27670	GO:0055085	3	0.15	0
BSU_39510	GO:0004497	3	0.15	0
BSU_12430	GO:0004644	3	0.15	0
BSU_02450	GO:0006355	3	0.15	0
BSU_32100	GO:0004497	3	0.15	0
BSU_16450	GO:0016020	3	0.15	0
BSU_36880	GO:0016020	3	0.15	0
BSU_38960	GO:0003677	3	0.15	0
BSU_17420	GO:0043595	3	0.15	0
BSU_18020	GO:0005886	3	0.15	0
BSU_07520	GO:0015648	3	0.15	0
BSU_38950	GO:0046872	3	0.15	0
BSU_00440	GO:0043595	3	0.15	0
BSU_10370	GO:0016020	3	0.15	0
BSU_38110	GO:0004497	3	0.15	0
BSU_34180	GO:0080090	3	0.15	0
BSU_16460	GO:0016020	3	0.15	0
BSU_33360	GO:0016740	3	0.15	0
BSU_12530	GO:0003824	3	0.15	0
BSU_40120	GO:0005886	3	0.15	0
BSU_08830	GO:0030163	3	0.15	0
BSU_31170	GO:0004497	3	0.15	0
BSU_38570	GO:0004108	3	0.15	0
BSU_39010	GO:0004497	3	0.15	0
BSU_10570	GO:0046686	3	0.15	0
BSU_38960	GO:0046872	3	0.15	0
BSU_03340	GO:0006355	3	0.15	0
BSU_07110	GO:0015648	3	0.15	0
BSU_29250	GO:0016757	3	0.15	0
BSU_35360	GO:0009102	3	0.15	0
BSU_39980	GO:0004497	3	0.15	0
BSU_30135	GO:0015648	3	0.15	0
BSU_32030	GO:0016020	3	0.15	0
BSU_38950	GO:0003824	3	0.15	0
BSU_28740	GO:0003333	3	0.15	0
BSU_32580	GO:0003333	3	0.15	0
BSU_07120	GO:0015648	3	0.15	0
BSU_11550	GO:0008253	3	0.15	0
BSU_32590	GO:0003333	3	0.15	0
BSU_38990	GO:0016746	3	0.15	0
BSU_07520	GO:0016020	3	0.15	0
BSU_30440	GO:0003333	3	0.15	0
BSU_24670	GO:0016020	3	0.15	0
BSU_30720	GO:0046686	3	0.15	0
BSU_31875	GO:0080090	3	0.15	0
BSU_32590	GO:0016887	3	0.15	0
BSU_28520	GO:0016746	3	0.15	0
BSU_31875	GO:0006355	3	0.15	0
BSU_23050	GO:0016020	3	0.15	0
BSU_26260	GO:0030163	3	0.15	0
BSU_13700	GO:0030163	3	0.15	0
BSU_32580	GO:0016887	3	0.15	0
BSU_33140	GO:0046686	3	0.15	0
BSU_12330	GO:0016746	3	0.15	0
BSU_37040	GO:0046686	3	0.15	0
BSU_08110	GO:0043595	3	0.15	0
BSU_02500	GO:0080090	3	0.15	0
BSU_08070	GO:0009058	3	0.15	0
BSU_24670	GO:0046677	3	0.15	0
BSU_13680	GO:0016020	3	0.15	0
BSU_17770	GO:0055085	3	0.15	0
BSU_15660	GO:0003735	3	0.15	0
BSU_35220	GO:0016020	3	0.15	0
BSU_31550	GO:0030163	3	0.15	0
BSU_08110	GO:0016746	3	0.15	0
BSU_17300	GO:0015648	3	0.15	0
BSU_26970	GO:0015293	3	0.15	0
BSU_39100	GO:0046686	3	0.15	0
BSU_16870	GO:0003824	3	0.15	0
BSU_32200	GO:0009055	3	0.15	0
BSU_18550	GO:0046872	3	0.15	0
BSU_08830	GO:0015648	3	0.15	0
BSU_25340	GO:0003824	3	0.15	0
BSU_08850	GO:0015648	3	0.15	0
BSU_17990	GO:0043595	3	0.15	0
BSU_32100	GO:0009055	3	0.15	0
BSU_18550	GO:0003677	3	0.15	0
BSU_11550	GO:0003677	3	0.15	0
BSU_38110	GO:0006635	3	0.15	0
BSU_36240	GO:0016020	3	0.15	0
BSU_25750	GO:0043595	3	0.15	0
BSU_38570	GO:0003677	3	0.15	0
BSU_32030	GO:0046677	3	0.15	0
BSU_08380	GO:0046686	3	0.15	0
BSU_38650	GO:0046686	3	0.15	0
BSU_19800	GO:0005886	3	0.15	0
BSU_39630	GO:0046686	3	0.15	0
BSU_38960	GO:0003824	3	0.15	0
BSU_03340	GO:0003677	3	0.15	0
BSU_12390	GO:0016746	3	0.15	0
BSU_24670	GO:0016020	3	0.15	0
BSU_13780	GO:0043595	3	0.15	0
BSU_22650	GO:0003735	3	0.15	0
BSU_22230	GO:0003677	3	0.15	0
BSU_24990	GO:0016020	3	0.15	0
BSU_36300	GO:0005886	3	0.15	0
BSU_35220	GO:0016020	3	0.15	0
BSU_30450	GO:0030163	3	0.15	0
BSU_24230	GO:0016020	3	0.15	0
BSU_28060	GO:0043595	3	0.15	0
BSU_33840	GO:0080090	3	0.15	0
BSU_37220	GO:0005886	3	0.15	0
BSU_25750	GO:0110001	3	0.15	0
BSU_31210	GO:0080090	3	0.15	0
BSU_29420	GO:0003824	3	0.15	0
BSU_03530	GO:0046686	3	0.15	0
BSU_25840	GO:0016746	3	0.15	0
BSU_10370	GO:0046677	3	0.15	0
BSU_39930	GO:0046686	3	0.15	0
BSU_03430	GO:0110001	3	0.15	0
BSU_10370	GO:0016020	3	0.15	0
BSU_38980	GO:0016746	3	0.15	0
BSU_02450	GO:0080090	3	0.15	0
BSU_04200	GO:0004497	3	0.15	0
BSU_32990	GO:0006355	3	0.15	0
BSU_40250	GO:0006571	3	0.15	0
BSU_30620	GO:0015293	3	0.15	0
BSU_28040	GO:0004497	3	0.15	0
BSU_04310	GO:0015293	3	0.15	0
BSU_02680	GO:0006355	3	0.15	0
BSU_32030	GO:0016020	3	0.15	0
BSU_26970	GO:0006571	3	0.15	0
BSU_39990	GO:0006355	3	0.15	0
BSU_18550	GO:0016746	3	0.15	0
BSU_17870	GO:0006355	3	0.15	0
BSU_30450	GO:0004672	3	0.15	0
BSU_39430	GO:0006355	3	0.15	0
BSU_37220	GO:0046686	3	0.15	0
BSU_24360	GO:0016020	3	0.15	0
BSU_16740	GO:0006571	3	0.15	0
BSU_18020	GO:0043595	3	0.15	0
BSU_18170	GO:0016757	3	0.15	0
BSU_11780	GO:0006355	3	0.15	0
BSU_11550	GO:0000049	3	0.15	0
BSU_35800	GO:0016887	3	0.15	0
BSU_04860	GO:0006355	3	0.15	0
BSU_31550	GO:0004672	3	0.15	0
BSU_29420	GO:0006571	3	0.15	0
BSU_04830	GO:0006355	3	0.15	0
BSU_07110	GO:0015293	3	0.15	0
BSU_36000	GO:0003824	3	0.15	0
BSU_25630	GO:0071793	3	0.15	0
BSU_32030	GO:0015648	3	0.15	0
BSU_00230	GO:0015633	3	0.15	0
BSU_21990	GO:0071793	3	0.15	0
BSU_24970	GO:0008643	3	0.15	0
BSU_30170	GO:0003333	3	0.15	0
BSU_08230	GO:0006571	3	0.15	0
BSU_13680	GO:0016020	3	0.15	0
BSU_02470	GO:0006571	3	0.15	0
BSU_30170	GO:0015293	3	0.15	0
BSU_07450	GO:0006571	3	0.15	0
BSU_38540	GO:0006571	3	0.15	0
BSU_05500	GO:0006571	3	0.15	0
BSU_07120	GO:0015293	3	0.15	0
BSU_12330	GO:0006571	3	0.15	0
BSU_29730	GO:0016020	3	0.15	0
BSU_30135	GO:0015293	3	0.15	0
BSU_30440	GO:0008514	3	0.15	0
BSU_32590	GO:0008514	3	0.15	0
BSU_34520	GO:0005886	3	0.15	0
BSU_24990	GO:0008643	3	0.15	0
BSU_08110	GO:0046872	3	0.15	0
BSU_08110	GO:0003824	3	0.15	0
BSU_32580	GO:0008514	3	0.15	0
BSU_28740	GO:0008514	3	0.15	0
BSU_28730	GO:0008514	3	0.15	0
BSU_19040	GO:0005886	3	0.15	0
BSU_16870	GO:0006571	3	0.15	0
BSU_06980	GO:0006355	3	0.15	0
BSU_24230	GO:0030163	3	0.15	0
BSU_06990	GO:0006355	3	0.15	0
BSU_25690	GO:0003735	3	0.15	0
BSU_06740	GO:0080090	3	0.15	0
BSU_06750	GO:0080090	3	0.15	0
BSU_11550	GO:0016788	3	0.15	0
BSU_34760	GO:0005886	3	0.15	0
BSU_36880	GO:0016887	3	0.15	0
BSU_04310	GO:0015648	3	0.15	0
BSU_32200	GO:0005886	3	0.15	0
BSU_35220	GO:0016887	3	0.15	0
BSU_32100	GO:0005886	3	0.15	0
BSU_24970	GO:0016020	3	0.15	0
BSU_39470	GO:0004497	3	0.15	0
BSU_38960	GO:0016746	3	0.15	0
BSU_40800	GO:0080090	3	0.15	0
BSU_33660	GO:0080090	3	0.15	0
BSU_30620	GO:0015648	3	0.15	0
BSU_12530	GO:0006355	3	0.15	0
BSU_38950	GO:0016746	3	0.15	0
BSU_02450	GO:0005886	3	0.15	0
BSU_28730	GO:0003333	3	0.15	0
BSU_10370	GO:0016887	3	0.15	0
BSU_38430	GO:0004497	3	0.15	0
BSU_04310	GO:0016757	3	0.15	0
BSU_18550	GO:0006355	3	0.15	0
BSU_26260	GO:0003735	3	0.15	0
BSU_25690	GO:0006355	3	0.15	0
BSU_36300	GO:0080090	3	0.15	0
BSU_31170	GO:0016705	3	0.15	0
BSU_34350	GO:0016757	3	0.15	0
BSU_24360	GO:0015648	3	0.15	0
BSU_31170	GO:0006571	3	0.15	0
BSU_09770	GO:0005886	3	0.15	0
BSU_08070	GO:0006571	3	0.15	0
BSU_34520	GO:0006571	3	0.15	0
BSU_06980	GO:0005215	3	0.15	0
BSU_26250	GO:0003824	3	0.15	0
BSU_38110	GO:0006571	3	0.15	0
BSU_15810	GO:0006355	3	0.15	0
BSU_38110	GO:0016705	3	0.15	0
BSU_03340	GO:0016746	3	0.15	0
BSU_34265	GO:0016757	3	0.15	0
BSU_32200	GO:0006571	3	0.15	0
BSU_24090	GO:0006355	3	0.15	0
BSU_06990	GO:0005215	3	0.15	0
BSU_36130	GO:0006355	3	0.15	0
BSU_33070	GO:0016887	3	0.15	0
BSU_36120	GO:0006355	3	0.15	0
BSU_33050	GO:0016887	3	0.15	0
BSU_38570	GO:0004312	3	0.15	0
BSU_19040	GO:0005886	3	0.15	0
BSU_39980	GO:0080090	3	0.15	0
BSU_24690	GO:0016020	3	0.15	0
BSU_32100	GO:0006571	3	0.15	0
BSU_05750	GO:0009058	3	0.15	0
BSU_24430	GO:0003824	3	0.15	0
BSU_24690	GO:0008643	3	0.15	0
BSU_28740	GO:0098660	3	0.15	0
BSU_33360	GO:0006508	3	0.15	0
BSU_37040	GO:0015293	3	0.15	0
BSU_38510	GO:0016020	3	0.15	0
BSU_25490	GO:0003678	3	0.15	0
BSU_32590	GO:0016491	3	0.15	0
BSU_33050	GO:0016491	3	0.15	0
BSU_12530	GO:0016757	3	0.15	0
BSU_05750	GO:0009055	3	0.15	0
BSU_12390	GO:0003824	3	0.15	0
BSU_33070	GO:0016491	3	0.15	0
BSU_26410	GO:0055085	3	0.15	0
BSU_40120	GO:0004644	3	0.15	0
BSU_04740	GO:0030436	3	0.15	0
BSU_22230	GO:0004644	3	0.15	0
BSU_40250	GO:0006508	3	0.15	0
BSU_19040	GO:0110001	3	0.15	0
BSU_06980	GO:0098660	3	0.15	0
BSU_25340	GO:0110001	3	0.15	0
BSU_06990	GO:0098660	3	0.15	0
BSU_27660	GO:0046872	3	0.15	0
BSU_34690	GO:0098660	3	0.15	0
BSU_35800	GO:0016491	3	0.15	0
BSU_36180	GO:0110001	3	0.15	0
BSU_04700	GO:0030436	3	0.15	0
BSU_04940	GO:0003824	3	0.15	0
BSU_30170	GO:0008514	3	0.15	0
BSU_38540	GO:0015293	3	0.15	0
BSU_12440	GO:0046872	3	0.15	0
BSU_28730	GO:0098660	3	0.15	0
BSU_12390	GO:0006355	3	0.15	0
BSU_30450	GO:0016020	3	0.15	0
BSU_32590	GO:0046942	3	0.15	0
BSU_30440	GO:0016020	3	0.15	0
BSU_00800	GO:0080090	3	0.15	0
BSU_30720	GO:0043595	3	0.15	0
BSU_25690	GO:0016757	3	0.15	0
BSU_37220	GO:0055085	3	0.15	0
BSU_38110	GO:0000166	3	0.15	0
BSU_04440	GO:0005886	3	0.15	0
BSU_32580	GO:0046942	3	0.15	0
BSU_24430	GO:0043595	3	0.15	0
BSU_07110	GO:0008514	3	0.15	0
BSU_26260	GO:0016757	3	0.15	0
BSU_32580	GO:0016491	3	0.15	0
BSU_13700	GO:0016757	3	0.15	0
BSU_34370	GO:0098660	3	0.15	0
BSU_30135	GO:0008514	3	0.15	0
BSU_25340	GO:0005886	3	0.15	0
BSU_39430	GO:0080090	3	0.15	0
BSU_10330	GO:0016020	3	0.15	0
BSU_07120	GO:0008514	3	0.15	0
BSU_08830	GO:0016757	3	0.15	0
BSU_26970	GO:0016740	3	0.15	0
BSU_05480	GO:0110001	3	0.15	0
BSU_16740	GO:0043595	3	0.15	0
BSU_12330	GO:0003824	3	0.15	0
BSU_12330	GO:0006508	3	0.15	0
BSU_00610	GO:0098660	3	0.15	0
BSU_19460	GO:0016740	3	0.15	0
BSU_02450	GO:0110001	3	0.15	0
BSU_25630	GO:0006508	3	0.15	0
BSU_22230	GO:0005975	3	0.15	0
BSU_13680	GO:0015648	3	0.15	0
BSU_27040	GO:0030436	3	0.15	0
BSU_27050	GO:0030436	3	0.15	0
BSU_04940	GO:0016757	3	0.15	0
BSU_13700	GO:0006508	3	0.15	0
BSU_36180	GO:0005886	3	0.15	0
BSU_25830	GO:0110001	3	0.15	0
BSU_35960	GO:0016020	3	0.15	0
BSU_31560	GO:0016020	3	0.15	0
BSU_40120	GO:0046872	3	0.15	0
BSU_38570	GO:0046872	3	0.15	0
BSU_12430	GO:0030436	3	0.15	0
BSU_31875	GO:0016757	3	0.15	0
BSU_00470	GO:0003678	3	0.15	0
BSU_12440	GO:0030436	3	0.15	0
BSU_05750	GO:0006508	3	0.15	0
BSU_09890	GO:0016757	3	0.15	0
BSU_26970	GO:0000166	3	0.15	0
BSU_17870	GO:0080090	3	0.15	0
BSU_00470	GO:0005737	3	0.15	0
BSU_07760	GO:0015293	3	0.15	0
BSU_25630	GO:0016740	3	0.15	0
BSU_00600	GO:0098660	3	0.15	0
BSU_25340	GO:0016757	3	0.15	0
BSU_32990	GO:0080090	3	0.15	0
BSU_26970	GO:0006508	3	0.15	0
BSU_12430	GO:0046872	3	0.15	0
BSU_36240	GO:0005737	3	0.15	0
BSU_34520	GO:0000166	3	0.15	0
BSU_08070	GO:0000166	3	0.15	0
BSU_31550	GO:0016020	3	0.15	0
BSU_16340	GO:0005737	3	0.15	0
BSU_21990	GO:0006508	3	0.15	0
BSU_35820	GO:0016491	3	0.15	0
BSU_04710	GO:0030436	3	0.15	0
BSU_03700	GO:0016491	3	0.15	0
BSU_18920	GO:0110001	3	0.15	0
BSU_03720	GO:0016491	3	0.15	0
BSU_16340	GO:0016887	3	0.15	0
BSU_08070	GO:0030436	3	0.15	0
BSU_16870	GO:0000166	3	0.15	0
BSU_29420	GO:0000166	3	0.15	0
BSU_03710	GO:0016491	3	0.15	0
BSU_38570	GO:0005975	3	0.15	0
BSU_12820	GO:0043595	3	0.15	0
BSU_24430	GO:0016757	3	0.15	0
BSU_02260	GO:0110001	3	0.15	0
BSU_21990	GO:0016740	3	0.15	0
BSU_25840	GO:0110001	3	0.15	0
BSU_22230	GO:0046872	3	0.15	0
BSU_00440	GO:0110001	3	0.15	0
BSU_12820	GO:0016757	3	0.15	0
BSU_22180	GO:0046677	3	0.15	0
BSU_16450	GO:0046677	3	0.15	0
BSU_05750	GO:0071793	3	0.15	0
BSU_06110	GO:0110001	3	0.15	0
BSU_31170	GO:0016746	3	0.15	0
BSU_11550	GO:0004850	3	0.15	0
BSU_39990	GO:0006355	3	0.15	0
BSU_26260	GO:0003677	3	0.15	0
BSU_16460	GO:0016020	3	0.15	0
BSU_10570	GO:0015648	3	0.15	0
BSU_16460	GO:0046677	3	0.15	0
BSU_36880	GO:0046942	3	0.15	0
BSU_03340	GO:0030436	3	0.15	0
BSU_22180	GO:0016020	3	0.15	0
BSU_35220	GO:0046942	3	0.15	0
BSU_09770	GO:0043595	3	0.15	0
BSU_24970	GO:0016020	3	0.15	0
BSU_01845	GO:0006508	3	0.15	0
BSU_02530	GO:0110001	3	0.15	0
BSU_04830	GO:0080090	3	0.15	0
BSU_09770	GO:0015293	3	0.15	0
BSU_18170	GO:0055085	3	0.15	0
BSU_04860	GO:0080090	3	0.15	0
BSU_16460	GO:0005886	3	0.15	0
BSU_22180	GO:0005886	3	0.15	0
BSU_08230	GO:0000166	3	0.15	0
BSU_36690	GO:0110001	3	0.15	0
BSU_23050	GO:0015648	3	0.15	0
BSU_12820	GO:0005886	3	0.15	0
BSU_13000	GO:0005886	3	0.15	0
BSU_02680	GO:0006355	3	0.15	0
BSU_10750	GO:0006508	3	0.15	0
BSU_34265	GO:0055085	3	0.15	0
BSU_17030	GO:0004108	3	0.15	0
BSU_07460	GO:0046686	3	0.15	0
BSU_34520	GO:0003824	3	0.15	0
BSU_24360	GO:0016020	3	0.15	0
BSU_40570	GO:0046686	3	0.15	0
BSU_00230	GO:0009055	3	0.15	0
BSU_36480	GO:0046686	3	0.15	0
BSU_12530	GO:0003677	3	0.15	0
BSU_19460	GO:0006508	3	0.15	0
BSU_24230	GO:0005886	3	0.15	0
BSU_06740	GO:0006355	3	0.15	0
BSU_24690	GO:0016020	3	0.15	0
BSU_40120	GO:0009058	3	0.15	0
BSU_25690	GO:0003677	3	0.15	0
BSU_32100	GO:0016746	3	0.15	0
BSU_15660	GO:0110001	3	0.15	0
BSU_00230	GO:0016491	3	0.15	0
BSU_04960	GO:0015293	3	0.15	0
BSU_17290	GO:0015648	3	0.15	0
BSU_38110	GO:0016746	3	0.15	0
BSU_38980	GO:0005886	3	0.15	0
BSU_13700	GO:0009055	3	0.15	0
BSU_38540	GO:0006635	3	0.15	0
BSU_04960	GO:0046686	3	0.15	0
BSU_24990	GO:0098660	3	0.15	0
BSU_33570	GO:0046686	3	0.15	0
BSU_34490	GO:0046686	3	0.15	0
BSU_33070	GO:0016887	3	0.15	0
BSU_17290	GO:0046686	3	0.15	0
BSU_31480	GO:0046686	3	0.15	0
BSU_04710	GO:0003677	3	0.15	0
BSU_25570	GO:0098660	3	0.15	0
BSU_26580	GO:0080090	3	0.15	0
BSU_08850	GO:0098660	3	0.15	0
BSU_40250	GO:0016740	3	0.15	0
BSU_19560	GO:0110001	3	0.15	0
BSU_29730	GO:0015648	3	0.15	0
BSU_34760	GO:0046677	3	0.15	0
BSU_07390	GO:0080090	3	0.15	0
BSU_15810	GO:0098660	3	0.15	0
BSU_00600	GO:0015293	3	0.15	0
BSU_26970	GO:0006635	3	0.15	0
BSU_24430	GO:0005886	3	0.15	0
BSU_00610	GO:0015293	3	0.15	0
BSU_13700	GO:0071793	3	0.15	0
BSU_12330	GO:0000166	3	0.15	0
BSU_10570	GO:0098660	3	0.15	0
BSU_27040	GO:0098660	3	0.15	0
BSU_32200	GO:0000166	3	0.15	0
BSU_27050	GO:0098660	3	0.15	0
BSU_32100	GO:0000166	3	0.15	0
BSU_35360	GO:0005886	3	0.15	0
BSU_05750	GO:0016740	3	0.15	0
BSU_17300	GO:0046686	3	0.15	0
BSU_34690	GO:0046686	3	0.15	0
BSU_10370	GO:0046942	3	0.15	0
BSU_00230	GO:0098660	3	0.15	0
BSU_05750	GO:0110001	3	0.15	0
BSU_25830	GO:0043595	3	0.15	0
BSU_02530	GO:0016757	3	0.15	0
BSU_13000	GO:0005886	3	0.15	0
BSU_38540	GO:0000166	3	0.15	0
BSU_14380	GO:0080090	3	0.15	0
BSU_04310	GO:0098660	3	0.15	0
BSU_22230	GO:0005886	3	0.15	0
BSU_24990	GO:0016020	3	0.15	0
BSU_36240	GO:0005886	3	0.15	0
BSU_38570	GO:0005886	3	0.15	0
BSU_09090	GO:0046686	3	0.15	0
BSU_27000	GO:0080090	3	0.15	0
BSU_30620	GO:0098660	3	0.15	0
BSU_38570	GO:0004644	3	0.15	0
BSU_25570	GO:0016491	3	0.15	0
BSU_17750	GO:0055085	3	0.15	0
BSU_31480	GO:0015648	3	0.15	0
BSU_07110	GO:0098660	3	0.15	0
BSU_34500	GO:0046686	3	0.15	0
BSU_30135	GO:0098660	3	0.15	0
BSU_07120	GO:0098660	3	0.15	0
BSU_30170	GO:0098660	3	0.15	0
BSU_10330	GO:0016020	3	0.15	0
BSU_26260	GO:0006355	3	0.15	0
BSU_18170	GO:0015293	3	0.15	0
BSU_30135	GO:0003333	3	0.15	0
BSU_04440	GO:0005886	3	0.15	0
BSU_16870	GO:0006635	3	0.15	0
BSU_38990	GO:0005975	3	0.15	0
BSU_38540	GO:0003824	3	0.15	0
BSU_40120	GO:0006281	3	0.15	0
BSU_09890	GO:0046872	3	0.15	0
BSU_07780	GO:0046686	3	0.15	0
BSU_08110	GO:0005886	3	0.15	0
BSU_39500	GO:0016020	3	0.15	0
BSU_10570	GO:0055085	3	0.15	0
BSU_10570	GO:0008643	3	0.15	0
BSU_08070	GO:0003677	3	0.15	0
BSU_05750	GO:0006281	3	0.15	0
BSU_29420	GO:0006635	3	0.15	0
BSU_01845	GO:0071793	3	0.15	0
BSU_25630	GO:0015293	3	0.15	0
BSU_35800	GO:0015093	3	0.15	0
BSU_27040	GO:0005215	3	0.15	0
BSU_24990	GO:0016020	3	0.15	0
BSU_32590	GO:0015093	3	0.15	0
BSU_15810	GO:0005215	3	0.15	0
BSU_14520	GO:0046872	3	0.15	0
BSU_11550	GO:0009061	3	0.15	0
BSU_16860	GO:0071793	3	0.15	0
BSU_17990	GO:0005886	3	0.15	0
BSU_30450	GO:0016020	3	0.15	0
BSU_13700	GO:0015293	3	0.15	0
BSU_28730	GO:0015293	3	0.15	0
BSU_27040	GO:0008643	3	0.15	0
BSU_00230	GO:0015293	3	0.15	0
BSU_04310	GO:0005215	3	0.15	0
BSU_35820	GO:0015093	3	0.15	0
BSU_37220	GO:0005886	3	0.15	0
BSU_12440	GO:0006281	3	0.15	0
BSU_29730	GO:0016020	3	0.15	0
BSU_38570	GO:0051301	3	0.15	0
BSU_12430	GO:0006281	3	0.15	0
BSU_30720	GO:0055085	3	0.15	0
BSU_27050	GO:0008643	3	0.15	0
BSU_25830	GO:0005886	3	0.15	0
BSU_08850	GO:0005215	3	0.15	0
BSU_07520	GO:0008643	3	0.15	0
BSU_00610	GO:0055085	3	0.15	0
BSU_09890	GO:0016020	3	0.15	0
BSU_07790	GO:0055085	3	0.15	0
BSU_04310	GO:0055085	3	0.15	0
BSU_23050	GO:0016020	3	0.15	0
BSU_28730	GO:0015093	3	0.15	0
BSU_06990	GO:0005975	3	0.15	0
BSU_13780	GO:0005886	3	0.15	0
BSU_12530	GO:0046872	3	0.15	0
BSU_31560	GO:0016020	3	0.15	0
BSU_40800	GO:0003735	3	0.15	0
BSU_09770	GO:0046686	3	0.15	0
BSU_00610	GO:0005886	3	0.15	0
BSU_32100	GO:0006635	3	0.15	0
BSU_24990	GO:0016020	3	0.15	0
BSU_17770	GO:0046686	3	0.15	0
BSU_17750	GO:0046686	3	0.15	0
BSU_36300	GO:0005886	3	0.15	0
BSU_02530	GO:0006281	3	0.15	0
BSU_16460	GO:0005737	3	0.15	0
BSU_24360	GO:0016020	3	0.15	0
BSU_03340	GO:0005975	3	0.15	0
BSU_06980	GO:0015293	3	0.15	0
BSU_02500	GO:0004527	3	0.15	0
BSU_04810	GO:0004497	3	0.15	0
BSU_24970	GO:0016020	3	0.15	0
BSU_04810	GO:0071793	3	0.15	0
BSU_25680	GO:0046872	3	0.15	0
BSU_24970	GO:0016020	3	0.15	0
BSU_06980	GO:0005975	3	0.15	0
BSU_33840	GO:0004527	3	0.15	0
BSU_32030	GO:0008643	3	0.15	0
BSU_01845	GO:0016740	3	0.15	0
BSU_38510	GO:0016020	3	0.15	0
BSU_36690	GO:0006281	3	0.15	0
BSU_38540	GO:0005886	3	0.15	0
BSU_31550	GO:0016020	3	0.15	0
BSU_27050	GO:0005215	3	0.15	0
BSU_31210	GO:0004527	3	0.15	0
BSU_25630	GO:0004497	3	0.15	0
BSU_32580	GO:0015093	3	0.15	0
BSU_04810	GO:0016740	3	0.15	0
BSU_31480	GO:0016020	3	0.15	0
BSU_28740	GO:0015093	3	0.15	0
BSU_24690	GO:0016020	3	0.15	0
BSU_32200	GO:0006635	3	0.15	0
BSU_19800	GO:0043595	3	0.15	0
BSU_13000	GO:0004672	3	0.15	0
BSU_38540	GO:0005886	3	0.15	0
BSU_16340	GO:1902600	3	0.15	0
BSU_40120	GO:0005524	3	0.15	0
BSU_17420	GO:0046872	3	0.15	0
BSU_38510	GO:0016020	3	0.15	0
BSU_35960	GO:0016020	3	0.15	0
BSU_05750	GO:0005524	3	0.15	0
BSU_09090	GO:0016020	3	0.15	0
BSU_31560	GO:0016020	3	0.15	0
BSU_37400	GO:0016020	3	0.15	0
BSU_19800	GO:0046872	3	0.15	0
BSU_30720	GO:0015293	3	0.15	0
BSU_31550	GO:0016020	3	0.15	0
BSU_38980	GO:0005975	3	0.15	0
BSU_28730	GO:0015648	3	0.15	0
BSU_34520	GO:0006635	3	0.15	0
BSU_08070	GO:0006635	3	0.15	0
BSU_28740	GO:0015293	3	0.15	0
BSU_33660	GO:0003735	3	0.15	0
BSU_08830	GO:0008643	3	0.15	0
BSU_33660	GO:0004527	3	0.15	0
BSU_38570	GO:0016779	3	0.15	0
BSU_12430	GO:0005524	3	0.15	0
BSU_38950	GO:0005975	3	0.15	0
BSU_30170	GO:0005215	3	0.15	0
BSU_00600	GO:0005886	3	0.15	0
BSU_07110	GO:0005215	3	0.15	0
BSU_02530	GO:0003735	3	0.15	0
BSU_30135	GO:0005215	3	0.15	0
BSU_26260	GO:0005886	3	0.15	0
BSU_08850	GO:0008643	3	0.15	0
BSU_21990	GO:0004497	3	0.15	0
BSU_28740	GO:0015648	3	0.15	0
BSU_25690	GO:0005886	3	0.15	0
BSU_07120	GO:0005215	3	0.15	0
BSU_07110	GO:0003333	3	0.15	0
BSU_14990	GO:0005524	3	0.15	0
BSU_24020	GO:0004527	3	0.15	0
BSU_22230	GO:0005524	3	0.15	0
BSU_38570	GO:0005524	3	0.15	0
BSU_26970	GO:0004497	3	0.15	0
BSU_40250	GO:0004497	3	0.15	0
BSU_09200	GO:0016020	3	0.15	0
BSU_10330	GO:0016020	3	0.15	0
BSU_33360	GO:0004497	3	0.15	0
BSU_24670	GO:0016020	3	0.15	0
BSU_12440	GO:0005524	3	0.15	0
BSU_22230	GO:0008311	3	0.15	0
BSU_25570	GO:0004527	3	0.15	0
BSU_12330	GO:0004497	3	0.15	0
BSU_13700	GO:0030152	3	0.15	0
BSU_25570	GO:0008643	3	0.15	0
BSU_23050	GO:0016020	3	0.15	0
BSU_30460	GO:0004527	3	0.15	0
BSU_09770	GO:0055085	3	0.15	0
BSU_05750	GO:0004497	3	0.15	0
BSU_12430	GO:0003677	3	0.15	0
BSU_07760	GO:0046686	3	0.15	0
BSU_38540	GO:0055085	3	0.15	0
BSU_07790	GO:0046686	3	0.15	0
BSU_30440	GO:0016020	3	0.15	0
BSU_25750	GO:0005886	3	0.15	0
BSU_07780	GO:0055085	3	0.15	0
BSU_17300	GO:0016020	3	0.15	0
BSU_17290	GO:0016020	3	0.15	0
BSU_00600	GO:0055085	3	0.15	0
BSU_24670	GO:0008643	3	0.15	0
BSU_24970	GO:0015648	3	0.15	0
BSU_27660	GO:0006281	3	0.15	0
BSU_31560	GO:0016020	3	0.15	0
BSU_38570	GO:0008311	3	0.15	0
BSU_09770	GO:0005886	3	0.15	0
BSU_40120	GO:0051301	3	0.15	0
BSU_38960	GO:0005975	3	0.15	0
BSU_30620	GO:0005215	3	0.15	0
BSU_34520	GO:0004527	3	0.15	0
BSU_12440	GO:0003677	3	0.15	0
BSU_19040	GO:0006281	3	0.15	0
BSU_08830	GO:0016020	3	0.15	0
BSU_25570	GO:0005215	3	0.15	0
BSU_23050	GO:0008643	3	0.15	0
BSU_24990	GO:0015648	3	0.15	0
BSU_06560	GO:0046872	3	0.15	0
BSU_34180	GO:0004527	3	0.15	0
BSU_18170	GO:0046686	3	0.15	0
BSU_35960	GO:0016020	3	0.15	0
BSU_40120	GO:0008311	3	0.15	0
BSU_35360	GO:0016779	3	0.15	0
BSU_27660	GO:0005524	3	0.15	0
BSU_05750	GO:0015293	3	0.15	0
BSU_00230	GO:0030152	3	0.15	0
BSU_22230	GO:0051301	3	0.15	0
BSU_00600	GO:0005886	3	0.15	0
BSU_28520	GO:0003824	3	0.15	0
BSU_07760	GO:0055085	3	0.15	0
BSU_24430	GO:0005886	3	0.15	0
BSU_31875	GO:0003735	3	0.15	0
BSU_34760	GO:0008881	3	0.15	0
BSU_06740	GO:0003735	3	0.15	0
BSU_08830	GO:0016020	3	0.15	0
BSU_30450	GO:0016020	3	0.15	0
BSU_11550	GO:1902600	3	0.15	0
BSU_30440	GO:0016020	3	0.15	0
BSU_10750	GO:0016740	3	0.15	0
BSU_00610	GO:0005886	3	0.15	0
BSU_30720	GO:0015648	3	0.15	0
BSU_35220	GO:0016020	3	0.15	0
BSU_34370	GO:0005215	3	0.15	0
BSU_26970	GO:0071793	3	0.15	0
BSU_36240	GO:0005737	3	0.15	0
BSU_08550	GO:0005886	3	0.15	0
BSU_12440	GO:0051301	3	0.15	0
BSU_16860	GO:0004497	3	0.15	0
BSU_26970	GO:0009055	3	0.15	0
BSU_30440	GO:0016020	3	0.15	0
BSU_14500	GO:0046872	3	0.15	0
BSU_07520	GO:0016020	3	0.15	0
BSU_30135	GO:0008643	3	0.15	0
BSU_07520	GO:0016020	3	0.15	0
BSU_36300	GO:0003735	3	0.15	0
BSU_06750	GO:0006355	3	0.15	0
BSU_09770	GO:0005886	3	0.15	0
BSU_06750	GO:0003735	3	0.15	0
BSU_30170	GO:0015093	3	0.15	0
BSU_16740	GO:0005886	3	0.15	0
BSU_27040	GO:0015093	3	0.15	0
BSU_06740	GO:0006355	3	0.15	0
BSU_10750	GO:0004497	3	0.15	0
BSU_08850	GO:0015293	3	0.15	0
BSU_19460	GO:0004497	3	0.15	0
BSU_24360	GO:0006355	3	0.15	0
BSU_29330	GO:0046872	3	0.15	0
BSU_13680	GO:0016020	3	0.15	0
BSU_12820	GO:0005886	3	0.15	0
BSU_14990	GO:0009058	3	0.15	0
BSU_38990	GO:0003824	3	0.15	0
BSU_34760	GO:0005886	3	0.15	0
BSU_40250	GO:0071793	3	0.15	0
BSU_32100	GO:0016705	3	0.15	0
BSU_32030	GO:0016020	3	0.15	0
BSU_10570	GO:0015293	3	0.15	0
BSU_16340	GO:0006285	3	0.15	0
BSU_33360	GO:0016020	3	0.15	0
BSU_15810	GO:0008514	3	0.15	0
BSU_23050	GO:0016020	3	0.15	0
BSU_30620	GO:0008643	3	0.15	0
BSU_14990	GO:0006281	3	0.15	0
BSU_30450	GO:0016020	3	0.15	0
BSU_26410	GO:0046686	3	0.15	0
BSU_25570	GO:0015093	3	0.15	0
BSU_38950	GO:0003677	3	0.15	0
BSU_04310	GO:0008643	3	0.15	0
BSU_39500	GO:0016020	3	0.15	0
BSU_12430	GO:0051301	3	0.15	0
BSU_16620	GO:0003735	3	0.15	0
BSU_15810	GO:0015093	3	0.15	0
BSU_30450	GO:0015648	3	0.15	0
BSU_07110	GO:0008643	3	0.15	0
BSU_07520	GO:0016020	3	0.15	0
BSU_25570	GO:0008514	3	0.15	0
BSU_02260	GO:0046872	3	0.15	0
BSU_32200	GO:0003824	3	0.15	0
BSU_40120	GO:0005886	3	0.15	0
BSU_00230	GO:0005215	3	0.15	0
BSU_00230	GO:0008168	3	0.15	0
BSU_04740	GO:0003677	3	0.15	0
BSU_28730	GO:0005215	3	0.15	0
BSU_02260	GO:0005886	3	0.15	0
BSU_17030	GO:0006285	3	0.15	0
BSU_34370	GO:0015093	3	0.15	0
BSU_36120	GO:0016020	3	0.15	0
BSU_36130	GO:0016020	3	0.15	0
BSU_04700	GO:0003677	3	0.15	0
BSU_06990	GO:0015293	3	0.15	0
BSU_00230	GO:0008514	3	0.15	0
BSU_00230	GO:0003333	3	0.15	0
BSU_07120	GO:0003333	3	0.15	0
BSU_34180	GO:0003735	3	0.15	0
BSU_35840	GO:0016020	3	0.15	0
BSU_00470	GO:0006285	3	0.15	0
BSU_28740	GO:0005215	3	0.15	0
BSU_25490	GO:0005737	3	0.15	0
BSU_31875	GO:0006355	3	0.15	0
BSU_16860	GO:0016740	3	0.15	0
BSU_27670	GO:0043595	3	0.15	0
BSU_38570	GO:0006541	3	0.15	0
BSU_02450	GO:0003735	3	0.15	0
BSU_29730	GO:0008643	3	0.15	0
BSU_38570	GO:0000310	3	0.15	0
BSU_00440	GO:0005886	3	0.15	0
BSU_30170	GO:0008643	3	0.15	0
BSU_29320	GO:0006571	3	0.15	0
BSU_27660	GO:0051301	3	0.15	0
BSU_13680	GO:0008643	3	0.15	0
BSU_05480	GO:0006571	3	0.15	0
BSU_22230	GO:0000310	3	0.15	0
BSU_27050	GO:0015093	3	0.15	0
BSU_07120	GO:0008643	3	0.15	0
BSU_25340	GO:0046872	3	0.15	0
BSU_01845	GO:0004497	3	0.15	0
BSU_10370	GO:0016020	3	0.15	0
BSU_07120	GO:0015093	3	0.15	0
BSU_25490	GO:0006285	3	0.15	0
BSU_33360	GO:0071793	3	0.15	0
BSU_24360	GO:0008643	3	0.15	0
BSU_17420	GO:0005886	3	0.15	0
BSU_31550	GO:0016020	3	0.15	0
BSU_30135	GO:0015093	3	0.15	0
BSU_28520	GO:0005975	3	0.15	0
BSU_34690	GO:0015293	3	0.15	0
BSU_02450	GO:0006355	3	0.15	0
BSU_07110	GO:0015093	3	0.15	0
BSU_25380	GO:0016020	2	0.1	0
BSU_07900	GO:0030435	2	0.1	0
BSU_40390	GO:0016020	2	0.1	0
BSU_15250	GO:0005886	2	0.1	0
BSU_09500	GO:0030435	2	0.1	0
BSU_33950	GO:0004527	2	0.1	0
BSU_19710	GO:0005886	2	0.1	0
BSU_09550	GO:0016020	2	0.1	0
BSU_11530	GO:0016740	2	0.1	0
BSU_25670	GO:0005886	2	0.1	0
BSU_18200	GO:0016765	2	0.1	0
BSU_36970	GO:0005886	2	0.1	0
BSU_16910	GO:0003678	2	0.1	0
BSU_24390	GO:0005737	2	0.1	0
BSU_08590	GO:0005886	2	0.1	0
BSU_19240	GO:0005886	2	0.1	0
BSU_13570	GO:0005886	2	0.1	0
BSU_13830	GO:0055085	2	0.1	0
BSU_00890	GO:0016837	2	0.1	0
BSU_00320	GO:0005576	2	0.1	0
BSU_03770	GO:0019344	2	0.1	0
BSU_07640	GO:0005886	2	0.1	0
BSU_07900	GO:0009847	2	0.1	0
BSU_03770	GO:0016765	2	0.1	0
BSU_31970	GO:0019516	2	0.1	0
BSU_01740	GO:0009847	2	0.1	0
BSU_36750	GO:0005576	2	0.1	0
BSU_05020	GO:0016765	2	0.1	0
BSU_09550	GO:0009847	2	0.1	0
BSU_09550	GO:0030435	2	0.1	0
BSU_03550	GO:0009847	2	0.1	0
BSU_33100	GO:0016787	2	0.1	0
BSU_24180	GO:0016837	2	0.1	0
BSU_03610	GO:0009847	2	0.1	0
BSU_17700	GO:0005737	2	0.1	0
BSU_05010	GO:0016765	2	0.1	0
BSU_00320	GO:0009972	2	0.1	0
BSU_32710	GO:0019516	2	0.1	0
BSU_01760	GO:0016020	2	0.1	0
BSU_00240	GO:0004181	2	0.1	0
BSU_17590	GO:0000976	2	0.1	0
BSU_40390	GO:0004181	2	0.1	0
BSU_11130	GO:0016837	2	0.1	0
BSU_37770	GO:0005886	2	0.1	0
BSU_26830	GO:0016740	2	0.1	0
BSU_16730	GO:0005829	2	0.1	0
BSU_30270	GO:0035999	2	0.1	0
BSU_25530	GO:0005576	2	0.1	0
BSU_37900	GO:0042626	2	0.1	0
BSU_10950	GO:0005829	2	0.1	0
BSU_03550	GO:0030435	2	0.1	0
BSU_17900	GO:0003677	2	0.1	0
BSU_10480	GO:0005576	2	0.1	0
BSU_35230	GO:0003678	2	0.1	0
BSU_13440	GO:0030435	2	0.1	0
BSU_04670	GO:0035999	2	0.1	0
BSU_29310	GO:0004497	2	0.1	1
BSU_38530	GO:0016020	2	0.1	0
BSU_21750	GO:0030435	2	0.1	0
BSU_09080	GO:0005886	2	0.1	0
BSU_29290	GO:0005886	2	0.1	0
BSU_03610	GO:0016020	2	0.1	0
BSU_26830	GO:0003723	2	0.1	0
BSU_11760	GO:0005737	2	0.1	0
BSU_04670	GO:0005737	2	0.1	0
BSU_26700	GO:0016020	2	0.1	0
BSU_02310	GO:0005886	2	0.1	0
BSU_01760	GO:0030435	2	0.1	0
BSU_29370	GO:0016020	2	0.1	0
BSU_33100	GO:0055085	2	0.1	0
BSU_30595	GO:0030435	2	0.1	0
BSU_40390	GO:0030435	2	0.1	0
BSU_29290	GO:0005829	2	0.1	0
BSU_05020	GO:0016837	2	0.1	0
BSU_29310	GO:0005829	2	0.1	0
BSU_40380	GO:0030435	2	0.1	0
BSU_01740	GO:0009234	2	0.1	0
BSU_29280	GO:0005829	2	0.1	0
BSU_04670	GO:0019516	2	0.1	0
BSU_23140	GO:0019516	2	0.1	0
BSU_10010	GO:0016020	2	0.1	0
BSU_04650	GO:0003677	2	0.1	0
BSU_23000	GO:0055085	2	0.1	0
BSU_38530	GO:0016020	2	0.1	0
BSU_03770	GO:0016740	2	0.1	0
BSU_29370	GO:0005829	2	0.1	0
BSU_17910	GO:0055085	2	0.1	0
BSU_07620	GO:0005886	2	0.1	0
BSU_14340	GO:0055085	2	0.1	0
BSU_10010	GO:0030435	2	0.1	0
BSU_31020	GO:0030435	2	0.1	0
BSU_25250	GO:0003700	2	0.1	0
BSU_29380	GO:0005829	2	0.1	0
BSU_18910	GO:0005576	2	0.1	0
BSU_00240	GO:0016740	2	0.1	0
BSU_05010	GO:0016740	2	0.1	0
BSU_14740	GO:0004181	2	0.1	0
BSU_36490	GO:0005886	2	0.1	0
BSU_24400	GO:0020037	2	0.1	0
BSU_31540	GO:0016020	2	0.1	0
BSU_33950	GO:0003700	2	0.1	0
BSU_04490	GO:0005886	2	0.1	0
BSU_10900	GO:0005886	2	0.1	0
BSU_00830	GO:0003678	2	0.1	0
BSU_03770	GO:0019516	2	0.1	0
BSU_26700	GO:0030435	2	0.1	0
BSU_24600	GO:0003677	2	0.1	0
BSU_32540	GO:0016837	2	0.1	0
BSU_29380	GO:0016020	2	0.1	0
BSU_07360	GO:0005829	2	0.1	0
BSU_24400	GO:0005737	2	0.1	0
BSU_33180	GO:0030435	2	0.1	0
BSU_25060	GO:0016837	2	0.1	0
BSU_01960	GO:0030435	2	0.1	0
BSU_24380	GO:0005737	2	0.1	0
BSU_17910	GO:0030435	2	0.1	0
BSU_38530	GO:0016787	2	0.1	0
BSU_03550	GO:0055085	2	0.1	0
BSU_14010	GO:0005829	2	0.1	0
BSU_30930	GO:0055085	2	0.1	0
BSU_00320	GO:0005829	2	0.1	0
BSU_07070	GO:0005886	2	0.1	0
BSU_00320	GO:0016740	2	0.1	0
BSU_32630	GO:0005829	2	0.1	0
BSU_39540	GO:0005886	2	0.1	0
BSU_00320	GO:0003677	2	0.1	0
BSU_35890	GO:0055085	2	0.1	0
BSU_18190	GO:0005829	2	0.1	0
BSU_18910	GO:0016853	2	0.1	0
BSU_09070	GO:0005886	2	0.1	0
BSU_02920	GO:0030435	2	0.1	0
BSU_38229	GO:0003677	2	0.1	0
BSU_02620	GO:0005829	2	0.1	0
BSU_21750	GO:0016020	2	0.1	0
BSU_25250	GO:0004527	2	0.1	0
BSU_39680	GO:0005886	2	0.1	0
BSU_09510	GO:0055085	2	0.1	0
BSU_40310	GO:0016853	2	0.1	0
BSU_15100	GO:0016746	2	0.1	1
BSU_27490	GO:0005829	2	0.1	0
BSU_01740	GO:0016020	2	0.1	0
BSU_14740	GO:0016740	2	0.1	0
BSU_15100	GO:0005829	2	0.1	0
BSU_15440	GO:0005886	2	0.1	0
BSU_00570	GO:0030435	2	0.1	0
BSU_33100	GO:0030435	2	0.1	0
BSU_26830	GO:0009234	2	0.1	0
BSU_34780	GO:0005886	2	0.1	0
BSU_11530	GO:0016765	2	0.1	0
BSU_02540	GO:0030435	2	0.1	0
BSU_08520	GO:0016765	2	0.1	0
BSU_27890	GO:0003700	2	0.1	0
BSU_02920	GO:0055085	2	0.1	0
BSU_40310	GO:0016837	2	0.1	0
BSU_01740	GO:0003723	2	0.1	0
BSU_13880	GO:0005886	2	0.1	0
BSU_18910	GO:0016837	2	0.1	0
BSU_31020	GO:0016020	2	0.1	0
BSU_03770	GO:0003824	2	0.1	0
BSU_40370	GO:0005886	2	0.1	0
BSU_04300	GO:0055085	2	0.1	0
BSU_00240	GO:0005886	2	0.1	0
BSU_00320	GO:0005886	2	0.1	0
BSU_27490	GO:0005886	2	0.1	0
BSU_38070	GO:0005886	2	0.1	0
BSU_34090	GO:0005886	2	0.1	0
BSU_16280	GO:1902210	2	0.1	0
BSU_14740	GO:0006096	2	0.1	0
BSU_04300	GO:0005886	2	0.1	0
BSU_01740	GO:0016787	2	0.1	0
BSU_29290	GO:0005886	2	0.1	0
BSU_30610	GO:0005886	2	0.1	0
BSU_32350	GO:0055085	2	0.1	0
BSU_05020	GO:0009972	2	0.1	0
BSU_05010	GO:0015935	2	0.1	0
BSU_34780	GO:0005886	2	0.1	0
BSU_32010	GO:0042802	2	0.1	0
BSU_09510	GO:0005886	2	0.1	0
BSU_03610	GO:0016787	2	0.1	0
BSU_11750	GO:0050440	2	0.1	0
BSU_00890	GO:0005576	2	0.1	0
BSU_32730	GO:0016887	2	0.1	0
BSU_29370	GO:0016887	2	0.1	0
BSU_08520	GO:0006281	2	0.1	0
BSU_09940	GO:0016787	2	0.1	0
BSU_09500	GO:0016787	2	0.1	0
BSU_09150	GO:0055085	2	0.1	0
BSU_01740	GO:0016887	2	0.1	0
BSU_22920	GO:0005886	2	0.1	0
BSU_05010	GO:0003824	2	0.1	0
BSU_34090	GO:0005886	2	0.1	0
BSU_40390	GO:0016020	2	0.1	0
BSU_38420	GO:0000976	2	0.1	0
BSU_38070	GO:0000976	2	0.1	0
BSU_00890	GO:0005886	2	0.1	0
BSU_26830	GO:0005886	2	0.1	0
BSU_30270	GO:0016020	2	0.1	0
BSU_27700	GO:0055085	2	0.1	0
BSU_19710	GO:0005886	2	0.1	0
BSU_13880	GO:0000976	2	0.1	0
BSU_11530	GO:0004252	2	0.1	0
BSU_02620	GO:0005886	2	0.1	0
BSU_11750	GO:0005886	2	0.1	0
BSU_00830	GO:0006417	2	0.1	0
BSU_38180	GO:0055085	2	0.1	0
BSU_39080	GO:0000976	2	0.1	0
BSU_05010	GO:0009972	2	0.1	0
BSU_34330	GO:0005886	2	0.1	0
BSU_27890	GO:0006355	2	0.1	0
BSU_11530	GO:0003824	2	0.1	0
BSU_11130	GO:0003824	2	0.1	0
BSU_18200	GO:0005886	2	0.1	0
BSU_27490	GO:0005886	2	0.1	0
BSU_32630	GO:0003824	2	0.1	0
BSU_08520	GO:0003824	2	0.1	0
BSU_18200	GO:0003824	2	0.1	0
BSU_00320	GO:0005886	2	0.1	0
BSU_34770	GO:0005886	2	0.1	0
BSU_10010	GO:0016020	2	0.1	0
BSU_24180	GO:0005576	2	0.1	0
BSU_05020	GO:0003824	2	0.1	0
BSU_10950	GO:0003824	2	0.1	0
BSU_07640	GO:0006281	2	0.1	0
BSU_13880	GO:0005886	2	0.1	0
BSU_00320	GO:0015935	2	0.1	0
BSU_37410	GO:0006281	2	0.1	0
BSU_22920	GO:0005886	2	0.1	0
BSU_25170	GO:0006281	2	0.1	0
BSU_04480	GO:1902475	2	0.1	0
BSU_04300	GO:0005886	2	0.1	0
BSU_37900	GO:0005886	2	0.1	0
BSU_33950	GO:0006259	2	0.1	0
BSU_23000	GO:0005576	2	0.1	0
BSU_02770	GO:0006281	2	0.1	0
BSU_30610	GO:0005886	2	0.1	0
BSU_01760	GO:0016020	2	0.1	0
BSU_35890	GO:0005886	2	0.1	0
BSU_07620	GO:0006281	2	0.1	0
BSU_09510	GO:0005886	2	0.1	0
BSU_10610	GO:0005829	2	0.1	0
BSU_07620	GO:0005886	2	0.1	0
BSU_29290	GO:0006281	2	0.1	0
BSU_10610	GO:0006281	2	0.1	0
BSU_30840	GO:0006281	2	0.1	0
BSU_40000	GO:0016491	2	0.1	1
BSU_23000	GO:0005886	2	0.1	0
BSU_30270	GO:1902475	2	0.1	0
BSU_40620	GO:0005886	2	0.1	0
BSU_07360	GO:0055085	2	0.1	0
BSU_19240	GO:0006281	2	0.1	0
BSU_15440	GO:0006281	2	0.1	0
BSU_39680	GO:0006281	2	0.1	0
BSU_36970	GO:0005886	2	0.1	0
BSU_18940	GO:0005886	2	0.1	0
BSU_02770	GO:0005886	2	0.1	0
BSU_25380	GO:0016020	2	0.1	0
BSU_29380	GO:0016887	2	0.1	0
BSU_25250	GO:0006259	2	0.1	0
BSU_00890	GO:0006281	2	0.1	0
BSU_37410	GO:0005886	2	0.1	0
BSU_19710	GO:0006281	2	0.1	0
BSU_03550	GO:0016787	2	0.1	0
BSU_32710	GO:0051156	2	0.1	0
BSU_36970	GO:0005886	2	0.1	0
BSU_16910	GO:0006285	2	0.1	0
BSU_10480	GO:0055085	2	0.1	0
BSU_07070	GO:0005886	2	0.1	0
BSU_21750	GO:0055085	2	0.1	0
BSU_14740	GO:0009055	2	0.1	0
BSU_40370	GO:0006281	2	0.1	0
BSU_40390	GO:0006281	2	0.1	0
BSU_00240	GO:0006281	2	0.1	0
BSU_23000	GO:0005886	2	0.1	0
BSU_03360	GO:0006281	2	0.1	0
BSU_25170	GO:0005886	2	0.1	0
BSU_00830	GO:0006285	2	0.1	0
BSU_07900	GO:0016787	2	0.1	0
BSU_24180	GO:0006281	2	0.1	0
BSU_21750	GO:0006281	2	0.1	0
BSU_03770	GO:0009972	2	0.1	0
BSU_34780	GO:0006281	2	0.1	0
BSU_31390	GO:0015935	2	0.1	0
BSU_23670	GO:0005576	2	0.1	0
BSU_23140	GO:0016020	2	0.1	0
BSU_27700	GO:1902475	2	0.1	0
BSU_37900	GO:0055085	2	0.1	0
BSU_09550	GO:0016787	2	0.1	0
BSU_32730	GO:0016020	2	0.1	0
BSU_11750	GO:0042802	2	0.1	0
BSU_00570	GO:0055085	2	0.1	0
BSU_17900	GO:0005886	2	0.1	0
BSU_29050	GO:0005829	2	0.1	0
BSU_33750	GO:0005886	2	0.1	0
BSU_31540	GO:0009847	2	0.1	0
BSU_40380	GO:0055085	2	0.1	0
BSU_33100	GO:0009847	2	0.1	0
BSU_24390	GO:0016020	2	0.1	0
BSU_01740	GO:0006096	2	0.1	0
BSU_27020	GO:0016837	2	0.1	0
BSU_24380	GO:0005576	2	0.1	0
BSU_24400	GO:0016787	2	0.1	0
BSU_38530	GO:0009847	2	0.1	0
BSU_07850	GO:0016837	2	0.1	0
BSU_24380	GO:0016787	2	0.1	0
BSU_00320	GO:0050660	2	0.1	0
BSU_14740	GO:0009234	2	0.1	0
BSU_01960	GO:0016020	2	0.1	0
BSU_32420	GO:0003700	2	0.1	0
BSU_25250	GO:0003700	2	0.1	0
BSU_40380	GO:0009847	2	0.1	0
BSU_40390	GO:0009847	2	0.1	0
BSU_24370	GO:0016787	2	0.1	0
BSU_38070	GO:0005886	2	0.1	0
BSU_40620	GO:0005886	2	0.1	0
BSU_14740	GO:0005737	2	0.1	0
BSU_34330	GO:0005886	2	0.1	0
BSU_01760	GO:0009847	2	0.1	0
BSU_30610	GO:0005886	2	0.1	0
BSU_25380	GO:0009847	2	0.1	0
BSU_22920	GO:0005886	2	0.1	0
BSU_02770	GO:0005886	2	0.1	0
BSU_24390	GO:0005576	2	0.1	0
BSU_24380	GO:0016020	2	0.1	0
BSU_37410	GO:0005886	2	0.1	0
BSU_38070	GO:0005737	2	0.1	0
BSU_09500	GO:0009847	2	0.1	0
BSU_09940	GO:0009847	2	0.1	0
BSU_31540	GO:0016787	2	0.1	0
BSU_32710	GO:0003700	2	0.1	0
BSU_16910	GO:0006605	2	0.1	0
BSU_11740	GO:0005576	2	0.1	0
BSU_00170	GO:0005886	2	0.1	0
BSU_11770	GO:0005576	2	0.1	0
BSU_17900	GO:0005886	2	0.1	0
BSU_11130	GO:0004252	2	0.1	0
BSU_14340	GO:0009847	2	0.1	0
BSU_31020	GO:0016020	2	0.1	0
BSU_10010	GO:0016020	2	0.1	0
BSU_14740	GO:0009847	2	0.1	0
BSU_17700	GO:0005576	2	0.1	0
BSU_40620	GO:0005886	2	0.1	0
BSU_27890	GO:0000976	2	0.1	0
BSU_09550	GO:0005886	2	0.1	1
BSU_26830	GO:0016787	2	0.1	0
BSU_01960	GO:0055085	2	0.1	0
BSU_00320	GO:0019344	2	0.1	0
BSU_17910	GO:0009847	2	0.1	0
BSU_27770	GO:0005829	2	0.1	0
BSU_24370	GO:0009847	2	0.1	0
BSU_24380	GO:0009847	2	0.1	0
BSU_24400	GO:0009847	2	0.1	0
BSU_24750	GO:0005576	2	0.1	0
BSU_30270	GO:0016887	2	0.1	0
BSU_00320	GO:0010468	2	0.1	0
BSU_11760	GO:0005576	2	0.1	0
BSU_01740	GO:0016787	2	0.1	0
BSU_04480	GO:0016887	2	0.1	0
BSU_32710	GO:0030163	2	0.1	0
BSU_14740	GO:0016787	2	0.1	0
BSU_27700	GO:0031460	2	0.1	0
BSU_04190	GO:0005829	2	0.1	0
BSU_06630	GO:0005576	2	0.1	0
BSU_11130	GO:0016853	2	0.1	0
BSU_14340	GO:0016787	2	0.1	0
BSU_07070	GO:0005886	2	0.1	0
BSU_09450	GO:0005829	2	0.1	0
BSU_11530	GO:0016853	2	0.1	0
BSU_32420	GO:0006259	2	0.1	0
BSU_27700	GO:0016887	2	0.1	0
BSU_33950	GO:0006355	2	0.1	0
BSU_03550	GO:0016837	2	0.1	0
BSU_09550	GO:0016837	2	0.1	0
BSU_32730	GO:0055085	2	0.1	0
BSU_30270	GO:0055085	2	0.1	0
BSU_35230	GO:0006285	2	0.1	0
BSU_38070	GO:0005886	2	0.1	0
BSU_07900	GO:0016837	2	0.1	0
BSU_27490	GO:0005886	2	0.1	0
BSU_26830	GO:0005886	2	0.1	0
BSU_10610	GO:0005886	2	0.1	0
BSU_23140	GO:0055085	2	0.1	0
BSU_08310	GO:0005886	2	0.1	0
BSU_09500	GO:0016837	2	0.1	0
BSU_34090	GO:0005886	2	0.1	0
BSU_09940	GO:0016837	2	0.1	0
BSU_38420	GO:0005886	2	0.1	0
BSU_32710	GO:0005886	2	0.1	0
BSU_23140	GO:0016887	2	0.1	0
BSU_26830	GO:0005886	2	0.1	0
BSU_35770	GO:0005576	2	0.1	0
BSU_06630	GO:0016837	2	0.1	0
BSU_33950	GO:0000976	2	0.1	0
BSU_02620	GO:0005886	2	0.1	0
BSU_37720	GO:0005829	2	0.1	0
BSU_37720	GO:0003824	2	0.1	0
BSU_31020	GO:0009847	2	0.1	0
BSU_31970	GO:0005576	2	0.1	0
BSU_03770	GO:0050660	2	0.1	0
BSU_10010	GO:0009847	2	0.1	0
BSU_01960	GO:0016020	2	0.1	0
BSU_05010	GO:0050660	2	0.1	0
BSU_18190	GO:0016837	2	0.1	0
BSU_33780	GO:0055085	2	0.1	0
BSU_18200	GO:0016853	2	0.1	0
BSU_02770	GO:0005886	2	0.1	0
BSU_35770	GO:0016837	2	0.1	0
BSU_30840	GO:0005886	2	0.1	0
BSU_31020	GO:0016837	2	0.1	0
BSU_23370	GO:0016837	2	0.1	0
BSU_17910	GO:0016787	2	0.1	0
BSU_27700	GO:0006397	2	0.1	0
BSU_12320	GO:0005829	2	0.1	0
BSU_08520	GO:0016853	2	0.1	0
BSU_02780	GO:0016837	2	0.1	0
BSU_12350	GO:0005829	2	0.1	0
BSU_32420	GO:0004527	2	0.1	0
BSU_38420	GO:0005886	2	0.1	0
BSU_32630	GO:0016853	2	0.1	0
BSU_08310	GO:0005886	2	0.1	0
BSU_25250	GO:0006355	2	0.1	0
BSU_30270	GO:0016887	2	0.1	0
BSU_32730	GO:0022857	2	0.1	0
BSU_35510	GO:0042802	2	0.1	0
BSU_38420	GO:0009401	2	0.1	0
BSU_27490	GO:0005886	2	0.1	0
BSU_04300	GO:0005262	2	0.1	0
BSU_14340	GO:0030435	2	0.1	0
BSU_33780	GO:0005262	2	0.1	0
BSU_34330	GO:0030435	2	0.1	0
BSU_14740	GO:0016020	2	0.1	0
BSU_24600	GO:0030435	2	0.1	0
BSU_16910	GO:1902600	2	0.1	0
BSU_00320	GO:0009058	2	0.1	0
BSU_37410	GO:0004497	2	0.1	0
BSU_40380	GO:0005262	2	0.1	0
BSU_35890	GO:0005262	2	0.1	0
BSU_33100	GO:0005262	2	0.1	0
BSU_23420	GO:0004145	2	0.1	0
BSU_23000	GO:0005262	2	0.1	0
BSU_17910	GO:0005262	2	0.1	0
BSU_25250	GO:0005737	2	0.1	0
BSU_23140	GO:0000160	2	0.1	0
BSU_24180	GO:0046872	2	0.1	0
BSU_37900	GO:0005262	2	0.1	0
BSU_33950	GO:0005737	2	0.1	0
BSU_11530	GO:0003949	2	0.1	0
BSU_29380	GO:0016020	2	0.1	0
BSU_29370	GO:0016020	2	0.1	0
BSU_27700	GO:0042371	2	0.1	0
BSU_27700	GO:0000160	2	0.1	0
BSU_24400	GO:0016020	2	0.1	0
BSU_24380	GO:0016020	2	0.1	0
BSU_03360	GO:0046872	2	0.1	0
BSU_08520	GO:0003949	2	0.1	0
BSU_24370	GO:0016020	2	0.1	0
BSU_34090	GO:0005886	2	0.1	0
BSU_23140	GO:0005515	2	0.1	0
BSU_02920	GO:0005262	2	0.1	0
BSU_17910	GO:0030435	2	0.1	0
BSU_02540	GO:0005262	2	0.1	0
BSU_00570	GO:0005262	2	0.1	0
BSU_02620	GO:0046872	2	0.1	0
BSU_01740	GO:0030435	2	0.1	0
BSU_07360	GO:0005262	2	0.1	0
BSU_14340	GO:0005262	2	0.1	0
BSU_24640	GO:0030435	2	0.1	0
BSU_31020	GO:0016020	2	0.1	0
BSU_00270	GO:0046872	2	0.1	0
BSU_02770	GO:0046872	2	0.1	0
BSU_05010	GO:0009228	2	0.1	0
BSU_23140	GO:0042371	2	0.1	0
BSU_32730	GO:0000160	2	0.1	0
BSU_02720	GO:0003700	2	0.1	0
BSU_31410	GO:0003700	2	0.1	0
BSU_33780	GO:0030435	2	0.1	0
BSU_27890	GO:0003700	2	0.1	0
BSU_40310	GO:0008168	2	0.1	0
BSU_12320	GO:0008168	2	0.1	0
BSU_18910	GO:0008168	2	0.1	0
BSU_08590	GO:0046872	2	0.1	0
BSU_18940	GO:0016491	2	0.1	0
BSU_32710	GO:0004672	2	0.1	0
BSU_09550	GO:0016020	2	0.1	0
BSU_10900	GO:0046872	2	0.1	0
BSU_26280	GO:0003700	2	0.1	0
BSU_02770	GO:0005886	2	0.1	0
BSU_25170	GO:0008168	2	0.1	0
BSU_33950	GO:0003700	2	0.1	0
BSU_09510	GO:0005262	2	0.1	0
BSU_03550	GO:0005262	2	0.1	0
BSU_03770	GO:0009228	2	0.1	0
BSU_40390	GO:0071793	2	0.1	0
BSU_32420	GO:0005737	2	0.1	0
BSU_32420	GO:0005886	2	0.1	0
BSU_04300	GO:0046686	2	0.1	0
BSU_34780	GO:0004497	2	0.1	0
BSU_18910	GO:0030435	2	0.1	0
BSU_09940	GO:0016020	2	0.1	0
BSU_00240	GO:0071793	2	0.1	0
BSU_30270	GO:0000160	2	0.1	0
BSU_09500	GO:0016020	2	0.1	0
BSU_21750	GO:0004497	2	0.1	0
BSU_01960	GO:0030435	2	0.1	0
BSU_33750	GO:0008168	2	0.1	0
BSU_25380	GO:0046872	2	0.1	0
BSU_32010	GO:0008168	2	0.1	0
BSU_07900	GO:0016020	2	0.1	0
BSU_35510	GO:0008168	2	0.1	0
BSU_25170	GO:0004497	2	0.1	0
BSU_32710	GO:0005886	2	0.1	0
BSU_18200	GO:0003949	2	0.1	0
BSU_30610	GO:0005886	2	0.1	0
BSU_23140	GO:0016020	2	0.1	0
BSU_25380	GO:0016020	2	0.1	0
BSU_24390	GO:0046872	2	0.1	0
BSU_34290	GO:0030435	2	0.1	0
BSU_03360	GO:0008270	2	0.1	0
BSU_21970	GO:0046872	2	0.1	0
BSU_38420	GO:0003677	2	0.1	0
BSU_17910	GO:0046872	2	0.1	0
BSU_20070	GO:0046872	2	0.1	0
BSU_24380	GO:0046872	2	0.1	0
BSU_38070	GO:0003677	2	0.1	0
BSU_13880	GO:0003677	2	0.1	0
BSU_39080	GO:0003677	2	0.1	0
BSU_14340	GO:0046872	2	0.1	0
BSU_01740	GO:0016020	2	0.1	0
BSU_34220	GO:0030435	2	0.1	0
BSU_24370	GO:0016020	2	0.1	0
BSU_15100	GO:0046872	2	0.1	0
BSU_24370	GO:0046872	2	0.1	0
BSU_24400	GO:0046872	2	0.1	0
BSU_01960	GO:0016020	2	0.1	0
BSU_24400	GO:0016020	2	0.1	0
BSU_38530	GO:0046872	2	0.1	0
BSU_24640	GO:0016977	2	0.1	0
BSU_07900	GO:0003677	2	0.1	0
BSU_33100	GO:0046872	2	0.1	0
BSU_03770	GO:0009058	2	0.1	0
BSU_00320	GO:0003677	2	0.1	0
BSU_31540	GO:0046872	2	0.1	0
BSU_09510	GO:0005886	2	0.1	0
BSU_38229	GO:0003677	2	0.1	0
BSU_24380	GO:0016020	2	0.1	0
BSU_24600	GO:0003677	2	0.1	0
BSU_16910	GO:0045121	2	0.1	0
BSU_29380	GO:0046872	2	0.1	0
BSU_29370	GO:0046872	2	0.1	0
BSU_17900	GO:0046872	2	0.1	0
BSU_24600	GO:0046872	2	0.1	0
BSU_32730	GO:0016020	2	0.1	0
BSU_30270	GO:0016020	2	0.1	0
BSU_01550	GO:0045121	2	0.1	0
BSU_01760	GO:0016020	2	0.1	0
BSU_24390	GO:0016020	2	0.1	0
BSU_04670	GO:0006556	2	0.1	0
BSU_05160	GO:0055085	2	0.1	0
BSU_03550	GO:0046872	2	0.1	0
BSU_01740	GO:0055085	2	0.1	0
BSU_03610	GO:0046872	2	0.1	0
BSU_40390	GO:0016020	2	0.1	0
BSU_04670	GO:0009090	2	0.1	0
BSU_11750	GO:0003824	2	0.1	0
BSU_18200	GO:0046872	2	0.1	0
BSU_30270	GO:0009090	2	0.1	0
BSU_25670	GO:0046872	2	0.1	0
BSU_38530	GO:0016020	2	0.1	0
BSU_09958	GO:0005262	2	0.1	0
BSU_29280	GO:0005262	2	0.1	0
BSU_03770	GO:0003949	2	0.1	0
BSU_01740	GO:0005515	2	0.1	0
BSU_31540	GO:0016020	2	0.1	0
BSU_05010	GO:0003949	2	0.1	0
BSU_05020	GO:0003949	2	0.1	0
BSU_11760	GO:0005515	2	0.1	0
BSU_07640	GO:0046872	2	0.1	0
BSU_08520	GO:0046872	2	0.1	0
BSU_23140	GO:0046872	2	0.1	0
BSU_24380	GO:0005515	2	0.1	0
BSU_00320	GO:0005515	2	0.1	0
BSU_04300	GO:0005886	2	0.1	0
BSU_04670	GO:0019825	2	0.1	1
BSU_09940	GO:0046872	2	0.1	0
BSU_09500	GO:0046872	2	0.1	0
BSU_32010	GO:0008270	2	0.1	0
BSU_22920	GO:0005886	2	0.1	0
BSU_07900	GO:0046872	2	0.1	0
BSU_34240	GO:0030435	2	0.1	0
BSU_31959	GO:0008270	2	0.1	0
BSU_27020	GO:0005576	2	0.1	0
BSU_31020	GO:0016020	2	0.1	0
BSU_24390	GO:0005515	2	0.1	0
BSU_07850	GO:0008270	2	0.1	0
BSU_14740	GO:0016020	2	0.1	0
BSU_09550	GO:0046872	2	0.1	0
BSU_37720	GO:0030435	2	0.1	0
BSU_07620	GO:0016491	2	0.1	0
BSU_11530	GO:0008168	2	0.1	0
BSU_02780	GO:0030435	2	0.1	0
BSU_25380	GO:0035429	2	0.1	0
BSU_19710	GO:0005886	2	0.1	0
BSU_07640	GO:0005886	2	0.1	0
BSU_01760	GO:0035429	2	0.1	0
BSU_27700	GO:0016020	2	0.1	0
BSU_25060	GO:0016977	2	0.1	0
BSU_32350	GO:0016020	2	0.1	0
BSU_34770	GO:0005886	2	0.1	0
BSU_36460	GO:0016977	2	0.1	0
BSU_04480	GO:0016020	2	0.1	0
BSU_00320	GO:0016836	2	0.1	0
BSU_34390	GO:0030435	2	0.1	0
BSU_32420	GO:0003676	2	0.1	0
BSU_37770	GO:0030435	2	0.1	0
BSU_39680	GO:0003824	2	0.1	0
BSU_36460	GO:0030435	2	0.1	0
BSU_30270	GO:0070681	2	0.1	0
BSU_31959	GO:0030435	2	0.1	0
BSU_29700	GO:0005886	2	0.1	0
BSU_04480	GO:0016020	2	0.1	0
BSU_37430	GO:0030435	2	0.1	0
BSU_38100	GO:0004497	2	0.1	0
BSU_17370	GO:0043878	2	0.1	0
BSU_20070	GO:0043878	2	0.1	0
BSU_32500	GO:0043878	2	0.1	0
BSU_07900	GO:0016020	2	0.1	0
BSU_34330	GO:0016740	2	0.1	0
BSU_26830	GO:0004497	2	0.1	0
BSU_32540	GO:0016977	2	0.1	0
BSU_00890	GO:0004497	2	0.1	0
BSU_00830	GO:0030163	2	0.1	0
BSU_31020	GO:0035429	2	0.1	0
BSU_17900	GO:0005886	2	0.1	0
BSU_07070	GO:0003824	2	0.1	0
BSU_30270	GO:0016020	2	0.1	0
BSU_31390	GO:0005886	2	0.1	0
BSU_00320	GO:0005886	2	0.1	0
BSU_35230	GO:0030163	2	0.1	0
BSU_34780	GO:0005886	2	0.1	0
BSU_10010	GO:0035429	2	0.1	0
BSU_15250	GO:0005886	2	0.1	0
BSU_07070	GO:0003824	2	0.1	0
BSU_25670	GO:0005886	2	0.1	0
BSU_05010	GO:0009245	2	0.1	0
BSU_31540	GO:0035429	2	0.1	0
BSU_11760	GO:0004145	2	0.1	0
BSU_11530	GO:0004180	2	0.1	0
BSU_03770	GO:0009245	2	0.1	0
BSU_23140	GO:0008643	2	0.1	0
BSU_08520	GO:0004180	2	0.1	0
BSU_36970	GO:0005886	2	0.1	0
BSU_16730	GO:0005886	2	0.1	0
BSU_05020	GO:0009245	2	0.1	0
BSU_01740	GO:0008643	2	0.1	0
BSU_05010	GO:0005829	2	0.1	0
BSU_37410	GO:0016491	2	0.1	0
BSU_09550	GO:0008643	2	0.1	0
BSU_09550	GO:0009306	2	0.1	0
BSU_03770	GO:0005829	2	0.1	0
BSU_15100	GO:0003824	2	0.1	0
BSU_03770	GO:0003824	2	0.1	0
BSU_18200	GO:0004180	2	0.1	0
BSU_20070	GO:0005829	2	0.1	0
BSU_11760	GO:0009252	2	0.1	0
BSU_25170	GO:0016491	2	0.1	0
BSU_15100	GO:0005829	2	0.1	0
BSU_34340	GO:0030435	2	0.1	0
BSU_07620	GO:0003824	2	0.1	0
BSU_34240	GO:0030435	2	0.1	0
BSU_40390	GO:0035429	2	0.1	0
BSU_40380	GO:0035429	2	0.1	0
BSU_17900	GO:0005886	2	0.1	0
BSU_03610	GO:0008643	2	0.1	0
BSU_38530	GO:0035429	2	0.1	0
BSU_12350	GO:0003824	2	0.1	0
BSU_12320	GO:0003824	2	0.1	0
BSU_00320	GO:0009245	2	0.1	0
BSU_34340	GO:0016740	2	0.1	0
BSU_36460	GO:0016837	2	0.1	1
BSU_34280	GO:0016740	2	0.1	0
BSU_40310	GO:0003824	2	0.1	0
BSU_33100	GO:0035429	2	0.1	0
BSU_11740	GO:0009252	2	0.1	0
BSU_15100	GO:0043878	2	0.1	0
BSU_02310	GO:0005886	2	0.1	0
BSU_11130	GO:0008168	2	0.1	0
BSU_09530	GO:0008168	2	0.1	0
BSU_31390	GO:0016020	2	0.1	0
BSU_00240	GO:0004497	2	0.1	0
BSU_31959	GO:0008168	2	0.1	0
BSU_38100	GO:0008168	2	0.1	0
BSU_27700	GO:0005737	2	0.1	0
BSU_40000	GO:0008168	2	0.1	0
BSU_37770	GO:0005886	2	0.1	0
BSU_32710	GO:0005886	2	0.1	0
BSU_34050	GO:0003700	2	0.1	0
BSU_02310	GO:0030435	2	0.1	0
BSU_01740	GO:0016020	2	0.1	0
BSU_08590	GO:0005886	2	0.1	0
BSU_34050	GO:0008168	2	0.1	0
BSU_40390	GO:0004497	2	0.1	0
BSU_07070	GO:0005886	2	0.1	0
BSU_09530	GO:0003700	2	0.1	0
BSU_02770	GO:0008168	2	0.1	0
BSU_00570	GO:0046686	2	0.1	0
BSU_13570	GO:0005886	2	0.1	0
BSU_39780	GO:0008168	2	0.1	0
BSU_04490	GO:0043878	2	0.1	0
BSU_37410	GO:0030435	2	0.1	0
BSU_32630	GO:0008168	2	0.1	0
BSU_08520	GO:0008168	2	0.1	0
BSU_17590	GO:0003700	2	0.1	0
BSU_18200	GO:0008168	2	0.1	0
BSU_27700	GO:0070929	2	0.1	0
BSU_05020	GO:0008168	2	0.1	0
BSU_11790	GO:0005886	2	0.1	1
BSU_40620	GO:0005886	2	0.1	0
BSU_07360	GO:0046686	2	0.1	0
BSU_38420	GO:0005886	2	0.1	0
BSU_02770	GO:0003700	2	0.1	0
BSU_17900	GO:0005886	2	0.1	0
BSU_00030	GO:0008168	2	0.1	0
BSU_00170	GO:0005886	2	0.1	0
BSU_03610	GO:0016020	2	0.1	0
BSU_38070	GO:0008168	2	0.1	0
BSU_13880	GO:0008168	2	0.1	0
BSU_39080	GO:0008168	2	0.1	0
BSU_32710	GO:0005886	2	0.1	0
BSU_38100	GO:0003700	2	0.1	0
BSU_31959	GO:0003700	2	0.1	0
BSU_09450	GO:0043878	2	0.1	0
BSU_02920	GO:0046686	2	0.1	0
BSU_01550	GO:0016020	2	0.1	0
BSU_21750	GO:0016020	2	0.1	0
BSU_33750	GO:0030435	2	0.1	0
BSU_39890	GO:0030435	2	0.1	0
BSU_09530	GO:0043878	2	0.1	0
BSU_10610	GO:0043878	2	0.1	0
BSU_10900	GO:0005886	2	0.1	0
BSU_40000	GO:0043878	2	0.1	0
BSU_03770	GO:0019284	2	0.1	0
BSU_30920	GO:0004145	2	0.1	0
BSU_10400	GO:0043878	2	0.1	0
BSU_39780	GO:0043878	2	0.1	0
BSU_36490	GO:0005886	2	0.1	0
BSU_14740	GO:0004497	2	0.1	0
BSU_19710	GO:0004497	2	0.1	0
BSU_31970	GO:0006144	2	0.1	0
BSU_07620	GO:0005886	2	0.1	0
BSU_04190	GO:0043878	2	0.1	0
BSU_02520	GO:0030435	2	0.1	0
BSU_12350	GO:0043878	2	0.1	0
BSU_12320	GO:0043878	2	0.1	0
BSU_29160	GO:0016020	2	0.1	0
BSU_21550	GO:0030435	2	0.1	0
BSU_08310	GO:0005886	2	0.1	0
BSU_40310	GO:0016977	2	0.1	0
BSU_05010	GO:0019284	2	0.1	0
BSU_32540	GO:0030435	2	0.1	0
BSU_02770	GO:0043878	2	0.1	0
BSU_11740	GO:0016020	2	0.1	0
BSU_32630	GO:0043878	2	0.1	0
BSU_02540	GO:0046686	2	0.1	0
BSU_40370	GO:0004497	2	0.1	0
BSU_16730	GO:0043878	2	0.1	0
BSU_29290	GO:0005886	2	0.1	0
BSU_32010	GO:0030435	2	0.1	0
BSU_27770	GO:0043878	2	0.1	0
BSU_29050	GO:0043878	2	0.1	0
BSU_37720	GO:0043878	2	0.1	0
BSU_17900	GO:0003677	2	0.1	0
BSU_10010	GO:0016020	2	0.1	0
BSU_40380	GO:0016787	2	0.1	0
BSU_01740	GO:0009055	2	0.1	0
BSU_15250	GO:0005886	2	0.1	0
BSU_32420	GO:0003700	2	0.1	0
BSU_00890	GO:0071793	2	0.1	0
BSU_09510	GO:0005886	2	0.1	0
BSU_00830	GO:0005515	2	0.1	0
BSU_01740	GO:0071793	2	0.1	0
BSU_05010	GO:0003677	2	0.1	0
BSU_17980	GO:0005886	2	0.1	0
BSU_05010	GO:0010468	2	0.1	0
BSU_30920	GO:0005886	2	0.1	0
BSU_33950	GO:0003700	2	0.1	0
BSU_24640	GO:0046872	2	0.1	0
BSU_25250	GO:0003700	2	0.1	0
BSU_40310	GO:0046872	2	0.1	0
BSU_23000	GO:0005886	2	0.1	0
BSU_35890	GO:0005886	2	0.1	0
BSU_37900	GO:0005886	2	0.1	0
BSU_11740	GO:0033609	2	0.1	0
BSU_30270	GO:0055085	2	0.1	0
BSU_26830	GO:0006096	2	0.1	0
BSU_30610	GO:0005886	2	0.1	0
BSU_26280	GO:0080090	2	0.1	0
BSU_00830	GO:0003676	2	0.1	0
BSU_23000	GO:0005886	2	0.1	0
BSU_29700	GO:0005886	2	0.1	0
BSU_29700	GO:0046872	2	0.1	0
BSU_03770	GO:0003677	2	0.1	0
BSU_36970	GO:0005886	2	0.1	0
BSU_16730	GO:0005886	2	0.1	0
BSU_19710	GO:0035539	2	0.1	0
BSU_32730	GO:0055085	2	0.1	0
BSU_14740	GO:0016020	2	0.1	0
BSU_26830	GO:0009055	2	0.1	0
BSU_14740	GO:0035539	2	0.1	0
BSU_00240	GO:0005886	2	0.1	0
BSU_22920	GO:0005886	2	0.1	0
BSU_36970	GO:0005886	2	0.1	0
BSU_13880	GO:0005886	2	0.1	0
BSU_31970	GO:0005886	2	0.1	0
BSU_05020	GO:0046872	2	0.1	0
BSU_26830	GO:0071793	2	0.1	0
BSU_11760	GO:0033609	2	0.1	0
BSU_02770	GO:0008270	2	0.1	0
BSU_40620	GO:0005886	2	0.1	0
BSU_24380	GO:0016020	2	0.1	0
BSU_14800	GO:0055085	2	0.1	0
BSU_35230	GO:0003676	2	0.1	0
BSU_24400	GO:0016020	2	0.1	0
BSU_22920	GO:0005576	2	0.1	0
BSU_07900	GO:0003723	2	0.1	0
BSU_00320	GO:0003723	2	0.1	0
BSU_23140	GO:0034023	2	0.1	0
BSU_03360	GO:0030436	2	0.1	0
BSU_08310	GO:0005886	2	0.1	0
BSU_24380	GO:0016301	2	0.1	0
BSU_34320	GO:0003723	2	0.1	0
BSU_34300	GO:0003723	2	0.1	0
BSU_34280	GO:0003723	2	0.1	0
BSU_34340	GO:0003723	2	0.1	0
BSU_02620	GO:0005886	2	0.1	0
BSU_34770	GO:0005576	2	0.1	0
BSU_34330	GO:0005886	2	0.1	0
BSU_38420	GO:0005886	2	0.1	0
BSU_26830	GO:0005886	2	0.1	0
BSU_05020	GO:0016853	2	0.1	0
BSU_40390	GO:0035539	2	0.1	0
BSU_04300	GO:0005886	2	0.1	0
BSU_15250	GO:0004145	2	0.1	0
BSU_25060	GO:0046872	2	0.1	0
BSU_38070	GO:0005886	2	0.1	0
BSU_32710	GO:0030436	2	0.1	0
BSU_05010	GO:0016853	2	0.1	0
BSU_00320	GO:0005886	2	0.1	0
BSU_38070	GO:0003677	2	0.1	0
BSU_22920	GO:0005886	2	0.1	0
BSU_03770	GO:0016853	2	0.1	0
BSU_36460	GO:0046872	2	0.1	0
BSU_24370	GO:0016020	2	0.1	0
BSU_11530	GO:0003677	2	0.1	0
BSU_00240	GO:0035539	2	0.1	0
BSU_37410	GO:0005576	2	0.1	0
BSU_18200	GO:0005886	2	0.1	0
BSU_32710	GO:0005886	2	0.1	0
BSU_17910	GO:0005886	2	0.1	1
BSU_40620	GO:0005886	2	0.1	0
BSU_37900	GO:0005886	2	0.1	0
BSU_38070	GO:0005886	2	0.1	0
BSU_04670	GO:0005886	2	0.1	0
BSU_11770	GO:0008360	2	0.1	0
BSU_11770	GO:0005737	2	0.1	0
BSU_05020	GO:0042802	2	0.1	0
BSU_05010	GO:0042802	2	0.1	0
BSU_03770	GO:0042802	2	0.1	0
BSU_37410	GO:0005886	2	0.1	0
BSU_31020	GO:0016787	2	0.1	0
BSU_04480	GO:0006814	2	0.1	0
BSU_03770	GO:0005886	2	0.1	0
BSU_08520	GO:0042802	2	0.1	0
BSU_23140	GO:0030436	2	0.1	0
BSU_17700	GO:0008360	2	0.1	0
BSU_32540	GO:0046872	2	0.1	0
BSU_18940	GO:0005576	2	0.1	0
BSU_17900	GO:0005886	2	0.1	0
BSU_36750	GO:0005737	2	0.1	0
BSU_24390	GO:0008360	2	0.1	0
BSU_25530	GO:0005737	2	0.1	0
BSU_18200	GO:0042802	2	0.1	0
BSU_32630	GO:0042802	2	0.1	0
BSU_09550	GO:0046872	2	0.1	0
BSU_17900	GO:0008360	2	0.1	0
BSU_12320	GO:0042802	2	0.1	0
BSU_05010	GO:0019344	2	0.1	0
BSU_40390	GO:0016787	2	0.1	0
BSU_29700	GO:0005886	2	0.1	0
BSU_17590	GO:0080090	2	0.1	0
BSU_30270	GO:0006814	2	0.1	0
BSU_40310	GO:0042802	2	0.1	0
BSU_18910	GO:0042802	2	0.1	0
BSU_25530	GO:0008360	2	0.1	0
BSU_11130	GO:0042802	2	0.1	0
BSU_36750	GO:0008360	2	0.1	0
BSU_00320	GO:0008360	2	0.1	0
BSU_07900	GO:0016020	2	0.1	0
BSU_29700	GO:0008360	2	0.1	0
BSU_01760	GO:0016787	2	0.1	0
BSU_25380	GO:0016787	2	0.1	0
BSU_11530	GO:0042802	2	0.1	0
BSU_33750	GO:0005886	2	0.1	0
BSU_09510	GO:0005886	2	0.1	0
BSU_09500	GO:0016020	2	0.1	0
BSU_24370	GO:0008360	2	0.1	0
BSU_14800	GO:0005886	2	0.1	0
BSU_36970	GO:0005576	2	0.1	0
BSU_32730	GO:0006814	2	0.1	0
BSU_09150	GO:0005886	2	0.1	0
BSU_13830	GO:0005886	2	0.1	0
BSU_00890	GO:0035539	2	0.1	0
BSU_29239	GO:0005886	2	0.1	0
BSU_01740	GO:0035539	2	0.1	0
BSU_03550	GO:0046872	2	0.1	0
BSU_26830	GO:0035539	2	0.1	0
BSU_24380	GO:0008360	2	0.1	0
BSU_23420	GO:0008360	2	0.1	0
BSU_32710	GO:0005886	2	0.1	0
BSU_23440	GO:0008360	2	0.1	0
BSU_25390	GO:0055085	2	0.1	0
BSU_23430	GO:0008360	2	0.1	0
BSU_29239	GO:0055085	2	0.1	0
BSU_15250	GO:0008360	2	0.1	0
BSU_03770	GO:0030436	2	0.1	0
BSU_11760	GO:0008360	2	0.1	0
BSU_25060	GO:0005886	2	0.1	0
BSU_09958	GO:0005886	2	0.1	0
BSU_04490	GO:0005886	2	0.1	0
BSU_09070	GO:0005886	2	0.1	0
BSU_24400	GO:0008360	2	0.1	0
BSU_23000	GO:0005886	2	0.1	0
BSU_35890	GO:0005886	2	0.1	0
BSU_33780	GO:0005886	2	0.1	0
BSU_04300	GO:0005886	2	0.1	0
BSU_00240	GO:0008360	2	0.1	0
BSU_37900	GO:0005886	2	0.1	0
BSU_09080	GO:0005886	2	0.1	0
BSU_07360	GO:0005886	2	0.1	0
BSU_14740	GO:0003723	2	0.1	0
BSU_14340	GO:0042626	2	0.1	0
BSU_09940	GO:0016020	2	0.1	0
BSU_10400	GO:0005829	2	0.1	0
BSU_27700	GO:0006814	2	0.1	0
BSU_14740	GO:0016787	2	0.1	0
BSU_16080	GO:0005886	2	0.1	0
BSU_02770	GO:0046872	2	0.1	0
BSU_03770	GO:0034023	2	0.1	0
BSU_02770	GO:0045454	2	0.1	0
BSU_17910	GO:0046686	2	0.1	0
BSU_25170	GO:0008270	2	0.1	0
BSU_23140	GO:0003824	2	0.1	0
BSU_26830	GO:0009972	2	0.1	0
BSU_27890	GO:0000150	2	0.1	0
BSU_09510	GO:0046686	2	0.1	0
BSU_19710	GO:0071793	2	0.1	0
BSU_07620	GO:0008270	2	0.1	0
BSU_03770	GO:0003824	2	0.1	0
BSU_11810	GO:0016491	2	0.1	0
BSU_31970	GO:0071555	2	0.1	0
BSU_32710	GO:0003824	2	0.1	0
BSU_31970	GO:0003824	2	0.1	0
BSU_18940	GO:0008270	2	0.1	0
BSU_33950	GO:0000150	2	0.1	0
BSU_23000	GO:0046686	2	0.1	0
BSU_26620	GO:0055085	2	0.1	0
BSU_03360	GO:0003824	2	0.1	0
BSU_33100	GO:0046686	2	0.1	0
BSU_37410	GO:0008270	2	0.1	0
BSU_32710	GO:0071555	2	0.1	0
BSU_33750	GO:0016491	2	0.1	0
BSU_07070	GO:0005886	2	0.1	0
BSU_32630	GO:0004497	2	0.1	0
BSU_03770	GO:0046872	2	0.1	0
BSU_05010	GO:0046872	2	0.1	0
BSU_05020	GO:0046872	2	0.1	0
BSU_00320	GO:0019877	2	0.1	0
BSU_00830	GO:0006526	2	0.1	0
BSU_01760	GO:0016020	2	0.1	0
BSU_18200	GO:0046872	2	0.1	0
BSU_21750	GO:0008270	2	0.1	0
BSU_03550	GO:0046686	2	0.1	0
BSU_02770	GO:0004497	2	0.1	0
BSU_34780	GO:0008270	2	0.1	0
BSU_08520	GO:0046872	2	0.1	0
BSU_32630	GO:0046872	2	0.1	0
BSU_11130	GO:0046872	2	0.1	0
BSU_11130	GO:0005576	2	0.1	0
BSU_11530	GO:0046872	2	0.1	0
BSU_25380	GO:0016020	2	0.1	0
BSU_02770	GO:0005886	2	0.1	0
BSU_26830	GO:0030435	2	0.1	0
BSU_32710	GO:0034023	2	0.1	0
BSU_13880	GO:0005886	2	0.1	0
BSU_39680	GO:0008270	2	0.1	0
BSU_36970	GO:0005886	2	0.1	0
BSU_15440	GO:0004497	2	0.1	0
BSU_30840	GO:0004497	2	0.1	0
BSU_10610	GO:0004497	2	0.1	0
BSU_23440	GO:0004145	2	0.1	0
BSU_14010	GO:0003677	2	0.1	0
BSU_04490	GO:0005829	2	0.1	0
BSU_29380	GO:0016020	2	0.1	0
BSU_29290	GO:0008270	2	0.1	0
BSU_29370	GO:0016020	2	0.1	0
BSU_29290	GO:0004497	2	0.1	0
BSU_33780	GO:0046686	2	0.1	0
BSU_18940	GO:0004497	2	0.1	0
BSU_24380	GO:0016020	2	0.1	0
BSU_24390	GO:0016020	2	0.1	0
BSU_00320	GO:0009228	2	0.1	0
BSU_07620	GO:0004497	2	0.1	0
BSU_38530	GO:0016020	2	0.1	0
BSU_00320	GO:0019284	2	0.1	0
BSU_33780	GO:0016491	2	0.1	0
BSU_40620	GO:0005886	2	0.1	0
BSU_31970	GO:0034023	2	0.1	0
BSU_01740	GO:0030435	2	0.1	0
BSU_03770	GO:0019877	2	0.1	0
BSU_03360	GO:0034023	2	0.1	0
BSU_05010	GO:0019877	2	0.1	0
BSU_10610	GO:0008270	2	0.1	0
BSU_00320	GO:0003949	2	0.1	0
BSU_25380	GO:0016020	2	0.1	0
BSU_07850	GO:0005576	2	0.1	0
BSU_19240	GO:0004497	2	0.1	0
BSU_14740	GO:0071793	2	0.1	0
BSU_35890	GO:0046686	2	0.1	0
BSU_32710	GO:0003677	2	0.1	0
BSU_31970	GO:0003677	2	0.1	0
BSU_39680	GO:0004497	2	0.1	0
BSU_03360	GO:0003677	2	0.1	0
BSU_40380	GO:0046686	2	0.1	0
BSU_17590	GO:0000150	2	0.1	0
BSU_00240	GO:0008270	2	0.1	0
BSU_31540	GO:0016020	2	0.1	0
BSU_10900	GO:0046872	2	0.1	0
BSU_29370	GO:0016020	2	0.1	0
BSU_09530	GO:0045454	2	0.1	0
BSU_10610	GO:0045454	2	0.1	0
BSU_02310	GO:0046872	2	0.1	0
BSU_09450	GO:0045454	2	0.1	0
BSU_26830	GO:0009423	2	0.1	0
BSU_40000	GO:0045454	2	0.1	0
BSU_36490	GO:0046872	2	0.1	0
BSU_10400	GO:0045454	2	0.1	0
BSU_27700	GO:0055085	2	0.1	0
BSU_32730	GO:0016301	2	0.1	0
BSU_39780	GO:0045454	2	0.1	0
BSU_24180	GO:0046872	2	0.1	0
BSU_01740	GO:0009423	2	0.1	0
BSU_16910	GO:0006526	2	0.1	0
BSU_30270	GO:0009089	2	0.1	0
BSU_02620	GO:0046872	2	0.1	0
BSU_40310	GO:0004252	2	0.1	0
BSU_07620	GO:0003824	2	0.1	0
BSU_27490	GO:0005886	2	0.1	0
BSU_40390	GO:0008270	2	0.1	0
BSU_18910	GO:0004252	2	0.1	0
BSU_24390	GO:0016301	2	0.1	0
BSU_32630	GO:0045454	2	0.1	0
BSU_04300	GO:0003723	2	0.1	0
BSU_02620	GO:0046872	2	0.1	0
BSU_25380	GO:0046872	2	0.1	0
BSU_03020	GO:0055085	2	0.1	0
BSU_16730	GO:0045454	2	0.1	0
BSU_34330	GO:0003723	2	0.1	0
BSU_03360	GO:0046872	2	0.1	0
BSU_04190	GO:0045454	2	0.1	0
BSU_29380	GO:0016020	2	0.1	0
BSU_34090	GO:0005886	2	0.1	0
BSU_27770	GO:0045454	2	0.1	0
BSU_29050	GO:0045454	2	0.1	0
BSU_37720	GO:0045454	2	0.1	0
BSU_12320	GO:0045454	2	0.1	0
BSU_12350	GO:0045454	2	0.1	0
BSU_07640	GO:0046872	2	0.1	0
BSU_07070	GO:0046872	2	0.1	0
BSU_30270	GO:0016301	2	0.1	0
BSU_38530	GO:0016020	2	0.1	0
BSU_33850	GO:0055085	2	0.1	0
BSU_17820	GO:0016787	2	0.1	1
BSU_04480	GO:0009401	2	0.1	0
BSU_30270	GO:0009401	2	0.1	0
BSU_05020	GO:0016977	2	0.1	0
BSU_05430	GO:0055085	2	0.1	0
BSU_23430	GO:0004145	2	0.1	0
BSU_40390	GO:0016020	2	0.1	0
BSU_00890	GO:0008270	2	0.1	0
BSU_25170	GO:0016491	2	0.1	0
BSU_01550	GO:0055085	2	0.1	0
BSU_00320	GO:0046872	2	0.1	0
BSU_27700	GO:0016301	2	0.1	0
BSU_19710	GO:0008270	2	0.1	0
BSU_29160	GO:0046686	2	0.1	0
BSU_35510	GO:0016491	2	0.1	0
BSU_05140	GO:0055085	2	0.1	0
BSU_40370	GO:0008270	2	0.1	0
BSU_32010	GO:0016491	2	0.1	0
BSU_40310	GO:0016491	2	0.1	0
BSU_18910	GO:0016491	2	0.1	0
BSU_27700	GO:0009401	2	0.1	0
BSU_32710	GO:0005886	2	0.1	0
BSU_04490	GO:0045454	2	0.1	0
BSU_05020	GO:0016491	2	0.1	0
BSU_18200	GO:0016491	2	0.1	0
BSU_15100	GO:0045454	2	0.1	0
BSU_08520	GO:0016491	2	0.1	0
BSU_11130	GO:0016491	2	0.1	0
BSU_11530	GO:0016491	2	0.1	0
BSU_17370	GO:0045454	2	0.1	0
BSU_08590	GO:0046872	2	0.1	0
BSU_04670	GO:0009089	2	0.1	0
BSU_37770	GO:0046872	2	0.1	0
BSU_20070	GO:0045454	2	0.1	0
BSU_32500	GO:0045454	2	0.1	0
BSU_00320	GO:0016853	2	0.1	0
BSU_03360	GO:0046872	2	0.1	0
BSU_05010	GO:0009058	2	0.1	0
BSU_23140	GO:0016301	2	0.1	0
BSU_31970	GO:0030436	2	0.1	0
BSU_19240	GO:0005737	2	0.1	0
BSU_00320	GO:0016765	2	0.1	0
BSU_15030	GO:0043595	2	0.1	0
BSU_29239	GO:0043595	2	0.1	0
BSU_40390	GO:0016491	2	0.1	0
BSU_40370	GO:0016491	2	0.1	0
BSU_30900	GO:0043595	2	0.1	0
BSU_02310	GO:0046677	2	0.1	1
BSU_38530	GO:0006813	2	0.1	0
BSU_19710	GO:0016491	2	0.1	0
BSU_37900	GO:0072488	2	0.1	0
BSU_15250	GO:0030436	2	0.1	0
BSU_24410	GO:0030436	2	0.1	0
BSU_31390	GO:0005524	2	0.1	0
BSU_23430	GO:0030436	2	0.1	0
BSU_23440	GO:0030436	2	0.1	0
BSU_07880	GO:0004725	2	0.1	1
BSU_38420	GO:0005886	2	0.1	0
BSU_23420	GO:0030436	2	0.1	0
BSU_32350	GO:0030436	2	0.1	0
BSU_11770	GO:0003690	2	0.1	0
BSU_09940	GO:0003690	2	0.1	0
BSU_18200	GO:0005886	2	0.1	0
BSU_09958	GO:0030436	2	0.1	0
BSU_07070	GO:0005886	2	0.1	0
BSU_22920	GO:0005886	2	0.1	0
BSU_32730	GO:0016020	2	0.1	0
BSU_40380	GO:0006813	2	0.1	0
BSU_14800	GO:0030436	2	0.1	0
BSU_25350	GO:0030436	2	0.1	0
BSU_15030	GO:0030436	2	0.1	0
BSU_29239	GO:0030436	2	0.1	0
BSU_34780	GO:0016491	2	0.1	0
BSU_30900	GO:0030436	2	0.1	0
BSU_30910	GO:0030436	2	0.1	0
BSU_13830	GO:0030436	2	0.1	0
BSU_16950	GO:0030436	2	0.1	0
BSU_21750	GO:0016491	2	0.1	0
BSU_09150	GO:0030436	2	0.1	0
BSU_14800	GO:0043595	2	0.1	0
BSU_09550	GO:0016757	2	0.1	0
BSU_25350	GO:0043595	2	0.1	0
BSU_11790	GO:0030436	2	0.1	0
BSU_00240	GO:0016491	2	0.1	0
BSU_04630	GO:0030436	2	0.1	0
BSU_30920	GO:0030436	2	0.1	0
BSU_00890	GO:0016491	2	0.1	0
BSU_32730	GO:0000160	2	0.1	0
BSU_17900	GO:0003690	2	0.1	0
BSU_11770	GO:0030436	2	0.1	0
BSU_09940	GO:0030436	2	0.1	0
BSU_13830	GO:0043595	2	0.1	0
BSU_29480	GO:0003690	2	0.1	0
BSU_40380	GO:0072488	2	0.1	0
BSU_26830	GO:0009229	2	0.1	0
BSU_29700	GO:0030436	2	0.1	0
BSU_35890	GO:0072488	2	0.1	0
BSU_17900	GO:0030436	2	0.1	0
BSU_18910	GO:0003723	2	0.1	0
BSU_16950	GO:0043595	2	0.1	0
BSU_33100	GO:0006813	2	0.1	0
BSU_33100	GO:0072488	2	0.1	0
BSU_31540	GO:0006813	2	0.1	0
BSU_40310	GO:0003723	2	0.1	0
BSU_17900	GO:0005886	2	0.1	0
BSU_13880	GO:0005886	2	0.1	0
BSU_09150	GO:0043595	2	0.1	0
BSU_30610	GO:0005886	2	0.1	0
BSU_38229	GO:0003700	2	0.1	0
BSU_40620	GO:0005886	2	0.1	0
BSU_04650	GO:0003700	2	0.1	0
BSU_24600	GO:0003700	2	0.1	0
BSU_04300	GO:0072488	2	0.1	0
BSU_33780	GO:0072488	2	0.1	0
BSU_29700	GO:0003690	2	0.1	0
BSU_02770	GO:0005886	2	0.1	0
BSU_22920	GO:0030436	2	0.1	0
BSU_00240	GO:0030436	2	0.1	0
BSU_32710	GO:0005886	2	0.1	0
BSU_01740	GO:0009229	2	0.1	0
BSU_30910	GO:0043595	2	0.1	0
BSU_11530	GO:0008270	2	0.1	0
BSU_24400	GO:0030436	2	0.1	0
BSU_36750	GO:0003690	2	0.1	0
BSU_24380	GO:0030436	2	0.1	0
BSU_24370	GO:0030436	2	0.1	0
BSU_27890	GO:0043565	2	0.1	0
BSU_17700	GO:0030436	2	0.1	0
BSU_28660	GO:0043595	2	0.1	0
BSU_16730	GO:0030436	2	0.1	0
BSU_36970	GO:0030436	2	0.1	0
BSU_30270	GO:0016020	2	0.1	0
BSU_02720	GO:0043565	2	0.1	0
BSU_40390	GO:0006813	2	0.1	0
BSU_29290	GO:0016491	2	0.1	0
BSU_11760	GO:0005515	2	0.1	0
BSU_32630	GO:0003723	2	0.1	0
BSU_27490	GO:0005886	2	0.1	0
BSU_09530	GO:0030497	2	0.1	0
BSU_10610	GO:0030497	2	0.1	0
BSU_18940	GO:0016491	2	0.1	0
BSU_09450	GO:0030497	2	0.1	0
BSU_40000	GO:0030497	2	0.1	0
BSU_26830	GO:0005886	2	0.1	0
BSU_10400	GO:0030497	2	0.1	0
BSU_11130	GO:0003723	2	0.1	0
BSU_39780	GO:0030497	2	0.1	0
BSU_11530	GO:0003723	2	0.1	0
BSU_32420	GO:0051775	2	0.1	0
BSU_07620	GO:0016491	2	0.1	0
BSU_11810	GO:0043595	2	0.1	0
BSU_04490	GO:0030497	2	0.1	0
BSU_23180	GO:0043595	2	0.1	0
BSU_15100	GO:0030497	2	0.1	0
BSU_08520	GO:0003723	2	0.1	0
BSU_34330	GO:0005978	2	0.1	0
BSU_09510	GO:0005886	2	0.1	0
BSU_30840	GO:0016491	2	0.1	0
BSU_12350	GO:0006571	2	0.1	0
BSU_12320	GO:0006571	2	0.1	0
BSU_14150	GO:0005737	2	0.1	0
BSU_32710	GO:0005886	2	0.1	0
BSU_37720	GO:0006571	2	0.1	0
BSU_02770	GO:0030497	2	0.1	0
BSU_03770	GO:0003723	2	0.1	0
BSU_32630	GO:0030497	2	0.1	0
BSU_05010	GO:0003723	2	0.1	0
BSU_16730	GO:0030497	2	0.1	0
BSU_05020	GO:0003723	2	0.1	0
BSU_27770	GO:0030497	2	0.1	0
BSU_29050	GO:0030497	2	0.1	0
BSU_37720	GO:0030497	2	0.1	0
BSU_12320	GO:0030497	2	0.1	0
BSU_12350	GO:0030497	2	0.1	0
BSU_18200	GO:0003723	2	0.1	0
BSU_04190	GO:0030497	2	0.1	0
BSU_00320	GO:0046872	2	0.1	0
BSU_25250	GO:0051775	2	0.1	0
BSU_24640	GO:0005886	2	0.1	0
BSU_02620	GO:0006537	2	0.1	0
BSU_30270	GO:0006412	2	0.1	0
BSU_31020	GO:0006813	2	0.1	0
BSU_08310	GO:0005886	2	0.1	0
BSU_00320	GO:0030145	2	0.1	0
BSU_37410	GO:0016491	2	0.1	0
BSU_26830	GO:0005886	2	0.1	0
BSU_32730	GO:0055085	2	0.1	0
BSU_34310	GO:0016757	2	0.1	0
BSU_02620	GO:0005886	2	0.1	0
BSU_04480	GO:0005737	2	0.1	0
BSU_25380	GO:0006813	2	0.1	0
BSU_01760	GO:0006813	2	0.1	0
BSU_04670	GO:0009102	2	0.1	0
BSU_04480	GO:0016020	2	0.1	0
BSU_08310	GO:0005886	2	0.1	0
BSU_38420	GO:0005886	2	0.1	0
BSU_37900	GO:0005886	2	0.1	0
BSU_04300	GO:0005886	2	0.1	0
BSU_35890	GO:0005886	2	0.1	0
BSU_23000	GO:0005886	2	0.1	0
BSU_25530	GO:0005886	2	0.1	0
BSU_36750	GO:0005886	2	0.1	0
BSU_25170	GO:0016491	2	0.1	0
BSU_03770	GO:0046872	2	0.1	0
BSU_31970	GO:0006537	2	0.1	0
BSU_34770	GO:0005886	2	0.1	0
BSU_17900	GO:0005886	2	0.1	0
BSU_01960	GO:0006813	2	0.1	0
BSU_13880	GO:0005886	2	0.1	0
BSU_27700	GO:0016020	2	0.1	0
BSU_23170	GO:0043595	2	0.1	0
BSU_34220	GO:0016757	2	0.1	0
BSU_39780	GO:0016491	2	0.1	1
BSU_00320	GO:0005886	2	0.1	0
BSU_02620	GO:0005886	2	0.1	0
BSU_38420	GO:0005886	2	0.1	0
BSU_38070	GO:0005886	2	0.1	0
BSU_32710	GO:0005886	2	0.1	0
BSU_35230	GO:0006364	2	0.1	0
BSU_05010	GO:0046872	2	0.1	0
BSU_10010	GO:0006813	2	0.1	0
BSU_34290	GO:0016757	2	0.1	0
BSU_34090	GO:0005886	2	0.1	0
BSU_23000	GO:0072488	2	0.1	0
BSU_34290	GO:0016765	2	0.1	0
BSU_23430	GO:0043595	2	0.1	0
BSU_32710	GO:0003700	2	0.1	0
BSU_05010	GO:0003677	2	0.1	0
BSU_23420	GO:0043595	2	0.1	0
BSU_39540	GO:0016757	2	0.1	0
BSU_03550	GO:0003700	2	0.1	0
BSU_11530	GO:0016746	2	0.1	0
BSU_02310	GO:0016757	2	0.1	0
BSU_09550	GO:0003700	2	0.1	0
BSU_24390	GO:0016020	2	0.1	0
BSU_18190	GO:0005576	2	0.1	0
BSU_08520	GO:0016746	2	0.1	0
BSU_11130	GO:0006508	2	0.1	0
BSU_09500	GO:0016757	2	0.1	0
BSU_03550	GO:0006813	2	0.1	0
BSU_09510	GO:0016757	2	0.1	0
BSU_24380	GO:0016020	2	0.1	0
BSU_03610	GO:0006813	2	0.1	0
BSU_18200	GO:0016746	2	0.1	0
BSU_36970	GO:0016757	2	0.1	0
BSU_23440	GO:0043595	2	0.1	0
BSU_09510	GO:0005886	2	0.1	0
BSU_01740	GO:0006813	2	0.1	0
BSU_08310	GO:0005886	2	0.1	0
BSU_29480	GO:0003700	2	0.1	0
BSU_35890	GO:0005886	2	0.1	0
BSU_14740	GO:0003700	2	0.1	0
BSU_31410	GO:0003690	2	0.1	0
BSU_27700	GO:0005975	2	0.1	0
BSU_02720	GO:0003690	2	0.1	0
BSU_23000	GO:0005886	2	0.1	0
BSU_18200	GO:0003700	2	0.1	0
BSU_01550	GO:0016020	2	0.1	0
BSU_17980	GO:0016747	2	0.1	0
BSU_31540	GO:0005576	2	0.1	0
BSU_09550	GO:0006813	2	0.1	0
BSU_27830	GO:0005886	2	0.1	0
BSU_15250	GO:0043595	2	0.1	0
BSU_09550	GO:0016757	2	0.1	0
BSU_24410	GO:0043595	2	0.1	0
BSU_18200	GO:0008270	2	0.1	0
BSU_11810	GO:0005886	2	0.1	0
BSU_23000	GO:0016757	2	0.1	0
BSU_05020	GO:0016746	2	0.1	0
BSU_05010	GO:0016746	2	0.1	0
BSU_17590	GO:0003690	2	0.1	0
BSU_34770	GO:0071555	2	0.1	0
BSU_38070	GO:0003700	2	0.1	0
BSU_38420	GO:0003700	2	0.1	0
BSU_27490	GO:0005886	2	0.1	0
BSU_29380	GO:0015700	2	0.1	0
BSU_25380	GO:0016020	2	0.1	0
BSU_29370	GO:0015700	2	0.1	0
BSU_18030	GO:0005886	2	0.1	0
BSU_10480	GO:0006508	2	0.1	0
BSU_24400	GO:0015700	2	0.1	0
BSU_11750	GO:0006221	2	0.1	0
BSU_24380	GO:0015700	2	0.1	0
BSU_24370	GO:0015700	2	0.1	0
BSU_10900	GO:0004425	2	0.1	0
BSU_11530	GO:0004521	2	0.1	0
BSU_11130	GO:0004521	2	0.1	0
BSU_24390	GO:0015700	2	0.1	0
BSU_00320	GO:0016746	2	0.1	0
BSU_32630	GO:0004521	2	0.1	0
BSU_08520	GO:0004521	2	0.1	0
BSU_18940	GO:0006508	2	0.1	0
BSU_33780	GO:0004425	2	0.1	0
BSU_32350	GO:0043595	2	0.1	0
BSU_37410	GO:0071555	2	0.1	0
BSU_03360	GO:0003824	2	0.1	0
BSU_26830	GO:0004425	2	0.1	0
BSU_38530	GO:0015700	2	0.1	0
BSU_34770	GO:0006508	2	0.1	0
BSU_03770	GO:0016746	2	0.1	0
BSU_01740	GO:0004425	2	0.1	0
BSU_29370	GO:0016020	2	0.1	0
BSU_29380	GO:0016020	2	0.1	0
BSU_00890	GO:0004425	2	0.1	0
BSU_22920	GO:0006508	2	0.1	0
BSU_37410	GO:0006508	2	0.1	0
BSU_33100	GO:0015700	2	0.1	0
BSU_39080	GO:0003700	2	0.1	0
BSU_36970	GO:0006508	2	0.1	0
BSU_13880	GO:0003700	2	0.1	0
BSU_31540	GO:0015700	2	0.1	0
BSU_30920	GO:0043595	2	0.1	0
BSU_38530	GO:0016020	2	0.1	0
BSU_27700	GO:0030420	2	0.1	0
BSU_24410	GO:0016747	2	0.1	0
BSU_07900	GO:0006813	2	0.1	0
BSU_32730	GO:0016020	2	0.1	0
BSU_02620	GO:0005886	2	0.1	0
BSU_17900	GO:0005886	2	0.1	0
BSU_21750	GO:0016747	2	0.1	0
BSU_04630	GO:0043595	2	0.1	0
BSU_34780	GO:0016747	2	0.1	0
BSU_09958	GO:0043595	2	0.1	0
BSU_25170	GO:0016747	2	0.1	0
BSU_26280	GO:0003690	2	0.1	0
BSU_14800	GO:0005886	2	0.1	0
BSU_07620	GO:0016747	2	0.1	0
BSU_04480	GO:0000160	2	0.1	0
BSU_18940	GO:0016747	2	0.1	0
BSU_29290	GO:0016747	2	0.1	0
BSU_10610	GO:0016747	2	0.1	0
BSU_30840	GO:0016747	2	0.1	0
BSU_29239	GO:0005886	2	0.1	0
BSU_15440	GO:0016747	2	0.1	0
BSU_39680	GO:0016747	2	0.1	0
BSU_13830	GO:0005886	2	0.1	0
BSU_19240	GO:0016747	2	0.1	0
BSU_09510	GO:0072488	2	0.1	0
BSU_38070	GO:0005886	2	0.1	0
BSU_23430	GO:0016747	2	0.1	0
BSU_17910	GO:0006813	2	0.1	0
BSU_24400	GO:0006813	2	0.1	0
BSU_24380	GO:0006813	2	0.1	0
BSU_00830	GO:0006221	2	0.1	0
BSU_27490	GO:0005886	2	0.1	0
BSU_24370	GO:0006813	2	0.1	0
BSU_11530	GO:0016757	2	0.1	0
BSU_30270	GO:0000160	2	0.1	0
BSU_11130	GO:0016747	2	0.1	0
BSU_19700	GO:0016747	2	0.1	0
BSU_00320	GO:0005886	2	0.1	0
BSU_34730	GO:0016747	2	0.1	0
BSU_14340	GO:0072488	2	0.1	0
BSU_00890	GO:0016747	2	0.1	0
BSU_19710	GO:0016747	2	0.1	0
BSU_08520	GO:0016757	2	0.1	0
BSU_34090	GO:0005886	2	0.1	0
BSU_40370	GO:0016747	2	0.1	0
BSU_40390	GO:0016747	2	0.1	0
BSU_11790	GO:0043595	2	0.1	0
BSU_09150	GO:0005886	2	0.1	0
BSU_03550	GO:0072488	2	0.1	0
BSU_11740	GO:0005737	2	0.1	0
BSU_11750	GO:0005737	2	0.1	0
BSU_00830	GO:0000725	2	0.1	0
BSU_17980	GO:0043595	2	0.1	0
BSU_09940	GO:0016747	2	0.1	0
BSU_36970	GO:0016747	2	0.1	0
BSU_07360	GO:0005886	2	0.1	0
BSU_16730	GO:0016747	2	0.1	0
BSU_26280	GO:0003700	2	0.1	0
BSU_27890	GO:0003690	2	0.1	0
BSU_09940	GO:0006813	2	0.1	0
BSU_22920	GO:0016747	2	0.1	0
BSU_09500	GO:0006813	2	0.1	0
BSU_30920	GO:0016747	2	0.1	0
BSU_23140	GO:0016020	2	0.1	0
BSU_17590	GO:0003700	2	0.1	0
BSU_04300	GO:0005886	2	0.1	0
BSU_33780	GO:0005886	2	0.1	0
BSU_32350	GO:0016747	2	0.1	0
BSU_30270	GO:0016020	2	0.1	0
BSU_23440	GO:0016747	2	0.1	0
BSU_18910	GO:0016746	2	0.1	0
BSU_29700	GO:0016747	2	0.1	0
BSU_40310	GO:0016746	2	0.1	0
BSU_34330	GO:0005886	2	0.1	0
BSU_25060	GO:0005886	2	0.1	0
BSU_14740	GO:0006813	2	0.1	0
BSU_08520	GO:0016747	2	0.1	0
BSU_32630	GO:0016747	2	0.1	0
BSU_14340	GO:0006813	2	0.1	0
BSU_02720	GO:0003700	2	0.1	0
BSU_31410	GO:0003700	2	0.1	0
BSU_09958	GO:0005886	2	0.1	0
BSU_12320	GO:0016747	2	0.1	0
BSU_16080	GO:0005886	2	0.1	0
BSU_35510	GO:0016747	2	0.1	0
BSU_32010	GO:0016747	2	0.1	0
BSU_33750	GO:0016747	2	0.1	0
BSU_27700	GO:0000160	2	0.1	0
BSU_26830	GO:0005886	2	0.1	0
BSU_27890	GO:0003700	2	0.1	0
BSU_01740	GO:0016020	2	0.1	0
BSU_11810	GO:0016747	2	0.1	0
BSU_07230	GO:0071949	2	0.1	1
BSU_15440	GO:0016491	2	0.1	0
BSU_00830	GO:0046872	2	0.1	0
BSU_02540	GO:0030435	2	0.1	0
BSU_00570	GO:0030435	2	0.1	0
BSU_24390	GO:0015295	2	0.1	0
BSU_24400	GO:0032218	2	0.1	0
BSU_24380	GO:0032218	2	0.1	0
BSU_26700	GO:0030435	2	0.1	0
BSU_17900	GO:0016887	2	0.1	0
BSU_36750	GO:0016887	2	0.1	0
BSU_24370	GO:0032218	2	0.1	0
BSU_30595	GO:0030435	2	0.1	0
BSU_29700	GO:0016887	2	0.1	0
BSU_15400	GO:0055085	2	0.1	0
BSU_24390	GO:0032218	2	0.1	0
BSU_29380	GO:0055085	2	0.1	0
BSU_29370	GO:0055085	2	0.1	0
BSU_21750	GO:0030435	2	0.1	0
BSU_09940	GO:0016887	2	0.1	0
BSU_11770	GO:0016887	2	0.1	0
BSU_17900	GO:0005886	2	0.1	0
BSU_01740	GO:0009697	2	0.1	0
BSU_35510	GO:0006508	2	0.1	0
BSU_02920	GO:0030435	2	0.1	0
BSU_24380	GO:0055085	2	0.1	0
BSU_29370	GO:0032218	2	0.1	0
BSU_33750	GO:0006508	2	0.1	0
BSU_34310	GO:0016020	2	0.1	0
BSU_34300	GO:0016020	2	0.1	0
BSU_34290	GO:0016020	2	0.1	0
BSU_14010	GO:0071793	2	0.1	0
BSU_16730	GO:0005886	2	0.1	0
BSU_34220	GO:0016020	2	0.1	0
BSU_38530	GO:0055085	2	0.1	0
BSU_32010	GO:0006508	2	0.1	0
BSU_30910	GO:0071793	2	0.1	0
BSU_08600	GO:0071793	2	0.1	0
BSU_31540	GO:0055085	2	0.1	0
BSU_13440	GO:0030435	2	0.1	0
BSU_02520	GO:0016887	2	0.1	0
BSU_34280	GO:0016020	2	0.1	0
BSU_33180	GO:0030435	2	0.1	0
BSU_36970	GO:0005886	2	0.1	0
BSU_34340	GO:0016020	2	0.1	0
BSU_29380	GO:0032218	2	0.1	0
BSU_24400	GO:0055085	2	0.1	0
BSU_24370	GO:0055085	2	0.1	0
BSU_39680	GO:0016491	2	0.1	0
BSU_17910	GO:0030435	2	0.1	0
BSU_07360	GO:0055085	2	0.1	0
BSU_00240	GO:0016887	2	0.1	0
BSU_22920	GO:0016887	2	0.1	0
BSU_09500	GO:0030435	2	0.1	0
BSU_07900	GO:0030435	2	0.1	0
BSU_09550	GO:0030435	2	0.1	0
BSU_04670	GO:0016779	2	0.1	0
BSU_03550	GO:0030435	2	0.1	0
BSU_16080	GO:0055085	2	0.1	0
BSU_00320	GO:0016829	2	0.1	0
BSU_24370	GO:0015295	2	0.1	0
BSU_04300	GO:0071793	2	0.1	0
BSU_04480	GO:0034220	2	0.1	0
BSU_11750	GO:0003677	2	0.1	0
BSU_30920	GO:0016887	2	0.1	0
BSU_07900	GO:0032218	2	0.1	0
BSU_34330	GO:0071793	2	0.1	0
BSU_29280	GO:0055085	2	0.1	0
BSU_32350	GO:0016887	2	0.1	0
BSU_14340	GO:0055085	2	0.1	0
BSU_26830	GO:0009697	2	0.1	0
BSU_00830	GO:0006364	2	0.1	0
BSU_14740	GO:0055085	2	0.1	0
BSU_24390	GO:0055085	2	0.1	0
BSU_01960	GO:0030435	2	0.1	0
BSU_14740	GO:0032218	2	0.1	0
BSU_14340	GO:0032218	2	0.1	0
BSU_38070	GO:0005886	2	0.1	0
BSU_36970	GO:0016887	2	0.1	0
BSU_10010	GO:0030435	2	0.1	0
BSU_31020	GO:0030435	2	0.1	0
BSU_16730	GO:0016887	2	0.1	0
BSU_17700	GO:0016887	2	0.1	0
BSU_12320	GO:0006508	2	0.1	0
BSU_01760	GO:0030435	2	0.1	0
BSU_03360	GO:0071793	2	0.1	0
BSU_40390	GO:0030435	2	0.1	0
BSU_40380	GO:0030435	2	0.1	0
BSU_24370	GO:0016887	2	0.1	0
BSU_24380	GO:0016887	2	0.1	0
BSU_24400	GO:0016887	2	0.1	0
BSU_33100	GO:0030435	2	0.1	0
BSU_07640	GO:0005737	2	0.1	0
BSU_23420	GO:0016020	2	0.1	0
BSU_34290	GO:0000271	2	0.1	1
BSU_12040	GO:0030435	2	0.1	0
BSU_37720	GO:0030435	2	0.1	0
BSU_33780	GO:0030435	2	0.1	0
BSU_09550	GO:0071793	2	0.1	0
BSU_09150	GO:0005886	2	0.1	0
BSU_04300	GO:0005886	2	0.1	0
BSU_23000	GO:0005886	2	0.1	0
BSU_30920	GO:0005886	2	0.1	0
BSU_17910	GO:0030435	2	0.1	0
BSU_25670	GO:0071793	2	0.1	0
BSU_13440	GO:0055085	2	0.1	0
BSU_07900	GO:0016020	2	0.1	0
BSU_14740	GO:0016020	2	0.1	0
BSU_32710	GO:0005886	2	0.1	0
BSU_02540	GO:0055085	2	0.1	0
BSU_13830	GO:0005886	2	0.1	0
BSU_08310	GO:0005886	2	0.1	0
BSU_24370	GO:0016020	2	0.1	0
BSU_24400	GO:0016020	2	0.1	0
BSU_28660	GO:0005886	2	0.1	0
BSU_30270	GO:0008966	2	0.1	0
BSU_33780	GO:0005886	2	0.1	0
BSU_02720	GO:0016887	2	0.1	0
BSU_02310	GO:0030435	2	0.1	0
BSU_17980	GO:0005886	2	0.1	0
BSU_27700	GO:0016020	2	0.1	0
BSU_37430	GO:0030435	2	0.1	0
BSU_09958	GO:0005886	2	0.1	0
BSU_35890	GO:0005886	2	0.1	0
BSU_02920	GO:0055085	2	0.1	0
BSU_01550	GO:0016020	2	0.1	0
BSU_39890	GO:0030435	2	0.1	0
BSU_33750	GO:0030435	2	0.1	0
BSU_34390	GO:0030435	2	0.1	0
BSU_02520	GO:0030435	2	0.1	0
BSU_09500	GO:0016020	2	0.1	0
BSU_09940	GO:0016020	2	0.1	0
BSU_32010	GO:0030435	2	0.1	0
BSU_36460	GO:0030435	2	0.1	0
BSU_32540	GO:0030435	2	0.1	0
BSU_21550	GO:0030435	2	0.1	0
BSU_30270	GO:0016020	2	0.1	0
BSU_15250	GO:0005886	2	0.1	0
BSU_30910	GO:0005886	2	0.1	0
BSU_31540	GO:0016020	2	0.1	0
BSU_30900	GO:0005886	2	0.1	0
BSU_27490	GO:0030435	2	0.1	0
BSU_17910	GO:0005737	2	0.1	0
BSU_21750	GO:0016020	2	0.1	0
BSU_01740	GO:0016301	2	0.1	0
BSU_34770	GO:0016887	2	0.1	0
BSU_03610	GO:0016020	2	0.1	0
BSU_32350	GO:0016020	2	0.1	0
BSU_00570	GO:0055085	2	0.1	0
BSU_17900	GO:0005737	2	0.1	0
BSU_14430	GO:0071793	2	0.1	0
BSU_04480	GO:0015711	2	0.1	0
BSU_21970	GO:0005737	2	0.1	0
BSU_20070	GO:0005737	2	0.1	0
BSU_22920	GO:0005886	2	0.1	0
BSU_15100	GO:0005737	2	0.1	0
BSU_25670	GO:0005737	2	0.1	0
BSU_00240	GO:0005886	2	0.1	0
BSU_30270	GO:0005524	2	0.1	0
BSU_34320	GO:0016020	2	0.1	0
BSU_30595	GO:0016020	2	0.1	0
BSU_34340	GO:0071793	2	0.1	0
BSU_34770	GO:0005886	2	0.1	0
BSU_34280	GO:0071793	2	0.1	0
BSU_07360	GO:0005886	2	0.1	0
BSU_40390	GO:0016020	2	0.1	0
BSU_01760	GO:0016020	2	0.1	0
BSU_32570	GO:0005886	2	0.1	0
BSU_37900	GO:0005886	2	0.1	0
BSU_29239	GO:0005886	2	0.1	0
BSU_31020	GO:0016020	2	0.1	0
BSU_10010	GO:0016020	2	0.1	0
BSU_14800	GO:0005886	2	0.1	0
BSU_14740	GO:0015295	2	0.1	0
BSU_14340	GO:0015295	2	0.1	0
BSU_01960	GO:0016020	2	0.1	0
BSU_15400	GO:0005737	2	0.1	0
BSU_34320	GO:0071793	2	0.1	0
BSU_32570	GO:0016887	2	0.1	0
BSU_34300	GO:0071793	2	0.1	0
BSU_09550	GO:0016020	2	0.1	0
BSU_09510	GO:0005886	2	0.1	0
BSU_04670	GO:0008966	2	0.1	0
BSU_37900	GO:0055085	2	0.1	0
BSU_04300	GO:0055085	2	0.1	0
BSU_03770	GO:0016829	2	0.1	0
BSU_00830	GO:0005524	2	0.1	0
BSU_11750	GO:0005886	2	0.1	0
BSU_32730	GO:0042906	2	0.1	0
BSU_27700	GO:0016020	2	0.1	0
BSU_14740	GO:0030288	2	0.1	0
BSU_16910	GO:0005524	2	0.1	0
BSU_09940	GO:0016491	2	0.1	0
BSU_09500	GO:0016491	2	0.1	0
BSU_07900	GO:0016491	2	0.1	0
BSU_32630	GO:0005829	2	0.1	0
BSU_09550	GO:0016491	2	0.1	0
BSU_11530	GO:0006508	2	0.1	0
BSU_30270	GO:0016020	2	0.1	0
BSU_32730	GO:0016020	2	0.1	0
BSU_11130	GO:0006508	2	0.1	0
BSU_01740	GO:0015295	2	0.1	0
BSU_00320	GO:0006281	2	0.1	0
BSU_18940	GO:0006281	2	0.1	1
BSU_32630	GO:0006508	2	0.1	0
BSU_14340	GO:0042906	2	0.1	0
BSU_12350	GO:0071793	2	0.1	0
BSU_03610	GO:0015295	2	0.1	0
BSU_09550	GO:0042906	2	0.1	0
BSU_18190	GO:0005829	2	0.1	0
BSU_40390	GO:0005737	2	0.1	0
BSU_40370	GO:0005737	2	0.1	0
BSU_03770	GO:0046872	2	0.1	0
BSU_00830	GO:0044780	2	0.1	0
BSU_29070	GO:0043595	2	0.1	0
BSU_19710	GO:0030288	2	0.1	0
BSU_03610	GO:0055085	2	0.1	0
BSU_02620	GO:0005829	2	0.1	0
BSU_04670	GO:0046872	2	0.1	0
BSU_07360	GO:0005829	2	0.1	0
BSU_01740	GO:0055085	2	0.1	0
BSU_19710	GO:0005737	2	0.1	0
BSU_14010	GO:0005829	2	0.1	0
BSU_00890	GO:0005737	2	0.1	0
BSU_07900	GO:0042906	2	0.1	0
BSU_32710	GO:0046872	2	0.1	0
BSU_04480	GO:0016020	2	0.1	0
BSU_31970	GO:0046872	2	0.1	0
BSU_12320	GO:0071793	2	0.1	0
BSU_14740	GO:0042906	2	0.1	0
BSU_07440	GO:0005829	2	0.1	0
BSU_11530	GO:0006633	2	0.1	0
BSU_11790	GO:0030435	2	0.1	1
BSU_24370	GO:0042906	2	0.1	0
BSU_19240	GO:0016491	2	0.1	0
BSU_07070	GO:0005886	2	0.1	0
BSU_14740	GO:0046872	2	0.1	1
BSU_24380	GO:0042906	2	0.1	0
BSU_32540	GO:0005829	2	0.1	0
BSU_24400	GO:0042906	2	0.1	0
BSU_01550	GO:0005737	2	0.1	0
BSU_05160	GO:0043565	2	0.1	0
BSU_39890	GO:0003723	2	0.1	0
BSU_12320	GO:0003824	2	0.1	0
BSU_11750	GO:0005737	2	0.1	0
BSU_39890	GO:0008168	2	0.1	1
BSU_12350	GO:0003824	2	0.1	0
BSU_18030	GO:0043595	2	0.1	0
BSU_07620	GO:0071793	2	0.1	0
BSU_16910	GO:0005737	2	0.1	0
BSU_00320	GO:0003723	2	0.1	0
BSU_00830	GO:0005737	2	0.1	0
BSU_27700	GO:0055085	2	0.1	0
BSU_00320	GO:0006633	2	0.1	0
BSU_01960	GO:0005829	2	0.1	0
BSU_03770	GO:0006633	2	0.1	0
BSU_08520	GO:0006508	2	0.1	0
BSU_37410	GO:0005829	2	0.1	0
BSU_16910	GO:0006364	2	0.1	0
BSU_18200	GO:0006508	2	0.1	0
BSU_03550	GO:0016491	2	0.1	0
BSU_05010	GO:0006633	2	0.1	0
BSU_05020	GO:0006508	2	0.1	0
BSU_32420	GO:0005737	2	0.1	0
BSU_37430	GO:0005829	2	0.1	0
BSU_18910	GO:0005829	2	0.1	0
BSU_05010	GO:0006508	2	0.1	0
BSU_24390	GO:0042906	2	0.1	0
BSU_03770	GO:0006508	2	0.1	0
BSU_19110	GO:0043595	2	0.1	0
BSU_29700	GO:0003824	2	0.1	0
BSU_25250	GO:0005737	2	0.1	0
BSU_32710	GO:0005886	2	0.1	0
BSU_16910	GO:0005737	2	0.1	0
BSU_27490	GO:0005829	2	0.1	0
BSU_23140	GO:0042906	2	0.1	0
BSU_33780	GO:0055085	2	0.1	0
BSU_35890	GO:0005886	2	0.1	0
BSU_23000	GO:0005886	2	0.1	0
BSU_30270	GO:0036402	2	0.1	0
BSU_11530	GO:0006281	2	0.1	0
BSU_32730	GO:0015295	2	0.1	0
BSU_00320	GO:0005886	2	0.1	0
BSU_23140	GO:0032218	2	0.1	0
BSU_30270	GO:0003677	2	0.1	0
BSU_29310	GO:0005829	2	0.1	0
BSU_23000	GO:0055085	2	0.1	0
BSU_17910	GO:0055085	2	0.1	0
BSU_15100	GO:0071793	2	0.1	0
BSU_14340	GO:0055085	2	0.1	0
BSU_09510	GO:0005886	2	0.1	0
BSU_03770	GO:0016740	2	0.1	0
BSU_07900	GO:0015295	2	0.1	0
BSU_18200	GO:0006281	2	0.1	0
BSU_30270	GO:0055085	2	0.1	0
BSU_04670	GO:0016740	2	0.1	0
BSU_24380	GO:0015295	2	0.1	0
BSU_24180	GO:0005737	2	0.1	0
BSU_11530	GO:0016829	2	0.1	0
BSU_04670	GO:0046872	2	0.1	0
BSU_16910	GO:0005515	2	0.1	0
BSU_05010	GO:0016829	2	0.1	0
BSU_30000	GO:0055085	2	0.1	0
BSU_29700	GO:0071793	2	0.1	0
BSU_05020	GO:0016829	2	0.1	0
BSU_04670	GO:0003677	2	0.1	0
BSU_19110	GO:0030435	2	0.1	1
BSU_40380	GO:0055085	2	0.1	0
BSU_27770	GO:0071793	2	0.1	0
BSU_18200	GO:0016829	2	0.1	0
BSU_37900	GO:0005886	2	0.1	0
BSU_35890	GO:0055085	2	0.1	0
BSU_08520	GO:0016829	2	0.1	0
BSU_04300	GO:0005886	2	0.1	0
BSU_33100	GO:0055085	2	0.1	0
BSU_29700	GO:0005886	2	0.1	0
BSU_31970	GO:0016740	2	0.1	0
BSU_32710	GO:0016740	2	0.1	0
BSU_17900	GO:0005886	2	0.1	0
BSU_09550	GO:0032218	2	0.1	0
BSU_32710	GO:0005829	2	0.1	0
BSU_24400	GO:0015295	2	0.1	0
BSU_31970	GO:0016791	2	0.1	0
BSU_23140	GO:0016740	2	0.1	0
BSU_07900	GO:0055085	2	0.1	0
BSU_18910	GO:0006508	2	0.1	0
BSU_18940	GO:0005737	2	0.1	0
BSU_07620	GO:0005737	2	0.1	0
BSU_01740	GO:0042906	2	0.1	0
BSU_14740	GO:0009697	2	0.1	0
BSU_30270	GO:0046872	2	0.1	0
BSU_01740	GO:0032218	2	0.1	0
BSU_09550	GO:0055085	2	0.1	0
BSU_03610	GO:0042906	2	0.1	0
BSU_30270	GO:0046872	2	0.1	0
BSU_23140	GO:0046872	2	0.1	0
BSU_23140	GO:0055085	2	0.1	0
BSU_17910	GO:0043595	2	0.1	0
BSU_34780	GO:0005737	2	0.1	0
BSU_16910	GO:0044780	2	0.1	0
BSU_21750	GO:0005737	2	0.1	0
BSU_40310	GO:0071793	2	0.1	0
BSU_00830	GO:0032993	2	0.1	0
BSU_40310	GO:0016829	2	0.1	0
BSU_18910	GO:0016829	2	0.1	0
BSU_40310	GO:0006508	2	0.1	0
BSU_15440	GO:0005737	2	0.1	0
BSU_01740	GO:0008233	2	0.1	0
BSU_05010	GO:0006281	2	0.1	0
BSU_09510	GO:0055085	2	0.1	0
BSU_02770	GO:0005737	2	0.1	0
BSU_40310	GO:0003824	2	0.1	0
BSU_34770	GO:0005886	2	0.1	0
BSU_19240	GO:0005737	2	0.1	0
BSU_39680	GO:0005737	2	0.1	0
BSU_29290	GO:0005829	2	0.1	0
BSU_03550	GO:0055085	2	0.1	0
BSU_29280	GO:0005829	2	0.1	0
BSU_03770	GO:0006281	2	0.1	0
BSU_09550	GO:0015295	2	0.1	0
BSU_23140	GO:0015295	2	0.1	0
BSU_30840	GO:0005737	2	0.1	0
BSU_10610	GO:0005737	2	0.1	0
BSU_03610	GO:0032218	2	0.1	0
BSU_29290	GO:0005737	2	0.1	0
BSU_17910	GO:0015700	2	0.1	0
BSU_09500	GO:0016757	2	0.1	0
BSU_05020	GO:0004521	2	0.1	0
BSU_00320	GO:0005886	2	0.1	0
BSU_03610	GO:0055085	2	0.1	0
BSU_33950	GO:0006950	2	0.1	0
BSU_39540	GO:0003677	2	0.1	0
BSU_00320	GO:0003700	2	0.1	0
BSU_19720	GO:0000271	2	0.1	0
BSU_14010	GO:0016746	2	0.1	0
BSU_39680	GO:0003677	2	0.1	0
BSU_19730	GO:0000271	2	0.1	0
BSU_38070	GO:0005886	2	0.1	0
BSU_14430	GO:0016746	2	0.1	0
BSU_23420	GO:0055085	2	0.1	0
BSU_04480	GO:0097588	2	0.1	0
BSU_27890	GO:0003700	2	0.1	0
BSU_19710	GO:0003677	2	0.1	0
BSU_07640	GO:0003677	2	0.1	0
BSU_29480	GO:0043565	2	0.1	0
BSU_35230	GO:0051287	2	0.1	0
BSU_33950	GO:0003700	2	0.1	0
BSU_25250	GO:0003700	2	0.1	0
BSU_40310	GO:0071555	2	0.1	0
BSU_23140	GO:0055085	2	0.1	0
BSU_03770	GO:0005829	2	0.1	0
BSU_03770	GO:0003700	2	0.1	0
BSU_07070	GO:0005886	2	0.1	0
BSU_01740	GO:0003824	2	0.1	0
BSU_01740	GO:0030288	2	0.1	0
BSU_34780	GO:0003677	2	0.1	0
BSU_32710	GO:0005886	2	0.1	0
BSU_03610	GO:0016020	2	0.1	0
BSU_40310	GO:0016042	2	0.1	0
BSU_15100	GO:0003824	2	0.1	0
BSU_24640	GO:0016042	2	0.1	0
BSU_03360	GO:0016746	2	0.1	0
BSU_01740	GO:0016020	2	0.1	0
BSU_04480	GO:0065002	2	0.1	0
BSU_09550	GO:0055085	2	0.1	0
BSU_32710	GO:0005886	2	0.1	0
BSU_00890	GO:0030288	2	0.1	0
BSU_00320	GO:0005829	2	0.1	0
BSU_25170	GO:0005886	2	0.1	0
BSU_05020	GO:0016042	2	0.1	0
BSU_30270	GO:0065002	2	0.1	0
BSU_30270	GO:0097588	2	0.1	0
BSU_02770	GO:0005886	2	0.1	0
BSU_40310	GO:0003677	2	0.1	0
BSU_14430	GO:0030435	2	0.1	0
BSU_11530	GO:0005829	2	0.1	0
BSU_40390	GO:0005737	2	0.1	0
BSU_00240	GO:0005737	2	0.1	0
BSU_24600	GO:0003700	2	0.1	0
BSU_30010	GO:0003677	2	0.1	0
BSU_34770	GO:0030435	2	0.1	0
BSU_38660	GO:0003677	2	0.1	0
BSU_08310	GO:0030435	2	0.1	0
BSU_02520	GO:0003677	2	0.1	0
BSU_30010	GO:0005886	2	0.1	0
BSU_07620	GO:0003677	2	0.1	0
BSU_30270	GO:0016020	2	0.1	0
BSU_04480	GO:0016020	2	0.1	0
BSU_14150	GO:0009055	2	0.1	0
BSU_37410	GO:0005737	2	0.1	0
BSU_27700	GO:0016020	2	0.1	0
BSU_40620	GO:0005886	2	0.1	0
BSU_33160	GO:0003677	2	0.1	0
BSU_38660	GO:0005886	2	0.1	0
BSU_09550	GO:0016020	2	0.1	0
BSU_23140	GO:0016020	2	0.1	0
BSU_03360	GO:0003677	2	0.1	0
BSU_22920	GO:0005886	2	0.1	0
BSU_00830	GO:0051287	2	0.1	0
BSU_07070	GO:0003677	2	0.1	0
BSU_02620	GO:0003677	2	0.1	0
BSU_00890	GO:0005737	2	0.1	0
BSU_05010	GO:0005829	2	0.1	0
BSU_01740	GO:0005737	2	0.1	0
BSU_26830	GO:0005737	2	0.1	0
BSU_01550	GO:0016020	2	0.1	0
BSU_24640	GO:0071555	2	0.1	0
BSU_34400	GO:0003824	2	0.1	0
BSU_11130	GO:0005886	2	0.1	0
BSU_32630	GO:0005886	2	0.1	0
BSU_07070	GO:0005886	2	0.1	0
BSU_34240	GO:0000271	2	0.1	0
BSU_14740	GO:0005737	2	0.1	0
BSU_32570	GO:0030435	2	0.1	0
BSU_32710	GO:0030435	2	0.1	0
BSU_08520	GO:0005886	2	0.1	0
BSU_01740	GO:0055085	2	0.1	0
BSU_26830	GO:0005886	2	0.1	0
BSU_23140	GO:0016020	2	0.1	0
BSU_08310	GO:0005886	2	0.1	0
BSU_32420	GO:0032357	2	0.1	0
BSU_40310	GO:0016746	2	0.1	0
BSU_03770	GO:0006434	2	0.1	0
BSU_03360	GO:0003677	2	0.1	0
BSU_24380	GO:0030420	2	0.1	0
BSU_27890	GO:0000160	2	0.1	0
BSU_00320	GO:0003677	2	0.1	0
BSU_12320	GO:0016853	2	0.1	0
BSU_03770	GO:0004252	2	0.1	0
BSU_02620	GO:0005886	2	0.1	0
BSU_05010	GO:0005576	2	0.1	0
BSU_05010	GO:0004252	2	0.1	0
BSU_07620	GO:0016042	2	0.1	0
BSU_05020	GO:0004252	2	0.1	0
BSU_38420	GO:0005886	2	0.1	0
BSU_14740	GO:0005737	2	0.1	0
BSU_17820	GO:0003677	2	0.1	0
BSU_38530	GO:0016020	2	0.1	0
BSU_14010	GO:0003677	2	0.1	0
BSU_14430	GO:0003677	2	0.1	0
BSU_24390	GO:0030420	2	0.1	0
BSU_03770	GO:0003677	2	0.1	0
BSU_00240	GO:0005737	2	0.1	0
BSU_18910	GO:0005576	2	0.1	0
BSU_03610	GO:0005576	2	0.1	0
BSU_01740	GO:0005737	2	0.1	0
BSU_14010	GO:0003677	2	0.1	0
BSU_33950	GO:0000160	2	0.1	0
BSU_12350	GO:0016746	2	0.1	0
BSU_01740	GO:0005576	2	0.1	0
BSU_11530	GO:0003677	2	0.1	0
BSU_11130	GO:0003677	2	0.1	0
BSU_12320	GO:0016746	2	0.1	0
BSU_15100	GO:0003677	2	0.1	0
BSU_03770	GO:0003677	2	0.1	0
BSU_00320	GO:0006434	2	0.1	0
BSU_08520	GO:0003677	2	0.1	0
BSU_29700	GO:0003677	2	0.1	0
BSU_18200	GO:0003677	2	0.1	0
BSU_16280	GO:0044780	2	0.1	0
BSU_05020	GO:0003677	2	0.1	0
BSU_05010	GO:0003677	2	0.1	0
BSU_26830	GO:0003824	2	0.1	0
BSU_00240	GO:0009229	2	0.1	0
BSU_09940	GO:0003677	2	0.1	0
BSU_38070	GO:0005886	2	0.1	0
BSU_31540	GO:0016020	2	0.1	0
BSU_02620	GO:0016042	2	0.1	0
BSU_31970	GO:0016042	2	0.1	0
BSU_02310	GO:0003677	2	0.1	0
BSU_14740	GO:0016020	2	0.1	0
BSU_38229	GO:0003677	2	0.1	0
BSU_24600	GO:0003677	2	0.1	0
BSU_01550	GO:0016887	2	0.1	0
BSU_04650	GO:0003677	2	0.1	0
BSU_16730	GO:0003824	2	0.1	0
BSU_00890	GO:0005576	2	0.1	0
BSU_16910	GO:0030435	2	0.1	0
BSU_32710	GO:0030435	2	0.1	0
BSU_27700	GO:0065002	2	0.1	0
BSU_32730	GO:0016020	2	0.1	0
BSU_00320	GO:0005576	2	0.1	0
BSU_17590	GO:0043565	2	0.1	0
BSU_26830	GO:0030288	2	0.1	0
BSU_27490	GO:0005886	2	0.1	0
BSU_38420	GO:0005886	2	0.1	0
BSU_07620	GO:0003677	2	0.1	0
BSU_29700	GO:0016746	2	0.1	0
BSU_24390	GO:0016020	2	0.1	0
BSU_34090	GO:0005886	2	0.1	0
BSU_34090	GO:0005886	2	0.1	0
BSU_10900	GO:0003677	2	0.1	0
BSU_00320	GO:0009314	2	0.1	0
BSU_40620	GO:0003677	2	0.1	0
BSU_38070	GO:0003677	2	0.1	0
BSU_03770	GO:0005576	2	0.1	0
BSU_29380	GO:0016020	2	0.1	0
BSU_29370	GO:0016020	2	0.1	0
BSU_36490	GO:0003677	2	0.1	0
BSU_03360	GO:0016042	2	0.1	0
BSU_27490	GO:0005886	2	0.1	0
BSU_19710	GO:0016042	2	0.1	0
BSU_32710	GO:0005576	2	0.1	0
BSU_08310	GO:0005886	2	0.1	0
BSU_24180	GO:0005576	2	0.1	0
BSU_24400	GO:0016020	2	0.1	0
BSU_24380	GO:0016020	2	0.1	0
BSU_17900	GO:0003677	2	0.1	0
BSU_40620	GO:0003677	2	0.1	0
BSU_24390	GO:0006465	2	0.1	0
BSU_17370	GO:0009055	2	0.1	0
BSU_29370	GO:0016020	2	0.1	0
BSU_25530	GO:0008652	2	0.1	0
BSU_36750	GO:0008652	2	0.1	0
BSU_02770	GO:0005886	2	0.1	0
BSU_31540	GO:0016020	2	0.1	0
BSU_24380	GO:0016020	2	0.1	0
BSU_05010	GO:0016798	2	0.1	0
BSU_09510	GO:0030435	2	0.1	0
BSU_18200	GO:0000271	2	0.1	0
BSU_08520	GO:0000271	2	0.1	0
BSU_03770	GO:0016798	2	0.1	0
BSU_32630	GO:0000271	2	0.1	0
BSU_25250	GO:0000917	2	0.1	0
BSU_14340	GO:0030435	2	0.1	0
BSU_01740	GO:0006782	2	0.1	0
BSU_33950	GO:0000917	2	0.1	0
BSU_17910	GO:0030435	2	0.1	0
BSU_23000	GO:0030435	2	0.1	0
BSU_33100	GO:0030435	2	0.1	0
BSU_14010	GO:0003677	2	0.1	0
BSU_17900	GO:0008652	2	0.1	0
BSU_11750	GO:0008233	2	0.1	0
BSU_31970	GO:0004324	2	0.1	0
BSU_03550	GO:0030435	2	0.1	0
BSU_00320	GO:0051537	2	0.1	0
BSU_24370	GO:0016020	2	0.1	0
BSU_02720	GO:0030435	2	0.1	0
BSU_24380	GO:0016020	2	0.1	0
BSU_40620	GO:0030435	2	0.1	0
BSU_33160	GO:0030435	2	0.1	0
BSU_02520	GO:0030435	2	0.1	0
BSU_05010	GO:0008652	2	0.1	0
BSU_38660	GO:0030435	2	0.1	0
BSU_30010	GO:0030435	2	0.1	0
BSU_24400	GO:0016020	2	0.1	0
BSU_40200	GO:0030435	2	0.1	0
BSU_30595	GO:0055085	2	0.1	0
BSU_29700	GO:0005886	2	0.1	0
BSU_40390	GO:0030288	2	0.1	0
BSU_03770	GO:0000271	2	0.1	0
BSU_03360	GO:0003677	2	0.1	0
BSU_05020	GO:0000271	2	0.1	0
BSU_24370	GO:0016020	2	0.1	0
BSU_27890	GO:0000917	2	0.1	0
BSU_00320	GO:0000105	2	0.1	0
BSU_14430	GO:0003677	2	0.1	0
BSU_24400	GO:0016020	2	0.1	0
BSU_29280	GO:0055085	2	0.1	0
BSU_04670	GO:0046872	2	0.1	0
BSU_29370	GO:0016020	2	0.1	0
BSU_00830	GO:0009898	2	0.1	0
BSU_29380	GO:0016020	2	0.1	0
BSU_09940	GO:0003677	2	0.1	0
BSU_14150	GO:0004324	2	0.1	0
BSU_01550	GO:0016020	2	0.1	0
BSU_04670	GO:0005886	2	0.1	0
BSU_02770	GO:0005886	2	0.1	0
BSU_18200	GO:0009972	2	0.1	0
BSU_01740	GO:0043565	2	0.1	0
BSU_18910	GO:0000105	2	0.1	0
BSU_40310	GO:0000105	2	0.1	0
BSU_40620	GO:0003677	2	0.1	0
BSU_19710	GO:0004181	2	0.1	0
BSU_34240	GO:0016765	2	0.1	0
BSU_34220	GO:0016765	2	0.1	0
BSU_01740	GO:0016740	2	0.1	0
BSU_31540	GO:0016020	2	0.1	0
BSU_00240	GO:0030288	2	0.1	0
BSU_11530	GO:0000105	2	0.1	0
BSU_29380	GO:0016020	2	0.1	0
BSU_11130	GO:0000271	2	0.1	0
BSU_11530	GO:0000271	2	0.1	0
BSU_35230	GO:0009898	2	0.1	0
BSU_03770	GO:0000105	2	0.1	0
BSU_05010	GO:0000105	2	0.1	0
BSU_05020	GO:0000105	2	0.1	0
BSU_18200	GO:0000105	2	0.1	0
BSU_00830	GO:0008233	2	0.1	0
BSU_27700	GO:0016020	2	0.1	0
BSU_00320	GO:0051537	2	0.1	0
BSU_08520	GO:0000105	2	0.1	0
BSU_27700	GO:0016020	2	0.1	0
BSU_04480	GO:0016020	2	0.1	0
BSU_33750	GO:0005886	2	0.1	0
BSU_00320	GO:0016798	2	0.1	0
BSU_11530	GO:0009972	2	0.1	0
BSU_30270	GO:0046872	2	0.1	0
BSU_30270	GO:0016020	2	0.1	0
BSU_00320	GO:0008652	2	0.1	0
BSU_32710	GO:0004324	2	0.1	0
BSU_04490	GO:0030435	2	0.1	0
BSU_15440	GO:0005737	2	0.1	0
BSU_09940	GO:0016020	2	0.1	0
BSU_30840	GO:0005737	2	0.1	0
BSU_10610	GO:0005737	2	0.1	0
BSU_29290	GO:0005737	2	0.1	0
BSU_32730	GO:0006465	2	0.1	0
BSU_09070	GO:0003677	2	0.1	0
BSU_40310	GO:0051537	2	0.1	0
BSU_18910	GO:0051537	2	0.1	0
BSU_09080	GO:0003677	2	0.1	0
BSU_18940	GO:0005737	2	0.1	0
BSU_38530	GO:0016020	2	0.1	0
BSU_07900	GO:0006465	2	0.1	0
BSU_04490	GO:0003677	2	0.1	0
BSU_07620	GO:0005737	2	0.1	0
BSU_09550	GO:0000271	2	0.1	0
BSU_40310	GO:0003677	2	0.1	0
BSU_40200	GO:0005886	2	0.1	0
BSU_14430	GO:0005886	2	0.1	0
BSU_37410	GO:0005737	2	0.1	0
BSU_03550	GO:0000271	2	0.1	0
BSU_33950	GO:0016051	2	0.1	0
BSU_30610	GO:0030435	2	0.1	0
BSU_33160	GO:0005886	2	0.1	0
BSU_07900	GO:0016020	2	0.1	0
BSU_30610	GO:0003677	2	0.1	0
BSU_17900	GO:0005886	2	0.1	0
BSU_18200	GO:0004252	2	0.1	0
BSU_34090	GO:0003677	2	0.1	0
BSU_12350	GO:0003677	2	0.1	0
BSU_00830	GO:0015293	2	0.1	0
BSU_14740	GO:0006465	2	0.1	0
BSU_09500	GO:0016020	2	0.1	0
BSU_14340	GO:0006465	2	0.1	0
BSU_31970	GO:0016051	2	0.1	0
BSU_09080	GO:0030435	2	0.1	0
BSU_09070	GO:0030435	2	0.1	0
BSU_14740	GO:0016020	2	0.1	0
BSU_18200	GO:0009245	2	0.1	0
BSU_16910	GO:0015293	2	0.1	0
BSU_12320	GO:0003677	2	0.1	0
BSU_27700	GO:0016051	2	0.1	0
BSU_39680	GO:0005737	2	0.1	0
BSU_00890	GO:0005886	2	0.1	0
BSU_08310	GO:0003677	2	0.1	0
BSU_09550	GO:0006465	2	0.1	0
BSU_23140	GO:0006465	2	0.1	0
BSU_00890	GO:0005737	2	0.1	0
BSU_26830	GO:0004181	2	0.1	0
BSU_00830	GO:0042802	2	0.1	0
BSU_38229	GO:0043565	2	0.1	0
BSU_18190	GO:0000271	2	0.1	0
BSU_01550	GO:0065002	2	0.1	0
BSU_11530	GO:0051537	2	0.1	0
BSU_11130	GO:0051537	2	0.1	0
BSU_08520	GO:0004252	2	0.1	0
BSU_08520	GO:0051537	2	0.1	0
BSU_15100	GO:0003677	2	0.1	0
BSU_18200	GO:0051537	2	0.1	0
BSU_05020	GO:0051537	2	0.1	0
BSU_05010	GO:0051537	2	0.1	0
BSU_03770	GO:0051537	2	0.1	0
BSU_35770	GO:0000271	2	0.1	0
BSU_29700	GO:0003677	2	0.1	0
BSU_32630	GO:0004252	2	0.1	0
BSU_24390	GO:0016020	2	0.1	0
BSU_01740	GO:0005737	2	0.1	0
BSU_26830	GO:0005737	2	0.1	0
BSU_04300	GO:0003723	2	0.1	0
BSU_04650	GO:0043565	2	0.1	0
BSU_34770	GO:0003677	2	0.1	0
BSU_15250	GO:0000271	2	0.1	0
BSU_34780	GO:0005737	2	0.1	0
BSU_21750	GO:0005737	2	0.1	0
BSU_00890	GO:0004181	2	0.1	0
BSU_01740	GO:0004181	2	0.1	0
BSU_14430	GO:0003677	2	0.1	0
BSU_03610	GO:0006465	2	0.1	0
BSU_14740	GO:0016020	2	0.1	0
BSU_34090	GO:0030435	2	0.1	0
BSU_00240	GO:0005737	2	0.1	0
BSU_40390	GO:0005737	2	0.1	0
BSU_32570	GO:0003677	2	0.1	0
BSU_40370	GO:0005737	2	0.1	0
BSU_01740	GO:0006465	2	0.1	0
BSU_24600	GO:0043565	2	0.1	0
BSU_14740	GO:0005737	2	0.1	0
BSU_19710	GO:0005737	2	0.1	0
BSU_01740	GO:0005737	2	0.1	0
BSU_23000	GO:0071555	2	0.1	0
BSU_24750	GO:0006508	2	0.1	0
BSU_11750	GO:0046872	2	0.1	0
BSU_31970	GO:0051287	2	0.1	0
BSU_32710	GO:0051287	2	0.1	0
BSU_24390	GO:0030420	2	0.1	0
BSU_09500	GO:0016020	2	0.1	0
BSU_03550	GO:0060187	2	0.1	0
BSU_09940	GO:0016020	2	0.1	0
BSU_03610	GO:0060187	2	0.1	0
BSU_32730	GO:0005737	2	0.1	0
BSU_14740	GO:0000162	2	0.1	0
BSU_01740	GO:0060187	2	0.1	0
BSU_04670	GO:0051287	2	0.1	0
BSU_36460	GO:0006508	2	0.1	0
BSU_36970	GO:0043595	2	0.1	0
BSU_03550	GO:0015700	2	0.1	0
BSU_34770	GO:0016757	2	0.1	0
BSU_09940	GO:0043595	2	0.1	0
BSU_08310	GO:0016757	2	0.1	0
BSU_03610	GO:0015700	2	0.1	0
BSU_07070	GO:0008460	2	0.1	0
BSU_09550	GO:0060187	2	0.1	0
BSU_16730	GO:0043595	2	0.1	0
BSU_30010	GO:0060187	2	0.1	0
BSU_07620	GO:0008460	2	0.1	0
BSU_03770	GO:0009089	2	0.1	0
BSU_03770	GO:0008270	2	0.1	0
BSU_30270	GO:0015658	2	0.1	0
BSU_14430	GO:0016757	2	0.1	0
BSU_30840	GO:0008270	2	0.1	1
BSU_04300	GO:0071555	2	0.1	0
BSU_40620	GO:0004521	2	0.1	0
BSU_34330	GO:0071555	2	0.1	0
BSU_00320	GO:0006083	2	0.1	0
BSU_04670	GO:0005829	2	0.1	0
BSU_38070	GO:0004521	2	0.1	0
BSU_25060	GO:0006508	2	0.1	0
BSU_17900	GO:0004521	2	0.1	0
BSU_16910	GO:0046872	2	0.1	0
BSU_09940	GO:0060187	2	0.1	0
BSU_09500	GO:0060187	2	0.1	0
BSU_07900	GO:0060187	2	0.1	0
BSU_07900	GO:0016020	2	0.1	0
BSU_00890	GO:0046872	2	0.1	1
BSU_00320	GO:0006414	2	0.1	0
BSU_38660	GO:0060187	2	0.1	0
BSU_00320	GO:0003677	2	0.1	0
BSU_05010	GO:0006083	2	0.1	0
BSU_03770	GO:0006414	2	0.1	0
BSU_34770	GO:0060187	2	0.1	0
BSU_34090	GO:0016757	2	0.1	0
BSU_18200	GO:0004521	2	0.1	0
BSU_14430	GO:0060187	2	0.1	0
BSU_14740	GO:0004521	2	0.1	0
BSU_18190	GO:0006508	2	0.1	0
BSU_32420	GO:0005886	2	0.1	0
BSU_30610	GO:0016757	2	0.1	0
BSU_23140	GO:0005737	2	0.1	0
BSU_32570	GO:0060187	2	0.1	0
BSU_05010	GO:0006414	2	0.1	0
BSU_05020	GO:0006414	2	0.1	0
BSU_11530	GO:0006083	2	0.1	0
BSU_05020	GO:0005886	2	0.1	0
BSU_31540	GO:0006508	2	0.1	0
BSU_18200	GO:0006414	2	0.1	0
BSU_02720	GO:0016757	2	0.1	0
BSU_16910	GO:0005829	2	0.1	0
BSU_08310	GO:0060187	2	0.1	0
BSU_09070	GO:0016757	2	0.1	0
BSU_04490	GO:0016757	2	0.1	0
BSU_11130	GO:0008460	2	0.1	0
BSU_02520	GO:0060187	2	0.1	0
BSU_27020	GO:0006508	2	0.1	1
BSU_00320	GO:0008270	2	0.1	0
BSU_33160	GO:0060187	2	0.1	0
BSU_40620	GO:0060187	2	0.1	0
BSU_39680	GO:0008460	2	0.1	0
BSU_26830	GO:0000162	2	0.1	0
BSU_02720	GO:0060187	2	0.1	0
BSU_30610	GO:0060187	2	0.1	0
BSU_01740	GO:0000162	2	0.1	0
BSU_34090	GO:0060187	2	0.1	0
BSU_01740	GO:0015700	2	0.1	0
BSU_09080	GO:0016757	2	0.1	0
BSU_03770	GO:0006083	2	0.1	0
BSU_09070	GO:0060187	2	0.1	0
BSU_09080	GO:0060187	2	0.1	0
BSU_08520	GO:0008460	2	0.1	0
BSU_32630	GO:0008460	2	0.1	0
BSU_04490	GO:0060187	2	0.1	0
BSU_08600	GO:0071555	2	0.1	0
BSU_23140	GO:0015700	2	0.1	0
BSU_30910	GO:0071555	2	0.1	0
BSU_09500	GO:0015700	2	0.1	0
BSU_09510	GO:0016757	2	0.1	0
BSU_38100	GO:0016491	2	0.1	0
BSU_22920	GO:0043595	2	0.1	0
BSU_34050	GO:0016491	2	0.1	0
BSU_01740	GO:0016020	2	0.1	0
BSU_05020	GO:0008270	2	0.1	0
BSU_30010	GO:0071555	2	0.1	0
BSU_38660	GO:0071555	2	0.1	0
BSU_07900	GO:0015700	2	0.1	0
BSU_02520	GO:0071555	2	0.1	0
BSU_11770	GO:0016757	2	0.1	0
BSU_33160	GO:0071555	2	0.1	0
BSU_37900	GO:0005886	2	0.1	0
BSU_40620	GO:0071555	2	0.1	0
BSU_14430	GO:0008460	2	0.1	0
BSU_00240	GO:0043595	2	0.1	0
BSU_30270	GO:0030420	2	0.1	0
BSU_02720	GO:0071555	2	0.1	0
BSU_30610	GO:0071555	2	0.1	0
BSU_31959	GO:0016491	2	0.1	0
BSU_11750	GO:0004108	2	0.1	0
BSU_30270	GO:0005829	2	0.1	0
BSU_09940	GO:0015700	2	0.1	0
BSU_05010	GO:0004521	2	0.1	0
BSU_35770	GO:0006508	2	0.1	0
BSU_03770	GO:0004521	2	0.1	0
BSU_06630	GO:0006508	2	0.1	0
BSU_14740	GO:0015700	2	0.1	0
BSU_14340	GO:0015700	2	0.1	0
BSU_34770	GO:0003700	2	0.1	0
BSU_23670	GO:0006508	2	0.1	0
BSU_22920	GO:0003700	2	0.1	0
BSU_04480	GO:0030420	2	0.1	0
BSU_04300	GO:0016491	2	0.1	0
BSU_10950	GO:0008460	2	0.1	0
BSU_18200	GO:0004425	2	0.1	0
BSU_23000	GO:0006508	2	0.1	0
BSU_26830	GO:0005886	2	0.1	0
BSU_27020	GO:0016757	2	0.1	0
BSU_00320	GO:0004521	2	0.1	0
BSU_15100	GO:0008460	2	0.1	0
BSU_23140	GO:0030420	2	0.1	0
BSU_07850	GO:0016757	2	0.1	0
BSU_34090	GO:0071555	2	0.1	0
BSU_04300	GO:0005886	2	0.1	0
BSU_05020	GO:0006508	2	0.1	0
BSU_00320	GO:0005886	2	0.1	0
BSU_32540	GO:0006508	2	0.1	0
BSU_12320	GO:0008460	2	0.1	0
BSU_09550	GO:0071555	2	0.1	0
BSU_09550	GO:0016020	2	0.1	0
BSU_23000	GO:0071555	2	0.1	0
BSU_24180	GO:0071555	2	0.1	0
BSU_24370	GO:0043595	2	0.1	0
BSU_11130	GO:0071555	2	0.1	0
BSU_05010	GO:0009089	2	0.1	0
BSU_30270	GO:0005524	2	0.1	0
BSU_27700	GO:0015658	2	0.1	0
BSU_12350	GO:0008460	2	0.1	0
BSU_34320	GO:0071555	2	0.1	0
BSU_34300	GO:0071555	2	0.1	0
BSU_34280	GO:0071555	2	0.1	0
BSU_34340	GO:0071555	2	0.1	0
BSU_04480	GO:0015658	2	0.1	0
BSU_05010	GO:0005886	2	0.1	0
BSU_09550	GO:0015700	2	0.1	0
BSU_15250	GO:0071555	2	0.1	0
BSU_32570	GO:0016757	2	0.1	0
BSU_36970	GO:0016757	2	0.1	0
BSU_35890	GO:0005886	2	0.1	0
BSU_23000	GO:0005886	2	0.1	0
BSU_09070	GO:0071555	2	0.1	0
BSU_09080	GO:0071555	2	0.1	0
BSU_32730	GO:0030420	2	0.1	0
BSU_29700	GO:0008460	2	0.1	0
BSU_05010	GO:0008270	2	0.1	0
BSU_04490	GO:0071555	2	0.1	0
BSU_08310	GO:0071555	2	0.1	0
BSU_04670	GO:0005524	2	0.1	0
BSU_03610	GO:0016020	2	0.1	0
BSU_34770	GO:0071555	2	0.1	0
BSU_09510	GO:0005886	2	0.1	0
BSU_17700	GO:0016757	2	0.1	0
BSU_14430	GO:0071555	2	0.1	0
BSU_14740	GO:0009229	2	0.1	0
BSU_40310	GO:0006508	2	0.1	0
BSU_32570	GO:0071555	2	0.1	0
BSU_29700	GO:0043595	2	0.1	0
BSU_08520	GO:0006414	2	0.1	0
BSU_25170	GO:0008460	2	0.1	0
BSU_04370	GO:0055085	2	0.1	0
BSU_08520	GO:0003677	2	0.1	0
BSU_31970	GO:0008270	2	0.1	0
BSU_09500	GO:0005576	2	0.1	0
BSU_18200	GO:0003677	2	0.1	0
BSU_04670	GO:0008270	2	0.1	0
BSU_32630	GO:0016746	2	0.1	0
BSU_27700	GO:0016020	2	0.1	0
BSU_01740	GO:0016020	2	0.1	0
BSU_02770	GO:0016746	2	0.1	0
BSU_29380	GO:0016020	2	0.1	0
BSU_29370	GO:0016020	2	0.1	0
BSU_18910	GO:0006414	2	0.1	0
BSU_32730	GO:0016020	2	0.1	0
BSU_07900	GO:0005576	2	0.1	0
BSU_05020	GO:0003677	2	0.1	0
BSU_14010	GO:0003824	2	0.1	0
BSU_39680	GO:0016746	2	0.1	0
BSU_36970	GO:0005886	2	0.1	0
BSU_27700	GO:0030420	2	0.1	0
BSU_23140	GO:0006355	2	0.1	0
BSU_16910	GO:0015833	2	0.1	0
BSU_24390	GO:0090729	2	0.1	0
BSU_23140	GO:0016020	2	0.1	0
BSU_24370	GO:0090729	2	0.1	0
BSU_24380	GO:0090729	2	0.1	0
BSU_24400	GO:0090729	2	0.1	0
BSU_27700	GO:0046942	2	0.1	0
BSU_11740	GO:0031160	2	0.1	0
BSU_04490	GO:0005886	2	0.1	0
BSU_17900	GO:0005886	2	0.1	0
BSU_13880	GO:0005886	2	0.1	0
BSU_21750	GO:0016757	2	0.1	0
BSU_32350	GO:0016757	2	0.1	0
BSU_30270	GO:0046942	2	0.1	0
BSU_11530	GO:0003677	2	0.1	0
BSU_30270	GO:0016020	2	0.1	0
BSU_29370	GO:0090729	2	0.1	0
BSU_29380	GO:0090729	2	0.1	0
BSU_27700	GO:0004525	2	0.1	0
BSU_31390	GO:0005886	2	0.1	0
BSU_11750	GO:0015833	2	0.1	0
BSU_09550	GO:0006355	2	0.1	0
BSU_14430	GO:0003824	2	0.1	0
BSU_00890	GO:0005886	2	0.1	0
BSU_26830	GO:0005886	2	0.1	0
BSU_40310	GO:0006414	2	0.1	0
BSU_34770	GO:0005737	2	0.1	0
BSU_09550	GO:0005576	2	0.1	0
BSU_00320	GO:0032993	2	0.1	0
BSU_23140	GO:0005576	2	0.1	0
BSU_09510	GO:0005886	2	0.1	0
BSU_04670	GO:0005524	2	0.1	0
BSU_07070	GO:0003677	2	0.1	0
BSU_30270	GO:0030420	2	0.1	0
BSU_30610	GO:0005886	2	0.1	0
BSU_04300	GO:0005886	2	0.1	0
BSU_32730	GO:0030420	2	0.1	0
BSU_07620	GO:0003677	2	0.1	0
BSU_22920	GO:0005886	2	0.1	0
BSU_12350	GO:0003677	2	0.1	0
BSU_03770	GO:0032993	2	0.1	0
BSU_07620	GO:0016746	2	0.1	0
BSU_05010	GO:0032993	2	0.1	0
BSU_03550	GO:0005576	2	0.1	0
BSU_12320	GO:0003677	2	0.1	0
BSU_25060	GO:0055085	2	0.1	0
BSU_23140	GO:0030420	2	0.1	0
BSU_00240	GO:0005886	2	0.1	0
BSU_01740	GO:0005737	2	0.1	0
BSU_05010	GO:0003677	2	0.1	0
BSU_14740	GO:0005737	2	0.1	0
BSU_26830	GO:0005737	2	0.1	0
BSU_12320	GO:0003677	2	0.1	0
BSU_13880	GO:0005886	2	0.1	0
BSU_07070	GO:0016746	2	0.1	0
BSU_25380	GO:0071555	2	0.1	0
BSU_26830	GO:0005737	2	0.1	0
BSU_30610	GO:0005886	2	0.1	0
BSU_27700	GO:0097588	2	0.1	0
BSU_26280	GO:0043565	2	0.1	0
BSU_03770	GO:0003677	2	0.1	0
BSU_01740	GO:0000287	2	0.1	0
BSU_03610	GO:0016020	2	0.1	0
BSU_26830	GO:0000287	2	0.1	0
BSU_30270	GO:0005524	2	0.1	0
BSU_40310	GO:0003677	2	0.1	0
BSU_18910	GO:0003677	2	0.1	0
BSU_38229	GO:0000160	2	0.1	0
BSU_01960	GO:0016757	2	0.1	0
BSU_34330	GO:0000162	2	0.1	0
BSU_03360	GO:0009098	2	0.1	0
BSU_07900	GO:0016757	2	0.1	0
BSU_04650	GO:0008460	2	0.1	0
BSU_33160	GO:0005886	2	0.1	0
BSU_09500	GO:0008460	2	0.1	0
BSU_40200	GO:0005886	2	0.1	0
BSU_09940	GO:0016757	2	0.1	0
BSU_23140	GO:0090729	2	0.1	0
BSU_14740	GO:0016829	2	0.1	0
BSU_14430	GO:0005886	2	0.1	0
BSU_09550	GO:0090729	2	0.1	0
BSU_36970	GO:0008460	2	0.1	0
BSU_01740	GO:0005737	2	0.1	0
BSU_02770	GO:0008460	2	0.1	0
BSU_09530	GO:0008460	2	0.1	0
BSU_40000	GO:0008460	2	0.1	0
BSU_03610	GO:0006508	2	0.1	0
BSU_00890	GO:0005886	2	0.1	0
BSU_38100	GO:0008460	2	0.1	0
BSU_39780	GO:0008460	2	0.1	0
BSU_38660	GO:0005886	2	0.1	0
BSU_03610	GO:0005737	2	0.1	0
BSU_09080	GO:0005886	2	0.1	0
BSU_30010	GO:0005886	2	0.1	0
BSU_35510	GO:0008460	2	0.1	0
BSU_32010	GO:0008460	2	0.1	0
BSU_33750	GO:0008460	2	0.1	0
BSU_40620	GO:0016757	2	0.1	0
BSU_31020	GO:0006508	2	0.1	0
BSU_00240	GO:0016829	2	0.1	0
BSU_34050	GO:0009231	2	0.1	0
BSU_23370	GO:0006508	2	0.1	0
BSU_02780	GO:0006508	2	0.1	0
BSU_11130	GO:0006414	2	0.1	0
BSU_01740	GO:0090729	2	0.1	0
BSU_11530	GO:0006414	2	0.1	0
BSU_11810	GO:0008460	2	0.1	0
BSU_00320	GO:0009089	2	0.1	0
BSU_32710	GO:0009098	2	0.1	0
BSU_03610	GO:0090729	2	0.1	0
BSU_03550	GO:0016757	2	0.1	0
BSU_11750	GO:0005886	2	0.1	0
BSU_31970	GO:0009098	2	0.1	0
BSU_17900	GO:0043595	2	0.1	0
BSU_07640	GO:0008460	2	0.1	0
BSU_08310	GO:0000160	2	0.1	0
BSU_33160	GO:0016757	2	0.1	0
BSU_31970	GO:0046872	2	0.1	0
BSU_34770	GO:0005886	2	0.1	0
BSU_14150	GO:0016835	2	0.1	0
BSU_40380	GO:0016757	2	0.1	0
BSU_14340	GO:0090729	2	0.1	0
BSU_14740	GO:0090729	2	0.1	0
BSU_40390	GO:0016757	2	0.1	0
BSU_01760	GO:0016757	2	0.1	0
BSU_31390	GO:0046872	2	0.1	0
BSU_31970	GO:0016835	2	0.1	0
BSU_32420	GO:0005886	2	0.1	0
BSU_25380	GO:0046872	2	0.1	0
BSU_31020	GO:0016757	2	0.1	0
BSU_10010	GO:0016757	2	0.1	0
BSU_02620	GO:0016835	2	0.1	0
BSU_14740	GO:0005576	2	0.1	0
BSU_14340	GO:0005576	2	0.1	0
BSU_25250	GO:0046872	2	0.1	0
BSU_09070	GO:0005886	2	0.1	0
BSU_33100	GO:0016757	2	0.1	0
BSU_33750	GO:0005886	2	0.1	0
BSU_04480	GO:0008514	2	0.1	0
BSU_24370	GO:0016757	2	0.1	0
BSU_07900	GO:0090729	2	0.1	0
BSU_02520	GO:0016757	2	0.1	0
BSU_17910	GO:0016757	2	0.1	0
BSU_38660	GO:0016757	2	0.1	0
BSU_34290	GO:0009231	2	0.1	0
BSU_25380	GO:0005737	2	0.1	0
BSU_34220	GO:0009231	2	0.1	0
BSU_26830	GO:0016829	2	0.1	0
BSU_04480	GO:0046942	2	0.1	0
BSU_24390	GO:0016020	2	0.1	0
BSU_01740	GO:0016829	2	0.1	0
BSU_34240	GO:0009231	2	0.1	0
BSU_24380	GO:0016020	2	0.1	0
BSU_29700	GO:0005886	2	0.1	0
BSU_09958	GO:0055085	2	0.1	0
BSU_14740	GO:0003824	2	0.1	0
BSU_31540	GO:0005737	2	0.1	0
BSU_24600	GO:0000160	2	0.1	0
BSU_29700	GO:0003824	2	0.1	0
BSU_39540	GO:0005886	2	0.1	0
BSU_02780	GO:0030435	2	0.1	0
BSU_09510	GO:0005886	2	0.1	0
BSU_30610	GO:0005886	2	0.1	0
BSU_03770	GO:0003700	2	0.1	0
BSU_25250	GO:0030435	2	0.1	0
BSU_18200	GO:0016798	2	0.1	0
BSU_26830	GO:0003677	2	0.1	0
BSU_02620	GO:0006338	2	0.1	0
BSU_03610	GO:0003677	2	0.1	0
BSU_08310	GO:0003677	2	0.1	0
BSU_30960	GO:0046872	2	0.1	0
BSU_25530	GO:0046940	2	0.1	0
BSU_31970	GO:0006556	2	0.1	0
BSU_29370	GO:0003677	2	0.1	0
BSU_29380	GO:0003677	2	0.1	0
BSU_07900	GO:0003677	2	0.1	0
BSU_08520	GO:0016798	2	0.1	0
BSU_40000	GO:0046872	2	0.1	0
BSU_31970	GO:0006338	2	0.1	0
BSU_04300	GO:0005886	2	0.1	0
BSU_04670	GO:0005198	2	0.1	0
BSU_37770	GO:0003677	2	0.1	0
BSU_33180	GO:0016787	2	0.1	0
BSU_03770	GO:0016798	2	0.1	0
BSU_34770	GO:0005886	2	0.1	0
BSU_13440	GO:0016787	2	0.1	0
BSU_38530	GO:0050845	2	0.1	0
BSU_39780	GO:0046872	2	0.1	0
BSU_32570	GO:0003677	2	0.1	0
BSU_27700	GO:0005515	2	0.1	0
BSU_38229	GO:0003677	2	0.1	0
BSU_31959	GO:0046872	2	0.1	0
BSU_22920	GO:0005886	2	0.1	0
BSU_05010	GO:0016798	2	0.1	0
BSU_05020	GO:0016798	2	0.1	0
BSU_03360	GO:0003933	2	0.1	0
BSU_38100	GO:0046872	2	0.1	0
BSU_24600	GO:0003677	2	0.1	0
BSU_33100	GO:0050845	2	0.1	0
BSU_31970	GO:0005829	2	0.1	0
BSU_29370	GO:0016020	2	0.1	0
BSU_32710	GO:0016491	2	0.1	0
BSU_24370	GO:0050845	2	0.1	0
BSU_24400	GO:0004145	2	0.1	0
BSU_37720	GO:0030435	2	0.1	0
BSU_31390	GO:0016020	2	0.1	0
BSU_38070	GO:0003735	2	0.1	0
BSU_00320	GO:0003700	2	0.1	0
BSU_31970	GO:0016491	2	0.1	0
BSU_13880	GO:0005886	2	0.1	0
BSU_24400	GO:0050845	2	0.1	0
BSU_36970	GO:0005886	2	0.1	0
BSU_04670	GO:0042823	2	0.1	0
BSU_07900	GO:0016798	2	0.1	0
BSU_13880	GO:0003735	2	0.1	0
BSU_17910	GO:0050845	2	0.1	0
BSU_07070	GO:0046872	2	0.1	0
BSU_04670	GO:0016491	2	0.1	0
BSU_24380	GO:0050845	2	0.1	0
BSU_34770	GO:0003677	2	0.1	0
BSU_09530	GO:0046872	2	0.1	0
BSU_24380	GO:0016020	2	0.1	0
BSU_32710	GO:0003677	2	0.1	0
BSU_34050	GO:0046872	2	0.1	0
BSU_31540	GO:0050845	2	0.1	0
BSU_31970	GO:0005198	2	0.1	0
BSU_02770	GO:0046872	2	0.1	0
BSU_24400	GO:0016020	2	0.1	0
BSU_11130	GO:0046872	2	0.1	0
BSU_24370	GO:0016020	2	0.1	0
BSU_27700	GO:0016757	2	0.1	0
BSU_38420	GO:0003735	2	0.1	0
BSU_15100	GO:0003824	2	0.1	0
BSU_11530	GO:0016798	2	0.1	0
BSU_37900	GO:0005886	2	0.1	0
BSU_14150	GO:0016491	2	0.1	0
BSU_01760	GO:0046872	2	0.1	0
BSU_24390	GO:0016020	2	0.1	0
BSU_37770	GO:0046872	2	0.1	0
BSU_34330	GO:0046872	2	0.1	0
BSU_24380	GO:0004145	2	0.1	0
BSU_38530	GO:0016020	2	0.1	0
BSU_40390	GO:0016020	2	0.1	0
BSU_23140	GO:0016798	2	0.1	0
BSU_00320	GO:0005886	2	0.1	0
BSU_14430	GO:0003735	2	0.1	0
BSU_05010	GO:0009435	2	0.1	0
BSU_09550	GO:0016798	2	0.1	0
BSU_09530	GO:0046677	2	0.1	0
BSU_04670	GO:0003824	2	0.1	0
BSU_34090	GO:0046872	2	0.1	0
BSU_27490	GO:0005886	2	0.1	0
BSU_26830	GO:0005886	2	0.1	0
BSU_11530	GO:0016740	2	0.1	0
BSU_03610	GO:0016020	2	0.1	0
BSU_02540	GO:0016787	2	0.1	0
BSU_25380	GO:0046872	2	0.1	0
BSU_14740	GO:0015113	2	0.1	0
BSU_02720	GO:0003735	2	0.1	0
BSU_03770	GO:0009435	2	0.1	0
BSU_11530	GO:0003677	2	0.1	0
BSU_33950	GO:0004519	2	0.1	0
BSU_34780	GO:0016705	2	0.1	0
BSU_00240	GO:0016301	2	0.1	0
BSU_01740	GO:0005737	2	0.1	0
BSU_00320	GO:0009435	2	0.1	0
BSU_09550	GO:0003677	2	0.1	0
BSU_09550	GO:0016020	2	0.1	0
BSU_09550	GO:0035873	2	0.1	0
BSU_30610	GO:0046872	2	0.1	0
BSU_16910	GO:0016788	2	0.1	0
BSU_21750	GO:0016705	2	0.1	0
BSU_24400	GO:0055085	2	0.1	0
BSU_16910	GO:0140581	2	0.1	0
BSU_24370	GO:0055085	2	0.1	0
BSU_32710	GO:0005886	2	0.1	0
BSU_23140	GO:0016020	2	0.1	0
BSU_03550	GO:0003677	2	0.1	0
BSU_08520	GO:0003677	2	0.1	0
BSU_08310	GO:0005886	2	0.1	0
BSU_04490	GO:0046872	2	0.1	0
BSU_34330	GO:0005886	2	0.1	0
BSU_02620	GO:0005886	2	0.1	0
BSU_01760	GO:0050845	2	0.1	0
BSU_36750	GO:0046872	2	0.1	0
BSU_01740	GO:0016020	2	0.1	0
BSU_32420	GO:0006281	2	0.1	0
BSU_25530	GO:0046872	2	0.1	0
BSU_30270	GO:0005515	2	0.1	0
BSU_09070	GO:0046872	2	0.1	0
BSU_35890	GO:0005886	2	0.1	0
BSU_29380	GO:0016020	2	0.1	0
BSU_09080	GO:0046872	2	0.1	0
BSU_40390	GO:0050845	2	0.1	0
BSU_40380	GO:0050845	2	0.1	0
BSU_05010	GO:0003700	2	0.1	0
BSU_18200	GO:0005886	2	0.1	0
BSU_04480	GO:0005515	2	0.1	0
BSU_23000	GO:0005886	2	0.1	0
BSU_31970	GO:0003933	2	0.1	0
BSU_31540	GO:0016020	2	0.1	0
BSU_00320	GO:0016798	2	0.1	0
BSU_38070	GO:0005886	2	0.1	0
BSU_34090	GO:0005886	2	0.1	0
BSU_10010	GO:0050845	2	0.1	0
BSU_38420	GO:0005886	2	0.1	0
BSU_07360	GO:0005886	2	0.1	0
BSU_07900	GO:0003735	2	0.1	0
BSU_02920	GO:0016787	2	0.1	0
BSU_31020	GO:0050845	2	0.1	0
BSU_25380	GO:0050845	2	0.1	0
BSU_02770	GO:0046872	2	0.1	0
BSU_02310	GO:0030435	2	0.1	0
BSU_39780	GO:0016740	2	0.1	0
BSU_00320	GO:0003735	2	0.1	0
BSU_32710	GO:0003933	2	0.1	0
BSU_00320	GO:0046872	2	0.1	0
BSU_37900	GO:0005886	2	0.1	0
BSU_18940	GO:0003824	2	0.1	0
BSU_24370	GO:0004145	2	0.1	0
BSU_40200	GO:0046872	2	0.1	0
BSU_00320	GO:0004644	2	0.1	0
BSU_01740	GO:0050845	2	0.1	0
BSU_33780	GO:0005886	2	0.1	0
BSU_11530	GO:0016740	2	0.1	0
BSU_09940	GO:0030420	2	0.1	0
BSU_14340	GO:0016798	2	0.1	0
BSU_07070	GO:0004725	2	0.1	0
BSU_29480	GO:0006355	2	0.1	0
BSU_09500	GO:0030420	2	0.1	0
BSU_07440	GO:0005829	2	0.1	0
BSU_32630	GO:0005829	2	0.1	0
BSU_18910	GO:0016798	2	0.1	0
BSU_00830	GO:0006284	2	0.1	0
BSU_40310	GO:0016798	2	0.1	0
BSU_40370	GO:0016746	2	0.1	0
BSU_16910	GO:0006284	2	0.1	0
BSU_02770	GO:0016705	2	0.1	0
BSU_11130	GO:0016740	2	0.1	0
BSU_33950	GO:0003700	2	0.1	0
BSU_15100	GO:0046872	2	0.1	0
BSU_27830	GO:0005886	2	0.1	0
BSU_09550	GO:0016020	2	0.1	0
BSU_23140	GO:0016020	2	0.1	0
BSU_14740	GO:0016746	2	0.1	0
BSU_09550	GO:0050845	2	0.1	0
BSU_23140	GO:0006525	2	0.1	0
BSU_08520	GO:0016740	2	0.1	0
BSU_36970	GO:0004145	2	0.1	0
BSU_32710	GO:0032508	2	0.1	0
BSU_03610	GO:0016020	2	0.1	0
BSU_37410	GO:0005829	2	0.1	0
BSU_00240	GO:0016705	2	0.1	0
BSU_40390	GO:0016705	2	0.1	0
BSU_03550	GO:0050845	2	0.1	0
BSU_32630	GO:0016740	2	0.1	0
BSU_17370	GO:0005829	2	0.1	0
BSU_03610	GO:0050845	2	0.1	0
BSU_35230	GO:0006284	2	0.1	0
BSU_40370	GO:0016705	2	0.1	0
BSU_25170	GO:0005737	2	0.1	1
BSU_30270	GO:0006525	2	0.1	0
BSU_04670	GO:0006418	2	0.1	0
BSU_40390	GO:0016740	2	0.1	0
BSU_01740	GO:0016020	2	0.1	0
BSU_19710	GO:0016491	2	0.1	0
BSU_14340	GO:0055085	2	0.1	0
BSU_31970	GO:0000287	2	0.1	0
BSU_07360	GO:0005829	2	0.1	0
BSU_02770	GO:0005886	2	0.1	0
BSU_23140	GO:0015113	2	0.1	0
BSU_02620	GO:0005829	2	0.1	0
BSU_30270	GO:0005737	2	0.1	0
BSU_02620	GO:0000287	2	0.1	0
BSU_15100	GO:0004725	2	0.1	0
BSU_04670	GO:0000049	2	0.1	0
BSU_29700	GO:0004725	2	0.1	0
BSU_27490	GO:0005829	2	0.1	0
BSU_14010	GO:0005829	2	0.1	0
BSU_40620	GO:0005886	2	0.1	0
BSU_07900	GO:0030420	2	0.1	0
BSU_14740	GO:0016491	2	0.1	0
BSU_09070	GO:0003824	2	0.1	0
BSU_07620	GO:0004725	2	0.1	0
BSU_14740	GO:0016798	2	0.1	0
BSU_14430	GO:0003824	2	0.1	0
BSU_09550	GO:0030420	2	0.1	0
BSU_17910	GO:0055085	2	0.1	0
BSU_17900	GO:0005886	2	0.1	0
BSU_07070	GO:0006355	2	0.1	0
BSU_14430	GO:0009307	2	0.1	0
BSU_12350	GO:0004725	2	0.1	0
BSU_18190	GO:0005829	2	0.1	0
BSU_38070	GO:0005886	2	0.1	0
BSU_12320	GO:0004725	2	0.1	0
BSU_04670	GO:0005737	2	0.1	0
BSU_14740	GO:0055085	2	0.1	0
BSU_07900	GO:0035873	2	0.1	0
BSU_37430	GO:0005829	2	0.1	0
BSU_07900	GO:0050845	2	0.1	0
BSU_27890	GO:0003700	2	0.1	0
BSU_33950	GO:0003700	2	0.1	0
BSU_32710	GO:0009307	2	0.1	0
BSU_02720	GO:0016887	2	0.1	0
BSU_14740	GO:0016020	2	0.1	0
BSU_00830	GO:0004527	2	0.1	0
BSU_29370	GO:0005829	2	0.1	0
BSU_29380	GO:0005829	2	0.1	0
BSU_03360	GO:0005829	2	0.1	0
BSU_31970	GO:0005829	2	0.1	0
BSU_23000	GO:0005886	2	0.1	0
BSU_32710	GO:0005829	2	0.1	0
BSU_26280	GO:0006355	2	0.1	0
BSU_17700	GO:0004145	2	0.1	0
BSU_40000	GO:0046677	2	0.1	0
BSU_23000	GO:0016757	2	0.1	0
BSU_11740	GO:0046940	2	0.1	0
BSU_32570	GO:0016887	2	0.1	0
BSU_16910	GO:0004527	2	0.1	0
BSU_14430	GO:0003933	2	0.1	0
BSU_33100	GO:0030420	2	0.1	0
BSU_23140	GO:0016491	2	0.1	0
BSU_33780	GO:0030435	2	0.1	0
BSU_14340	GO:0015113	2	0.1	0
BSU_09510	GO:0005886	2	0.1	0
BSU_16730	GO:0003824	2	0.1	0
BSU_24390	GO:0004145	2	0.1	0
BSU_32420	GO:0030435	2	0.1	0
BSU_02520	GO:0016887	2	0.1	0
BSU_14740	GO:0050845	2	0.1	0
BSU_14010	GO:0005829	2	0.1	0
BSU_03770	GO:0006508	2	0.1	0
BSU_14010	GO:0003933	2	0.1	0
BSU_14340	GO:0050845	2	0.1	0
BSU_32730	GO:0016798	2	0.1	0
BSU_39080	GO:0003735	2	0.1	0
BSU_14430	GO:0005829	2	0.1	0
BSU_32570	GO:0009307	2	0.1	0
BSU_22920	GO:0005886	2	0.1	0
BSU_00240	GO:0016740	2	0.1	0
BSU_11810	GO:0005886	2	0.1	0
BSU_38229	GO:0003700	2	0.1	0
BSU_17910	GO:0030420	2	0.1	0
BSU_07900	GO:0016020	2	0.1	0
BSU_11130	GO:0016746	2	0.1	0
BSU_24600	GO:0003700	2	0.1	0
BSU_00890	GO:0016746	2	0.1	0
BSU_01740	GO:0016746	2	0.1	0
BSU_27890	GO:0003690	2	0.1	0
BSU_26830	GO:0016746	2	0.1	0
BSU_18910	GO:0005829	2	0.1	0
BSU_18030	GO:0005886	2	0.1	0
BSU_12350	GO:0046872	2	0.1	0
BSU_09940	GO:0050845	2	0.1	0
BSU_09500	GO:0050845	2	0.1	0
BSU_04300	GO:0005886	2	0.1	0
BSU_12320	GO:0046872	2	0.1	0
BSU_18200	GO:0016740	2	0.1	0
BSU_23420	GO:0016746	2	0.1	0
BSU_23140	GO:0005829	2	0.1	0
BSU_04480	GO:0008320	2	0.1	0
BSU_03770	GO:0016740	2	0.1	0
BSU_30610	GO:0005886	2	0.1	0
BSU_33750	GO:0005886	2	0.1	0
BSU_24370	GO:0030420	2	0.1	0
BSU_29700	GO:0005829	2	0.1	0
BSU_32540	GO:0005829	2	0.1	0
BSU_35230	GO:0004527	2	0.1	0
BSU_03770	GO:0005829	2	0.1	0
BSU_32710	GO:0006338	2	0.1	0
BSU_38530	GO:0016746	2	0.1	0
BSU_05020	GO:0016740	2	0.1	0
BSU_32570	GO:0003824	2	0.1	0
BSU_16730	GO:0004145	2	0.1	0
BSU_17590	GO:0006355	2	0.1	0
BSU_19710	GO:0016746	2	0.1	0
BSU_01960	GO:0005829	2	0.1	0
BSU_09500	GO:0016020	2	0.1	0
BSU_32710	GO:0005886	2	0.1	0
BSU_40620	GO:0046872	2	0.1	0
BSU_29700	GO:0046872	2	0.1	0
BSU_23000	GO:0015293	2	0.1	0
BSU_05010	GO:0003677	2	0.1	0
BSU_14740	GO:0016020	2	0.1	0
BSU_01740	GO:0009055	2	0.1	0
BSU_24380	GO:0015648	2	0.1	0
BSU_33950	GO:0005737	2	0.1	0
BSU_07900	GO:0006779	2	0.1	0
BSU_27700	GO:0006814	2	0.1	0
BSU_09550	GO:0016787	2	0.1	0
BSU_24390	GO:0015112	2	0.1	0
BSU_17700	GO:0003677	2	0.1	0
BSU_24370	GO:0015112	2	0.1	0
BSU_24380	GO:0015112	2	0.1	0
BSU_24400	GO:0015112	2	0.1	0
BSU_07900	GO:0016787	2	0.1	0
BSU_25060	GO:0005886	2	0.1	0
BSU_40310	GO:0003933	2	0.1	0
BSU_12320	GO:0003933	2	0.1	0
BSU_07880	GO:0003677	2	0.1	0
BSU_11530	GO:0006508	2	0.1	0
BSU_09550	GO:0006779	2	0.1	0
BSU_21750	GO:0030420	2	0.1	0
BSU_23140	GO:0006814	2	0.1	0
BSU_24370	GO:0015648	2	0.1	0
BSU_29700	GO:0003677	2	0.1	0
BSU_34110	GO:0003677	2	0.1	0
BSU_14340	GO:0005215	2	0.1	0
BSU_23140	GO:0006779	2	0.1	0
BSU_12350	GO:0003933	2	0.1	0
BSU_03550	GO:0016787	2	0.1	0
BSU_27020	GO:0016977	2	0.1	0
BSU_32710	GO:0008033	2	0.1	0
BSU_09150	GO:0005886	2	0.1	0
BSU_32570	GO:0022857	2	0.1	0
BSU_25250	GO:0005737	2	0.1	0
BSU_32710	GO:0022857	2	0.1	0
BSU_17910	GO:0015293	2	0.1	0
BSU_24400	GO:0015648	2	0.1	0
BSU_23670	GO:0046677	2	0.1	0
BSU_03770	GO:0003677	2	0.1	0
BSU_01740	GO:0008961	2	0.1	0
BSU_01550	GO:0016020	2	0.1	0
BSU_09500	GO:0016887	2	0.1	0
BSU_01740	GO:0016740	2	0.1	0
BSU_11770	GO:0003677	2	0.1	0
BSU_34050	GO:0016740	2	0.1	0
BSU_24180	GO:0046677	2	0.1	0
BSU_03610	GO:0015113	2	0.1	0
BSU_08520	GO:0046872	2	0.1	0
BSU_25670	GO:0046677	2	0.1	0
BSU_27830	GO:0043595	2	0.1	1
BSU_14340	GO:0006779	2	0.1	0
BSU_14740	GO:0006779	2	0.1	0
BSU_00170	GO:0046677	2	0.1	0
BSU_39890	GO:0030435	2	0.1	0
BSU_07640	GO:0046872	2	0.1	0
BSU_24390	GO:0006779	2	0.1	0
BSU_37430	GO:0030435	2	0.1	0
BSU_34320	GO:0016757	2	0.1	1
BSU_31540	GO:0006826	2	0.1	0
BSU_33100	GO:0055085	2	0.1	0
BSU_04670	GO:0042802	2	0.1	0
BSU_06630	GO:0046677	2	0.1	0
BSU_35770	GO:0046677	2	0.1	0
BSU_24750	GO:0046677	2	0.1	0
BSU_36970	GO:0003677	2	0.1	0
BSU_38420	GO:0008033	2	0.1	0
BSU_09958	GO:0005886	2	0.1	0
BSU_09940	GO:0016887	2	0.1	0
BSU_33100	GO:0006826	2	0.1	0
BSU_03610	GO:0035873	2	0.1	0
BSU_08520	GO:0006508	2	0.1	0
BSU_10480	GO:0046677	2	0.1	0
BSU_31540	GO:0055085	2	0.1	0
BSU_18200	GO:0006508	2	0.1	0
BSU_00830	GO:0005524	2	0.1	0
BSU_18940	GO:0046677	2	0.1	0
BSU_34050	GO:0016491	2	0.1	0
BSU_03610	GO:0006779	2	0.1	0
BSU_24370	GO:0006779	2	0.1	0
BSU_11760	GO:0071555	2	0.1	0
BSU_30270	GO:0009361	2	0.1	0
BSU_24390	GO:0003677	2	0.1	0
BSU_24380	GO:0071555	2	0.1	0
BSU_15100	GO:0046872	2	0.1	0
BSU_25670	GO:0046872	2	0.1	0
BSU_05010	GO:0006364	2	0.1	0
BSU_24390	GO:0006814	2	0.1	0
BSU_26700	GO:0030420	2	0.1	0
BSU_24390	GO:0071555	2	0.1	0
BSU_14740	GO:0015112	2	0.1	0
BSU_16730	GO:0003677	2	0.1	0
BSU_01740	GO:0015113	2	0.1	0
BSU_31970	GO:0071555	2	0.1	0
BSU_31970	GO:0004823	2	0.1	0
BSU_29380	GO:0016020	2	0.1	0
BSU_20070	GO:0016491	2	0.1	0
BSU_24370	GO:0003677	2	0.1	0
BSU_02720	GO:0006355	2	0.1	0
BSU_04670	GO:0009361	2	0.1	0
BSU_27890	GO:0006355	2	0.1	0
BSU_03550	GO:0015293	2	0.1	0
BSU_14340	GO:0006826	2	0.1	0
BSU_23430	GO:0030420	2	0.1	0
BSU_11740	GO:0071555	2	0.1	0
BSU_11770	GO:0071555	2	0.1	0
BSU_32710	GO:0030153	2	0.1	0
BSU_23440	GO:0030420	2	0.1	0
BSU_24400	GO:0003677	2	0.1	0
BSU_31410	GO:0006355	2	0.1	0
BSU_14340	GO:0015112	2	0.1	0
BSU_14740	GO:0006826	2	0.1	0
BSU_17700	GO:0071555	2	0.1	0
BSU_31540	GO:0016020	2	0.1	0
BSU_32710	GO:0005886	2	0.1	0
BSU_03770	GO:0006364	2	0.1	0
BSU_24380	GO:0003677	2	0.1	0
BSU_15100	GO:0016491	2	0.1	0
BSU_29370	GO:0016020	2	0.1	0
BSU_14340	GO:0015293	2	0.1	0
BSU_13830	GO:0005886	2	0.1	0
BSU_31959	GO:0016491	2	0.1	0
BSU_32730	GO:0006814	2	0.1	0
BSU_38100	GO:0016491	2	0.1	0
BSU_24400	GO:0016020	2	0.1	0
BSU_24380	GO:0016020	2	0.1	0
BSU_24370	GO:0016020	2	0.1	0
BSU_17900	GO:0003677	2	0.1	0
BSU_30270	GO:0006814	2	0.1	0
BSU_09550	GO:0016757	2	0.1	0
BSU_01740	GO:0016798	2	0.1	0
BSU_24390	GO:0016020	2	0.1	0
BSU_30270	GO:0005737	2	0.1	0
BSU_29370	GO:0006826	2	0.1	0
BSU_01740	GO:0006779	2	0.1	0
BSU_32350	GO:0030420	2	0.1	0
BSU_29380	GO:0006826	2	0.1	0
BSU_00320	GO:0003677	2	0.1	0
BSU_24400	GO:0006826	2	0.1	0
BSU_14740	GO:0008237	2	0.1	0
BSU_27700	GO:0006525	2	0.1	0
BSU_17910	GO:0006826	2	0.1	0
BSU_09940	GO:0003677	2	0.1	0
BSU_02770	GO:0016740	2	0.1	0
BSU_17910	GO:0016887	2	0.1	0
BSU_25170	GO:0016705	2	0.1	0
BSU_09510	GO:0015293	2	0.1	0
BSU_31390	GO:0046872	2	0.1	0
BSU_23420	GO:0030420	2	0.1	0
BSU_24600	GO:0030435	2	0.1	0
BSU_04670	GO:0004823	2	0.1	0
BSU_24390	GO:0006826	2	0.1	0
BSU_30595	GO:0030420	2	0.1	0
BSU_04490	GO:0016491	2	0.1	0
BSU_37410	GO:0016705	2	0.1	0
BSU_29700	GO:0003677	2	0.1	0
BSU_24370	GO:0006826	2	0.1	0
BSU_09510	GO:0003677	2	0.1	0
BSU_24380	GO:0006779	2	0.1	0
BSU_23140	GO:0035873	2	0.1	0
BSU_32350	GO:0016787	2	0.1	0
BSU_10950	GO:0003824	2	0.1	0
BSU_23140	GO:0016020	2	0.1	0
BSU_02770	GO:0005886	2	0.1	0
BSU_00890	GO:0008616	2	0.1	0
BSU_21750	GO:0016787	2	0.1	0
BSU_31970	GO:0003824	2	0.1	0
BSU_05010	GO:0008033	2	0.1	0
BSU_07640	GO:0046872	2	0.1	0
BSU_02770	GO:0045454	2	0.1	0
BSU_24390	GO:0006631	2	0.1	0
BSU_40370	GO:0016491	2	0.1	0
BSU_30595	GO:0016787	2	0.1	0
BSU_23420	GO:0016787	2	0.1	0
BSU_21550	GO:0030435	2	0.1	0
BSU_23140	GO:0003933	2	0.1	0
BSU_40000	GO:0016740	2	0.1	0
BSU_27490	GO:0003735	2	0.1	0
BSU_23000	GO:0003677	2	0.1	0
BSU_23440	GO:0016787	2	0.1	0
BSU_01960	GO:0016787	2	0.1	0
BSU_38100	GO:0045454	2	0.1	0
BSU_38070	GO:0005886	2	0.1	0
BSU_30920	GO:0003677	2	0.1	0
BSU_40000	GO:0045454	2	0.1	0
BSU_40620	GO:0005886	2	0.1	0
BSU_15100	GO:0003933	2	0.1	0
BSU_27890	GO:0004519	2	0.1	0
BSU_05010	GO:0046872	2	0.1	0
BSU_39540	GO:0046872	2	0.1	0
BSU_36490	GO:0046872	2	0.1	0
BSU_09530	GO:0045454	2	0.1	0
BSU_30270	GO:0016020	2	0.1	0
BSU_11740	GO:0006631	2	0.1	0
BSU_02310	GO:0046872	2	0.1	0
BSU_32540	GO:0030435	2	0.1	0
BSU_34050	GO:0045454	2	0.1	0
BSU_26700	GO:0016787	2	0.1	0
BSU_23430	GO:0016787	2	0.1	0
BSU_10010	GO:0016787	2	0.1	0
BSU_30010	GO:0046872	2	0.1	0
BSU_03770	GO:0016740	2	0.1	0
BSU_32420	GO:0000976	2	0.1	0
BSU_24410	GO:0016787	2	0.1	0
BSU_24180	GO:0046872	2	0.1	0
BSU_02720	GO:0006355	2	0.1	0
BSU_03550	GO:0016887	2	0.1	0
BSU_05010	GO:0016740	2	0.1	0
BSU_00320	GO:0000976	2	0.1	0
BSU_15100	GO:0004145	2	0.1	0
BSU_38660	GO:0046872	2	0.1	0
BSU_33160	GO:0046872	2	0.1	0
BSU_27890	GO:0006355	2	0.1	0
BSU_07070	GO:0005886	2	0.1	0
BSU_38420	GO:0005886	2	0.1	0
BSU_08310	GO:0005886	2	0.1	0
BSU_26830	GO:0005886	2	0.1	0
BSU_23140	GO:0003677	2	0.1	0
BSU_38420	GO:0140098	2	0.1	0
BSU_32710	GO:0140098	2	0.1	0
BSU_38100	GO:0016740	2	0.1	0
BSU_25250	GO:0000976	2	0.1	0
BSU_05020	GO:0006508	2	0.1	0
BSU_25380	GO:0016020	2	0.1	0
BSU_33950	GO:0000976	2	0.1	0
BSU_00570	GO:0016787	2	0.1	0
BSU_05010	GO:0006508	2	0.1	0
BSU_01760	GO:0016020	2	0.1	0
BSU_11760	GO:0006631	2	0.1	0
BSU_32710	GO:0003824	2	0.1	0
BSU_25380	GO:0003677	2	0.1	0
BSU_34330	GO:0005886	2	0.1	0
BSU_02620	GO:0046872	2	0.1	0
BSU_03770	GO:0003933	2	0.1	0
BSU_29700	GO:0003933	2	0.1	0
BSU_31959	GO:0016740	2	0.1	0
BSU_02620	GO:0005886	2	0.1	0
BSU_09550	GO:0016887	2	0.1	0
BSU_31020	GO:0016787	2	0.1	0
BSU_24400	GO:0006779	2	0.1	0
BSU_36750	GO:0003677	2	0.1	0
BSU_34220	GO:0008961	2	0.1	0
BSU_34240	GO:0008961	2	0.1	0
BSU_10010	GO:0030420	2	0.1	0
BSU_07620	GO:0046677	2	0.1	0
BSU_25170	GO:0045454	2	0.1	0
BSU_29370	GO:0006779	2	0.1	0
BSU_31020	GO:0030420	2	0.1	0
BSU_34780	GO:0046677	2	0.1	0
BSU_34290	GO:0008961	2	0.1	0
BSU_26830	GO:0008616	2	0.1	0
BSU_40380	GO:0015293	2	0.1	0
BSU_25530	GO:0003677	2	0.1	0
BSU_40310	GO:0045454	2	0.1	0
BSU_18910	GO:0045454	2	0.1	0
BSU_19710	GO:0046677	2	0.1	0
BSU_07640	GO:0046677	2	0.1	0
BSU_36490	GO:0046677	2	0.1	0
BSU_10900	GO:0046677	2	0.1	0
BSU_29380	GO:0015648	2	0.1	0
BSU_03610	GO:0016798	2	0.1	0
BSU_34770	GO:0022857	2	0.1	0
BSU_13570	GO:0046677	2	0.1	0
BSU_08310	GO:0022857	2	0.1	0
BSU_01960	GO:0030420	2	0.1	0
BSU_37770	GO:0046677	2	0.1	0
BSU_08590	GO:0046677	2	0.1	0
BSU_09500	GO:0003677	2	0.1	0
BSU_33100	GO:0015293	2	0.1	0
BSU_35890	GO:0015293	2	0.1	0
BSU_31410	GO:0006355	2	0.1	0
BSU_07070	GO:0046677	2	0.1	0
BSU_33750	GO:0030435	2	0.1	0
BSU_29370	GO:0015648	2	0.1	0
BSU_29290	GO:0046677	2	0.1	0
BSU_17820	GO:0046677	2	0.1	0
BSU_12320	GO:0045454	2	0.1	0
BSU_07900	GO:0016887	2	0.1	0
BSU_01760	GO:0030420	2	0.1	0
BSU_31959	GO:0045454	2	0.1	0
BSU_00320	GO:0006631	2	0.1	0
BSU_09500	GO:0016020	2	0.1	0
BSU_25530	GO:0006631	2	0.1	0
BSU_05020	GO:0045454	2	0.1	0
BSU_40380	GO:0016787	2	0.1	0
BSU_36750	GO:0006631	2	0.1	0
BSU_03770	GO:0045454	2	0.1	0
BSU_40390	GO:0016787	2	0.1	0
BSU_01760	GO:0016787	2	0.1	0
BSU_03360	GO:0046872	2	0.1	0
BSU_32010	GO:0030435	2	0.1	0
BSU_17820	GO:0046872	2	0.1	0
BSU_10900	GO:0046872	2	0.1	0
BSU_39780	GO:0045454	2	0.1	0
BSU_07900	GO:0016020	2	0.1	0
BSU_17900	GO:0005886	2	0.1	0
BSU_40390	GO:0016491	2	0.1	0
BSU_09940	GO:0016020	2	0.1	0
BSU_11750	GO:0005737	2	0.1	0
BSU_03360	GO:0046677	2	0.1	0
BSU_11130	GO:0045454	2	0.1	0
BSU_09500	GO:0016787	2	0.1	0
BSU_09940	GO:0016787	2	0.1	0
BSU_32730	GO:0016020	2	0.1	0
BSU_02520	GO:0030435	2	0.1	0
BSU_11530	GO:0045454	2	0.1	0
BSU_40390	GO:0030420	2	0.1	0
BSU_40380	GO:0030420	2	0.1	0
BSU_32630	GO:0045454	2	0.1	0
BSU_33100	GO:0016787	2	0.1	0
BSU_17910	GO:0016787	2	0.1	0
BSU_00320	GO:0016740	2	0.1	0
BSU_08520	GO:0045454	2	0.1	0
BSU_24370	GO:0016787	2	0.1	0
BSU_09530	GO:0016740	2	0.1	0
BSU_01740	GO:0008616	2	0.1	0
BSU_18200	GO:0045454	2	0.1	0
BSU_14740	GO:0016301	2	0.1	0
BSU_14800	GO:0005886	2	0.1	0
BSU_02780	GO:0030435	2	0.1	0
BSU_36750	GO:0005886	2	0.1	0
BSU_09450	GO:0047533	2	0.1	0
BSU_25530	GO:0005886	2	0.1	0
BSU_10610	GO:0047533	2	0.1	0
BSU_03610	GO:0012501	2	0.1	0
BSU_00320	GO:0006525	2	0.1	0
BSU_31970	GO:0016979	2	0.1	0
BSU_03770	GO:0016787	2	0.1	0
BSU_07620	GO:0016747	2	0.1	0
BSU_40000	GO:0047533	2	0.1	0
BSU_11750	GO:0016757	2	0.1	0
BSU_10400	GO:0046256	2	0.1	0
BSU_35230	GO:0005829	2	0.1	0
BSU_24180	GO:0000034	2	0.1	0
BSU_11740	GO:0005886	2	0.1	0
BSU_30270	GO:0008973	2	0.1	0
BSU_36750	GO:0016757	2	0.1	0
BSU_03610	GO:0055085	2	0.1	0
BSU_00830	GO:0048476	2	0.1	0
BSU_25670	GO:0000034	2	0.1	0
BSU_32730	GO:0016887	2	0.1	0
BSU_08590	GO:0000034	2	0.1	0
BSU_37770	GO:0000034	2	0.1	0
BSU_40310	GO:0030435	2	0.1	0
BSU_36750	GO:0006222	2	0.1	0
BSU_13570	GO:0000034	2	0.1	0
BSU_04490	GO:0005886	2	0.1	0
BSU_00240	GO:0005886	2	0.1	0
BSU_14340	GO:0098660	2	0.1	0
BSU_25250	GO:0005886	2	0.1	0
BSU_18910	GO:0030435	2	0.1	0
BSU_00170	GO:0000034	2	0.1	0
BSU_25530	GO:0016757	2	0.1	0
BSU_25530	GO:0006222	2	0.1	0
BSU_32710	GO:0016979	2	0.1	0
BSU_03360	GO:0006355	2	0.1	0
BSU_16910	GO:0048476	2	0.1	0
BSU_27700	GO:0006364	2	0.1	0
BSU_11530	GO:0000034	2	0.1	0
BSU_05020	GO:0006355	2	0.1	0
BSU_03360	GO:0016747	2	0.1	0
BSU_32710	GO:0006355	2	0.1	0
BSU_32630	GO:0030435	2	0.1	0
BSU_08520	GO:0030435	2	0.1	0
BSU_18200	GO:0030435	2	0.1	0
BSU_23140	GO:0030435	2	0.1	0
BSU_05020	GO:0030435	2	0.1	0
BSU_04670	GO:0008973	2	0.1	0
BSU_03770	GO:0030435	2	0.1	0
BSU_23670	GO:0016787	2	0.1	0
BSU_05010	GO:0030435	2	0.1	0
BSU_11530	GO:0006355	2	0.1	0
BSU_01740	GO:0016651	2	0.1	0
BSU_36970	GO:0016757	2	0.1	0
BSU_32630	GO:0030170	2	0.1	0
BSU_32710	GO:0006525	2	0.1	0
BSU_18200	GO:0006355	2	0.1	0
BSU_11740	GO:0030288	2	0.1	0
BSU_00320	GO:0016491	2	0.1	0
BSU_11770	GO:0005886	2	0.1	0
BSU_06630	GO:0016787	2	0.1	0
BSU_01740	GO:0012501	2	0.1	0
BSU_09530	GO:0047533	2	0.1	0
BSU_24750	GO:0016787	2	0.1	0
BSU_01740	GO:0030435	2	0.1	0
BSU_17700	GO:0016757	2	0.1	0
BSU_17700	GO:0005886	2	0.1	0
BSU_35770	GO:0016787	2	0.1	0
BSU_00890	GO:0016705	2	0.1	0
BSU_32420	GO:0006310	2	0.1	0
BSU_31970	GO:0046677	2	0.1	0
BSU_16730	GO:0005886	2	0.1	0
BSU_19720	GO:0030170	2	0.1	0
BSU_19730	GO:0030170	2	0.1	0
BSU_36970	GO:0005886	2	0.1	0
BSU_11530	GO:0030435	2	0.1	0
BSU_11130	GO:0030435	2	0.1	0
BSU_05020	GO:0016787	2	0.1	0
BSU_07070	GO:0000034	2	0.1	0
BSU_26830	GO:0016740	2	0.1	0
BSU_34050	GO:0030366	2	0.1	0
BSU_10400	GO:0047533	2	0.1	0
BSU_33160	GO:0005886	2	0.1	0
BSU_14430	GO:0016747	2	0.1	0
BSU_09550	GO:0012501	2	0.1	0
BSU_14010	GO:0016747	2	0.1	0
BSU_02620	GO:0005886	2	0.1	0
BSU_38420	GO:0005886	2	0.1	0
BSU_40200	GO:0005886	2	0.1	0
BSU_26830	GO:0016705	2	0.1	0
BSU_35890	GO:0098660	2	0.1	0
BSU_14430	GO:0005886	2	0.1	0
BSU_03550	GO:0055085	2	0.1	0
BSU_27700	GO:0016887	2	0.1	0
BSU_23140	GO:0012501	2	0.1	0
BSU_32710	GO:0005886	2	0.1	0
BSU_09070	GO:0005886	2	0.1	0
BSU_32420	GO:0004529	2	0.1	0
BSU_34240	GO:0016747	2	0.1	0
BSU_38100	GO:0030366	2	0.1	0
BSU_19700	GO:0016747	2	0.1	0
BSU_30010	GO:0005886	2	0.1	0
BSU_14340	GO:0016887	2	0.1	0
BSU_01550	GO:0008320	2	0.1	0
BSU_19720	GO:0030366	2	0.1	0
BSU_19730	GO:0030366	2	0.1	0
BSU_23140	GO:0004784	2	0.1	0
BSU_30920	GO:0005886	2	0.1	0
BSU_34730	GO:0016747	2	0.1	0
BSU_07070	GO:0005886	2	0.1	0
BSU_38660	GO:0005886	2	0.1	0
BSU_32730	GO:0015113	2	0.1	0
BSU_27490	GO:0005886	2	0.1	0
BSU_34240	GO:0030366	2	0.1	0
BSU_39780	GO:0046256	2	0.1	0
BSU_34220	GO:0030366	2	0.1	0
BSU_34290	GO:0030366	2	0.1	0
BSU_05020	GO:0016787	2	0.1	0
BSU_31959	GO:0030366	2	0.1	0
BSU_00890	GO:0016740	2	0.1	0
BSU_22920	GO:0005886	2	0.1	0
BSU_05010	GO:0006355	2	0.1	0
BSU_02310	GO:0000034	2	0.1	0
BSU_07620	GO:0000034	2	0.1	0
BSU_04480	GO:0071555	2	0.1	0
BSU_36490	GO:0000034	2	0.1	0
BSU_26830	GO:0005886	2	0.1	0
BSU_10900	GO:0000034	2	0.1	0
BSU_00270	GO:0003824	2	0.1	1
BSU_05010	GO:0016787	2	0.1	0
BSU_36750	GO:0004145	2	0.1	0
BSU_17820	GO:0000034	2	0.1	0
BSU_29290	GO:0000034	2	0.1	0
BSU_09080	GO:0005886	2	0.1	0
BSU_23000	GO:0098660	2	0.1	0
BSU_10480	GO:0016787	2	0.1	0
BSU_25380	GO:0016020	2	0.1	0
BSU_25530	GO:0005886	2	0.1	0
BSU_36750	GO:0005886	2	0.1	0
BSU_02620	GO:0000034	2	0.1	0
BSU_00890	GO:0005886	2	0.1	0
BSU_33950	GO:0004529	2	0.1	0
BSU_03360	GO:0000034	2	0.1	0
BSU_25250	GO:0004529	2	0.1	0
BSU_07640	GO:0000034	2	0.1	0
BSU_12320	GO:0030435	2	0.1	0
BSU_19710	GO:0000034	2	0.1	0
BSU_16910	GO:0006950	2	0.1	0
BSU_14430	GO:0030170	2	0.1	0
BSU_11740	GO:0006222	2	0.1	0
BSU_25530	GO:0004145	2	0.1	0
BSU_27700	GO:0071555	2	0.1	0
BSU_39540	GO:0000034	2	0.1	0
BSU_08590	GO:0030170	2	0.1	0
BSU_00270	GO:0030170	2	0.1	0
BSU_34780	GO:0000034	2	0.1	0
BSU_00320	GO:0005886	2	0.1	0
BSU_40000	GO:0046256	2	0.1	0
BSU_16910	GO:0016757	2	0.1	0
BSU_19710	GO:0016740	2	0.1	0
BSU_26280	GO:0030435	2	0.1	0
BSU_03360	GO:0003677	2	0.1	0
BSU_24410	GO:0016787	2	0.1	0
BSU_23430	GO:0016787	2	0.1	0
BSU_04190	GO:0046256	2	0.1	0
BSU_23000	GO:0005886	2	0.1	0
BSU_34220	GO:0030170	2	0.1	0
BSU_23440	GO:0016787	2	0.1	0
BSU_24390	GO:0035873	2	0.1	0
BSU_26830	GO:0016787	2	0.1	0
BSU_29700	GO:0016787	2	0.1	0
BSU_32350	GO:0016787	2	0.1	0
BSU_01740	GO:0016787	2	0.1	0
BSU_12350	GO:0046256	2	0.1	0
BSU_29700	GO:0004145	2	0.1	0
BSU_09500	GO:0016757	2	0.1	0
BSU_14430	GO:0003677	2	0.1	0
BSU_05010	GO:0016491	2	0.1	0
BSU_34290	GO:0030170	2	0.1	0
BSU_34240	GO:0030170	2	0.1	0
BSU_09080	GO:0003824	2	0.1	0
BSU_04300	GO:0005886	2	0.1	0
BSU_05010	GO:0051082	2	0.1	0
BSU_30610	GO:0005886	2	0.1	0
BSU_24750	GO:0016491	2	0.1	0
BSU_00320	GO:0004145	2	0.1	0
BSU_09510	GO:0005886	2	0.1	0
BSU_16730	GO:0046256	2	0.1	0
BSU_03770	GO:0051082	2	0.1	0
BSU_36970	GO:0005886	2	0.1	0
BSU_11740	GO:0016020	2	0.1	0
BSU_32710	GO:0005737	2	0.1	0
BSU_32710	GO:0003677	2	0.1	0
BSU_31970	GO:0003677	2	0.1	0
BSU_09940	GO:0016787	2	0.1	0
BSU_13880	GO:0005886	2	0.1	0
BSU_40310	GO:0016747	2	0.1	0
BSU_03770	GO:0005524	2	0.1	0
BSU_25250	GO:0006355	2	0.1	0
BSU_40200	GO:0016787	2	0.1	0
BSU_36970	GO:0016787	2	0.1	0
BSU_01550	GO:0016020	2	0.1	0
BSU_37770	GO:0005829	2	0.1	0
BSU_37720	GO:0046256	2	0.1	0
BSU_01740	GO:0016887	2	0.1	0
BSU_30270	GO:0042802	2	0.1	0
BSU_17910	GO:0030435	2	0.1	0
BSU_16730	GO:0016787	2	0.1	0
BSU_01740	GO:0030435	2	0.1	0
BSU_29480	GO:0030435	2	0.1	0
BSU_27700	GO:0046677	2	0.1	0
BSU_05010	GO:0005524	2	0.1	0
BSU_04480	GO:0042802	2	0.1	0
BSU_34770	GO:0005737	2	0.1	0
BSU_00320	GO:0006355	2	0.1	0
BSU_24370	GO:0035873	2	0.1	0
BSU_14340	GO:0030435	2	0.1	0
BSU_08310	GO:0005737	2	0.1	0
BSU_27700	GO:0042802	2	0.1	0
BSU_27770	GO:0046256	2	0.1	0
BSU_03610	GO:0016887	2	0.1	0
BSU_30920	GO:0016787	2	0.1	0
BSU_12320	GO:0046256	2	0.1	0
BSU_00320	GO:0051082	2	0.1	0
BSU_26830	GO:0016787	2	0.1	0
BSU_17590	GO:0030435	2	0.1	0
BSU_33950	GO:0006355	2	0.1	0
BSU_14010	GO:0003677	2	0.1	0
BSU_29050	GO:0046256	2	0.1	0
BSU_29700	GO:0016747	2	0.1	0
BSU_40620	GO:0016787	2	0.1	0
BSU_17370	GO:0016491	2	0.1	0
BSU_24380	GO:0035873	2	0.1	0
BSU_26830	GO:0005829	2	0.1	0
BSU_22920	GO:0016787	2	0.1	0
BSU_27890	GO:0006355	2	0.1	0
BSU_01740	GO:0005829	2	0.1	0
BSU_03360	GO:0005829	2	0.1	0
BSU_22920	GO:0005886	2	0.1	0
BSU_18200	GO:0006355	2	0.1	0
BSU_10610	GO:0046256	2	0.1	0
BSU_04190	GO:0047533	2	0.1	0
BSU_02770	GO:0046256	2	0.1	0
BSU_12350	GO:0016747	2	0.1	0
BSU_12350	GO:0047533	2	0.1	0
BSU_02770	GO:0005886	2	0.1	0
BSU_16730	GO:0030170	2	0.1	0
BSU_27700	GO:0006072	2	0.1	0
BSU_00320	GO:0016787	2	0.1	0
BSU_40620	GO:0005886	2	0.1	0
BSU_32730	GO:0030435	2	0.1	0
BSU_12320	GO:0047533	2	0.1	0
BSU_15100	GO:0030170	2	0.1	0
BSU_37720	GO:0047533	2	0.1	0
BSU_01740	GO:0055085	2	0.1	0
BSU_29050	GO:0047533	2	0.1	0
BSU_27770	GO:0047533	2	0.1	0
BSU_09150	GO:0016787	2	0.1	0
BSU_31390	GO:0016020	2	0.1	0
BSU_11790	GO:0016787	2	0.1	0
BSU_17370	GO:0016651	2	0.1	0
BSU_09450	GO:0046256	2	0.1	0
BSU_04670	GO:0016651	2	0.1	0
BSU_16950	GO:0016787	2	0.1	0
BSU_05010	GO:0006355	2	0.1	0
BSU_24640	GO:0016787	2	0.1	0
BSU_23140	GO:0016887	2	0.1	0
BSU_24600	GO:0003677	2	0.1	0
BSU_31970	GO:0016783	2	0.1	0
BSU_38070	GO:0005886	2	0.1	0
BSU_32710	GO:0016783	2	0.1	0
BSU_30270	GO:0030435	2	0.1	0
BSU_29700	GO:0005886	2	0.1	0
BSU_03770	GO:0006355	2	0.1	0
BSU_17900	GO:0005886	2	0.1	0
BSU_17900	GO:0005886	2	0.1	0
BSU_38229	GO:0003677	2	0.1	0
BSU_12320	GO:0016747	2	0.1	0
BSU_04490	GO:0016491	2	0.1	0
BSU_09510	GO:0016757	2	0.1	0
BSU_27890	GO:0030435	2	0.1	0
BSU_11770	GO:0016757	2	0.1	0
BSU_29310	GO:0016705	2	0.1	1
BSU_11530	GO:0051082	2	0.1	0
BSU_30270	GO:0016020	2	0.1	0
BSU_23140	GO:0016783	2	0.1	0
BSU_31970	GO:0005829	2	0.1	0
BSU_17980	GO:0016787	2	0.1	0
BSU_02770	GO:0047533	2	0.1	0
BSU_08310	GO:0005886	2	0.1	0
BSU_24400	GO:0035873	2	0.1	0
BSU_02620	GO:0005886	2	0.1	0
BSU_38070	GO:0003677	2	0.1	0
BSU_25250	GO:0016020	2	0.1	0
BSU_02620	GO:0005829	2	0.1	0
BSU_18200	GO:0005886	2	0.1	0
BSU_34770	GO:0005886	2	0.1	0
BSU_34090	GO:0005886	2	0.1	0
BSU_09958	GO:0016787	2	0.1	0
BSU_07070	GO:0005886	2	0.1	0
BSU_07230	GO:0016705	2	0.1	0
BSU_09550	GO:0016491	2	0.1	0
BSU_27700	GO:0016020	2	0.1	0
BSU_17900	GO:0003677	2	0.1	0
BSU_16730	GO:0047533	2	0.1	0
BSU_09530	GO:0046256	2	0.1	0
BSU_40310	GO:0016787	2	0.1	0
BSU_04630	GO:0016787	2	0.1	0
BSU_04480	GO:0016020	2	0.1	0
BSU_26830	GO:0005886	2	0.1	0
BSU_02720	GO:0030435	2	0.1	0
BSU_03770	GO:0016783	2	0.1	0
BSU_32630	GO:0046256	2	0.1	0
BSU_32630	GO:0047533	2	0.1	0
BSU_27490	GO:0005886	2	0.1	0
BSU_04670	GO:0016783	2	0.1	0
BSU_31410	GO:0030435	2	0.1	0
BSU_04670	GO:0044550	2	0.1	0
BSU_04490	GO:0003824	2	0.1	0
BSU_36970	GO:0005886	2	0.1	0
BSU_34090	GO:0005886	2	0.1	0
BSU_30840	GO:0016746	2	0.1	0
BSU_38070	GO:0006355	2	0.1	0
BSU_23000	GO:0005886	2	0.1	0
BSU_29700	GO:0005886	2	0.1	0
BSU_30010	GO:0005886	2	0.1	0
BSU_38660	GO:0005886	2	0.1	0
BSU_27490	GO:0005886	2	0.1	0
BSU_02620	GO:0005886	2	0.1	0
BSU_00320	GO:0003700	2	0.1	0
BSU_14010	GO:0047533	2	0.1	0
BSU_31959	GO:0046677	2	0.1	0
BSU_15440	GO:0016746	2	0.1	0
BSU_33160	GO:0005886	2	0.1	0
BSU_14430	GO:0047533	2	0.1	0
BSU_37900	GO:0015293	2	0.1	0
BSU_39780	GO:0046677	2	0.1	0
BSU_10610	GO:0016746	2	0.1	0
BSU_29290	GO:0016746	2	0.1	0
BSU_25250	GO:0003700	2	0.1	0
BSU_07620	GO:0016746	2	0.1	0
BSU_37410	GO:0016746	2	0.1	0
BSU_25170	GO:0016746	2	0.1	0
BSU_14340	GO:0035873	2	0.1	0
BSU_34090	GO:0005886	2	0.1	0
BSU_14740	GO:0035873	2	0.1	0
BSU_04670	GO:0005886	2	0.1	0
BSU_00320	GO:0006751	2	0.1	0
BSU_28660	GO:0005886	2	0.1	0
BSU_08520	GO:0005886	2	0.1	0
BSU_18940	GO:0016746	2	0.1	0
BSU_07070	GO:0005886	2	0.1	0
BSU_11130	GO:0005886	2	0.1	0
BSU_02310	GO:0016757	2	0.1	0
BSU_13830	GO:0005886	2	0.1	0
BSU_00320	GO:0030420	2	0.1	0
BSU_32630	GO:0005886	2	0.1	0
BSU_01740	GO:0005524	2	0.1	0
BSU_34240	GO:0016740	2	0.1	1
BSU_07900	GO:0055085	2	0.1	0
BSU_14430	GO:0005886	2	0.1	0
BSU_00830	GO:0005737	2	0.1	0
BSU_36970	GO:0005886	2	0.1	0
BSU_09150	GO:0005886	2	0.1	0
BSU_13880	GO:0005886	2	0.1	0
BSU_36970	GO:0005886	2	0.1	0
BSU_40200	GO:0005886	2	0.1	0
BSU_04670	GO:0016979	2	0.1	0
BSU_23000	GO:0005886	2	0.1	0
BSU_00240	GO:0016020	2	0.1	0
BSU_00570	GO:0015293	2	0.1	0
BSU_18200	GO:0046677	2	0.1	0
BSU_32500	GO:0016491	2	0.1	0
BSU_14740	GO:0012501	2	0.1	0
BSU_20070	GO:0016491	2	0.1	0
BSU_20070	GO:0047533	2	0.1	0
BSU_03770	GO:0030420	2	0.1	1
BSU_05010	GO:0030420	2	0.1	0
BSU_30610	GO:0005886	2	0.1	0
BSU_34330	GO:0005886	2	0.1	0
BSU_05020	GO:0030420	2	0.1	0
BSU_04480	GO:0005829	2	0.1	0
BSU_16910	GO:0006289	2	0.1	0
BSU_40620	GO:0006355	2	0.1	0
BSU_18200	GO:0005886	2	0.1	0
BSU_34770	GO:0005886	2	0.1	0
BSU_03770	GO:0004784	2	0.1	0
BSU_22920	GO:0005886	2	0.1	0
BSU_04300	GO:0005886	2	0.1	0
BSU_09510	GO:0005886	2	0.1	0
BSU_30610	GO:0005886	2	0.1	0
BSU_07360	GO:0015293	2	0.1	0
BSU_30610	GO:0009307	2	0.1	0
BSU_23140	GO:0016020	2	0.1	0
BSU_00830	GO:0006289	2	0.1	0
BSU_05020	GO:0046677	2	0.1	0
BSU_22920	GO:0005886	2	0.1	0
BSU_08310	GO:0005886	2	0.1	0
BSU_38100	GO:0046677	2	0.1	0
BSU_18910	GO:0015937	2	0.1	0
BSU_37770	GO:0006355	2	0.1	0
BSU_32570	GO:0004725	2	0.1	0
BSU_11530	GO:0006355	2	0.1	0
BSU_26830	GO:0016491	2	0.1	0
BSU_29290	GO:0005829	2	0.1	0
BSU_03550	GO:0030420	2	0.1	0
BSU_24380	GO:0012501	2	0.1	0
BSU_34770	GO:0009307	2	0.1	0
BSU_24370	GO:0012501	2	0.1	0
BSU_34770	GO:0005886	2	0.1	0
BSU_05010	GO:0051301	2	0.1	0
BSU_04480	GO:0033214	2	0.1	0
BSU_01740	GO:0016491	2	0.1	0
BSU_09940	GO:0055085	2	0.1	0
BSU_09500	GO:0055085	2	0.1	0
BSU_14010	GO:0046872	2	0.1	0
BSU_26700	GO:0006355	2	0.1	0
BSU_05020	GO:0004725	2	0.1	0
BSU_32730	GO:0035873	2	0.1	0
BSU_14430	GO:0046872	2	0.1	0
BSU_40390	GO:0016746	2	0.1	0
BSU_17910	GO:0030435	2	0.1	0
BSU_03360	GO:0004725	2	0.1	0
BSU_03360	GO:0000287	2	0.1	0
BSU_25170	GO:0005886	2	0.1	0
BSU_33950	GO:0003690	2	0.1	0
BSU_11770	GO:0004145	2	0.1	0
BSU_14010	GO:0003824	2	0.1	0
BSU_18200	GO:0030420	2	0.1	0
BSU_29280	GO:0005829	2	0.1	0
BSU_14010	GO:0004725	2	0.1	0
BSU_14430	GO:0004725	2	0.1	0
BSU_09940	GO:0004145	2	0.1	0
BSU_24400	GO:0012501	2	0.1	0
BSU_36970	GO:0005886	2	0.1	0
BSU_29239	GO:0005886	2	0.1	0
BSU_32630	GO:0016705	2	0.1	0
BSU_08310	GO:0009307	2	0.1	0
BSU_07070	GO:0005886	2	0.1	0
BSU_04300	GO:0015293	2	0.1	0
BSU_37410	GO:0006508	2	0.1	0
BSU_33780	GO:0015293	2	0.1	0
BSU_17900	GO:0006355	2	0.1	0
BSU_37770	GO:0000287	2	0.1	0
BSU_40620	GO:0005886	2	0.1	0
BSU_00320	GO:0006508	2	0.1	0
BSU_07230	GO:0005829	2	0.1	0
BSU_40620	GO:0005886	2	0.1	0
BSU_29310	GO:0005829	2	0.1	0
BSU_32710	GO:0005886	2	0.1	0
BSU_21750	GO:0016746	2	0.1	0
BSU_34780	GO:0016746	2	0.1	0
BSU_02770	GO:0005886	2	0.1	0
BSU_27490	GO:0005886	2	0.1	0
BSU_32710	GO:0006751	2	0.1	0
BSU_04490	GO:0009307	2	0.1	0
BSU_26830	GO:0005886	2	0.1	0
BSU_08310	GO:0003824	2	0.1	0
BSU_08310	GO:0005886	2	0.1	0
BSU_05160	GO:0006355	2	0.1	0
BSU_30910	GO:0005886	2	0.1	0
BSU_00890	GO:0016491	2	0.1	0
BSU_40310	GO:0004725	2	0.1	0
BSU_14010	GO:0005975	2	0.1	0
BSU_03770	GO:0051301	2	0.1	0
BSU_34110	GO:0004725	2	0.1	0
BSU_00240	GO:0016746	2	0.1	0
BSU_30900	GO:0005886	2	0.1	0
BSU_27890	GO:0003700	2	0.1	0
BSU_19710	GO:0016705	2	0.1	0
BSU_00320	GO:0051301	2	0.1	0
BSU_37900	GO:0005886	2	0.1	0
BSU_34090	GO:0016887	2	0.1	1
BSU_35890	GO:0005886	2	0.1	0
BSU_24390	GO:0012501	2	0.1	0
BSU_35230	GO:0006289	2	0.1	0
BSU_14740	GO:0016705	2	0.1	0
BSU_40310	GO:0015937	2	0.1	0
BSU_15100	GO:0047533	2	0.1	0
BSU_18940	GO:0016787	2	0.1	0
BSU_05010	GO:0046872	2	0.1	0
BSU_00320	GO:0046872	2	0.1	0
BSU_11750	GO:0009103	2	0.1	0
BSU_34780	GO:0005886	2	0.1	0
BSU_35510	GO:0046677	2	0.1	0
BSU_05010	GO:0006525	2	0.1	0
BSU_34770	GO:0005737	2	0.1	0
BSU_11740	GO:0005886	2	0.1	0
BSU_00240	GO:0005886	2	0.1	0
BSU_37410	GO:0005886	2	0.1	0
BSU_40370	GO:0005886	2	0.1	0
BSU_26830	GO:0006508	2	0.1	0
BSU_16910	GO:0071555	2	0.1	0
BSU_32010	GO:0046677	2	0.1	0
BSU_32730	GO:0016301	2	0.1	0
BSU_16910	GO:0071555	2	0.1	0
BSU_01740	GO:0006508	2	0.1	0
BSU_12320	GO:0046677	2	0.1	0
BSU_25170	GO:0046677	2	0.1	0
BSU_30270	GO:0016301	2	0.1	0
BSU_24390	GO:0016887	2	0.1	0
BSU_14430	GO:0005975	2	0.1	0
BSU_29290	GO:0005886	2	0.1	0
BSU_24390	GO:0016301	2	0.1	0
BSU_25530	GO:0005886	2	0.1	0
BSU_36750	GO:0005886	2	0.1	0
BSU_11750	GO:0042802	2	0.1	0
BSU_18940	GO:0005886	2	0.1	0
BSU_07620	GO:0005886	2	0.1	0
BSU_25170	GO:0005886	2	0.1	0
BSU_00320	GO:0005886	2	0.1	0
BSU_16910	GO:0008320	2	0.1	0
BSU_14740	GO:0006508	2	0.1	0
BSU_14150	GO:0006779	2	0.1	0
BSU_19710	GO:0006508	2	0.1	0
BSU_32710	GO:0055085	2	0.1	0
BSU_32730	GO:0012501	2	0.1	0
BSU_19710	GO:0005886	2	0.1	0
BSU_32710	GO:0005737	2	0.1	0
BSU_30840	GO:0005886	2	0.1	0
BSU_37900	GO:0098660	2	0.1	0
BSU_14740	GO:0016887	2	0.1	0
BSU_15250	GO:0005886	2	0.1	0
BSU_00320	GO:0006164	2	0.1	0
BSU_11130	GO:0005886	2	0.1	0
BSU_14740	GO:0016740	2	0.1	0
BSU_32630	GO:0005886	2	0.1	0
BSU_29700	GO:0003824	2	0.1	0
BSU_03770	GO:0003824	2	0.1	0
BSU_27020	GO:0016757	2	0.1	0
BSU_27700	GO:0016301	2	0.1	0
BSU_08520	GO:0005886	2	0.1	0
BSU_24380	GO:0016798	2	0.1	0
BSU_24400	GO:0016798	2	0.1	0
BSU_25170	GO:0005886	2	0.1	0
BSU_11760	GO:0005886	2	0.1	0
BSU_27700	GO:0016020	2	0.1	0
BSU_16280	GO:0005886	2	0.1	0
BSU_34770	GO:0005886	2	0.1	0
BSU_24370	GO:0016798	2	0.1	0
BSU_38660	GO:0005886	2	0.1	0
BSU_11770	GO:0005886	2	0.1	0
BSU_00890	GO:0006508	2	0.1	0
BSU_26830	GO:0005886	2	0.1	0
BSU_00890	GO:0005886	2	0.1	0
BSU_39780	GO:0047533	2	0.1	0
BSU_40200	GO:0005886	2	0.1	0
BSU_33160	GO:0005886	2	0.1	0
BSU_30010	GO:0005886	2	0.1	0
BSU_33750	GO:0005886	2	0.1	0
BSU_23140	GO:0016301	2	0.1	0
BSU_08520	GO:0005886	2	0.1	0
BSU_32630	GO:0005886	2	0.1	0
BSU_07900	GO:0012501	2	0.1	0
BSU_24640	GO:0005886	2	0.1	0
BSU_11130	GO:0005886	2	0.1	0
BSU_14010	GO:0006355	2	0.1	0
BSU_10610	GO:0005886	2	0.1	0
BSU_24380	GO:0016301	2	0.1	0
BSU_08520	GO:0046677	2	0.1	0
BSU_14010	GO:0016020	2	0.1	0
BSU_11130	GO:0046677	2	0.1	0
BSU_27700	GO:0030435	2	0.1	0
BSU_14740	GO:0016020	2	0.1	0
BSU_09510	GO:0005886	2	0.1	0
BSU_31970	GO:0005737	2	0.1	0
BSU_01740	GO:0016301	2	0.1	0
BSU_11740	GO:0004222	2	0.1	0
BSU_00890	GO:0005886	2	0.1	0
BSU_24390	GO:0004222	2	0.1	0
BSU_18200	GO:0016787	2	0.1	0
BSU_04480	GO:0030435	2	0.1	0
BSU_14430	GO:0005886	2	0.1	0
BSU_03770	GO:0016979	2	0.1	0
BSU_09958	GO:0005886	2	0.1	0
BSU_09940	GO:0006355	2	0.1	0
BSU_17900	GO:0004145	2	0.1	0
BSU_29700	GO:0005886	2	0.1	0
BSU_32630	GO:0046677	2	0.1	0
BSU_03770	GO:0005886	2	0.1	0
BSU_00240	GO:0006508	2	0.1	0
BSU_14340	GO:0012501	2	0.1	0
BSU_32420	GO:0042276	2	0.1	0
BSU_04490	GO:0005886	2	0.1	0
BSU_11760	GO:0004222	2	0.1	0
BSU_09080	GO:0005886	2	0.1	0
BSU_02920	GO:0015293	2	0.1	0
BSU_09070	GO:0005886	2	0.1	0
BSU_16910	GO:0009103	2	0.1	0
BSU_26830	GO:0016301	2	0.1	0
BSU_40390	GO:0006508	2	0.1	0
BSU_15100	GO:0016491	2	0.1	0
BSU_04490	GO:0047533	2	0.1	0
BSU_32420	GO:0004527	2	0.1	0
BSU_00890	GO:0005886	2	0.1	0
BSU_11530	GO:0016787	2	0.1	0
BSU_33750	GO:0005886	2	0.1	0
BSU_05020	GO:0005886	2	0.1	0
BSU_24400	GO:0016887	2	0.1	0
BSU_29700	GO:0005886	2	0.1	0
BSU_25670	GO:0016787	2	0.1	0
BSU_18910	GO:0046677	2	0.1	0
BSU_15440	GO:0005886	2	0.1	0
BSU_03770	GO:0015937	2	0.1	0
BSU_01550	GO:0030435	2	0.1	0
BSU_40310	GO:0046677	2	0.1	0
BSU_24390	GO:0016798	2	0.1	0
BSU_26830	GO:0016020	2	0.1	0
BSU_29280	GO:0015293	2	0.1	0
BSU_03360	GO:0003824	2	0.1	0
BSU_14430	GO:0006355	2	0.1	0
BSU_01740	GO:0016020	2	0.1	0
BSU_16910	GO:0030435	2	0.1	0
BSU_10900	GO:0030170	2	0.1	0
BSU_25250	GO:0005737	2	0.1	0
BSU_00320	GO:0015937	2	0.1	0
BSU_02770	GO:0005886	2	0.1	0
BSU_39680	GO:0005886	2	0.1	0
BSU_05010	GO:0015937	2	0.1	0
BSU_00320	GO:0004222	2	0.1	0
BSU_17980	GO:0005886	2	0.1	0
BSU_00320	GO:0044781	2	0.1	0
BSU_19240	GO:0005886	2	0.1	0
BSU_25170	GO:0005886	2	0.1	0
BSU_11530	GO:0015937	2	0.1	0
BSU_11130	GO:0015937	2	0.1	0
BSU_24380	GO:0016887	2	0.1	0
BSU_32420	GO:0005737	2	0.1	0
BSU_08520	GO:0015937	2	0.1	0
BSU_05020	GO:0015937	2	0.1	0
BSU_16910	GO:0005737	2	0.1	0
BSU_25530	GO:0004222	2	0.1	0
BSU_18200	GO:0015937	2	0.1	0
BSU_04480	GO:0016757	2	0.1	0
BSU_04670	GO:0004784	2	0.1	0
BSU_09550	GO:0055085	2	0.1	0
BSU_04480	GO:0016887	2	0.1	0
BSU_00240	GO:0003677	2	0.1	0
BSU_24380	GO:0006826	2	0.1	0
BSU_09530	GO:0005829	2	0.1	1
BSU_04670	GO:0005524	2	0.1	0
BSU_23430	GO:0071949	2	0.1	0
BSU_23440	GO:0071949	2	0.1	0
BSU_23420	GO:0071949	2	0.1	0
BSU_32730	GO:0016787	2	0.1	0
BSU_32350	GO:0071949	2	0.1	0
BSU_32710	GO:0016407	2	0.1	0
BSU_17900	GO:0003735	2	0.1	0
BSU_31970	GO:0016407	2	0.1	0
BSU_15250	GO:0071949	2	0.1	0
BSU_13440	GO:0009306	2	0.1	0
BSU_22920	GO:0071949	2	0.1	0
BSU_00240	GO:0071949	2	0.1	0
BSU_24640	GO:0008237	2	0.1	0
BSU_23140	GO:0015648	2	0.1	0
BSU_09550	GO:0016740	2	0.1	0
BSU_30270	GO:0016787	2	0.1	0
BSU_24410	GO:0071949	2	0.1	0
BSU_05430	GO:0046686	2	0.1	0
BSU_05020	GO:0008237	2	0.1	0
BSU_11750	GO:0016874	2	0.1	0
BSU_30270	GO:0055085	2	0.1	0
BSU_24400	GO:0015727	2	0.1	0
BSU_13880	GO:0005886	2	0.1	0
BSU_05010	GO:0046872	2	0.1	0
BSU_17900	GO:0005886	2	0.1	0
BSU_05020	GO:0046872	2	0.1	0
BSU_17980	GO:0071949	2	0.1	0
BSU_24380	GO:0015727	2	0.1	0
BSU_37880	GO:0004145	2	0.1	0
BSU_18200	GO:0046872	2	0.1	0
BSU_07360	GO:0050845	2	0.1	0
BSU_24370	GO:0015727	2	0.1	0
BSU_08520	GO:0046872	2	0.1	0
BSU_37900	GO:0050845	2	0.1	0
BSU_11530	GO:0046872	2	0.1	0
BSU_11770	GO:0042601	2	0.1	0
BSU_24370	GO:0071949	2	0.1	0
BSU_36970	GO:0071949	2	0.1	0
BSU_40310	GO:0008237	2	0.1	0
BSU_14340	GO:0015727	2	0.1	0
BSU_40000	GO:0071949	2	0.1	0
BSU_09450	GO:0071949	2	0.1	0
BSU_29700	GO:0042601	2	0.1	0
BSU_10610	GO:0071949	2	0.1	0
BSU_33780	GO:0050845	2	0.1	0
BSU_14740	GO:0015727	2	0.1	0
BSU_09530	GO:0071949	2	0.1	0
BSU_07070	GO:0005886	2	0.1	0
BSU_09940	GO:0042601	2	0.1	0
BSU_30610	GO:0003910	2	0.1	0
BSU_14010	GO:0016407	2	0.1	0
BSU_04480	GO:0016787	2	0.1	0
BSU_16910	GO:0046872	2	0.1	0
BSU_38530	GO:0020037	2	0.1	0
BSU_00320	GO:0042601	2	0.1	0
BSU_04190	GO:0071949	2	0.1	0
BSU_15250	GO:0016740	2	0.1	0
BSU_33100	GO:0020037	2	0.1	0
BSU_02770	GO:0005886	2	0.1	0
BSU_10400	GO:0071949	2	0.1	0
BSU_24390	GO:0015727	2	0.1	0
BSU_09940	GO:0071949	2	0.1	0
BSU_09550	GO:0015648	2	0.1	0
BSU_19750	GO:0004145	2	0.1	0
BSU_29700	GO:0071949	2	0.1	0
BSU_17900	GO:0071949	2	0.1	0
BSU_30920	GO:0071949	2	0.1	0
BSU_03360	GO:0016407	2	0.1	0
BSU_40620	GO:0005886	2	0.1	0
BSU_04300	GO:0050845	2	0.1	0
BSU_39780	GO:0071949	2	0.1	0
BSU_11530	GO:0016836	2	0.1	0
BSU_23140	GO:0016787	2	0.1	0
BSU_25530	GO:0006355	2	0.1	0
BSU_01740	GO:0020037	2	0.1	0
BSU_33950	GO:0045892	2	0.1	0
BSU_29370	GO:0071555	2	0.1	0
BSU_12350	GO:0071949	2	0.1	0
BSU_09150	GO:0005886	2	0.1	0
BSU_09958	GO:0005886	2	0.1	0
BSU_00570	GO:0050845	2	0.1	0
BSU_00320	GO:0046872	2	0.1	0
BSU_25060	GO:0005886	2	0.1	0
BSU_30270	GO:0046872	2	0.1	0
BSU_15400	GO:0009306	2	0.1	0
BSU_27700	GO:0055085	2	0.1	0
BSU_24390	GO:0015113	2	0.1	0
BSU_16080	GO:0005886	2	0.1	0
BSU_13830	GO:0005886	2	0.1	0
BSU_09550	GO:0035429	2	0.1	0
BSU_05010	GO:0003677	2	0.1	0
BSU_29239	GO:0005886	2	0.1	0
BSU_01740	GO:0015648	2	0.1	0
BSU_24400	GO:0042601	2	0.1	0
BSU_29239	GO:0005886	2	0.1	0
BSU_02770	GO:0016491	2	0.1	1
BSU_07900	GO:0035429	2	0.1	0
BSU_30610	GO:0005886	2	0.1	0
BSU_09550	GO:0020037	2	0.1	0
BSU_04300	GO:0005886	2	0.1	0
BSU_00320	GO:0003677	2	0.1	0
BSU_03360	GO:0003677	2	0.1	0
BSU_37900	GO:0005886	2	0.1	0
BSU_29239	GO:0046686	2	0.1	0
BSU_02920	GO:0050845	2	0.1	0
BSU_07360	GO:0005886	2	0.1	0
BSU_31540	GO:0071555	2	0.1	0
BSU_00240	GO:0042601	2	0.1	0
BSU_09940	GO:0035429	2	0.1	0
BSU_09500	GO:0035429	2	0.1	0
BSU_30610	GO:0003824	2	0.1	0
BSU_01550	GO:0065002	2	0.1	0
BSU_22920	GO:0042601	2	0.1	0
BSU_02540	GO:0050845	2	0.1	0
BSU_34240	GO:0004145	2	0.1	0
BSU_03550	GO:0020037	2	0.1	0
BSU_14800	GO:0005886	2	0.1	0
BSU_03550	GO:0035429	2	0.1	0
BSU_27490	GO:0005886	2	0.1	0
BSU_17700	GO:0042601	2	0.1	0
BSU_23140	GO:0055085	2	0.1	0
BSU_30270	GO:0016491	2	0.1	0
BSU_03610	GO:0015648	2	0.1	0
BSU_16730	GO:0042601	2	0.1	0
BSU_14800	GO:0046686	2	0.1	0
BSU_34290	GO:0016740	2	0.1	1
BSU_03020	GO:0046686	2	0.1	0
BSU_24380	GO:0042601	2	0.1	0
BSU_29380	GO:0071555	2	0.1	0
BSU_36970	GO:0042601	2	0.1	0
BSU_00320	GO:0008311	2	0.1	0
BSU_08310	GO:0005886	2	0.1	0
BSU_34090	GO:0005886	2	0.1	0
BSU_38070	GO:0005886	2	0.1	0
BSU_03550	GO:0015648	2	0.1	0
BSU_18200	GO:0016836	2	0.1	0
BSU_03770	GO:0046872	2	0.1	0
BSU_11740	GO:0006355	2	0.1	0
BSU_03550	GO:0016740	2	0.1	0
BSU_14800	GO:0005886	2	0.1	0
BSU_03610	GO:0035429	2	0.1	0
BSU_02770	GO:0046677	2	0.1	0
BSU_37410	GO:0016740	2	0.1	0
BSU_18910	GO:0017000	2	0.1	0
BSU_24370	GO:0042601	2	0.1	0
BSU_40620	GO:0003735	2	0.1	0
BSU_24390	GO:0042601	2	0.1	0
BSU_01740	GO:0035429	2	0.1	0
BSU_40310	GO:0017000	2	0.1	0
BSU_18910	GO:0005524	2	0.1	0
BSU_40310	GO:0005524	2	0.1	0
BSU_24390	GO:0016787	2	0.1	0
BSU_31540	GO:0020037	2	0.1	0
BSU_03610	GO:0020037	2	0.1	0
BSU_36750	GO:0042601	2	0.1	0
BSU_34050	GO:0046677	2	0.1	0
BSU_33780	GO:0005886	2	0.1	0
BSU_27700	GO:0006071	2	0.1	0
BSU_32570	GO:0003910	2	0.1	0
BSU_17700	GO:0005886	2	0.1	0
BSU_05010	GO:0005524	2	0.1	0
BSU_37410	GO:0005886	2	0.1	0
BSU_30595	GO:0016887	2	0.1	0
BSU_00320	GO:0006750	2	0.1	0
BSU_17900	GO:0034219	2	0.1	0
BSU_09500	GO:0071555	2	0.1	0
BSU_32420	GO:0006355	2	0.1	0
BSU_25530	GO:0034219	2	0.1	0
BSU_36750	GO:0034219	2	0.1	0
BSU_00320	GO:0034219	2	0.1	0
BSU_07640	GO:0005524	2	0.1	0
BSU_02310	GO:0005886	2	0.1	0
BSU_27700	GO:0006826	2	0.1	0
BSU_29700	GO:0034219	2	0.1	0
BSU_14740	GO:0008237	2	0.1	0
BSU_15100	GO:0016740	2	0.1	0
BSU_30270	GO:0006826	2	0.1	0
BSU_27490	GO:0030435	2	0.1	0
BSU_11530	GO:0005524	2	0.1	0
BSU_00320	GO:0005886	2	0.1	0
BSU_14340	GO:0050845	2	0.1	0
BSU_03610	GO:0015727	2	0.1	0
BSU_18910	GO:0005886	2	0.1	0
BSU_23140	GO:0006826	2	0.1	0
BSU_01740	GO:0015727	2	0.1	0
BSU_33780	GO:0005886	2	0.1	0
BSU_02540	GO:0009306	2	0.1	0
BSU_37720	GO:0005886	2	0.1	0
BSU_23140	GO:0006071	2	0.1	0
BSU_23420	GO:0016887	2	0.1	0
BSU_30610	GO:0005886	2	0.1	0
BSU_31970	GO:0005886	2	0.1	0
BSU_27890	GO:0043200	2	0.1	0
BSU_07900	GO:0015648	2	0.1	0
BSU_03770	GO:0005524	2	0.1	0
BSU_07900	GO:0071555	2	0.1	0
BSU_07440	GO:0016740	2	0.1	0
BSU_04480	GO:0003333	2	0.1	0
BSU_40390	GO:0005524	2	0.1	0
BSU_36970	GO:0034219	2	0.1	0
BSU_14150	GO:0050660	2	0.1	0
BSU_23140	GO:0071555	2	0.1	0
BSU_03610	GO:0016020	2	0.1	0
BSU_16730	GO:0034219	2	0.1	0
BSU_01740	GO:0016020	2	0.1	0
BSU_15400	GO:0008289	2	0.1	0
BSU_27890	GO:0005737	2	0.1	0
BSU_23140	GO:0035435	2	0.1	0
BSU_21550	GO:0005886	2	0.1	0
BSU_29700	GO:0005975	2	0.1	0
BSU_17700	GO:0034219	2	0.1	0
BSU_32350	GO:0016887	2	0.1	0
BSU_05010	GO:0004315	2	0.1	0
BSU_01740	GO:0022857	2	0.1	0
BSU_07360	GO:0009306	2	0.1	0
BSU_09550	GO:0071555	2	0.1	0
BSU_33950	GO:0005737	2	0.1	0
BSU_00320	GO:0005886	2	0.1	0
BSU_09500	GO:0015648	2	0.1	0
BSU_09940	GO:0034219	2	0.1	0
BSU_31410	GO:0110001	2	0.1	0
BSU_27890	GO:0006950	2	0.1	0
BSU_01740	GO:0035435	2	0.1	0
BSU_32710	GO:0006750	2	0.1	0
BSU_11770	GO:0034219	2	0.1	0
BSU_23140	GO:0016787	2	0.1	0
BSU_03610	GO:0035435	2	0.1	0
BSU_14430	GO:0110001	2	0.1	0
BSU_02720	GO:0110001	2	0.1	0
BSU_27700	GO:0005886	2	0.1	1
BSU_03770	GO:0016787	2	0.1	0
BSU_00570	GO:0009306	2	0.1	0
BSU_40380	GO:0005524	2	0.1	0
BSU_14340	GO:0071555	2	0.1	0
BSU_30270	GO:0006071	2	0.1	0
BSU_12320	GO:0071949	2	0.1	0
BSU_24370	GO:0071555	2	0.1	0
BSU_24400	GO:0071555	2	0.1	0
BSU_29310	GO:0071949	2	0.1	0
BSU_33750	GO:0030420	2	0.1	0
BSU_11810	GO:0005886	2	0.1	0
BSU_24380	GO:0071555	2	0.1	0
BSU_35890	GO:0050845	2	0.1	0
BSU_32010	GO:0030420	2	0.1	0
BSU_25250	GO:0045892	2	0.1	0
BSU_31410	GO:0003735	2	0.1	0
BSU_18030	GO:0005886	2	0.1	0
BSU_33950	GO:0006355	2	0.1	0
BSU_35510	GO:0030420	2	0.1	0
BSU_24380	GO:0006826	2	0.1	0
BSU_05140	GO:0046686	2	0.1	0
BSU_25250	GO:0006355	2	0.1	0
BSU_24390	GO:0006826	2	0.1	0
BSU_12320	GO:0004252	2	0.1	0
BSU_04670	GO:0006177	2	0.1	0
BSU_17910	GO:0050845	2	0.1	0
BSU_08310	GO:0005886	2	0.1	0
BSU_15100	GO:0005975	2	0.1	0
BSU_25530	GO:0042601	2	0.1	0
BSU_17900	GO:0042601	2	0.1	0
BSU_37720	GO:0071949	2	0.1	0
BSU_29050	GO:0071949	2	0.1	0
BSU_33850	GO:0046686	2	0.1	0
BSU_16730	GO:0071949	2	0.1	0
BSU_32630	GO:0071949	2	0.1	0
BSU_30270	GO:0005524	2	0.1	0
BSU_02770	GO:0071949	2	0.1	0
BSU_40380	GO:0050845	2	0.1	0
BSU_11740	GO:0006979	2	0.1	0
BSU_27830	GO:0005886	2	0.1	0
BSU_27770	GO:0071949	2	0.1	0
BSU_01740	GO:0015293	2	0.1	0
BSU_02920	GO:0009306	2	0.1	0
BSU_40380	GO:0020037	2	0.1	0
BSU_12320	GO:0030420	2	0.1	0
BSU_33950	GO:0003735	2	0.1	0
BSU_32630	GO:0030420	2	0.1	0
BSU_23140	GO:0016020	2	0.1	0
BSU_40310	GO:0046872	2	0.1	0
BSU_17590	GO:0005737	2	0.1	0
BSU_09550	GO:0015727	2	0.1	0
BSU_32540	GO:0110001	2	0.1	0
BSU_32730	GO:0006071	2	0.1	0
BSU_11130	GO:0030420	2	0.1	0
BSU_08520	GO:0030420	2	0.1	0
BSU_25170	GO:0030420	2	0.1	0
BSU_23140	GO:0015727	2	0.1	0
BSU_09500	GO:0008961	2	0.1	0
BSU_18200	GO:0030420	2	0.1	0
BSU_32730	GO:0006826	2	0.1	0
BSU_25380	GO:0020037	2	0.1	0
BSU_14740	GO:0071555	2	0.1	0
BSU_05020	GO:0030420	2	0.1	0
BSU_23000	GO:0050845	2	0.1	0
BSU_18910	GO:0046872	2	0.1	0
BSU_26830	GO:0008237	2	0.1	0
BSU_01760	GO:0020037	2	0.1	0
BSU_33950	GO:0043200	2	0.1	0
BSU_00890	GO:0110001	2	0.1	0
BSU_24390	GO:0071555	2	0.1	0
BSU_24390	GO:0006071	2	0.1	0
BSU_27700	GO:0016787	2	0.1	0
BSU_26830	GO:0015293	2	0.1	0
BSU_40390	GO:0020037	2	0.1	0
BSU_00890	GO:0008237	2	0.1	0
BSU_09550	GO:0016020	2	0.1	0
BSU_01740	GO:0030152	2	0.1	0
BSU_07900	GO:0015727	2	0.1	0
BSU_40310	GO:0030420	2	0.1	0
BSU_01740	GO:0008237	2	0.1	0
BSU_33100	GO:0050845	2	0.1	0
BSU_03770	GO:0005975	2	0.1	0
BSU_04480	GO:0003677	2	0.1	0
BSU_24400	GO:0008643	2	0.1	0
BSU_03770	GO:0004315	2	0.1	0
BSU_16910	GO:0016887	2	0.1	0
BSU_25530	GO:0046872	2	0.1	0
BSU_05140	GO:0009306	2	0.1	0
BSU_21550	GO:0046677	2	0.1	0
BSU_40370	GO:0008270	2	0.1	0
BSU_18910	GO:0030420	2	0.1	1
BSU_29280	GO:0046686	2	0.1	0
BSU_22920	GO:0004145	2	0.1	0
BSU_10950	GO:0046872	2	0.1	0
BSU_36750	GO:0046872	2	0.1	0
BSU_30000	GO:0046686	2	0.1	0
BSU_07440	GO:0005829	2	0.1	0
BSU_11750	GO:0003824	2	0.1	0
BSU_40390	GO:0008270	2	0.1	0
BSU_31970	GO:0017118	2	0.1	0
BSU_30910	GO:0042601	2	0.1	0
BSU_18200	GO:0017000	2	0.1	0
BSU_05020	GO:0017000	2	0.1	0
BSU_26830	GO:0031222	2	0.1	0
BSU_26620	GO:0009306	2	0.1	0
BSU_25380	GO:0046872	2	0.1	0
BSU_18190	GO:0005829	2	0.1	0
BSU_07900	GO:0008643	2	0.1	0
BSU_01740	GO:0031222	2	0.1	0
BSU_19710	GO:0008270	2	0.1	0
BSU_16080	GO:0046686	2	0.1	0
BSU_14740	GO:0008270	2	0.1	0
BSU_11810	GO:0042601	2	0.1	0
BSU_30270	GO:0065002	2	0.1	0
BSU_00320	GO:0046872	2	0.1	0
BSU_25350	GO:0042601	2	0.1	0
BSU_32730	GO:0003333	2	0.1	0
BSU_02770	GO:0046872	2	0.1	0
BSU_30920	GO:0005886	2	0.1	0
BSU_15030	GO:0042601	2	0.1	0
BSU_01550	GO:0016020	2	0.1	0
BSU_04480	GO:0045121	2	0.1	0
BSU_32710	GO:0017118	2	0.1	0
BSU_13830	GO:0042601	2	0.1	0
BSU_00240	GO:0008270	2	0.1	0
BSU_23140	GO:0017118	2	0.1	0
BSU_34780	GO:0008270	2	0.1	0
BSU_09150	GO:0042601	2	0.1	0
BSU_30270	GO:0016020	2	0.1	0
BSU_14800	GO:0009306	2	0.1	0
BSU_01550	GO:0016020	2	0.1	0
BSU_04480	GO:0016020	2	0.1	0
BSU_32730	GO:0008643	2	0.1	0
BSU_30270	GO:0017118	2	0.1	0
BSU_09958	GO:0046686	2	0.1	0
BSU_37410	GO:0008270	2	0.1	0
BSU_08520	GO:0017000	2	0.1	0
BSU_30270	GO:0055085	2	0.1	0
BSU_27700	GO:0016020	2	0.1	0
BSU_11740	GO:0071555	2	0.1	0
BSU_09958	GO:0042601	2	0.1	0
BSU_14740	GO:0020037	2	0.1	0
BSU_03020	GO:0009306	2	0.1	0
BSU_16950	GO:0042601	2	0.1	0
BSU_31000	GO:0046677	2	0.1	0
BSU_24370	GO:0035429	2	0.1	0
BSU_27700	GO:0016020	2	0.1	0
BSU_00240	GO:0004145	2	0.1	0
BSU_24380	GO:0035429	2	0.1	0
BSU_15250	GO:0005886	2	0.1	0
BSU_00830	GO:0003678	2	0.1	0
BSU_04480	GO:0016020	2	0.1	0
BSU_33850	GO:0009306	2	0.1	0
BSU_30270	GO:0016020	2	0.1	0
BSU_16910	GO:0003824	2	0.1	0
BSU_05010	GO:0016836	2	0.1	0
BSU_19700	GO:0046677	2	0.1	0
BSU_05430	GO:0009306	2	0.1	0
BSU_03770	GO:0017118	2	0.1	0
BSU_04670	GO:0017118	2	0.1	0
BSU_21750	GO:0008270	2	0.1	0
BSU_23140	GO:0016407	2	0.1	0
BSU_14010	GO:0005829	2	0.1	0
BSU_07620	GO:0008270	2	0.1	0
BSU_29380	GO:0035429	2	0.1	0
BSU_34310	GO:0016740	2	0.1	0
BSU_01550	GO:0016887	2	0.1	0
BSU_30270	GO:0022857	2	0.1	0
BSU_00890	GO:0016977	2	0.1	0
BSU_28410	GO:0003677	2	0.1	1
BSU_00320	GO:0017000	2	0.1	0
BSU_30270	GO:0016979	2	0.1	0
BSU_29370	GO:0035429	2	0.1	0
BSU_15400	GO:0046686	2	0.1	0
BSU_12320	GO:0005975	2	0.1	0
BSU_03770	GO:0004564	2	0.1	0
BSU_08520	GO:0046872	2	0.1	0
BSU_07640	GO:0046872	2	0.1	0
BSU_23140	GO:0022857	2	0.1	0
BSU_24390	GO:0000160	2	0.1	0
BSU_17910	GO:0020037	2	0.1	0
BSU_23140	GO:0016979	2	0.1	0
BSU_02770	GO:0016747	2	0.1	0
BSU_03770	GO:0016836	2	0.1	0
BSU_00320	GO:0004564	2	0.1	0
BSU_13440	GO:0046686	2	0.1	0
BSU_11530	GO:0009245	2	0.1	0
BSU_05020	GO:0004180	2	0.1	0
BSU_29290	GO:0005829	2	0.1	0
BSU_05010	GO:0004180	2	0.1	0
BSU_03360	GO:0003824	2	0.1	0
BSU_29310	GO:0005829	2	0.1	0
BSU_29280	GO:0005829	2	0.1	0
BSU_24640	GO:0031222	2	0.1	0
BSU_03770	GO:0004180	2	0.1	0
BSU_24380	GO:0020037	2	0.1	0
BSU_34300	GO:0016740	2	0.1	0
BSU_14010	GO:0003824	2	0.1	0
BSU_14430	GO:0003824	2	0.1	0
BSU_24370	GO:0020037	2	0.1	0
BSU_00320	GO:0005829	2	0.1	0
BSU_05010	GO:0004564	2	0.1	0
BSU_07900	GO:0009306	2	0.1	0
BSU_32710	GO:0000155	2	0.1	0
BSU_05160	GO:0009306	2	0.1	0
BSU_16080	GO:0009306	2	0.1	1
BSU_24180	GO:0046872	2	0.1	0
BSU_27490	GO:0009306	2	0.1	0
BSU_24380	GO:0000160	2	0.1	0
BSU_40310	GO:0005975	2	0.1	0
BSU_07440	GO:0046677	2	0.1	0
BSU_03770	GO:0017000	2	0.1	0
BSU_11530	GO:0004564	2	0.1	0
BSU_27700	GO:0005737	2	0.1	0
BSU_27700	GO:0022857	2	0.1	0
BSU_12350	GO:0005975	2	0.1	0
BSU_07360	GO:0005829	2	0.1	0
BSU_29370	GO:0020037	2	0.1	0
BSU_04480	GO:0065002	2	0.1	0
BSU_11740	GO:0005737	2	0.1	0
BSU_05010	GO:0017000	2	0.1	0
BSU_01740	GO:0008270	2	0.1	0
BSU_02620	GO:0046872	2	0.1	0
BSU_15100	GO:0046677	2	0.1	0
BSU_00890	GO:0008270	2	0.1	0
BSU_27700	GO:0065002	2	0.1	0
BSU_11130	GO:0016977	2	0.1	0
BSU_24400	GO:0035429	2	0.1	0
BSU_24180	GO:0016977	2	0.1	0
BSU_39680	GO:0016747	2	0.1	0
BSU_18200	GO:0004564	2	0.1	0
BSU_03360	GO:0046872	2	0.1	0
BSU_00240	GO:0005886	2	0.1	0
BSU_05010	GO:0046872	2	0.1	0
BSU_22920	GO:0005886	2	0.1	0
BSU_03770	GO:0016977	2	0.1	0
BSU_00320	GO:0004180	2	0.1	0
BSU_39680	GO:0003824	2	0.1	0
BSU_27490	GO:0005829	2	0.1	0
BSU_34320	GO:0016740	2	0.1	0
BSU_14340	GO:0020037	2	0.1	0
BSU_11750	GO:0071555	2	0.1	0
BSU_35890	GO:0005886	2	0.1	0
BSU_09940	GO:0020037	2	0.1	0
BSU_14740	GO:0008643	2	0.1	0
BSU_04370	GO:0009306	2	0.1	0
BSU_31970	GO:0003677	2	0.1	0
BSU_29480	GO:0043565	2	0.1	0
BSU_32710	GO:0004784	2	0.1	0
BSU_31970	GO:0004784	2	0.1	0
BSU_00170	GO:0106435	2	0.1	0
BSU_04650	GO:0043565	2	0.1	0
BSU_32730	GO:0016020	2	0.1	0
BSU_09500	GO:0020037	2	0.1	0
BSU_24390	GO:0016020	2	0.1	0
BSU_24380	GO:0016020	2	0.1	0
BSU_00320	GO:0051301	2	0.1	0
BSU_23420	GO:0042601	2	0.1	0
BSU_02620	GO:0003677	2	0.1	0
BSU_13830	GO:0005886	2	0.1	0
BSU_04670	GO:0005829	2	0.1	0
BSU_11530	GO:0005524	2	0.1	0
BSU_18200	GO:0005524	2	0.1	0
BSU_32710	GO:0050660	2	0.1	0
BSU_15250	GO:0042601	2	0.1	0
BSU_16910	GO:0046933	2	0.1	0
BSU_08520	GO:0005524	2	0.1	0
BSU_24410	GO:0042601	2	0.1	0
BSU_23430	GO:0042601	2	0.1	0
BSU_19710	GO:0046677	2	0.1	0
BSU_11740	GO:0005886	2	0.1	0
BSU_23140	GO:0016020	2	0.1	0
BSU_13570	GO:0106435	2	0.1	0
BSU_09150	GO:0005886	2	0.1	0
BSU_31970	GO:0050660	2	0.1	0
BSU_23440	GO:0042601	2	0.1	0
BSU_08590	GO:0106435	2	0.1	0
BSU_37770	GO:0106435	2	0.1	0
BSU_30270	GO:0016020	2	0.1	0
BSU_14340	GO:0008643	2	0.1	0
BSU_05020	GO:0106435	2	0.1	0
BSU_24600	GO:0043565	2	0.1	0
BSU_38229	GO:0043565	2	0.1	0
BSU_14740	GO:0035429	2	0.1	0
BSU_31970	GO:0005524	2	0.1	0
BSU_16950	GO:0005886	2	0.1	1
BSU_31970	GO:0005829	2	0.1	0
BSU_25390	GO:0046686	2	0.1	0
BSU_24390	GO:0008643	2	0.1	0
BSU_07070	GO:0043565	2	0.1	0
BSU_32710	GO:0005886	2	0.1	0
BSU_14340	GO:0035429	2	0.1	0
BSU_29370	GO:0016020	2	0.1	0
BSU_00320	GO:0003677	2	0.1	0
BSU_01740	GO:0005829	2	0.1	0
BSU_24370	GO:0008643	2	0.1	0
BSU_09510	GO:0005886	2	0.1	0
BSU_24380	GO:0008643	2	0.1	0
BSU_23000	GO:0005886	2	0.1	0
BSU_34090	GO:0003824	2	0.1	0
BSU_17910	GO:0035429	2	0.1	0
BSU_30900	GO:0005886	2	0.1	0
BSU_29280	GO:0009306	2	0.1	0
BSU_30000	GO:0009306	2	0.1	0
BSU_18200	GO:0106435	2	0.1	0
BSU_29380	GO:0016020	2	0.1	0
BSU_23420	GO:0046677	2	0.1	0
BSU_08520	GO:0106435	2	0.1	0
BSU_32630	GO:0106435	2	0.1	0
BSU_11130	GO:0106435	2	0.1	0
BSU_11530	GO:0106435	2	0.1	0
BSU_09958	GO:0009306	2	0.1	0
BSU_28660	GO:0005886	2	0.1	0
BSU_07620	GO:0005975	2	0.1	0
BSU_30910	GO:0005886	2	0.1	0
BSU_03550	GO:0046677	2	0.1	0
BSU_07900	GO:0020037	2	0.1	0
BSU_09550	GO:0046677	2	0.1	0
BSU_16910	GO:0090529	2	0.1	0
BSU_07070	GO:0106435	2	0.1	0
BSU_25060	GO:0009306	2	0.1	0
BSU_18940	GO:0008270	2	0.1	0
BSU_04480	GO:0071555	2	0.1	0
BSU_04670	GO:0005737	2	0.1	0
BSU_03360	GO:0106435	2	0.1	0
BSU_27890	GO:0043565	2	0.1	0
BSU_11740	GO:0016746	2	0.1	0
BSU_34730	GO:0046677	2	0.1	0
BSU_27700	GO:0055085	2	0.1	0
BSU_17980	GO:0005886	2	0.1	0
BSU_07640	GO:0106435	2	0.1	0
BSU_27700	GO:0071555	2	0.1	0
BSU_19750	GO:0046677	2	0.1	0
BSU_07070	GO:0016747	2	0.1	0
BSU_19710	GO:0106435	2	0.1	0
BSU_16910	GO:0005737	2	0.1	0
BSU_05020	GO:0016836	2	0.1	0
BSU_37880	GO:0046677	2	0.1	0
BSU_05010	GO:0051301	2	0.1	0
BSU_13830	GO:0009306	2	0.1	0
BSU_02620	GO:0106435	2	0.1	0
BSU_13830	GO:0046686	2	0.1	0
BSU_29380	GO:0020037	2	0.1	0
BSU_04370	GO:0046686	2	0.1	0
BSU_04670	GO:0016491	2	0.1	0
BSU_29239	GO:0009306	2	0.1	0
BSU_25390	GO:0009306	2	0.1	0
BSU_25060	GO:0046686	2	0.1	0
BSU_30270	GO:0005737	2	0.1	0
BSU_02720	GO:0043565	2	0.1	0
BSU_29290	GO:0008270	2	0.1	0
BSU_11530	GO:0017000	2	0.1	0
BSU_00320	GO:0005524	2	0.1	0
BSU_10610	GO:0008270	2	0.1	0
BSU_30270	GO:0016491	2	0.1	0
BSU_18910	GO:0016977	2	0.1	0
BSU_11130	GO:0017000	2	0.1	0
BSU_23140	GO:0005737	2	0.1	0
BSU_03770	GO:0016407	2	0.1	0
BSU_38180	GO:0009306	2	0.1	0
BSU_09150	GO:0009306	2	0.1	0
BSU_00320	GO:0006355	2	0.1	0
BSU_10900	GO:0106435	2	0.1	0
BSU_04480	GO:0005737	2	0.1	0
BSU_09958	GO:0005886	2	0.1	0
BSU_23670	GO:0046677	2	0.1	0
BSU_30270	GO:0000287	2	0.1	0
BSU_36490	GO:0106435	2	0.1	0
BSU_00320	GO:0005524	2	0.1	0
BSU_38229	GO:0003677	2	0.1	0
BSU_09150	GO:0046686	2	0.1	0
BSU_39540	GO:0106435	2	0.1	0
BSU_17820	GO:0106435	2	0.1	0
BSU_09958	GO:0050845	2	0.1	0
BSU_29290	GO:0106435	2	0.1	0
BSU_29280	GO:0050845	2	0.1	0
BSU_38180	GO:0046686	2	0.1	0
BSU_30270	GO:0005829	2	0.1	0
BSU_27700	GO:0016020	2	0.1	0
BSU_05020	GO:0005524	2	0.1	0
BSU_07620	GO:0106435	2	0.1	0
BSU_24600	GO:0003677	2	0.1	0
BSU_05010	GO:0005524	2	0.1	0
BSU_31970	GO:0005737	2	0.1	0
BSU_30270	GO:0071555	2	0.1	0
BSU_34240	GO:0046677	2	0.1	0
BSU_34780	GO:0106435	2	0.1	0
BSU_03770	GO:0005524	2	0.1	0
BSU_18530	GO:0046677	2	0.1	0
BSU_26280	GO:0043565	2	0.1	0
BSU_30930	GO:0046686	2	0.1	0
BSU_10480	GO:0009306	2	0.1	0
BSU_10480	GO:0046686	2	0.1	0
BSU_30930	GO:0009306	2	0.1	0
BSU_12040	GO:0046677	2	0.1	0
BSU_02310	GO:0106435	2	0.1	0
BSU_11750	GO:0090529	2	0.1	0
BSU_17590	GO:0043565	2	0.1	0
BSU_11770	GO:0005886	2	0.1	0
BSU_34330	GO:0030435	2	0.1	0
BSU_24390	GO:0034219	2	0.1	0
BSU_00320	GO:0046872	2	0.1	0
BSU_11810	GO:0110001	2	0.1	0
BSU_03550	GO:0071978	2	0.1	0
BSU_29700	GO:0003677	2	0.1	0
BSU_27700	GO:0016020	2	0.1	0
BSU_03610	GO:0008961	2	0.1	0
BSU_36460	GO:0030435	2	0.1	0
BSU_01960	GO:0016491	2	0.1	0
BSU_17910	GO:0008289	2	0.1	0
BSU_18910	GO:0016491	2	0.1	0
BSU_23420	GO:0016740	2	0.1	0
BSU_29370	GO:0016020	2	0.1	0
BSU_09550	GO:0071978	2	0.1	0
BSU_15100	GO:0016747	2	0.1	1
BSU_23140	GO:0042906	2	0.1	0
BSU_37430	GO:0016491	2	0.1	0
BSU_29380	GO:0016020	2	0.1	0
BSU_27700	GO:0042906	2	0.1	0
BSU_30960	GO:0016757	2	0.1	0
BSU_11750	GO:0006508	2	0.1	0
BSU_09530	GO:0010181	2	0.1	0
BSU_31020	GO:0016887	2	0.1	0
BSU_10610	GO:0010181	2	0.1	0
BSU_32540	GO:0016491	2	0.1	0
BSU_01740	GO:0071978	2	0.1	0
BSU_09450	GO:0010181	2	0.1	0
BSU_40000	GO:0010181	2	0.1	0
BSU_10400	GO:0010181	2	0.1	0
BSU_39780	GO:0010181	2	0.1	0
BSU_03550	GO:0008961	2	0.1	0
BSU_04650	GO:0010181	2	0.1	0
BSU_33100	GO:0008289	2	0.1	0
BSU_03770	GO:0003677	2	0.1	0
BSU_03610	GO:0071978	2	0.1	0
BSU_38530	GO:0016740	2	0.1	0
BSU_04480	GO:0016020	2	0.1	0
BSU_37410	GO:0016491	2	0.1	0
BSU_10010	GO:0016887	2	0.1	0
BSU_14740	GO:0015648	2	0.1	0
BSU_40390	GO:0016887	2	0.1	0
BSU_34390	GO:0030435	2	0.1	0
BSU_14340	GO:0071978	2	0.1	0
BSU_40380	GO:0016887	2	0.1	0
BSU_07620	GO:0016705	2	0.1	0
BSU_03550	GO:0008289	2	0.1	0
BSU_32710	GO:0006096	2	0.1	0
BSU_14740	GO:0071978	2	0.1	0
BSU_04650	GO:0003735	2	0.1	0
BSU_24390	GO:0042906	2	0.1	0
BSU_24380	GO:0042906	2	0.1	0
BSU_00240	GO:0016491	2	0.1	0
BSU_18200	GO:0005886	2	0.1	0
BSU_17900	GO:0042601	2	0.1	0
BSU_29700	GO:0042601	2	0.1	0
BSU_03360	GO:0003677	2	0.1	0
BSU_01740	GO:0006826	2	0.1	0
BSU_07900	GO:0071978	2	0.1	0
BSU_32710	GO:0003677	2	0.1	0
BSU_07900	GO:0015112	2	0.1	0
BSU_04670	GO:0008615	2	0.1	0
BSU_14340	GO:0015648	2	0.1	0
BSU_30270	GO:0042906	2	0.1	0
BSU_16910	GO:0008253	2	0.1	0
BSU_32730	GO:0042906	2	0.1	0
BSU_07440	GO:0016491	2	0.1	0
BSU_09500	GO:0071978	2	0.1	0
BSU_09940	GO:0071978	2	0.1	0
BSU_31970	GO:0005737	2	0.1	0
BSU_09940	GO:0008289	2	0.1	0
BSU_03360	GO:0005975	2	0.1	0
BSU_09500	GO:0008289	2	0.1	0
BSU_01760	GO:0016887	2	0.1	0
BSU_18940	GO:0016705	2	0.1	0
BSU_14150	GO:0005737	2	0.1	0
BSU_19710	GO:0016740	2	0.1	0
BSU_30270	GO:0016020	2	0.1	0
BSU_20070	GO:0016491	2	0.1	0
BSU_23140	GO:0030488	2	0.1	0
BSU_05010	GO:0044205	2	0.1	0
BSU_09550	GO:0008961	2	0.1	0
BSU_40390	GO:0055085	2	0.1	0
BSU_23140	GO:0008961	2	0.1	0
BSU_40380	GO:0055085	2	0.1	0
BSU_30960	GO:0005524	2	0.1	0
BSU_03550	GO:0050845	2	0.1	0
BSU_04490	GO:0016491	2	0.1	0
BSU_40390	GO:0008616	2	0.1	0
BSU_16080	GO:0071978	2	0.1	0
BSU_12320	GO:0110001	2	0.1	0
BSU_35510	GO:0110001	2	0.1	0
BSU_12040	GO:0016740	2	0.1	0
BSU_02540	GO:0005886	2	0.1	1
BSU_15100	GO:0016491	2	0.1	0
BSU_01760	GO:0055085	2	0.1	0
BSU_32010	GO:0110001	2	0.1	0
BSU_25380	GO:0055085	2	0.1	0
BSU_23140	GO:0015112	2	0.1	0
BSU_09550	GO:0015112	2	0.1	0
BSU_00570	GO:0071978	2	0.1	0
BSU_01760	GO:0005524	2	0.1	0
BSU_35420	GO:0071978	2	0.1	0
BSU_00320	GO:0008033	2	0.1	0
BSU_15100	GO:0003677	2	0.1	0
BSU_29280	GO:0016491	2	0.1	0
BSU_29310	GO:0016491	2	0.1	0
BSU_29290	GO:0016491	2	0.1	0
BSU_24390	GO:0015878	2	0.1	0
BSU_21750	GO:0008289	2	0.1	0
BSU_34090	GO:0005886	2	0.1	0
BSU_25170	GO:0110001	2	0.1	0
BSU_15440	GO:0016705	2	0.1	0
BSU_23670	GO:0016740	2	0.1	0
BSU_31959	GO:0016491	2	0.1	0
BSU_02520	GO:0005975	2	0.1	0
BSU_34220	GO:0005886	2	0.1	0
BSU_27770	GO:0010181	2	0.1	0
BSU_29050	GO:0010181	2	0.1	0
BSU_32420	GO:0005737	2	0.1	0
BSU_37720	GO:0010181	2	0.1	0
BSU_24390	GO:0035435	2	0.1	0
BSU_12320	GO:0010181	2	0.1	0
BSU_12350	GO:0010181	2	0.1	0
BSU_01760	GO:0008289	2	0.1	0
BSU_04190	GO:0010181	2	0.1	0
BSU_40390	GO:0008289	2	0.1	0
BSU_40380	GO:0008289	2	0.1	0
BSU_32710	GO:0030488	2	0.1	0
BSU_34280	GO:0005886	2	0.1	0
BSU_14740	GO:0016705	2	0.1	0
BSU_31970	GO:0030488	2	0.1	0
BSU_29290	GO:0016705	2	0.1	0
BSU_01960	GO:0016887	2	0.1	0
BSU_38100	GO:0016491	2	0.1	0
BSU_38100	GO:0071978	2	0.1	0
BSU_33750	GO:0110001	2	0.1	0
BSU_34050	GO:0016491	2	0.1	0
BSU_30840	GO:0016705	2	0.1	0
BSU_02770	GO:0010181	2	0.1	0
BSU_19750	GO:0071978	2	0.1	0
BSU_04670	GO:0030488	2	0.1	0
BSU_10610	GO:0016705	2	0.1	0
BSU_32630	GO:0010181	2	0.1	0
BSU_17370	GO:0016491	2	0.1	0
BSU_03610	GO:0022857	2	0.1	0
BSU_10010	GO:0008289	2	0.1	0
BSU_31020	GO:0008289	2	0.1	0
BSU_11740	GO:0003677	2	0.1	0
BSU_03770	GO:0030488	2	0.1	0
BSU_16730	GO:0010181	2	0.1	0
BSU_17910	GO:0071978	2	0.1	0
BSU_32730	GO:0015112	2	0.1	0
BSU_27490	GO:0016491	2	0.1	0
BSU_31410	GO:0080090	2	0.1	0
BSU_02720	GO:0080090	2	0.1	0
BSU_14430	GO:0003910	2	0.1	0
BSU_16730	GO:0006355	2	0.1	0
BSU_38530	GO:0055085	2	0.1	0
BSU_09940	GO:0003677	2	0.1	0
BSU_26830	GO:0008801	2	0.1	0
BSU_25250	GO:0005737	2	0.1	0
BSU_25530	GO:0051537	2	0.1	0
BSU_36750	GO:0051537	2	0.1	0
BSU_00320	GO:0051537	2	0.1	0
BSU_04670	GO:0050660	2	0.1	0
BSU_32630	GO:0006355	2	0.1	0
BSU_40620	GO:0003677	2	0.1	0
BSU_38070	GO:0003677	2	0.1	0
BSU_27700	GO:0016887	2	0.1	0
BSU_14430	GO:0003677	2	0.1	0
BSU_01740	GO:0008237	2	0.1	0
BSU_26830	GO:0008237	2	0.1	0
BSU_01760	GO:0016020	2	0.1	0
BSU_03770	GO:0006355	2	0.1	0
BSU_18030	GO:0042601	2	0.1	0
BSU_29280	GO:0016491	2	0.1	0
BSU_02540	GO:0030420	2	0.1	0
BSU_04190	GO:0006355	2	0.1	0
BSU_01740	GO:0035873	2	0.1	0
BSU_29310	GO:0016491	2	0.1	0
BSU_29290	GO:0016491	2	0.1	0
BSU_12350	GO:0006355	2	0.1	0
BSU_12320	GO:0006355	2	0.1	0
BSU_25380	GO:0016020	2	0.1	0
BSU_23140	GO:0003677	2	0.1	0
BSU_37720	GO:0006355	2	0.1	0
BSU_14010	GO:0003677	2	0.1	0
BSU_29050	GO:0006355	2	0.1	0
BSU_08310	GO:0030153	2	0.1	0
BSU_02770	GO:0006355	2	0.1	0
BSU_31020	GO:0016020	2	0.1	0
BSU_00320	GO:0000160	2	0.1	0
BSU_17590	GO:0003690	2	0.1	0
BSU_24390	GO:0016020	2	0.1	0
BSU_39890	GO:0003677	2	0.1	0
BSU_00890	GO:0008801	2	0.1	0
BSU_00320	GO:0006364	2	0.1	0
BSU_35890	GO:0005886	2	0.1	0
BSU_23000	GO:0005886	2	0.1	0
BSU_40390	GO:0016020	2	0.1	0
BSU_22920	GO:0003677	2	0.1	0
BSU_25530	GO:0071555	2	0.1	0
BSU_38530	GO:0016020	2	0.1	0
BSU_36750	GO:0071555	2	0.1	0
BSU_26280	GO:0006355	2	0.1	0
BSU_00320	GO:0071555	2	0.1	0
BSU_32710	GO:0003910	2	0.1	0
BSU_17370	GO:0046872	2	0.1	0
BSU_24390	GO:0051537	2	0.1	0
BSU_17900	GO:0003677	2	0.1	0
BSU_17590	GO:0006355	2	0.1	0
BSU_33950	GO:0080090	2	0.1	0
BSU_30270	GO:0016887	2	0.1	0
BSU_34770	GO:0030153	2	0.1	0
BSU_37900	GO:0005886	2	0.1	0
BSU_11770	GO:0051537	2	0.1	0
BSU_27770	GO:0006355	2	0.1	0
BSU_16280	GO:0000160	2	0.1	0
BSU_01550	GO:0015031	2	0.1	0
BSU_04180	GO:0003677	2	0.1	0
BSU_24410	GO:0030420	2	0.1	0
BSU_29480	GO:0006355	2	0.1	0
BSU_17700	GO:0051537	2	0.1	0
BSU_01740	GO:0008801	2	0.1	0
BSU_00570	GO:0030420	2	0.1	0
BSU_04670	GO:0004497	2	0.1	0
BSU_11810	GO:0042601	2	0.1	0
BSU_27830	GO:0042601	2	0.1	0
BSU_03610	GO:0006826	2	0.1	0
BSU_31540	GO:0071978	2	0.1	0
BSU_32350	GO:0042601	2	0.1	0
BSU_18190	GO:0016491	2	0.1	0
BSU_23420	GO:0042601	2	0.1	0
BSU_23440	GO:0042601	2	0.1	0
BSU_23430	GO:0042601	2	0.1	0
BSU_24410	GO:0042601	2	0.1	0
BSU_15250	GO:0042601	2	0.1	0
BSU_34330	GO:0005886	2	0.1	0
BSU_11750	GO:0005524	2	0.1	0
BSU_14010	GO:0016491	2	0.1	0
BSU_00320	GO:0042128	2	0.1	0
BSU_07360	GO:0016491	2	0.1	0
BSU_17980	GO:0042601	2	0.1	0
BSU_16910	GO:0016887	2	0.1	0
BSU_14740	GO:0008801	2	0.1	0
BSU_33100	GO:0071978	2	0.1	0
BSU_15840	GO:0008289	2	0.1	0
BSU_09958	GO:0042601	2	0.1	0
BSU_14150	GO:0004497	2	0.1	0
BSU_24370	GO:0071978	2	0.1	0
BSU_09940	GO:0042601	2	0.1	0
BSU_04490	GO:0008289	2	0.1	0
BSU_24400	GO:0071978	2	0.1	0
BSU_36970	GO:0042601	2	0.1	0
BSU_16730	GO:0042601	2	0.1	0
BSU_24180	GO:0008289	2	0.1	0
BSU_24370	GO:0042601	2	0.1	0
BSU_24400	GO:0042601	2	0.1	0
BSU_00240	GO:0008801	2	0.1	0
BSU_03550	GO:0006826	2	0.1	0
BSU_40390	GO:0008801	2	0.1	0
BSU_00240	GO:0042601	2	0.1	0
BSU_22920	GO:0042601	2	0.1	0
BSU_34340	GO:0005886	2	0.1	0
BSU_08310	GO:0003910	2	0.1	0
BSU_23140	GO:0006826	2	0.1	0
BSU_10010	GO:0016020	2	0.1	0
BSU_25350	GO:0042601	2	0.1	0
BSU_33180	GO:0030420	2	0.1	0
BSU_21970	GO:0046872	2	0.1	0
BSU_24370	GO:0016887	2	0.1	0
BSU_01960	GO:0016020	2	0.1	0
BSU_20070	GO:0046872	2	0.1	0
BSU_07900	GO:0006826	2	0.1	0
BSU_03420	GO:0030420	2	0.1	1
BSU_14740	GO:0005737	2	0.1	0
BSU_09500	GO:0006826	2	0.1	0
BSU_02920	GO:0030420	2	0.1	0
BSU_24390	GO:0015648	2	0.1	0
BSU_23170	GO:0042601	2	0.1	0
BSU_23180	GO:0042601	2	0.1	0
BSU_04480	GO:0015031	2	0.1	0
BSU_09940	GO:0006826	2	0.1	0
BSU_14800	GO:0042601	2	0.1	0
BSU_15030	GO:0042601	2	0.1	0
BSU_09550	GO:0006826	2	0.1	0
BSU_29239	GO:0042601	2	0.1	0
BSU_04630	GO:0042601	2	0.1	0
BSU_11790	GO:0042601	2	0.1	0
BSU_14740	GO:0008616	2	0.1	0
BSU_27890	GO:0080090	2	0.1	0
BSU_27490	GO:0016491	2	0.1	0
BSU_09150	GO:0042601	2	0.1	0
BSU_04480	GO:0016887	2	0.1	0
BSU_13440	GO:0030420	2	0.1	0
BSU_24380	GO:0016020	2	0.1	0
BSU_16950	GO:0042601	2	0.1	0
BSU_13830	GO:0042601	2	0.1	0
BSU_28660	GO:0042601	2	0.1	0
BSU_30910	GO:0042601	2	0.1	0
BSU_34770	GO:0003910	2	0.1	0
BSU_33100	GO:0016887	2	0.1	0
BSU_31020	GO:0055085	2	0.1	0
BSU_09070	GO:0005886	2	0.1	0
BSU_07360	GO:0071978	2	0.1	0
BSU_29239	GO:0005886	2	0.1	0
BSU_34330	GO:0005524	2	0.1	0
BSU_09958	GO:0005886	2	0.1	0
BSU_25060	GO:0005886	2	0.1	0
BSU_09150	GO:0005886	2	0.1	0
BSU_13830	GO:0005886	2	0.1	0
BSU_32730	GO:0006525	2	0.1	0
BSU_12350	GO:0003677	2	0.1	0
BSU_02540	GO:0008289	2	0.1	0
BSU_14800	GO:0005886	2	0.1	0
BSU_32630	GO:0110001	2	0.1	0
BSU_31000	GO:0016740	2	0.1	0
BSU_36750	GO:0005886	2	0.1	0
BSU_03550	GO:0009306	2	0.1	0
BSU_04670	GO:0006006	2	0.1	0
BSU_16080	GO:0005886	2	0.1	0
BSU_09510	GO:0009306	2	0.1	0
BSU_08520	GO:0110001	2	0.1	0
BSU_35890	GO:0005886	2	0.1	0
BSU_22920	GO:0005886	2	0.1	0
BSU_37410	GO:0005886	2	0.1	0
BSU_23000	GO:0009306	2	0.1	0
BSU_07900	GO:0008961	2	0.1	0
BSU_09510	GO:0005886	2	0.1	0
BSU_23000	GO:0005886	2	0.1	0
BSU_33780	GO:0005886	2	0.1	0
BSU_34320	GO:0005886	2	0.1	0
BSU_04300	GO:0005886	2	0.1	0
BSU_37900	GO:0005886	2	0.1	0
BSU_17910	GO:0009306	2	0.1	0
BSU_25380	GO:0005524	2	0.1	0
BSU_07360	GO:0005886	2	0.1	0
BSU_02920	GO:0008289	2	0.1	0
BSU_39680	GO:0016705	2	0.1	0
BSU_29370	GO:0006525	2	0.1	0
BSU_36750	GO:0005886	2	0.1	0
BSU_12320	GO:0003677	2	0.1	0
BSU_14340	GO:0035435	2	0.1	0
BSU_23440	GO:0008289	2	0.1	0
BSU_34780	GO:0016491	2	0.1	0
BSU_11750	GO:0005975	2	0.1	0
BSU_11530	GO:0110001	2	0.1	0
BSU_09080	GO:0005886	2	0.1	0
BSU_11740	GO:0000160	2	0.1	0
BSU_04490	GO:0003910	2	0.1	0
BSU_34300	GO:0005886	2	0.1	0
BSU_01740	GO:0016705	2	0.1	0
BSU_27700	GO:0015878	2	0.1	0
BSU_04670	GO:0005737	2	0.1	0
BSU_08520	GO:0008880	2	0.1	0
BSU_11530	GO:0008880	2	0.1	0
BSU_18200	GO:0005215	2	0.1	0
BSU_14740	GO:0015293	2	0.1	0
BSU_23140	GO:0005737	2	0.1	0
BSU_34330	GO:0005886	2	0.1	0
BSU_09530	GO:0005886	2	0.1	0
BSU_30270	GO:0005737	2	0.1	0
BSU_30270	GO:0006006	2	0.1	0
BSU_34730	GO:0016740	2	0.1	0
BSU_05020	GO:0016740	2	0.1	0
BSU_23430	GO:0008289	2	0.1	0
BSU_17700	GO:0005886	2	0.1	0
BSU_32420	GO:0005886	2	0.1	0
BSU_36970	GO:0005886	2	0.1	0
BSU_00570	GO:0008289	2	0.1	0
BSU_24410	GO:0008289	2	0.1	0
BSU_25530	GO:0005886	2	0.1	0
BSU_11770	GO:0005886	2	0.1	0
BSU_34770	GO:0005886	2	0.1	0
BSU_03770	GO:0016740	2	0.1	0
BSU_08520	GO:0005524	2	0.1	0
BSU_07900	GO:0022857	2	0.1	0
BSU_09510	GO:0050845	2	0.1	0
BSU_03610	GO:0071555	2	0.1	0
BSU_22920	GO:0034219	2	0.1	0
BSU_03610	GO:0005524	2	0.1	0
BSU_31390	GO:0005886	2	0.1	0
BSU_00320	GO:0004315	2	0.1	0
BSU_21550	GO:0016740	2	0.1	0
BSU_18200	GO:0005524	2	0.1	0
BSU_14010	GO:0016787	2	0.1	0
BSU_26830	GO:0042838	2	0.1	0
BSU_01740	GO:0042838	2	0.1	0
BSU_05020	GO:0110001	2	0.1	0
BSU_26830	GO:0005524	2	0.1	0
BSU_04490	GO:0005886	2	0.1	0
BSU_07070	GO:0005975	2	0.1	0
BSU_00240	GO:0034219	2	0.1	0
BSU_32010	GO:0004252	2	0.1	0
BSU_32710	GO:0016787	2	0.1	0
BSU_33100	GO:0005524	2	0.1	0
BSU_26830	GO:0008840	2	0.1	0
BSU_18190	GO:0016740	2	0.1	0
BSU_24370	GO:0034219	2	0.1	0
BSU_24380	GO:0034219	2	0.1	0
BSU_14740	GO:0005524	2	0.1	0
BSU_24400	GO:0034219	2	0.1	0
BSU_04300	GO:0009306	2	0.1	0
BSU_03550	GO:0071555	2	0.1	0
BSU_36750	GO:0005886	2	0.1	0
BSU_01740	GO:0008840	2	0.1	0
BSU_00320	GO:0005524	2	0.1	0
BSU_23140	GO:0022857	2	0.1	0
BSU_09550	GO:0022857	2	0.1	0
BSU_32730	GO:0035435	2	0.1	0
BSU_14010	GO:0005737	2	0.1	0
BSU_35770	GO:0016740	2	0.1	0
BSU_23440	GO:0034219	2	0.1	0
BSU_23420	GO:0034219	2	0.1	0
BSU_25530	GO:0005886	2	0.1	0
BSU_32710	GO:0005886	2	0.1	0
BSU_25390	GO:0005886	2	0.1	1
BSU_33100	GO:0009306	2	0.1	0
BSU_07070	GO:0005886	2	0.1	0
BSU_23430	GO:0034219	2	0.1	0
BSU_11760	GO:0034219	2	0.1	0
BSU_18200	GO:0005886	2	0.1	0
BSU_31970	GO:0016757	2	0.1	0
BSU_11130	GO:0005886	2	0.1	0
BSU_15250	GO:0034219	2	0.1	0
BSU_39680	GO:0005975	2	0.1	0
BSU_01740	GO:0071555	2	0.1	0
BSU_35890	GO:0009306	2	0.1	0
BSU_00620	GO:0051301	2	0.1	1
BSU_40380	GO:0009306	2	0.1	0
BSU_15100	GO:0003677	2	0.1	0
BSU_30920	GO:0034219	2	0.1	0
BSU_38100	GO:0005829	2	0.1	1
BSU_33780	GO:0009306	2	0.1	0
BSU_35510	GO:0004252	2	0.1	0
BSU_19240	GO:0016705	2	0.1	0
BSU_19700	GO:0016740	2	0.1	0
BSU_00320	GO:0044205	2	0.1	0
BSU_33180	GO:0008289	2	0.1	0
BSU_18200	GO:0110001	2	0.1	0
BSU_14740	GO:0022857	2	0.1	0
BSU_14340	GO:0022857	2	0.1	0
BSU_13440	GO:0008289	2	0.1	0
BSU_21750	GO:0016887	2	0.1	0
BSU_04480	GO:0015878	2	0.1	0
BSU_11130	GO:0110001	2	0.1	0
BSU_30270	GO:0015878	2	0.1	0
BSU_11750	GO:0051726	2	0.1	0
BSU_17900	GO:0005524	2	0.1	0
BSU_00240	GO:0008616	2	0.1	0
BSU_08520	GO:0016740	2	0.1	0
BSU_16910	GO:0006508	2	0.1	0
BSU_40310	GO:0110001	2	0.1	0
BSU_18200	GO:0016740	2	0.1	0
BSU_34330	GO:0008880	2	0.1	0
BSU_03610	GO:0015112	2	0.1	0
BSU_30270	GO:0030488	2	0.1	0
BSU_32570	GO:0005975	2	0.1	0
BSU_31390	GO:0003677	2	0.1	0
BSU_26700	GO:0008289	2	0.1	0
BSU_01960	GO:0016491	2	0.1	0
BSU_37430	GO:0016491	2	0.1	0
BSU_38530	GO:0071978	2	0.1	0
BSU_31970	GO:0005737	2	0.1	0
BSU_37770	GO:0005524	2	0.1	0
BSU_32630	GO:0016740	2	0.1	0
BSU_18910	GO:0016491	2	0.1	0
BSU_30270	GO:0005737	2	0.1	0
BSU_32710	GO:0008531	2	0.1	0
BSU_26830	GO:0016705	2	0.1	0
BSU_32730	GO:0015878	2	0.1	0
BSU_04670	GO:0009055	2	0.1	0
BSU_37410	GO:0016491	2	0.1	0
BSU_32540	GO:0016491	2	0.1	0
BSU_07440	GO:0016491	2	0.1	0
BSU_14010	GO:0071978	2	0.1	0
BSU_16910	GO:0051726	2	0.1	0
BSU_19750	GO:0016740	2	0.1	0
BSU_11530	GO:0016740	2	0.1	0
BSU_34770	GO:0005886	2	0.1	0
BSU_11130	GO:0016740	2	0.1	0
BSU_12040	GO:0030435	2	0.1	0
BSU_32350	GO:0008289	2	0.1	0
BSU_37410	GO:0005886	2	0.1	0
BSU_34290	GO:0005886	2	0.1	0
BSU_18910	GO:0110001	2	0.1	0
BSU_18190	GO:0016491	2	0.1	0
BSU_00890	GO:0008880	2	0.1	0
BSU_32500	GO:0016491	2	0.1	0
BSU_14010	GO:0016491	2	0.1	0
BSU_40310	GO:0003677	2	0.1	0
BSU_14740	GO:0035435	2	0.1	0
BSU_29380	GO:0006525	2	0.1	0
BSU_30595	GO:0008289	2	0.1	0
BSU_25530	GO:0000160	2	0.1	0
BSU_18530	GO:0016740	2	0.1	0
BSU_23140	GO:0015878	2	0.1	0
BSU_10010	GO:0055085	2	0.1	0
BSU_16950	GO:0034219	2	0.1	0
BSU_34330	GO:0071978	2	0.1	0
BSU_07360	GO:0016491	2	0.1	0
BSU_11530	GO:0005524	2	0.1	0
BSU_21750	GO:0016491	2	0.1	0
BSU_01740	GO:0015112	2	0.1	0
BSU_37880	GO:0016740	2	0.1	0
BSU_38070	GO:0005524	2	0.1	0
BSU_04120	GO:0016757	1	0.05	0
BSU_33560	GO:0016887	1	0.05	0
BSU_33222	GO:0016757	1	0.05	0
BSU_06570	GO:0016787	1	0.05	0
BSU_27130	GO:0016887	1	0.05	0
BSU_10680	GO:0043595	1	0.05	0
BSU_27750	GO:0005975	1	0.05	0
BSU_07100	GO:0032218	1	0.05	0
BSU_33880	GO:0016757	1	0.05	0
BSU_27300	GO:0015295	1	0.05	0
BSU_10710	GO:0043595	1	0.05	0
BSU_40300	GO:0071793	1	0.05	0
BSU_29720	GO:0032218	1	0.05	0
BSU_19510	GO:0050845	1	0.05	0
BSU_19510	GO:0072488	1	0.05	0
BSU_28530	GO:0003824	1	0.05	0
BSU_15360	GO:0043595	1	0.05	0
BSU_40300	GO:0006508	1	0.05	0
BSU_00720	GO:0016787	1	0.05	0
BSU_05200	GO:0030435	1	0.05	0
BSU_08660	GO:0043595	1	0.05	0
BSU_04280	GO:0016757	1	0.05	0
BSU_10690	GO:0043595	1	0.05	0
BSU_32670	GO:0005975	1	0.05	0
BSU_22380	GO:0050845	1	0.05	0
BSU_12510	GO:0003690	1	0.05	0
BSU_25370	GO:0016887	1	0.05	0
BSU_36320	GO:0016787	1	0.05	0
BSU_17940	GO:0005886	1	0.05	0
BSU_26560	GO:0016887	1	0.05	0
BSU_12290	GO:0016020	1	0.05	0
BSU_01980	GO:0030435	1	0.05	0
BSU_29720	GO:0016887	1	0.05	0
BSU_02070	GO:0043595	1	0.05	0
BSU_23590	GO:0003700	1	0.05	0
BSU_03250	GO:0016887	1	0.05	0
BSU_17960	GO:0016787	1	0.05	0
BSU_14930	GO:0071793	1	0.05	0
BSU_39940	GO:0005737	1	0.05	0
BSU_22380	GO:0005886	1	0.05	0
BSU_02710	GO:0016887	1	0.05	0
BSU_28530	GO:0071793	1	0.05	0
BSU_22200	GO:0043595	1	0.05	0
BSU_01970	GO:0030435	1	0.05	0
BSU_14120	GO:0005975	1	0.05	0
BSU_04680	GO:0000049	1	0.05	0
BSU_31890	GO:0016798	1	0.05	0
BSU_37800	GO:0030435	1	0.05	0
BSU_06570	GO:0016020	1	0.05	0
BSU_39560	GO:0016787	1	0.05	0
BSU_09180	GO:0003690	1	0.05	0
BSU_35110	GO:0016887	1	0.05	0
BSU_31910	GO:0005886	1	0.05	0
BSU_24770	GO:0006508	1	0.05	0
BSU_39880	GO:0016491	1	0.05	0
BSU_39950	GO:0016787	1	0.05	0
BSU_07100	GO:0016798	1	0.05	0
BSU_26350	GO:0003690	1	0.05	0
BSU_12410	GO:0016787	1	0.05	0
BSU_28530	GO:0016491	1	0.05	0
BSU_27750	GO:0003824	1	0.05	0
BSU_06190	GO:0016887	1	0.05	0
BSU_20710	GO:0000160	1	0.05	0
BSU_12290	GO:0005737	1	0.05	0
BSU_07020	GO:0005975	1	0.05	0
BSU_25870	GO:0006508	1	0.05	0
BSU_36380	GO:0005886	1	0.05	0
BSU_30080	GO:0043595	1	0.05	0
BSU_03380	GO:0016020	1	0.05	0
BSU_30160	GO:0032218	1	0.05	0
BSU_04280	GO:0016887	1	0.05	0
BSU_08970	GO:0005737	1	0.05	0
BSU_04680	GO:0046872	1	0.05	0
BSU_08760	GO:0016787	1	0.05	0
BSU_10700	GO:0043595	1	0.05	0
BSU_09400	GO:0016787	1	0.05	0
BSU_22380	GO:0016757	1	0.05	0
BSU_06200	GO:0016887	1	0.05	0
BSU_23401	GO:0005886	1	0.05	0
BSU_40300	GO:0003824	1	0.05	0
BSU_06280	GO:0005886	1	0.05	0
BSU_23401	GO:0043595	1	0.05	0
BSU_34030	GO:0071793	1	0.05	0
BSU_30080	GO:0005886	1	0.05	0
BSU_02710	GO:0016020	1	0.05	0
BSU_06170	GO:0005975	1	0.05	0
BSU_21000	GO:0016887	1	0.05	0
BSU_01900	GO:0016887	1	0.05	0
BSU_12290	GO:0050660	1	0.05	0
BSU_09400	GO:0016887	1	0.05	0
BSU_27300	GO:0032218	1	0.05	0
BSU_09180	GO:0016887	1	0.05	0
BSU_08760	GO:0016887	1	0.05	0
BSU_24930	GO:0016887	1	0.05	0
BSU_06811	GO:0005886	1	0.05	0
BSU_28830	GO:0050845	1	0.05	0
BSU_05630	GO:0016491	1	0.05	0
BSU_06380	GO:0016020	1	0.05	0
BSU_04070	GO:0005886	1	0.05	0
BSU_02890	GO:0006355	1	0.05	0
BSU_04680	GO:0016779	1	0.05	0
BSU_35100	GO:0016887	1	0.05	0
BSU_22200	GO:0005886	1	0.05	0
BSU_13210	GO:0016798	1	0.05	0
BSU_35130	GO:0016887	1	0.05	0
BSU_29520	GO:0016887	1	0.05	0
BSU_28830	GO:0005886	1	0.05	0
BSU_29780	GO:0050845	1	0.05	0
BSU_13060	GO:0016020	1	0.05	0
BSU_27750	GO:0071793	1	0.05	0
BSU_04680	GO:0046872	1	0.05	0
BSU_01900	GO:0016787	1	0.05	0
BSU_26560	GO:0016887	1	0.05	0
BSU_21000	GO:0016787	1	0.05	0
BSU_31070	GO:0003690	1	0.05	0
BSU_09920	GO:0016887	1	0.05	0
BSU_12510	GO:0003690	1	0.05	0
BSU_13210	GO:0032218	1	0.05	0
BSU_23616	GO:0016887	1	0.05	0
BSU_09920	GO:0016020	1	0.05	0
BSU_23090	GO:0016887	1	0.05	0
BSU_02890	GO:0071793	1	0.05	0
BSU_20790	GO:0003690	1	0.05	0
BSU_27300	GO:0016757	1	0.05	0
BSU_23402	GO:0005886	1	0.05	0
BSU_28830	GO:0005886	1	0.05	0
BSU_11730	GO:0016887	1	0.05	0
BSU_13240	GO:0016887	1	0.05	0
BSU_10720	GO:0043595	1	0.05	0
BSU_04120	GO:0032218	1	0.05	0
BSU_32700	GO:0071793	1	0.05	0
BSU_36570	GO:0050845	1	0.05	0
BSU_04910	GO:0016887	1	0.05	0
BSU_21000	GO:0016491	1	0.05	0
BSU_22910	GO:0005737	1	0.05	0
BSU_33880	GO:0032218	1	0.05	0
BSU_10670	GO:0043595	1	0.05	0
BSU_36070	GO:0016887	1	0.05	0
BSU_34850	GO:0030435	1	0.05	0
BSU_28750	GO:0005975	1	0.05	0
BSU_06380	GO:0016491	1	0.05	0
BSU_04820	GO:0006310	1	0.05	0
BSU_02890	GO:0006508	1	0.05	0
BSU_28750	GO:0071793	1	0.05	0
BSU_16845	GO:0016491	1	0.05	0
BSU_32600	GO:0000160	1	0.05	0
BSU_20710	GO:0005737	1	0.05	0
BSU_04120	GO:0016798	1	0.05	0
BSU_38250	GO:0005886	1	0.05	0
BSU_14930	GO:0005975	1	0.05	0
BSU_30160	GO:0016798	1	0.05	0
BSU_09050	GO:0016887	1	0.05	0
BSU_13060	GO:0005737	1	0.05	0
BSU_33250	GO:0016887	1	0.05	0
BSU_06570	GO:0030435	1	0.05	0
BSU_09110	GO:0016887	1	0.05	0
BSU_03380	GO:0032218	1	0.05	0
BSU_33880	GO:0016798	1	0.05	0
BSU_03250	GO:0016491	1	0.05	0
BSU_05630	GO:0016787	1	0.05	0
BSU_20710	GO:0016020	1	0.05	0
BSU_17960	GO:0016887	1	0.05	0
BSU_35640	GO:0030435	1	0.05	0
BSU_02070	GO:0005886	1	0.05	0
BSU_12240	GO:0016887	1	0.05	0
BSU_28380	GO:0005886	1	0.05	0
BSU_13230	GO:0016887	1	0.05	0
BSU_14120	GO:0071793	1	0.05	0
BSU_35440	GO:0030435	1	0.05	0
BSU_13060	GO:0046872	1	0.05	0
BSU_32670	GO:0071793	1	0.05	0
BSU_08760	GO:0003690	1	0.05	0
BSU_09920	GO:0006508	1	0.05	0
BSU_09920	GO:0008320	1	0.05	0
BSU_36050	GO:0016887	1	0.05	0
BSU_32700	GO:0005975	1	0.05	0
BSU_08340	GO:0006508	1	0.05	0
BSU_15090	GO:0003690	1	0.05	0
BSU_02710	GO:0016491	1	0.05	0
BSU_14480	GO:0006310	1	0.05	0
BSU_17940	GO:0030435	1	0.05	0
BSU_27750	GO:0016887	1	0.05	0
BSU_13060	GO:0008320	1	0.05	0
BSU_01900	GO:0016491	1	0.05	0
BSU_09920	GO:0046872	1	0.05	0
BSU_09920	GO:0016020	1	0.05	0
BSU_31321	GO:0030435	1	0.05	0
BSU_08660	GO:0005886	1	0.05	0
BSU_10680	GO:0005886	1	0.05	0
BSU_31460	GO:0030435	1	0.05	0
BSU_13460	GO:0016887	1	0.05	0
BSU_39790	GO:0016887	1	0.05	0
BSU_32600	GO:0016020	1	0.05	0
BSU_09400	GO:0003690	1	0.05	0
BSU_31890	GO:0032218	1	0.05	0
BSU_21570	GO:0006508	1	0.05	0
BSU_06380	GO:0016887	1	0.05	0
BSU_03250	GO:0016020	1	0.05	0
BSU_10000	GO:0016887	1	0.05	0
BSU_19510	GO:0005886	1	0.05	0
BSU_39790	GO:0016020	1	0.05	0
BSU_09880	GO:0071793	1	0.05	0
BSU_13060	GO:0006508	1	0.05	0
BSU_27300	GO:0015113	1	0.05	0
BSU_39790	GO:0016491	1	0.05	0
BSU_22000	GO:0043595	1	0.05	0
BSU_14120	GO:0043595	1	0.05	0
BSU_09920	GO:0005737	1	0.05	0
BSU_28380	GO:0016887	1	0.05	0
BSU_13060	GO:0016887	1	0.05	0
BSU_27300	GO:0016798	1	0.05	0
BSU_31220	GO:0005975	1	0.05	0
BSU_40530	GO:0005886	1	0.05	0
BSU_09110	GO:0016491	1	0.05	0
BSU_14120	GO:0016757	1	0.05	0
BSU_33340	GO:0043595	1	0.05	0
BSU_10000	GO:0016491	1	0.05	0
BSU_29780	GO:0016757	1	0.05	0
BSU_07100	GO:0016020	1	0.05	0
BSU_27130	GO:0032218	1	0.05	0
BSU_23402	GO:0016887	1	0.05	0
BSU_02890	GO:0005975	1	0.05	0
BSU_24420	GO:0016887	1	0.05	0
BSU_08760	GO:0005975	1	0.05	0
BSU_02890	GO:0004784	1	0.05	0
BSU_30160	GO:0016020	1	0.05	0
BSU_28750	GO:0032218	1	0.05	0
BSU_08760	GO:0071793	1	0.05	0
BSU_40530	GO:0043595	1	0.05	0
BSU_04500	GO:0016887	1	0.05	0
BSU_33280	GO:0016887	1	0.05	0
BSU_31890	GO:0016020	1	0.05	0
BSU_06850	GO:0016887	1	0.05	0
BSU_38690	GO:0016887	1	0.05	0
BSU_38850	GO:0016757	1	0.05	0
BSU_28530	GO:0005975	1	0.05	0
BSU_13060	GO:0016020	1	0.05	0
BSU_31220	GO:0071793	1	0.05	0
BSU_36380	GO:0005886	1	0.05	0
BSU_22000	GO:0005886	1	0.05	0
BSU_06570	GO:0016887	1	0.05	0
BSU_17880	GO:0016787	1	0.05	0
BSU_40300	GO:0005975	1	0.05	0
BSU_06570	GO:0016491	1	0.05	0
BSU_19510	GO:0005886	1	0.05	0
BSU_13230	GO:0032218	1	0.05	0
BSU_40140	GO:0016887	1	0.05	0
BSU_36320	GO:0016887	1	0.05	0
BSU_03380	GO:0016798	1	0.05	0
BSU_20420	GO:0030435	1	0.05	0
BSU_04070	GO:0005886	1	0.05	0
BSU_26350	GO:0003690	1	0.05	0
BSU_39560	GO:0016887	1	0.05	0
BSU_01900	GO:0016020	1	0.05	0
BSU_04680	GO:0005737	1	0.05	0
BSU_08660	GO:0005886	1	0.05	0
BSU_23690	GO:0016787	1	0.05	0
BSU_04680	GO:0016979	1	0.05	0
BSU_38250	GO:0005886	1	0.05	0
BSU_10700	GO:0005886	1	0.05	0
BSU_21340	GO:0030435	1	0.05	0
BSU_17690	GO:0030435	1	0.05	0
BSU_12410	GO:0016491	1	0.05	0
BSU_32640	GO:0016887	1	0.05	0
BSU_21000	GO:0016020	1	0.05	0
BSU_25400	GO:0071793	1	0.05	0
BSU_34030	GO:0005975	1	0.05	0
BSU_13210	GO:0016020	1	0.05	0
BSU_12410	GO:0016491	1	0.05	0
BSU_09180	GO:0016787	1	0.05	0
BSU_01980	GO:0030435	1	0.05	0
BSU_04680	GO:0035999	1	0.05	0
BSU_28830	GO:0055085	1	0.05	0
BSU_03380	GO:0016020	1	0.05	0
BSU_31890	GO:0006814	1	0.05	0
BSU_11940	GO:0071978	1	0.05	0
BSU_06380	GO:0016020	1	0.05	0
BSU_06570	GO:0016020	1	0.05	0
BSU_07100	GO:0016020	1	0.05	0
BSU_15960	GO:0071978	1	0.05	0
BSU_38499	GO:0071978	1	0.05	0
BSU_07100	GO:0015112	1	0.05	0
BSU_03250	GO:0016020	1	0.05	0
BSU_35640	GO:0071978	1	0.05	0
BSU_30160	GO:0016020	1	0.05	0
BSU_35440	GO:0071978	1	0.05	0
BSU_39790	GO:0016020	1	0.05	0
BSU_35460	GO:0071978	1	0.05	0
BSU_33880	GO:0015112	1	0.05	0
BSU_29720	GO:0071978	1	0.05	0
BSU_17940	GO:0071978	1	0.05	0
BSU_05630	GO:0005576	1	0.05	0
BSU_08660	GO:0005886	1	0.05	0
BSU_01970	GO:0030435	1	0.05	0
BSU_33870	GO:0071978	1	0.05	0
BSU_15960	GO:0016837	1	0.05	0
BSU_29720	GO:0015648	1	0.05	0
BSU_01900	GO:0071978	1	0.05	0
BSU_31910	GO:0016837	1	0.05	0
BSU_24930	GO:0016020	1	0.05	0
BSU_31080	GO:0016837	1	0.05	0
BSU_29520	GO:0016020	1	0.05	0
BSU_14250	GO:0005737	1	0.05	0
BSU_02890	GO:0016740	1	0.05	0
BSU_21000	GO:0071978	1	0.05	0
BSU_36050	GO:0005737	1	0.05	0
BSU_23590	GO:0071978	1	0.05	0
BSU_33222	GO:0071978	1	0.05	0
BSU_02710	GO:0016020	1	0.05	0
BSU_30160	GO:0015112	1	0.05	0
BSU_36060	GO:0005737	1	0.05	0
BSU_19749	GO:0071978	1	0.05	0
BSU_36070	GO:0005737	1	0.05	0
BSU_13420	GO:0071978	1	0.05	0
BSU_21000	GO:0016020	1	0.05	0
BSU_19510	GO:0055085	1	0.05	0
BSU_05200	GO:0030435	1	0.05	0
BSU_37800	GO:0030435	1	0.05	0
BSU_01900	GO:0016020	1	0.05	0
BSU_20710	GO:0006814	1	0.05	0
BSU_09110	GO:0016020	1	0.05	0
BSU_23402	GO:0005886	1	0.05	0
BSU_33030	GO:0003700	1	0.05	0
BSU_17940	GO:0005886	1	0.05	0
BSU_19510	GO:0009306	1	0.05	0
BSU_31910	GO:0005886	1	0.05	0
BSU_06811	GO:0005886	1	0.05	0
BSU_04820	GO:0003700	1	0.05	0
BSU_27300	GO:0016020	1	0.05	0
BSU_21340	GO:0030435	1	0.05	0
BSU_20710	GO:0055085	1	0.05	0
BSU_15090	GO:0003700	1	0.05	0
BSU_11730	GO:0034219	1	0.05	0
BSU_09920	GO:0003677	1	0.05	0
BSU_03250	GO:0071978	1	0.05	0
BSU_22380	GO:0005886	1	0.05	0
BSU_20420	GO:0030435	1	0.05	0
BSU_19510	GO:0005886	1	0.05	0
BSU_23090	GO:0016020	1	0.05	0
BSU_36050	GO:0034219	1	0.05	0
BSU_14680	GO:0016747	1	0.05	1
BSU_27750	GO:0034219	1	0.05	0
BSU_06280	GO:0005886	1	0.05	0
BSU_36060	GO:0034219	1	0.05	0
BSU_36070	GO:0034219	1	0.05	0
BSU_33222	GO:0005886	1	0.05	0
BSU_29720	GO:0016020	1	0.05	0
BSU_36570	GO:0009306	1	0.05	0
BSU_20790	GO:0003700	1	0.05	0
BSU_16260	GO:0071978	1	0.05	0
BSU_04120	GO:0015112	1	0.05	0
BSU_32620	GO:0008880	1	0.05	0
BSU_03380	GO:0015112	1	0.05	0
BSU_08970	GO:0008880	1	0.05	0
BSU_33222	GO:0008880	1	0.05	0
BSU_10000	GO:0016020	1	0.05	0
BSU_13210	GO:0006814	1	0.05	0
BSU_13210	GO:0015112	1	0.05	0
BSU_13230	GO:0015648	1	0.05	0
BSU_13060	GO:0006814	1	0.05	0
BSU_17690	GO:0030435	1	0.05	0
BSU_28380	GO:0005886	1	0.05	0
BSU_24420	GO:0005886	1	0.05	0
BSU_02890	GO:0003677	1	0.05	0
BSU_38250	GO:0005886	1	0.05	0
BSU_36380	GO:0005886	1	0.05	0
BSU_28830	GO:0009306	1	0.05	0
BSU_13230	GO:0016020	1	0.05	0
BSU_31890	GO:0015648	1	0.05	0
BSU_12290	GO:0003700	1	0.05	0
BSU_02710	GO:0071978	1	0.05	0
BSU_04280	GO:0016020	1	0.05	0
BSU_04070	GO:0005886	1	0.05	0
BSU_09110	GO:0016837	1	0.05	0
BSU_12410	GO:0005886	1	0.05	0
BSU_13460	GO:0016020	1	0.05	0
BSU_16845	GO:0005886	1	0.05	0
BSU_24440	GO:0030420	1	0.05	0
BSU_04910	GO:0016020	1	0.05	0
BSU_15260	GO:0030420	1	0.05	0
BSU_13230	GO:0016837	1	0.05	0
BSU_15270	GO:0030420	1	0.05	0
BSU_10000	GO:0016837	1	0.05	0
BSU_28840	GO:0030420	1	0.05	0
BSU_39790	GO:0016837	1	0.05	0
BSU_38930	GO:0055085	1	0.05	0
BSU_35640	GO:0030420	1	0.05	0
BSU_06570	GO:0016837	1	0.05	0
BSU_06380	GO:0016837	1	0.05	0
BSU_14710	GO:0030420	1	0.05	0
BSU_03250	GO:0016837	1	0.05	0
BSU_39940	GO:0005886	1	0.05	0
BSU_14930	GO:0030420	1	0.05	0
BSU_40560	GO:0030420	1	0.05	0
BSU_03940	GO:0030420	1	0.05	0
BSU_02710	GO:0016837	1	0.05	0
BSU_06930	GO:0030420	1	0.05	0
BSU_13060	GO:1902475	1	0.05	0
BSU_32600	GO:0016020	1	0.05	0
BSU_09000	GO:0030420	1	0.05	0
BSU_35100	GO:0030420	1	0.05	0
BSU_04120	GO:0016020	1	0.05	0
BSU_22380	GO:0005576	1	0.05	0
BSU_29520	GO:0005576	1	0.05	0
BSU_13460	GO:0005576	1	0.05	0
BSU_20710	GO:0016020	1	0.05	0
BSU_25370	GO:0030420	1	0.05	0
BSU_27130	GO:0005576	1	0.05	0
BSU_02890	GO:0009972	1	0.05	0
BSU_26560	GO:0005886	1	0.05	0
BSU_40140	GO:0005576	1	0.05	0
BSU_39880	GO:0005886	1	0.05	0
BSU_33880	GO:0016020	1	0.05	0
BSU_27750	GO:0005576	1	0.05	0
BSU_28830	GO:0005576	1	0.05	0
BSU_31850	GO:0030420	1	0.05	0
BSU_23690	GO:0005576	1	0.05	0
BSU_31080	GO:0005886	1	0.05	0
BSU_07140	GO:0030420	1	0.05	0
BSU_33250	GO:0016020	1	0.05	0
BSU_20710	GO:1902475	1	0.05	0
BSU_09920	GO:1902475	1	0.05	0
BSU_01900	GO:0016837	1	0.05	0
BSU_19579	GO:0030420	1	0.05	0
BSU_21000	GO:0016837	1	0.05	0
BSU_19510	GO:0016837	1	0.05	0
BSU_10000	GO:0071978	1	0.05	0
BSU_39290	GO:0016837	1	0.05	0
BSU_25870	GO:0016837	1	0.05	0
BSU_18990	GO:0016837	1	0.05	0
BSU_13060	GO:0030152	1	0.05	0
BSU_09110	GO:0071978	1	0.05	0
BSU_39870	GO:0016837	1	0.05	0
BSU_39790	GO:0071978	1	0.05	0
BSU_33030	GO:0005886	1	0.05	0
BSU_30160	GO:0071978	1	0.05	0
BSU_07100	GO:0071978	1	0.05	0
BSU_14480	GO:0005886	1	0.05	0
BSU_05770	GO:0016837	1	0.05	0
BSU_06570	GO:0071978	1	0.05	0
BSU_09180	GO:0016837	1	0.05	0
BSU_06380	GO:0071978	1	0.05	0
BSU_17690	GO:0016837	1	0.05	0
BSU_37800	GO:0016837	1	0.05	0
BSU_35970	GO:0016837	1	0.05	0
BSU_12610	GO:0016837	1	0.05	0
BSU_18630	GO:0016837	1	0.05	0
BSU_03380	GO:0071978	1	0.05	0
BSU_02890	GO:0016491	1	0.05	0
BSU_40300	GO:0016837	1	0.05	0
BSU_09920	GO:0016746	1	0.05	0
BSU_13230	GO:0071978	1	0.05	0
BSU_39950	GO:0030420	1	0.05	0
BSU_05220	GO:0030420	1	0.05	0
BSU_31890	GO:0016020	1	0.05	0
BSU_23590	GO:0005886	1	0.05	0
BSU_31890	GO:0015112	1	0.05	0
BSU_27300	GO:0015648	1	0.05	0
BSU_13210	GO:0015113	1	0.05	0
BSU_38690	GO:0071978	1	0.05	0
BSU_33130	GO:0016020	1	0.05	0
BSU_33280	GO:0071978	1	0.05	0
BSU_27300	GO:0016020	1	0.05	0
BSU_06811	GO:0005886	1	0.05	0
BSU_30430	GO:0071978	1	0.05	0
BSU_28750	GO:0071978	1	0.05	0
BSU_27130	GO:0071978	1	0.05	0
BSU_23090	GO:0071978	1	0.05	0
BSU_04680	GO:0005886	1	0.05	0
BSU_00720	GO:0016837	1	0.05	0
BSU_17880	GO:0005576	1	0.05	0
BSU_21570	GO:0016837	1	0.05	0
BSU_09920	GO:0030152	1	0.05	0
BSU_28380	GO:0034219	1	0.05	0
BSU_27130	GO:0016020	1	0.05	0
BSU_06190	GO:0030420	1	0.05	0
BSU_33029	GO:0046872	1	0.05	0
BSU_04120	GO:0000160	1	0.05	0
BSU_33222	GO:0046872	1	0.05	0
BSU_20710	GO:0000160	1	0.05	0
BSU_33880	GO:0000160	1	0.05	0
BSU_12290	GO:0006635	1	0.05	0
BSU_27300	GO:0008643	1	0.05	0
BSU_08760	GO:0005886	1	0.05	0
BSU_36570	GO:0005886	1	0.05	0
BSU_15120	GO:0046872	1	0.05	0
BSU_20080	GO:0046872	1	0.05	0
BSU_08760	GO:0046872	1	0.05	0
BSU_28830	GO:0046872	1	0.05	0
BSU_13060	GO:0055085	1	0.05	0
BSU_32620	GO:0046872	1	0.05	0
BSU_26560	GO:0046872	1	0.05	0
BSU_07770	GO:0009306	1	0.05	0
BSU_31890	GO:0008643	1	0.05	0
BSU_31890	GO:0000160	1	0.05	0
BSU_26560	GO:0005886	1	0.05	0
BSU_38930	GO:0009306	1	0.05	0
BSU_33560	GO:0016020	1	0.05	0
BSU_02890	GO:0005524	1	0.05	0
BSU_23402	GO:0042601	1	0.05	0
BSU_22520	GO:0009306	1	0.05	0
BSU_23590	GO:0003735	1	0.05	0
BSU_27750	GO:0042601	1	0.05	0
BSU_06170	GO:0046872	1	0.05	0
BSU_21000	GO:0055085	1	0.05	0
BSU_03690	GO:0009306	1	0.05	0
BSU_01900	GO:0055085	1	0.05	0
BSU_19940	GO:0046872	1	0.05	0
BSU_04680	GO:0009090	1	0.05	0
BSU_09050	GO:0016020	1	0.05	0
BSU_28380	GO:0042601	1	0.05	0
BSU_36070	GO:0042601	1	0.05	0
BSU_04070	GO:0005886	1	0.05	0
BSU_19880	GO:0046872	1	0.05	0
BSU_13240	GO:0005886	1	0.05	0
BSU_36320	GO:0016020	1	0.05	0
BSU_19830	GO:0046872	1	0.05	0
BSU_36050	GO:0042601	1	0.05	0
BSU_03651	GO:0046872	1	0.05	0
BSU_11730	GO:0042601	1	0.05	0
BSU_13210	GO:0000160	1	0.05	0
BSU_06850	GO:0042601	1	0.05	0
BSU_33130	GO:0016020	1	0.05	0
BSU_28830	GO:0005886	1	0.05	0
BSU_13210	GO:0042371	1	0.05	0
BSU_09920	GO:0055085	1	0.05	0
BSU_39880	GO:0016491	1	0.05	0
BSU_27300	GO:0000160	1	0.05	0
BSU_19510	GO:0016977	1	0.05	0
BSU_29520	GO:0016020	1	0.05	0
BSU_11070	GO:0009306	1	0.05	0
BSU_18990	GO:0016977	1	0.05	0
BSU_16845	GO:0016491	1	0.05	0
BSU_13210	GO:0008643	1	0.05	0
BSU_06280	GO:0005886	1	0.05	0
BSU_11110	GO:0005886	1	0.05	0
BSU_35480	GO:0005886	1	0.05	0
BSU_30160	GO:0008643	1	0.05	0
BSU_39870	GO:0016977	1	0.05	0
BSU_05770	GO:0016977	1	0.05	0
BSU_35040	GO:0005886	1	0.05	0
BSU_03380	GO:0008643	1	0.05	0
BSU_38850	GO:0031222	1	0.05	0
BSU_04120	GO:0008643	1	0.05	0
BSU_33880	GO:0008643	1	0.05	0
BSU_09180	GO:0016977	1	0.05	0
BSU_09920	GO:0065002	1	0.05	0
BSU_02710	GO:0009306	1	0.05	0
BSU_02890	GO:0004180	1	0.05	0
BSU_13060	GO:0065002	1	0.05	0
BSU_07100	GO:0008643	1	0.05	0
BSU_31760	GO:0005886	1	0.05	0
BSU_11040	GO:0009306	1	0.05	0
BSU_15960	GO:0016977	1	0.05	0
BSU_25870	GO:0016977	1	0.05	0
BSU_04280	GO:0016020	1	0.05	0
BSU_40300	GO:0016977	1	0.05	0
BSU_33030	GO:0015969	1	0.05	0
BSU_00250	GO:0005886	1	0.05	0
BSU_12090	GO:0042601	1	0.05	0
BSU_19610	GO:0009306	1	0.05	0
BSU_20710	GO:0055085	1	0.05	0
BSU_03010	GO:0005886	1	0.05	0
BSU_13820	GO:0005886	1	0.05	0
BSU_07020	GO:0005886	1	0.05	0
BSU_12800	GO:0009306	1	0.05	0
BSU_29410	GO:0005886	1	0.05	0
BSU_33640	GO:0005886	1	0.05	0
BSU_19749	GO:0009306	1	0.05	0
BSU_38850	GO:0016977	1	0.05	0
BSU_04980	GO:0009306	1	0.05	0
BSU_24930	GO:0016020	1	0.05	0
BSU_08660	GO:0042601	1	0.05	0
BSU_19940	GO:0005886	1	0.05	0
BSU_39290	GO:0016977	1	0.05	0
BSU_31590	GO:0009306	1	0.05	0
BSU_17940	GO:0046872	1	0.05	0
BSU_04910	GO:0016020	1	0.05	0
BSU_28750	GO:0016020	1	0.05	0
BSU_35440	GO:0030435	1	0.05	0
BSU_00720	GO:0016977	1	0.05	0
BSU_07300	GO:0016757	1	0.05	1
BSU_21570	GO:0016977	1	0.05	0
BSU_32670	GO:0005886	1	0.05	0
BSU_32700	GO:0005886	1	0.05	0
BSU_26350	GO:0005737	1	0.05	0
BSU_12510	GO:0005737	1	0.05	0
BSU_39560	GO:0016020	1	0.05	0
BSU_12290	GO:0003756	1	0.05	0
BSU_13060	GO:0009401	1	0.05	0
BSU_09920	GO:0009401	1	0.05	0
BSU_38690	GO:0016020	1	0.05	0
BSU_14250	GO:0016491	1	0.05	0
BSU_22380	GO:0005886	1	0.05	0
BSU_31080	GO:0016977	1	0.05	0
BSU_40140	GO:0016020	1	0.05	0
BSU_20710	GO:0009401	1	0.05	0
BSU_39870	GO:0005576	1	0.05	0
BSU_35640	GO:0030435	1	0.05	0
BSU_08970	GO:0005886	1	0.05	0
BSU_31460	GO:0030435	1	0.05	0
BSU_31321	GO:0030435	1	0.05	0
BSU_04680	GO:0009089	1	0.05	0
BSU_17670	GO:0005886	1	0.05	0
BSU_19510	GO:0005886	1	0.05	0
BSU_13240	GO:0005886	1	0.05	0
BSU_09920	GO:0042802	1	0.05	0
BSU_23590	GO:0005737	1	0.05	0
BSU_27300	GO:0016977	1	0.05	0
BSU_24420	GO:0034219	1	0.05	0
BSU_30430	GO:0016020	1	0.05	0
BSU_22380	GO:0009306	1	0.05	0
BSU_33030	GO:0005737	1	0.05	0
BSU_15090	GO:0005737	1	0.05	0
BSU_13210	GO:0055085	1	0.05	0
BSU_28830	GO:0005886	1	0.05	0
BSU_29780	GO:0009306	1	0.05	0
BSU_36570	GO:0005886	1	0.05	0
BSU_33280	GO:0016020	1	0.05	0
BSU_34850	GO:0030435	1	0.05	0
BSU_09920	GO:0055085	1	0.05	0
BSU_08760	GO:0034219	1	0.05	0
BSU_13060	GO:0055085	1	0.05	0
BSU_12290	GO:0009055	1	0.05	0
BSU_09110	GO:0015648	1	0.05	0
BSU_01900	GO:0016977	1	0.05	0
BSU_31070	GO:0005737	1	0.05	0
BSU_08760	GO:0005886	1	0.05	0
BSU_40300	GO:0046872	1	0.05	0
BSU_17940	GO:0030435	1	0.05	0
BSU_06570	GO:0030435	1	0.05	0
BSU_03380	GO:0015648	1	0.05	0
BSU_12240	GO:0016020	1	0.05	0
BSU_33880	GO:0015648	1	0.05	0
BSU_31890	GO:0016787	1	0.05	0
BSU_04500	GO:0016020	1	0.05	0
BSU_39870	GO:0046872	1	0.05	0
BSU_06570	GO:0046872	1	0.05	0
BSU_04120	GO:0015648	1	0.05	0
BSU_14120	GO:0046872	1	0.05	0
BSU_06811	GO:0005886	1	0.05	0
BSU_31080	GO:0008237	1	0.05	0
BSU_33880	GO:0055085	1	0.05	0
BSU_08970	GO:0005886	1	0.05	0
BSU_20710	GO:0055085	1	0.05	0
BSU_04120	GO:0055085	1	0.05	0
BSU_02890	GO:0046872	1	0.05	0
BSU_40300	GO:0005524	1	0.05	0
BSU_03250	GO:0015648	1	0.05	0
BSU_01900	GO:0015648	1	0.05	0
BSU_22380	GO:0005886	1	0.05	0
BSU_13210	GO:0055085	1	0.05	0
BSU_17960	GO:0016020	1	0.05	0
BSU_24420	GO:0042601	1	0.05	0
BSU_31910	GO:0005886	1	0.05	0
BSU_31910	GO:0008237	1	0.05	0
BSU_17940	GO:0005886	1	0.05	0
BSU_31910	GO:0016977	1	0.05	0
BSU_33250	GO:0016020	1	0.05	0
BSU_07020	GO:0005886	1	0.05	0
BSU_13210	GO:0016787	1	0.05	0
BSU_16260	GO:0005886	1	0.05	0
BSU_14720	GO:0009306	1	0.05	0
BSU_19510	GO:0005576	1	0.05	0
BSU_05770	GO:0005576	1	0.05	0
BSU_08760	GO:0005576	1	0.05	0
BSU_04120	GO:0042371	1	0.05	0
BSU_30160	GO:0015648	1	0.05	0
BSU_04120	GO:0016787	1	0.05	0
BSU_20710	GO:0042371	1	0.05	0
BSU_33880	GO:0042371	1	0.05	0
BSU_26560	GO:0005886	1	0.05	0
BSU_20710	GO:0016787	1	0.05	0
BSU_33880	GO:0016787	1	0.05	0
BSU_39940	GO:0005886	1	0.05	0
BSU_13460	GO:0016020	1	0.05	0
BSU_38850	GO:0008237	1	0.05	0
BSU_07100	GO:0015648	1	0.05	0
BSU_08760	GO:0042601	1	0.05	0
BSU_07020	GO:0005886	1	0.05	0
BSU_16845	GO:0005576	1	0.05	0
BSU_28830	GO:0072488	1	0.05	0
BSU_29720	GO:0016020	1	0.05	0
BSU_25870	GO:0005886	1	0.05	0
BSU_30160	GO:0005737	1	0.05	0
BSU_08760	GO:0043595	1	0.05	0
BSU_07100	GO:0005737	1	0.05	0
BSU_02890	GO:0006414	1	0.05	0
BSU_00290	GO:0005886	1	0.05	0
BSU_13230	GO:0016020	1	0.05	0
BSU_09400	GO:0043595	1	0.05	0
BSU_09920	GO:0071555	1	0.05	0
BSU_39290	GO:0005886	1	0.05	0
BSU_26560	GO:0005886	1	0.05	0
BSU_18990	GO:0005886	1	0.05	0
BSU_33880	GO:0005737	1	0.05	0
BSU_20710	GO:0005737	1	0.05	0
BSU_21570	GO:0005886	1	0.05	0
BSU_04680	GO:0005886	1	0.05	0
BSU_08340	GO:0005886	1	0.05	0
BSU_35450	GO:0005886	1	0.05	0
BSU_04120	GO:0005737	1	0.05	0
BSU_32700	GO:0009098	1	0.05	0
BSU_03380	GO:0005737	1	0.05	0
BSU_20710	GO:0016757	1	0.05	0
BSU_09180	GO:0043595	1	0.05	0
BSU_36070	GO:0005886	1	0.05	0
BSU_09180	GO:0005886	1	0.05	0
BSU_04680	GO:0005829	1	0.05	0
BSU_04680	GO:0005524	1	0.05	0
BSU_24420	GO:0043595	1	0.05	0
BSU_07100	GO:0016020	1	0.05	0
BSU_13060	GO:0071555	1	0.05	0
BSU_13060	GO:0015658	1	0.05	0
BSU_09920	GO:0015658	1	0.05	0
BSU_09920	GO:0090729	1	0.05	0
BSU_07020	GO:0005886	1	0.05	0
BSU_20710	GO:0015658	1	0.05	0
BSU_30160	GO:0016020	1	0.05	0
BSU_09920	GO:0046872	1	0.05	0
BSU_36060	GO:0005886	1	0.05	0
BSU_23402	GO:0005886	1	0.05	0
BSU_39940	GO:0046872	1	0.05	0
BSU_31890	GO:0005737	1	0.05	0
BSU_12290	GO:0010133	1	0.05	0
BSU_09110	GO:0016020	1	0.05	0
BSU_39940	GO:0090729	1	0.05	0
BSU_10000	GO:0016020	1	0.05	0
BSU_08660	GO:0005886	1	0.05	0
BSU_04680	GO:0051287	1	0.05	0
BSU_23616	GO:0043595	1	0.05	0
BSU_02890	GO:0009098	1	0.05	0
BSU_24770	GO:0005886	1	0.05	0
BSU_28830	GO:0005886	1	0.05	0
BSU_09110	GO:0005576	1	0.05	0
BSU_19510	GO:0005886	1	0.05	0
BSU_28380	GO:0005886	1	0.05	0
BSU_13230	GO:0005576	1	0.05	0
BSU_38250	GO:0005886	1	0.05	0
BSU_36380	GO:0005886	1	0.05	0
BSU_04070	GO:0005886	1	0.05	0
BSU_07100	GO:0015113	1	0.05	0
BSU_40300	GO:0006414	1	0.05	0
BSU_01900	GO:0030420	1	0.05	0
BSU_17940	GO:0005886	1	0.05	0
BSU_02710	GO:0030420	1	0.05	0
BSU_09180	GO:0005886	1	0.05	0
BSU_18990	GO:0005886	1	0.05	0
BSU_28830	GO:0005886	1	0.05	0
BSU_13240	GO:0005886	1	0.05	0
BSU_25870	GO:0005886	1	0.05	0
BSU_00290	GO:0005886	1	0.05	0
BSU_08760	GO:0005886	1	0.05	0
BSU_30160	GO:0005576	1	0.05	0
BSU_17940	GO:0005886	1	0.05	0
BSU_31910	GO:0005886	1	0.05	0
BSU_36570	GO:0005886	1	0.05	0
BSU_06280	GO:0005886	1	0.05	0
BSU_19510	GO:0005886	1	0.05	0
BSU_22380	GO:0005886	1	0.05	0
BSU_22520	GO:0055085	1	0.05	0
BSU_13210	GO:0005737	1	0.05	0
BSU_36570	GO:0005886	1	0.05	0
BSU_14930	GO:0003824	1	0.05	0
BSU_06280	GO:0005886	1	0.05	0
BSU_30160	GO:0015113	1	0.05	0
BSU_09180	GO:0005886	1	0.05	0
BSU_38250	GO:0005886	1	0.05	0
BSU_36380	GO:0005886	1	0.05	0
BSU_36060	GO:0004222	1	0.05	0
BSU_19510	GO:0005886	1	0.05	0
BSU_08660	GO:0005886	1	0.05	0
BSU_23402	GO:0005886	1	0.05	0
BSU_14120	GO:0005886	1	0.05	0
BSU_02890	GO:0005886	1	0.05	0
BSU_28380	GO:0005886	1	0.05	0
BSU_14250	GO:0004222	1	0.05	0
BSU_17940	GO:0005886	1	0.05	0
BSU_31910	GO:0005886	1	0.05	0
BSU_21000	GO:0030420	1	0.05	0
BSU_06811	GO:0005886	1	0.05	0
BSU_29720	GO:0005576	1	0.05	0
BSU_31080	GO:0016787	1	0.05	0
BSU_06570	GO:0016020	1	0.05	0
BSU_31080	GO:0005886	1	0.05	0
BSU_10720	GO:0005886	1	0.05	0
BSU_26950	GO:0043595	1	0.05	0
BSU_26960	GO:0043595	1	0.05	0
BSU_29500	GO:0016787	1	0.05	0
BSU_25220	GO:0016787	1	0.05	0
BSU_26990	GO:0043595	1	0.05	0
BSU_25220	GO:0043595	1	0.05	0
BSU_26990	GO:0016787	1	0.05	0
BSU_04680	GO:0005737	1	0.05	0
BSU_26960	GO:0016787	1	0.05	0
BSU_10670	GO:0005886	1	0.05	0
BSU_10690	GO:0005886	1	0.05	0
BSU_40540	GO:0003690	1	0.05	0
BSU_29500	GO:0043595	1	0.05	0
BSU_26950	GO:0016787	1	0.05	0
BSU_16720	GO:0016787	1	0.05	0
BSU_22290	GO:0016787	1	0.05	0
BSU_31080	GO:0003700	1	0.05	0
BSU_36570	GO:0003700	1	0.05	0
BSU_33029	GO:0016757	1	0.05	0
BSU_38850	GO:0016787	1	0.05	0
BSU_12090	GO:0016787	1	0.05	0
BSU_23401	GO:0016787	1	0.05	0
BSU_23402	GO:0016787	1	0.05	0
BSU_16720	GO:0043595	1	0.05	0
BSU_31890	GO:0030420	1	0.05	0
BSU_28380	GO:0016787	1	0.05	0
BSU_23616	GO:0016787	1	0.05	0
BSU_12090	GO:0043595	1	0.05	0
BSU_13210	GO:0000160	1	0.05	0
BSU_40540	GO:0003700	1	0.05	0
BSU_38850	GO:0072488	1	0.05	0
BSU_10710	GO:0005886	1	0.05	0
BSU_32640	GO:0016787	1	0.05	0
BSU_25400	GO:0005975	1	0.05	0
BSU_31070	GO:0003700	1	0.05	0
BSU_03230	GO:0003700	1	0.05	0
BSU_03230	GO:0003690	1	0.05	0
BSU_22290	GO:0043595	1	0.05	0
BSU_09920	GO:0000160	1	0.05	0
BSU_13060	GO:0000160	1	0.05	0
BSU_27750	GO:0016787	1	0.05	0
BSU_39940	GO:0005737	1	0.05	0
BSU_26350	GO:0003700	1	0.05	0
BSU_40300	GO:0016746	1	0.05	0
BSU_11730	GO:0016787	1	0.05	0
BSU_31070	GO:0003690	1	0.05	0
BSU_12510	GO:0003700	1	0.05	0
BSU_06850	GO:0016787	1	0.05	0
BSU_30080	GO:0016787	1	0.05	0
BSU_06280	GO:0003700	1	0.05	0
BSU_23590	GO:0003690	1	0.05	0
BSU_04120	GO:0030170	1	0.05	0
BSU_15360	GO:0005886	1	0.05	0
BSU_17670	GO:0016757	1	0.05	0
BSU_17670	GO:0005886	1	0.05	0
BSU_03500	GO:0016491	1	0.05	0
BSU_28380	GO:0005886	1	0.05	0
BSU_37860	GO:0016491	1	0.05	0
BSU_21000	GO:0016020	1	0.05	0
BSU_26560	GO:0016491	1	0.05	0
BSU_04680	GO:0005886	1	0.05	0
BSU_01900	GO:0016020	1	0.05	0
BSU_02710	GO:0016020	1	0.05	0
BSU_02710	GO:0003700	1	0.05	0
BSU_31890	GO:0015113	1	0.05	0
BSU_32670	GO:0006064	1	0.05	0
BSU_10000	GO:0030170	1	0.05	0
BSU_03250	GO:0016020	1	0.05	0
BSU_32670	GO:0030170	1	0.05	0
BSU_08760	GO:0005886	1	0.05	0
BSU_36570	GO:0005886	1	0.05	0
BSU_32640	GO:0043595	1	0.05	0
BSU_03380	GO:0016020	1	0.05	0
BSU_06380	GO:0016020	1	0.05	0
BSU_33340	GO:0005886	1	0.05	0
BSU_04280	GO:0016491	1	0.05	0
BSU_33880	GO:0030420	1	0.05	0
BSU_12290	GO:0005886	1	0.05	0
BSU_23402	GO:0043595	1	0.05	0
BSU_32620	GO:0030170	1	0.05	0
BSU_22910	GO:0030170	1	0.05	0
BSU_03651	GO:0030170	1	0.05	0
BSU_22200	GO:0016787	1	0.05	0
BSU_06850	GO:0043595	1	0.05	0
BSU_02890	GO:0016746	1	0.05	0
BSU_40530	GO:0016787	1	0.05	0
BSU_22000	GO:0016787	1	0.05	0
BSU_11730	GO:0043595	1	0.05	0
BSU_13210	GO:0030420	1	0.05	0
BSU_33030	GO:0003690	1	0.05	0
BSU_09920	GO:0016757	1	0.05	0
BSU_02890	GO:0016491	1	0.05	0
BSU_27750	GO:0043595	1	0.05	0
BSU_28380	GO:0043595	1	0.05	0
BSU_04680	GO:0008973	1	0.05	0
BSU_19510	GO:0003700	1	0.05	0
BSU_04120	GO:0030420	1	0.05	0
BSU_20710	GO:0030420	1	0.05	0
BSU_23590	GO:0003690	1	0.05	0
BSU_24770	GO:0006414	1	0.05	0
BSU_03250	GO:0030420	1	0.05	0
BSU_09180	GO:0005576	1	0.05	0
BSU_03940	GO:0030435	1	0.05	0
BSU_16260	GO:0005886	1	0.05	0
BSU_08970	GO:0005886	1	0.05	0
BSU_00720	GO:0005576	1	0.05	0
BSU_33880	GO:0015113	1	0.05	0
BSU_23590	GO:0005886	1	0.05	0
BSU_06811	GO:0000271	1	0.05	0
BSU_14250	GO:0006631	1	0.05	0
BSU_14930	GO:0030435	1	0.05	0
BSU_21570	GO:0005576	1	0.05	0
BSU_36060	GO:0006631	1	0.05	0
BSU_39950	GO:0030435	1	0.05	0
BSU_29780	GO:0005886	1	0.05	0
BSU_20710	GO:0015113	1	0.05	0
BSU_26560	GO:0005886	1	0.05	0
BSU_30430	GO:0016020	1	0.05	0
BSU_09920	GO:0016788	1	0.05	0
BSU_38850	GO:0005886	1	0.05	0
BSU_05220	GO:0030435	1	0.05	0
BSU_18990	GO:0000271	1	0.05	0
BSU_08660	GO:0005886	1	0.05	0
BSU_23402	GO:0005886	1	0.05	0
BSU_15960	GO:0030435	1	0.05	0
BSU_28750	GO:0016020	1	0.05	0
BSU_02890	GO:0000271	1	0.05	0
BSU_02890	GO:0016798	1	0.05	0
BSU_23090	GO:0016020	1	0.05	0
BSU_04680	GO:0003824	1	0.05	0
BSU_09180	GO:0005886	1	0.05	0
BSU_27300	GO:0016020	1	0.05	0
BSU_30430	GO:0016020	1	0.05	0
BSU_31890	GO:0003723	1	0.05	0
BSU_22380	GO:0005886	1	0.05	0
BSU_03500	GO:0003723	1	0.05	0
BSU_39880	GO:0030435	1	0.05	0
BSU_07770	GO:0055085	1	0.05	0
BSU_28830	GO:0005886	1	0.05	0
BSU_04280	GO:0003723	1	0.05	0
BSU_12290	GO:0006631	1	0.05	0
BSU_13240	GO:0005886	1	0.05	0
BSU_08970	GO:0003723	1	0.05	0
BSU_33030	GO:0004519	1	0.05	0
BSU_15090	GO:0004519	1	0.05	0
BSU_40140	GO:0016020	1	0.05	0
BSU_08760	GO:0005886	1	0.05	0
BSU_36570	GO:0005886	1	0.05	0
BSU_31080	GO:0005886	1	0.05	0
BSU_07020	GO:0005886	1	0.05	0
BSU_27130	GO:0016020	1	0.05	0
BSU_30430	GO:0015648	1	0.05	0
BSU_38690	GO:0030420	1	0.05	0
BSU_33280	GO:0016020	1	0.05	0
BSU_04280	GO:0030420	1	0.05	0
BSU_27130	GO:0015648	1	0.05	0
BSU_27130	GO:0015112	1	0.05	0
BSU_06811	GO:0005886	1	0.05	0
BSU_22820	GO:0030435	1	0.05	0
BSU_22380	GO:0005886	1	0.05	0
BSU_19510	GO:0005886	1	0.05	0
BSU_06280	GO:0005886	1	0.05	0
BSU_40140	GO:0016020	1	0.05	0
BSU_04070	GO:0005886	1	0.05	0
BSU_33560	GO:0030420	1	0.05	0
BSU_28830	GO:0005886	1	0.05	0
BSU_39560	GO:0030420	1	0.05	0
BSU_40030	GO:0030435	1	0.05	0
BSU_24930	GO:0030420	1	0.05	0
BSU_29520	GO:0030420	1	0.05	0
BSU_27300	GO:0015112	1	0.05	0
BSU_09920	GO:0016887	1	0.05	0
BSU_13060	GO:0016887	1	0.05	0
BSU_05630	GO:0005886	1	0.05	0
BSU_06200	GO:0030420	1	0.05	0
BSU_08760	GO:0005886	1	0.05	0
BSU_36570	GO:0005886	1	0.05	0
BSU_31910	GO:0005886	1	0.05	0
BSU_18990	GO:0005576	1	0.05	0
BSU_28750	GO:0015648	1	0.05	0
BSU_31910	GO:0005886	1	0.05	0
BSU_13210	GO:0016020	1	0.05	0
BSU_40300	GO:0005576	1	0.05	0
BSU_40140	GO:0030420	1	0.05	0
BSU_33250	GO:0030420	1	0.05	0
BSU_13460	GO:0030420	1	0.05	0
BSU_12240	GO:0030420	1	0.05	0
BSU_04500	GO:0030420	1	0.05	0
BSU_26350	GO:0004519	1	0.05	0
BSU_17960	GO:0030420	1	0.05	0
BSU_28380	GO:0005886	1	0.05	0
BSU_38250	GO:0005886	1	0.05	0
BSU_04910	GO:0030420	1	0.05	0
BSU_04120	GO:0015113	1	0.05	0
BSU_36380	GO:0005886	1	0.05	0
BSU_39290	GO:0005576	1	0.05	0
BSU_09050	GO:0030420	1	0.05	0
BSU_25870	GO:0005576	1	0.05	0
BSU_36320	GO:0030420	1	0.05	0
BSU_17940	GO:0005886	1	0.05	0
BSU_17940	GO:0005886	1	0.05	0
BSU_03380	GO:0015113	1	0.05	0
BSU_06280	GO:0005886	1	0.05	0
BSU_28750	GO:0016020	1	0.05	0
BSU_02890	GO:0003677	1	0.05	0
BSU_09110	GO:0030420	1	0.05	0
BSU_15670	GO:0032357	1	0.05	0
BSU_31080	GO:0005886	1	0.05	0
BSU_04820	GO:0032357	1	0.05	0
BSU_14480	GO:0032357	1	0.05	0
BSU_39870	GO:0030435	1	0.05	0
BSU_23590	GO:0006950	1	0.05	0
BSU_25870	GO:0030435	1	0.05	0
BSU_39790	GO:0030420	1	0.05	0
BSU_12290	GO:0006979	1	0.05	0
BSU_28830	GO:0005886	1	0.05	0
BSU_01900	GO:0016020	1	0.05	0
BSU_02890	GO:0006434	1	0.05	0
BSU_03250	GO:0016020	1	0.05	0
BSU_13240	GO:0005886	1	0.05	0
BSU_40300	GO:0016798	1	0.05	0
BSU_10000	GO:0030420	1	0.05	0
BSU_33280	GO:0030435	1	0.05	0
BSU_13230	GO:0030420	1	0.05	0
BSU_03380	GO:0016020	1	0.05	0
BSU_04120	GO:0016020	1	0.05	0
BSU_13240	GO:0005886	1	0.05	0
BSU_08760	GO:0005886	1	0.05	0
BSU_06570	GO:0030420	1	0.05	0
BSU_31890	GO:0005576	1	0.05	0
BSU_19510	GO:0005886	1	0.05	0
BSU_03380	GO:0005576	1	0.05	0
BSU_07100	GO:0005576	1	0.05	0
BSU_39290	GO:0005886	1	0.05	0
BSU_07020	GO:0005886	1	0.05	0
BSU_06811	GO:0005886	1	0.05	0
BSU_16260	GO:0005886	1	0.05	0
BSU_22380	GO:0005886	1	0.05	0
BSU_33880	GO:0005576	1	0.05	0
BSU_08970	GO:0005886	1	0.05	0
BSU_04120	GO:0005576	1	0.05	0
BSU_19510	GO:0005886	1	0.05	0
BSU_23590	GO:0005886	1	0.05	0
BSU_26560	GO:0005886	1	0.05	0
BSU_21570	GO:0005886	1	0.05	0
BSU_03250	GO:0005576	1	0.05	0
BSU_01900	GO:0005576	1	0.05	0
BSU_08340	GO:0005886	1	0.05	0
BSU_06380	GO:0030420	1	0.05	0
BSU_24770	GO:0005886	1	0.05	0
BSU_06280	GO:0005886	1	0.05	0
BSU_14120	GO:0030435	1	0.05	0
BSU_04070	GO:0005886	1	0.05	0
BSU_40300	GO:0005576	1	0.05	0
BSU_33030	GO:0005576	1	0.05	0
BSU_33880	GO:0016020	1	0.05	0
BSU_36570	GO:0005886	1	0.05	0
BSU_27300	GO:0016020	1	0.05	0
BSU_33280	GO:0030420	1	0.05	0
BSU_02890	GO:0005886	1	0.05	0
BSU_03250	GO:0055085	1	0.05	0
BSU_02890	GO:0005829	1	0.05	0
BSU_30310	GO:0000271	1	0.05	0
BSU_00290	GO:0005886	1	0.05	0
BSU_26560	GO:0005886	1	0.05	0
BSU_25870	GO:0005886	1	0.05	0
BSU_21570	GO:0030435	1	0.05	0
BSU_18990	GO:0005886	1	0.05	0
BSU_40030	GO:0000271	1	0.05	0
BSU_29720	GO:0030420	1	0.05	0
BSU_17940	GO:0005886	1	0.05	0
BSU_01900	GO:0055085	1	0.05	0
BSU_31910	GO:0005886	1	0.05	0
BSU_31720	GO:0005886	1	0.05	0
BSU_10000	GO:0000271	1	0.05	0
BSU_39870	GO:0005886	1	0.05	0
BSU_32670	GO:0000271	1	0.05	0
BSU_39940	GO:0016788	1	0.05	0
BSU_27130	GO:0016020	1	0.05	0
BSU_22380	GO:0005886	1	0.05	0
BSU_23590	GO:0004519	1	0.05	0
BSU_29720	GO:0016020	1	0.05	0
BSU_03380	GO:0055085	1	0.05	0
BSU_04120	GO:0055085	1	0.05	0
BSU_19510	GO:0005576	1	0.05	0
BSU_07100	GO:0016020	1	0.05	0
BSU_30160	GO:0016020	1	0.05	0
BSU_07020	GO:0005886	1	0.05	0
BSU_13210	GO:0016757	1	0.05	0
BSU_09110	GO:0016020	1	0.05	0
BSU_33030	GO:0006950	1	0.05	0
BSU_23090	GO:0030420	1	0.05	0
BSU_30160	GO:0055085	1	0.05	0
BSU_07100	GO:0055085	1	0.05	0
BSU_08760	GO:0005886	1	0.05	0
BSU_04680	GO:0030435	1	0.05	0
BSU_27130	GO:0030420	1	0.05	0
BSU_31890	GO:0016020	1	0.05	0
BSU_13230	GO:0016020	1	0.05	0
BSU_24770	GO:0005886	1	0.05	0
BSU_31080	GO:0005886	1	0.05	0
BSU_08340	GO:0005886	1	0.05	0
BSU_21570	GO:0005886	1	0.05	0
BSU_39290	GO:0005886	1	0.05	0
BSU_33880	GO:0055085	1	0.05	0
BSU_06190	GO:0030435	1	0.05	0
BSU_27130	GO:0020037	1	0.05	0
BSU_06200	GO:0030435	1	0.05	0
BSU_12410	GO:0016491	1	0.05	0
BSU_03500	GO:0016491	1	0.05	0
BSU_31890	GO:0015878	1	0.05	0
BSU_35100	GO:0008289	1	0.05	0
BSU_14930	GO:0016491	1	0.05	0
BSU_18990	GO:0016740	1	0.05	0
BSU_06190	GO:0008289	1	0.05	0
BSU_33029	GO:0016491	1	0.05	0
BSU_04680	GO:0005737	1	0.05	0
BSU_29520	GO:0008289	1	0.05	0
BSU_17960	GO:0005886	1	0.05	1
BSU_25870	GO:0016740	1	0.05	0
BSU_28750	GO:0003677	1	0.05	0
BSU_39290	GO:0016740	1	0.05	0
BSU_03651	GO:0016491	1	0.05	0
BSU_01900	GO:0016491	1	0.05	0
BSU_17960	GO:0055085	1	0.05	0
BSU_06570	GO:0016491	1	0.05	0
BSU_04500	GO:0055085	1	0.05	0
BSU_25370	GO:0008289	1	0.05	0
BSU_40300	GO:0110001	1	0.05	0
BSU_03230	GO:0080090	1	0.05	0
BSU_20710	GO:0015878	1	0.05	0
BSU_06930	GO:0008289	1	0.05	0
BSU_17670	GO:0005886	1	0.05	0
BSU_12290	GO:0042128	1	0.05	0
BSU_13210	GO:0015878	1	0.05	0
BSU_04680	GO:0005737	1	0.05	0
BSU_07140	GO:0008289	1	0.05	0
BSU_06811	GO:0016740	1	0.05	0
BSU_04120	GO:0015878	1	0.05	0
BSU_33880	GO:0015878	1	0.05	0
BSU_28530	GO:0003677	1	0.05	0
BSU_27750	GO:0003677	1	0.05	0
BSU_40300	GO:0003677	1	0.05	0
BSU_31850	GO:0008289	1	0.05	0
BSU_01980	GO:0016491	1	0.05	0
BSU_01970	GO:0016491	1	0.05	0
BSU_00290	GO:0110001	1	0.05	0
BSU_40260	GO:0016491	1	0.05	0
BSU_09000	GO:0008289	1	0.05	0
BSU_24930	GO:0008289	1	0.05	0
BSU_12240	GO:0055085	1	0.05	0
BSU_08340	GO:0110001	1	0.05	0
BSU_04120	GO:0042906	1	0.05	0
BSU_33280	GO:0008289	1	0.05	0
BSU_38250	GO:0010181	1	0.05	0
BSU_36380	GO:0110001	1	0.05	0
BSU_12290	GO:0000166	1	0.05	0
BSU_14120	GO:0003677	1	0.05	0
BSU_17880	GO:0110001	1	0.05	0
BSU_13210	GO:0042906	1	0.05	0
BSU_23090	GO:0008289	1	0.05	0
BSU_20710	GO:0042906	1	0.05	0
BSU_13460	GO:0055085	1	0.05	0
BSU_33880	GO:0042906	1	0.05	0
BSU_34030	GO:0003677	1	0.05	0
BSU_13060	GO:0016887	1	0.05	0
BSU_09920	GO:0016887	1	0.05	0
BSU_09920	GO:0008253	1	0.05	0
BSU_29720	GO:0008289	1	0.05	0
BSU_13230	GO:0008289	1	0.05	0
BSU_13060	GO:0032300	1	0.05	0
BSU_38690	GO:0008289	1	0.05	0
BSU_39560	GO:0008289	1	0.05	0
BSU_31220	GO:0010181	1	0.05	0
BSU_40140	GO:0008289	1	0.05	0
BSU_27240	GO:0016491	1	0.05	0
BSU_24770	GO:0110001	1	0.05	0
BSU_39460	GO:0016491	1	0.05	0
BSU_04280	GO:0008289	1	0.05	0
BSU_33250	GO:0055085	1	0.05	0
BSU_40140	GO:0055085	1	0.05	0
BSU_39560	GO:0055085	1	0.05	0
BSU_33560	GO:0008289	1	0.05	0
BSU_37860	GO:0016491	1	0.05	0
BSU_09050	GO:0008289	1	0.05	0
BSU_04680	GO:0030488	1	0.05	0
BSU_04910	GO:0008289	1	0.05	0
BSU_04500	GO:0008289	1	0.05	0
BSU_27300	GO:0035435	1	0.05	0
BSU_12240	GO:0008289	1	0.05	0
BSU_13460	GO:0008289	1	0.05	0
BSU_33250	GO:0008289	1	0.05	0
BSU_04680	GO:0006006	1	0.05	0
BSU_33029	GO:0005886	1	0.05	0
BSU_24440	GO:0008289	1	0.05	0
BSU_32670	GO:0016787	1	0.05	0
BSU_07100	GO:0071555	1	0.05	0
BSU_28840	GO:0110001	1	0.05	0
BSU_03380	GO:0035435	1	0.05	0
BSU_12290	GO:0050661	1	0.05	0
BSU_04120	GO:0035435	1	0.05	0
BSU_20710	GO:0035435	1	0.05	0
BSU_33880	GO:0035435	1	0.05	0
BSU_34030	GO:0016787	1	0.05	0
BSU_36500	GO:0008289	1	0.05	0
BSU_32700	GO:0016787	1	0.05	0
BSU_13210	GO:0022857	1	0.05	0
BSU_12290	GO:0005886	1	0.05	0
BSU_07100	GO:0035435	1	0.05	0
BSU_11940	GO:0008289	1	0.05	0
BSU_03380	GO:0022857	1	0.05	0
BSU_33460	GO:0008289	1	0.05	0
BSU_04120	GO:0022857	1	0.05	0
BSU_33880	GO:0022857	1	0.05	0
BSU_30160	GO:0071555	1	0.05	0
BSU_13210	GO:0035435	1	0.05	0
BSU_39940	GO:0005524	1	0.05	0
BSU_13060	GO:0005524	1	0.05	0
BSU_04120	GO:0016020	1	0.05	0
BSU_33880	GO:0006071	1	0.05	0
BSU_20710	GO:0006071	1	0.05	0
BSU_04120	GO:0006071	1	0.05	0
BSU_13210	GO:0006071	1	0.05	0
BSU_03380	GO:0016020	1	0.05	0
BSU_06811	GO:0110001	1	0.05	0
BSU_18990	GO:0110001	1	0.05	0
BSU_13210	GO:0006826	1	0.05	0
BSU_40300	GO:0006508	1	0.05	0
BSU_09110	GO:0071555	1	0.05	0
BSU_33030	GO:0006750	1	0.05	0
BSU_25870	GO:0110001	1	0.05	0
BSU_31910	GO:0110001	1	0.05	0
BSU_39290	GO:0110001	1	0.05	0
BSU_39880	GO:0005886	1	0.05	0
BSU_21570	GO:0110001	1	0.05	0
BSU_33880	GO:0071555	1	0.05	0
BSU_04120	GO:0071555	1	0.05	0
BSU_33222	GO:0005886	1	0.05	0
BSU_19510	GO:0005886	1	0.05	0
BSU_14710	GO:0008289	1	0.05	0
BSU_23590	GO:0005886	1	0.05	0
BSU_31080	GO:0005886	1	0.05	0
BSU_36570	GO:0005886	1	0.05	0
BSU_35640	GO:0008289	1	0.05	0
BSU_07020	GO:0005886	1	0.05	0
BSU_06280	GO:0005886	1	0.05	0
BSU_02890	GO:0016740	1	0.05	0
BSU_39870	GO:0005886	1	0.05	0
BSU_03380	GO:0071555	1	0.05	0
BSU_28830	GO:0005886	1	0.05	0
BSU_22380	GO:0005886	1	0.05	0
BSU_29780	GO:0005886	1	0.05	0
BSU_28840	GO:0008289	1	0.05	0
BSU_14720	GO:0005886	1	0.05	0
BSU_15270	GO:0008289	1	0.05	0
BSU_15260	GO:0008289	1	0.05	0
BSU_14120	GO:0005886	1	0.05	0
BSU_31890	GO:0035435	1	0.05	0
BSU_14930	GO:0008289	1	0.05	0
BSU_01900	GO:0071555	1	0.05	0
BSU_40560	GO:0008289	1	0.05	0
BSU_27150	GO:0008289	1	0.05	0
BSU_30160	GO:0035435	1	0.05	0
BSU_02890	GO:0016787	1	0.05	0
BSU_07100	GO:0022857	1	0.05	0
BSU_30160	GO:0022857	1	0.05	0
BSU_02890	GO:0110001	1	0.05	0
BSU_19880	GO:0008289	1	0.05	0
BSU_38499	GO:0008289	1	0.05	0
BSU_18590	GO:0008289	1	0.05	0
BSU_05220	GO:0008289	1	0.05	0
BSU_31890	GO:0022857	1	0.05	0
BSU_13230	GO:0022857	1	0.05	0
BSU_39950	GO:0008289	1	0.05	0
BSU_29720	GO:0022857	1	0.05	0
BSU_03250	GO:0071555	1	0.05	0
BSU_19579	GO:0008289	1	0.05	0
BSU_03940	GO:0008289	1	0.05	0
BSU_04680	GO:0008615	1	0.05	0
BSU_32670	GO:0003677	1	0.05	0
BSU_37860	GO:0045454	1	0.05	0
BSU_33280	GO:0055085	1	0.05	0
BSU_29720	GO:0016020	1	0.05	0
BSU_39790	GO:0016787	1	0.05	0
BSU_17670	GO:0003677	1	0.05	0
BSU_09110	GO:0016787	1	0.05	0
BSU_04680	GO:0042802	1	0.05	0
BSU_23690	GO:0046677	1	0.05	0
BSU_17880	GO:0046677	1	0.05	0
BSU_31890	GO:0006779	1	0.05	0
BSU_03380	GO:0035873	1	0.05	0
BSU_06570	GO:0016787	1	0.05	0
BSU_05630	GO:0046677	1	0.05	0
BSU_04120	GO:0035873	1	0.05	0
BSU_33880	GO:0035873	1	0.05	0
BSU_25800	GO:0046686	1	0.05	1
BSU_30430	GO:0055085	1	0.05	0
BSU_12410	GO:0046677	1	0.05	0
BSU_13230	GO:0006779	1	0.05	0
BSU_01900	GO:0046677	1	0.05	0
BSU_13210	GO:0006814	1	0.05	0
BSU_06380	GO:0016787	1	0.05	0
BSU_10000	GO:0008289	1	0.05	0
BSU_33880	GO:0006779	1	0.05	0
BSU_04680	GO:0004823	1	0.05	0
BSU_19510	GO:0015293	1	0.05	0
BSU_21000	GO:0016787	1	0.05	0
BSU_13210	GO:0006779	1	0.05	0
BSU_01900	GO:0016787	1	0.05	0
BSU_32600	GO:0005737	1	0.05	0
BSU_03380	GO:0006779	1	0.05	0
BSU_04120	GO:0006779	1	0.05	0
BSU_33030	GO:0005737	1	0.05	0
BSU_30160	GO:0006779	1	0.05	0
BSU_02710	GO:0016787	1	0.05	0
BSU_15090	GO:0005737	1	0.05	0
BSU_03250	GO:0016787	1	0.05	0
BSU_33880	GO:0006814	1	0.05	0
BSU_20710	GO:0006814	1	0.05	0
BSU_27300	GO:0016020	1	0.05	0
BSU_04120	GO:0006814	1	0.05	0
BSU_07100	GO:0006779	1	0.05	0
BSU_28750	GO:0055085	1	0.05	0
BSU_06570	GO:0046677	1	0.05	0
BSU_29720	GO:0006779	1	0.05	0
BSU_39560	GO:0016787	1	0.05	0
BSU_18990	GO:0045454	1	0.05	0
BSU_13230	GO:0016787	1	0.05	0
BSU_29720	GO:0016787	1	0.05	0
BSU_23090	GO:0016787	1	0.05	0
BSU_27130	GO:0016787	1	0.05	0
BSU_06811	GO:0045454	1	0.05	0
BSU_33280	GO:0016787	1	0.05	0
BSU_38690	GO:0016787	1	0.05	0
BSU_40140	GO:0016787	1	0.05	0
BSU_35040	GO:0046677	1	0.05	0
BSU_09110	GO:0016020	1	0.05	0
BSU_33640	GO:0046872	1	0.05	0
BSU_33250	GO:0016787	1	0.05	0
BSU_02890	GO:0045454	1	0.05	0
BSU_13460	GO:0016787	1	0.05	0
BSU_12240	GO:0016787	1	0.05	0
BSU_04500	GO:0016787	1	0.05	0
BSU_17960	GO:0016787	1	0.05	0
BSU_10000	GO:0016787	1	0.05	0
BSU_25870	GO:0045454	1	0.05	0
BSU_06280	GO:0046677	1	0.05	0
BSU_39290	GO:0045454	1	0.05	0
BSU_27300	GO:0006779	1	0.05	0
BSU_00250	GO:0046677	1	0.05	0
BSU_03010	GO:0046677	1	0.05	0
BSU_13230	GO:0016020	1	0.05	0
BSU_13820	GO:0046677	1	0.05	0
BSU_07020	GO:0046677	1	0.05	0
BSU_29410	GO:0046677	1	0.05	0
BSU_27130	GO:0006779	1	0.05	0
BSU_33640	GO:0046677	1	0.05	0
BSU_28750	GO:0006779	1	0.05	0
BSU_19940	GO:0046677	1	0.05	0
BSU_33222	GO:0003677	1	0.05	0
BSU_24770	GO:0045454	1	0.05	0
BSU_08340	GO:0045454	1	0.05	0
BSU_31760	GO:0046677	1	0.05	0
BSU_21570	GO:0045454	1	0.05	0
BSU_40300	GO:0045454	1	0.05	0
BSU_27130	GO:0016020	1	0.05	0
BSU_31890	GO:0006814	1	0.05	0
BSU_28750	GO:0016020	1	0.05	0
BSU_26990	GO:0042601	1	0.05	0
BSU_28380	GO:0042601	1	0.05	0
BSU_27750	GO:0042601	1	0.05	0
BSU_36050	GO:0042601	1	0.05	0
BSU_11730	GO:0042601	1	0.05	0
BSU_06850	GO:0042601	1	0.05	0
BSU_23402	GO:0042601	1	0.05	0
BSU_29500	GO:0042601	1	0.05	0
BSU_25220	GO:0042601	1	0.05	0
BSU_26960	GO:0042601	1	0.05	0
BSU_39940	GO:0008253	1	0.05	0
BSU_26950	GO:0042601	1	0.05	0
BSU_16720	GO:0042601	1	0.05	0
BSU_22290	GO:0042601	1	0.05	0
BSU_12090	GO:0042601	1	0.05	0
BSU_23401	GO:0042601	1	0.05	0
BSU_30080	GO:0042601	1	0.05	0
BSU_33130	GO:0016020	1	0.05	0
BSU_31070	GO:0080090	1	0.05	0
BSU_17960	GO:0008289	1	0.05	0
BSU_32640	GO:0042601	1	0.05	0
BSU_36320	GO:0008289	1	0.05	0
BSU_24420	GO:0042601	1	0.05	0
BSU_31890	GO:0042906	1	0.05	0
BSU_09110	GO:0008289	1	0.05	0
BSU_39790	GO:0008289	1	0.05	0
BSU_32700	GO:0003677	1	0.05	0
BSU_06570	GO:0008289	1	0.05	0
BSU_06380	GO:0008289	1	0.05	0
BSU_27300	GO:0042906	1	0.05	0
BSU_13210	GO:0035873	1	0.05	0
BSU_38690	GO:0055085	1	0.05	0
BSU_03250	GO:0008289	1	0.05	0
BSU_02710	GO:0008289	1	0.05	0
BSU_01900	GO:0008289	1	0.05	0
BSU_21000	GO:0008289	1	0.05	0
BSU_09400	GO:0042601	1	0.05	0
BSU_08760	GO:0042601	1	0.05	0
BSU_09180	GO:0042601	1	0.05	0
BSU_23616	GO:0042601	1	0.05	0
BSU_22200	GO:0042601	1	0.05	0
BSU_40530	GO:0042601	1	0.05	0
BSU_04680	GO:0009361	1	0.05	0
BSU_26350	GO:0006355	1	0.05	0
BSU_28830	GO:0015293	1	0.05	0
BSU_36060	GO:0003677	1	0.05	0
BSU_36070	GO:0003677	1	0.05	0
BSU_12510	GO:0006355	1	0.05	0
BSU_37290	GO:0006355	1	0.05	0
BSU_40140	GO:0016020	1	0.05	0
BSU_26340	GO:0006355	1	0.05	0
BSU_26320	GO:0006355	1	0.05	0
BSU_03230	GO:0006355	1	0.05	0
BSU_22000	GO:0042601	1	0.05	0
BSU_31070	GO:0006355	1	0.05	0
BSU_24420	GO:0003677	1	0.05	0
BSU_40540	GO:0006355	1	0.05	0
BSU_36070	GO:0071555	1	0.05	0
BSU_36060	GO:0071555	1	0.05	0
BSU_14250	GO:0071555	1	0.05	0
BSU_30430	GO:0016020	1	0.05	0
BSU_23590	GO:0006355	1	0.05	0
BSU_03470	GO:0006355	1	0.05	0
BSU_23590	GO:0080090	1	0.05	0
BSU_21000	GO:0003677	1	0.05	0
BSU_20710	GO:0016887	1	0.05	0
BSU_08660	GO:0042601	1	0.05	0
BSU_02070	GO:0042601	1	0.05	0
BSU_13060	GO:0015031	1	0.05	0
BSU_10700	GO:0042601	1	0.05	0
BSU_09920	GO:0015031	1	0.05	0
BSU_10680	GO:0042601	1	0.05	0
BSU_10710	GO:0042601	1	0.05	0
BSU_10670	GO:0042601	1	0.05	0
BSU_10720	GO:0042601	1	0.05	0
BSU_10690	GO:0042601	1	0.05	0
BSU_13460	GO:0016020	1	0.05	0
BSU_02890	GO:0003677	1	0.05	0
BSU_12290	GO:0005737	1	0.05	0
BSU_08760	GO:0003677	1	0.05	0
BSU_13060	GO:0016887	1	0.05	0
BSU_09920	GO:0016887	1	0.05	0
BSU_39950	GO:0003677	1	0.05	0
BSU_04120	GO:0006826	1	0.05	0
BSU_28750	GO:0016787	1	0.05	0
BSU_20710	GO:0006826	1	0.05	0
BSU_13060	GO:0005737	1	0.05	0
BSU_06570	GO:0005829	1	0.05	0
BSU_27130	GO:0035429	1	0.05	0
BSU_19940	GO:0046872	1	0.05	0
BSU_19880	GO:0046872	1	0.05	0
BSU_33880	GO:0022857	1	0.05	0
BSU_19830	GO:0046872	1	0.05	0
BSU_20710	GO:0022857	1	0.05	0
BSU_32640	GO:0005886	1	0.05	0
BSU_04120	GO:0022857	1	0.05	0
BSU_17940	GO:0046872	1	0.05	0
BSU_03651	GO:0046872	1	0.05	0
BSU_28380	GO:0004145	1	0.05	0
BSU_03690	GO:0046686	1	0.05	0
BSU_13210	GO:0022857	1	0.05	0
BSU_01900	GO:0005829	1	0.05	0
BSU_33640	GO:0016787	1	0.05	1
BSU_28380	GO:0005886	1	0.05	0
BSU_28830	GO:0046872	1	0.05	0
BSU_06170	GO:0046872	1	0.05	0
BSU_28750	GO:0035429	1	0.05	0
BSU_33880	GO:0006826	1	0.05	0
BSU_32700	GO:0003824	1	0.05	0
BSU_23616	GO:0005886	1	0.05	0
BSU_39460	GO:0005829	1	0.05	0
BSU_28750	GO:0003824	1	0.05	0
BSU_36320	GO:0005886	1	0.05	1
BSU_14120	GO:0003824	1	0.05	0
BSU_24420	GO:0005886	1	0.05	0
BSU_34030	GO:0003824	1	0.05	0
BSU_32670	GO:0003824	1	0.05	0
BSU_27240	GO:0005829	1	0.05	0
BSU_02890	GO:0004564	1	0.05	0
BSU_02890	GO:0003824	1	0.05	0
BSU_30430	GO:0035429	1	0.05	0
BSU_08760	GO:0003824	1	0.05	0
BSU_27750	GO:0004145	1	0.05	0
BSU_25400	GO:0003824	1	0.05	0
BSU_02890	GO:0016836	1	0.05	0
BSU_36060	GO:0004145	1	0.05	0
BSU_36070	GO:0004145	1	0.05	0
BSU_27750	GO:0005886	1	0.05	0
BSU_33222	GO:0046872	1	0.05	0
BSU_04680	GO:0005737	1	0.05	0
BSU_13060	GO:0016020	1	0.05	0
BSU_04680	GO:0017118	1	0.05	0
BSU_25220	GO:0005886	1	0.05	0
BSU_04680	GO:0071555	1	0.05	0
BSU_26990	GO:0005886	1	0.05	0
BSU_16845	GO:0008270	1	0.05	0
BSU_23590	GO:0043565	1	0.05	0
BSU_39880	GO:0008270	1	0.05	0
BSU_09920	GO:0016020	1	0.05	0
BSU_04680	GO:0016491	1	0.05	0
BSU_03651	GO:0005829	1	0.05	0
BSU_26960	GO:0005886	1	0.05	0
BSU_23090	GO:0035429	1	0.05	0
BSU_26950	GO:0005886	1	0.05	0
BSU_16720	GO:0005886	1	0.05	0
BSU_07770	GO:0046686	1	0.05	0
BSU_22290	GO:0005886	1	0.05	0
BSU_13060	GO:0071555	1	0.05	0
BSU_09920	GO:0071555	1	0.05	0
BSU_29500	GO:0005886	1	0.05	0
BSU_22520	GO:0046686	1	0.05	0
BSU_09920	GO:0003824	1	0.05	0
BSU_20710	GO:0016020	1	0.05	0
BSU_15120	GO:0046872	1	0.05	0
BSU_33029	GO:0046872	1	0.05	0
BSU_10000	GO:0016740	1	0.05	0
BSU_08760	GO:0046872	1	0.05	0
BSU_39940	GO:0016020	1	0.05	0
BSU_33880	GO:0046872	1	0.05	0
BSU_04120	GO:0046872	1	0.05	0
BSU_32620	GO:0046872	1	0.05	0
BSU_11730	GO:0005886	1	0.05	0
BSU_06850	GO:0005886	1	0.05	0
BSU_12410	GO:0005829	1	0.05	0
BSU_23402	GO:0005886	1	0.05	0
BSU_33029	GO:0005829	1	0.05	0
BSU_30160	GO:0016020	1	0.05	0
BSU_13060	GO:0016020	1	0.05	0
BSU_09920	GO:0016020	1	0.05	0
BSU_09920	GO:0005737	1	0.05	0
BSU_28530	GO:0003824	1	0.05	0
BSU_02890	GO:0009245	1	0.05	0
BSU_36060	GO:0009252	1	0.05	0
BSU_06190	GO:0030435	1	0.05	0
BSU_12290	GO:0005737	1	0.05	0
BSU_26350	GO:0003700	1	0.05	0
BSU_25870	GO:0008168	1	0.05	0
BSU_12510	GO:0003700	1	0.05	0
BSU_18990	GO:0008168	1	0.05	0
BSU_40030	GO:0030435	1	0.05	0
BSU_06811	GO:0008168	1	0.05	0
BSU_06570	GO:0016020	1	0.05	0
BSU_02890	GO:0008168	1	0.05	0
BSU_37860	GO:0008168	1	0.05	0
BSU_06380	GO:0016020	1	0.05	0
BSU_12290	GO:0005886	1	0.05	0
BSU_39940	GO:0016020	1	0.05	0
BSU_03380	GO:0016020	1	0.05	0
BSU_25650	GO:0008168	1	0.05	0
BSU_29780	GO:0046686	1	0.05	0
BSU_03250	GO:0016020	1	0.05	0
BSU_02710	GO:0016020	1	0.05	0
BSU_00290	GO:0008168	1	0.05	0
BSU_03230	GO:0003700	1	0.05	0
BSU_39290	GO:0008168	1	0.05	0
BSU_40300	GO:0008168	1	0.05	0
BSU_20790	GO:0005737	1	0.05	0
BSU_36570	GO:0005262	1	0.05	0
BSU_28830	GO:0005262	1	0.05	0
BSU_35450	GO:0005737	1	0.05	0
BSU_09110	GO:0016020	1	0.05	0
BSU_23590	GO:0003700	1	0.05	0
BSU_31890	GO:0016020	1	0.05	0
BSU_39940	GO:0005737	1	0.05	0
BSU_22380	GO:0046686	1	0.05	0
BSU_04680	GO:0005737	1	0.05	0
BSU_30160	GO:0016020	1	0.05	0
BSU_21570	GO:0030435	1	0.05	0
BSU_24770	GO:0008168	1	0.05	0
BSU_08340	GO:0008168	1	0.05	0
BSU_07100	GO:0016020	1	0.05	0
BSU_21570	GO:0008168	1	0.05	0
BSU_31070	GO:0003700	1	0.05	0
BSU_01900	GO:0016020	1	0.05	0
BSU_39880	GO:0030435	1	0.05	0
BSU_09180	GO:0005886	1	0.05	0
BSU_36050	GO:0004145	1	0.05	0
BSU_04820	GO:0003676	1	0.05	0
BSU_33250	GO:0035429	1	0.05	0
BSU_40030	GO:0030435	1	0.05	0
BSU_09920	GO:0016020	1	0.05	0
BSU_28750	GO:0016407	1	0.05	0
BSU_13060	GO:0016020	1	0.05	0
BSU_09400	GO:0005886	1	0.05	0
BSU_04680	GO:0070681	1	0.05	0
BSU_07020	GO:0003824	1	0.05	0
BSU_30340	GO:0005737	1	0.05	0
BSU_05200	GO:0030435	1	0.05	0
BSU_31220	GO:0003824	1	0.05	0
BSU_14930	GO:0003824	1	0.05	0
BSU_40140	GO:0035429	1	0.05	0
BSU_08760	GO:0005886	1	0.05	0
BSU_33280	GO:0035429	1	0.05	0
BSU_27750	GO:0003824	1	0.05	0
BSU_40300	GO:0003824	1	0.05	0
BSU_14480	GO:0003676	1	0.05	0
BSU_38850	GO:0005886	1	0.05	0
BSU_13460	GO:0035429	1	0.05	0
BSU_07020	GO:0003824	1	0.05	0
BSU_14930	GO:0030435	1	0.05	0
BSU_03940	GO:0030435	1	0.05	0
BSU_21000	GO:0016020	1	0.05	0
BSU_39950	GO:0030435	1	0.05	0
BSU_05220	GO:0030435	1	0.05	0
BSU_15960	GO:0030435	1	0.05	0
BSU_31220	GO:0043878	1	0.05	0
BSU_38250	GO:0043878	1	0.05	0
BSU_04910	GO:0055085	1	0.05	0
BSU_11730	GO:0004145	1	0.05	0
BSU_27300	GO:0016887	1	0.05	0
BSU_14720	GO:0046686	1	0.05	0
BSU_00630	GO:0030163	1	0.05	0
BSU_02890	GO:0043878	1	0.05	0
BSU_22820	GO:0030435	1	0.05	0
BSU_20710	GO:0016020	1	0.05	0
BSU_04910	GO:0035429	1	0.05	0
BSU_40540	GO:0043565	1	0.05	0
BSU_04680	GO:0005737	1	0.05	0
BSU_39940	GO:0005737	1	0.05	0
BSU_23620	GO:0071949	1	0.05	0
BSU_28380	GO:0071949	1	0.05	0
BSU_32700	GO:0016407	1	0.05	0
BSU_32640	GO:0071949	1	0.05	0
BSU_24420	GO:0071949	1	0.05	0
BSU_23616	GO:0071949	1	0.05	0
BSU_09180	GO:0071949	1	0.05	0
BSU_08760	GO:0071949	1	0.05	0
BSU_09400	GO:0071949	1	0.05	0
BSU_04680	GO:0005524	1	0.05	0
BSU_31220	GO:0071949	1	0.05	0
BSU_08480	GO:0071949	1	0.05	0
BSU_02890	GO:0016407	1	0.05	0
BSU_24770	GO:0004252	1	0.05	0
BSU_26560	GO:0005886	1	0.05	0
BSU_38250	GO:0071949	1	0.05	0
BSU_16260	GO:0005886	1	0.05	0
BSU_39840	GO:0071949	1	0.05	0
BSU_07020	GO:0005886	1	0.05	0
BSU_27750	GO:0071949	1	0.05	0
BSU_11730	GO:0071949	1	0.05	0
BSU_06850	GO:0071949	1	0.05	0
BSU_23402	GO:0071949	1	0.05	0
BSU_39940	GO:0006750	1	0.05	0
BSU_13240	GO:0005886	1	0.05	0
BSU_04680	GO:0016491	1	0.05	0
BSU_32670	GO:0016407	1	0.05	0
BSU_10680	GO:0005886	1	0.05	0
BSU_17940	GO:0005886	1	0.05	0
BSU_23401	GO:0071949	1	0.05	0
BSU_12090	GO:0071949	1	0.05	0
BSU_04680	GO:0006355	1	0.05	0
BSU_22290	GO:0071949	1	0.05	0
BSU_16720	GO:0071949	1	0.05	0
BSU_28380	GO:0005886	1	0.05	0
BSU_26950	GO:0071949	1	0.05	0
BSU_26960	GO:0071949	1	0.05	0
BSU_26990	GO:0071949	1	0.05	0
BSU_25220	GO:0071949	1	0.05	0
BSU_29500	GO:0071949	1	0.05	0
BSU_10710	GO:0005886	1	0.05	0
BSU_20790	GO:0006355	1	0.05	0
BSU_31080	GO:0005886	1	0.05	0
BSU_25870	GO:0005886	1	0.05	0
BSU_14120	GO:0005886	1	0.05	0
BSU_25870	GO:0030420	1	0.05	0
BSU_33030	GO:0006355	1	0.05	0
BSU_31890	GO:0006071	1	0.05	0
BSU_18990	GO:0030420	1	0.05	0
BSU_31890	GO:0006826	1	0.05	0
BSU_39870	GO:0005886	1	0.05	0
BSU_06811	GO:0030420	1	0.05	0
BSU_02890	GO:0030420	1	0.05	0
BSU_28750	GO:0071555	1	0.05	0
BSU_06940	GO:0003824	1	0.05	0
BSU_33880	GO:0016020	1	0.05	0
BSU_29720	GO:0071555	1	0.05	0
BSU_32620	GO:0110001	1	0.05	0
BSU_21570	GO:0005886	1	0.05	0
BSU_13230	GO:0071555	1	0.05	0
BSU_31890	GO:0071555	1	0.05	0
BSU_09920	GO:0005524	1	0.05	0
BSU_27300	GO:0071555	1	0.05	0
BSU_39290	GO:0030420	1	0.05	0
BSU_40300	GO:0030420	1	0.05	0
BSU_15090	GO:0006355	1	0.05	0
BSU_10670	GO:0005886	1	0.05	0
BSU_10720	GO:0005886	1	0.05	0
BSU_19749	GO:0046686	1	0.05	0
BSU_10690	GO:0005886	1	0.05	0
BSU_27130	GO:0071555	1	0.05	0
BSU_04980	GO:0046686	1	0.05	0
BSU_36380	GO:0030420	1	0.05	0
BSU_04680	GO:0006177	1	0.05	0
BSU_04820	GO:0006355	1	0.05	0
BSU_15090	GO:0045892	1	0.05	0
BSU_33030	GO:0045892	1	0.05	0
BSU_27300	GO:0006826	1	0.05	0
BSU_24770	GO:0030420	1	0.05	0
BSU_08340	GO:0030420	1	0.05	0
BSU_33340	GO:0005886	1	0.05	0
BSU_15360	GO:0005886	1	0.05	0
BSU_21570	GO:0030420	1	0.05	0
BSU_08760	GO:0005886	1	0.05	0
BSU_08340	GO:0004252	1	0.05	0
BSU_06280	GO:0106435	1	0.05	0
BSU_22000	GO:0005886	1	0.05	0
BSU_13820	GO:0106435	1	0.05	0
BSU_20710	GO:0016020	1	0.05	0
BSU_33880	GO:0016020	1	0.05	0
BSU_04680	GO:0005829	1	0.05	0
BSU_03010	GO:0106435	1	0.05	0
BSU_00250	GO:0106435	1	0.05	0
BSU_19610	GO:0046686	1	0.05	0
BSU_31890	GO:0016020	1	0.05	0
BSU_27300	GO:0016020	1	0.05	0
BSU_32670	GO:0016740	1	0.05	0
BSU_35040	GO:0106435	1	0.05	0
BSU_02890	GO:0106435	1	0.05	0
BSU_04680	GO:0005886	1	0.05	0
BSU_06811	GO:0106435	1	0.05	0
BSU_32600	GO:0016020	1	0.05	0
BSU_18990	GO:0106435	1	0.05	0
BSU_39940	GO:0005886	1	0.05	0
BSU_27300	GO:0035429	1	0.05	0
BSU_04120	GO:0016020	1	0.05	0
BSU_40530	GO:0005886	1	0.05	0
BSU_07020	GO:0106435	1	0.05	0
BSU_13210	GO:0016020	1	0.05	0
BSU_31070	GO:0043565	1	0.05	0
BSU_20710	GO:0071555	1	0.05	0
BSU_09920	GO:0005737	1	0.05	0
BSU_12090	GO:0005886	1	0.05	0
BSU_03230	GO:0043565	1	0.05	0
BSU_23401	GO:0005886	1	0.05	0
BSU_26350	GO:0043565	1	0.05	0
BSU_12510	GO:0043565	1	0.05	0
BSU_04680	GO:0000287	1	0.05	0
BSU_38930	GO:0046686	1	0.05	0
BSU_30080	GO:0005886	1	0.05	0
BSU_13060	GO:0005737	1	0.05	0
BSU_19940	GO:0106435	1	0.05	0
BSU_09920	GO:0046872	1	0.05	0
BSU_33640	GO:0106435	1	0.05	0
BSU_22200	GO:0005886	1	0.05	0
BSU_29410	GO:0106435	1	0.05	0
BSU_07100	GO:0016020	1	0.05	0
BSU_08660	GO:0005886	1	0.05	0
BSU_31720	GO:0005886	1	0.05	0
BSU_02710	GO:0035429	1	0.05	0
BSU_06380	GO:0035429	1	0.05	0
BSU_19610	GO:0005886	1	0.05	0
BSU_12800	GO:0005886	1	0.05	0
BSU_03380	GO:0035429	1	0.05	0
BSU_19749	GO:0005886	1	0.05	0
BSU_04980	GO:0005886	1	0.05	0
BSU_31590	GO:0005886	1	0.05	0
BSU_03250	GO:0035429	1	0.05	0
BSU_11040	GO:0005886	1	0.05	0
BSU_07020	GO:0043565	1	0.05	0
BSU_01900	GO:0035429	1	0.05	0
BSU_11070	GO:0005886	1	0.05	0
BSU_10700	GO:0005886	1	0.05	0
BSU_21000	GO:0035429	1	0.05	0
BSU_26350	GO:0045892	1	0.05	0
BSU_34030	GO:0016407	1	0.05	0
BSU_30430	GO:0071555	1	0.05	0
BSU_32320	GO:0005886	1	0.05	1
BSU_06570	GO:0035429	1	0.05	0
BSU_07100	GO:0035429	1	0.05	0
BSU_30160	GO:0035429	1	0.05	0
BSU_38930	GO:0005886	1	0.05	0
BSU_29720	GO:0035429	1	0.05	0
BSU_28830	GO:0005886	1	0.05	0
BSU_36570	GO:0005886	1	0.05	0
BSU_19510	GO:0005886	1	0.05	0
BSU_13230	GO:0035429	1	0.05	0
BSU_39940	GO:0003677	1	0.05	0
BSU_20710	GO:0003677	1	0.05	0
BSU_02070	GO:0005886	1	0.05	0
BSU_22380	GO:0005886	1	0.05	0
BSU_29780	GO:0005886	1	0.05	0
BSU_10000	GO:0035429	1	0.05	0
BSU_09110	GO:0035429	1	0.05	0
BSU_12800	GO:0046686	1	0.05	0
BSU_14720	GO:0005886	1	0.05	0
BSU_03690	GO:0005886	1	0.05	0
BSU_22520	GO:0005886	1	0.05	0
BSU_07770	GO:0005886	1	0.05	0
BSU_04910	GO:0016787	1	0.05	0
BSU_09050	GO:0016787	1	0.05	0
BSU_16845	GO:0004497	1	0.05	0
BSU_24770	GO:0046677	1	0.05	0
BSU_14480	GO:0004527	1	0.05	0
BSU_08760	GO:0006355	1	0.05	0
BSU_30160	GO:0012501	1	0.05	0
BSU_28750	GO:0003824	1	0.05	0
BSU_14120	GO:0003824	1	0.05	0
BSU_04820	GO:0004527	1	0.05	0
BSU_34030	GO:0003824	1	0.05	0
BSU_32670	GO:0003824	1	0.05	0
BSU_08340	GO:0046677	1	0.05	0
BSU_14480	GO:0006950	1	0.05	0
BSU_32700	GO:0003824	1	0.05	0
BSU_13210	GO:0016020	1	0.05	0
BSU_21570	GO:0046677	1	0.05	0
BSU_31890	GO:0012501	1	0.05	0
BSU_40300	GO:0046677	1	0.05	0
BSU_39290	GO:0046677	1	0.05	0
BSU_00290	GO:0046677	1	0.05	0
BSU_25870	GO:0046677	1	0.05	0
BSU_07100	GO:0012501	1	0.05	0
BSU_04820	GO:0006950	1	0.05	0
BSU_02890	GO:0003933	1	0.05	0
BSU_32700	GO:0006355	1	0.05	0
BSU_34030	GO:0003677	1	0.05	0
BSU_14930	GO:0016747	1	0.05	0
BSU_33880	GO:0030435	1	0.05	0
BSU_20710	GO:0030435	1	0.05	0
BSU_04120	GO:0030435	1	0.05	0
BSU_31890	GO:0006525	1	0.05	0
BSU_13210	GO:0012501	1	0.05	0
BSU_13210	GO:0030435	1	0.05	0
BSU_00630	GO:0006289	1	0.05	0
BSU_15670	GO:0006950	1	0.05	0
BSU_27750	GO:0003824	1	0.05	0
BSU_03380	GO:0012501	1	0.05	0
BSU_04120	GO:0012501	1	0.05	0
BSU_40300	GO:0003824	1	0.05	0
BSU_33880	GO:0012501	1	0.05	0
BSU_04680	GO:0006222	1	0.05	0
BSU_02890	GO:0006355	1	0.05	0
BSU_28530	GO:0003824	1	0.05	0
BSU_18990	GO:0046677	1	0.05	0
BSU_06811	GO:0046677	1	0.05	0
BSU_39950	GO:0006355	1	0.05	0
BSU_26350	GO:0006355	1	0.05	0
BSU_01970	GO:0005829	1	0.05	0
BSU_01980	GO:0005829	1	0.05	0
BSU_12290	GO:0003824	1	0.05	0
BSU_06570	GO:0003824	1	0.05	0
BSU_02890	GO:0016740	1	0.05	0
BSU_12510	GO:0006355	1	0.05	0
BSU_39560	GO:0005829	1	0.05	0
BSU_37860	GO:0046677	1	0.05	0
BSU_03230	GO:0006355	1	0.05	0
BSU_27300	GO:0012501	1	0.05	0
BSU_39940	GO:0016020	1	0.05	0
BSU_20710	GO:0016020	1	0.05	0
BSU_31070	GO:0006355	1	0.05	0
BSU_04680	GO:0046940	1	0.05	0
BSU_08760	GO:0003933	1	0.05	0
BSU_33880	GO:0006525	1	0.05	0
BSU_20710	GO:0006525	1	0.05	0
BSU_08970	GO:0046872	1	0.05	0
BSU_23590	GO:0005524	1	0.05	0
BSU_06811	GO:0016740	1	0.05	0
BSU_03500	GO:0005829	1	0.05	0
BSU_14930	GO:0005829	1	0.05	0
BSU_02890	GO:0003824	1	0.05	0
BSU_13210	GO:0005524	1	0.05	0
BSU_12290	GO:0140824	1	0.05	0
BSU_08760	GO:0003824	1	0.05	0
BSU_02890	GO:0030420	1	0.05	0
BSU_21000	GO:0006355	1	0.05	0
BSU_39460	GO:0005829	1	0.05	0
BSU_27240	GO:0005829	1	0.05	0
BSU_06570	GO:0005829	1	0.05	0
BSU_04120	GO:0016020	1	0.05	0
BSU_08970	GO:0005829	1	0.05	0
BSU_01900	GO:0005829	1	0.05	0
BSU_07020	GO:0006355	1	0.05	0
BSU_03651	GO:0005829	1	0.05	0
BSU_25400	GO:0003824	1	0.05	0
BSU_12410	GO:0005829	1	0.05	0
BSU_33029	GO:0005829	1	0.05	0
BSU_13060	GO:0016020	1	0.05	0
BSU_38250	GO:0046256	1	0.05	0
BSU_09920	GO:0016020	1	0.05	0
BSU_04070	GO:0005886	1	0.05	0
BSU_36570	GO:0005886	1	0.05	0
BSU_08760	GO:0005886	1	0.05	0
BSU_13240	GO:0005886	1	0.05	0
BSU_28830	GO:0005886	1	0.05	0
BSU_33880	GO:0016887	1	0.05	0
BSU_04600	GO:0005886	1	0.05	1
BSU_20710	GO:0016887	1	0.05	0
BSU_40540	GO:0030435	1	0.05	0
BSU_31070	GO:0030435	1	0.05	0
BSU_02890	GO:0051082	1	0.05	0
BSU_06280	GO:0005886	1	0.05	0
BSU_03230	GO:0030435	1	0.05	0
BSU_19510	GO:0005886	1	0.05	0
BSU_22380	GO:0005886	1	0.05	0
BSU_06811	GO:0005886	1	0.05	0
BSU_31910	GO:0005886	1	0.05	0
BSU_17940	GO:0005886	1	0.05	0
BSU_04120	GO:0016887	1	0.05	0
BSU_31080	GO:0005886	1	0.05	0
BSU_21000	GO:0055085	1	0.05	0
BSU_07020	GO:0005886	1	0.05	0
BSU_16260	GO:0005886	1	0.05	0
BSU_32700	GO:0016747	1	0.05	0
BSU_09180	GO:0005886	1	0.05	0
BSU_08760	GO:0005886	1	0.05	0
BSU_03250	GO:0055085	1	0.05	0
BSU_32670	GO:0016747	1	0.05	0
BSU_09400	GO:0005886	1	0.05	0
BSU_02890	GO:0016783	1	0.05	0
BSU_34030	GO:0016747	1	0.05	0
BSU_07100	GO:0016887	1	0.05	0
BSU_31220	GO:0047533	1	0.05	0
BSU_39940	GO:0016020	1	0.05	0
BSU_02710	GO:0055085	1	0.05	0
BSU_23590	GO:0030435	1	0.05	0
BSU_26560	GO:0005886	1	0.05	0
BSU_01900	GO:0055085	1	0.05	0
BSU_23590	GO:0005886	1	0.05	0
BSU_30180	GO:0008460	1	0.05	1
BSU_26350	GO:0030435	1	0.05	0
BSU_26320	GO:0030435	1	0.05	0
BSU_31890	GO:0030435	1	0.05	0
BSU_33030	GO:0006355	1	0.05	0
BSU_20790	GO:0006355	1	0.05	0
BSU_26350	GO:0006355	1	0.05	0
BSU_08760	GO:0003677	1	0.05	0
BSU_13210	GO:0016887	1	0.05	0
BSU_28530	GO:0016747	1	0.05	0
BSU_02890	GO:0003677	1	0.05	0
BSU_40300	GO:0016747	1	0.05	0
BSU_15090	GO:0006355	1	0.05	0
BSU_27750	GO:0016747	1	0.05	0
BSU_26340	GO:0030435	1	0.05	0
BSU_32700	GO:0003677	1	0.05	0
BSU_23590	GO:0006355	1	0.05	0
BSU_31220	GO:0046256	1	0.05	0
BSU_32670	GO:0003677	1	0.05	0
BSU_04120	GO:0046677	1	0.05	0
BSU_04680	GO:0016020	1	0.05	0
BSU_27300	GO:0030435	1	0.05	0
BSU_20710	GO:0016020	1	0.05	0
BSU_25870	GO:0030435	1	0.05	0
BSU_13210	GO:0046677	1	0.05	0
BSU_39870	GO:0030435	1	0.05	0
BSU_31080	GO:0030435	1	0.05	0
BSU_02890	GO:0005886	1	0.05	0
BSU_27300	GO:0035873	1	0.05	0
BSU_37290	GO:0030435	1	0.05	0
BSU_03380	GO:0016887	1	0.05	0
BSU_12510	GO:0030435	1	0.05	0
BSU_36380	GO:0005886	1	0.05	0
BSU_38250	GO:0005886	1	0.05	0
BSU_24420	GO:0005886	1	0.05	0
BSU_28380	GO:0005886	1	0.05	0
BSU_02890	GO:0006355	1	0.05	0
BSU_03470	GO:0030435	1	0.05	0
BSU_13060	GO:0042802	1	0.05	0
BSU_09920	GO:0042802	1	0.05	0
BSU_14120	GO:0016747	1	0.05	0
BSU_17670	GO:0030435	1	0.05	0
BSU_14120	GO:0030435	1	0.05	0
BSU_28750	GO:0016747	1	0.05	0
BSU_33222	GO:0046872	1	0.05	0
BSU_33880	GO:0016020	1	0.05	0
BSU_36320	GO:0016787	1	0.05	0
BSU_33880	GO:0015727	1	0.05	0
BSU_29820	GO:0005524	1	0.05	0
BSU_02890	GO:0005524	1	0.05	0
BSU_31070	GO:0043200	1	0.05	0
BSU_31220	GO:0016747	1	0.05	0
BSU_14250	GO:0006979	1	0.05	0
BSU_13210	GO:0015727	1	0.05	0
BSU_03380	GO:0015727	1	0.05	0
BSU_04120	GO:0015727	1	0.05	0
BSU_07100	GO:0015727	1	0.05	0
BSU_06380	GO:0005524	1	0.05	0
BSU_33250	GO:0020037	1	0.05	0
BSU_30160	GO:0015727	1	0.05	0
BSU_40140	GO:0020037	1	0.05	0
BSU_31890	GO:0015727	1	0.05	0
BSU_13230	GO:0015727	1	0.05	0
BSU_15090	GO:0043200	1	0.05	0
BSU_33030	GO:0043200	1	0.05	0
BSU_29720	GO:0015727	1	0.05	0
BSU_09110	GO:0008961	1	0.05	0
BSU_06170	GO:0005524	1	0.05	0
BSU_32700	GO:0003933	1	0.05	0
BSU_24770	GO:0005524	1	0.05	0
BSU_30160	GO:0008961	1	0.05	0
BSU_32620	GO:0005524	1	0.05	0
BSU_23590	GO:0005524	1	0.05	0
BSU_30340	GO:0005524	1	0.05	0
BSU_31720	GO:0005524	1	0.05	0
BSU_32700	GO:0005524	1	0.05	0
BSU_08760	GO:0005524	1	0.05	0
BSU_09880	GO:0016747	1	0.05	0
BSU_40140	GO:0005524	1	0.05	0
BSU_32670	GO:0005524	1	0.05	0
BSU_13240	GO:0005524	1	0.05	0
BSU_13230	GO:0005524	1	0.05	0
BSU_28750	GO:0005524	1	0.05	0
BSU_12510	GO:0043200	1	0.05	0
BSU_39940	GO:0005515	1	0.05	0
BSU_03380	GO:0005524	1	0.05	0
BSU_26350	GO:0043200	1	0.05	0
BSU_06280	GO:0005524	1	0.05	0
BSU_21000	GO:0020037	1	0.05	0
BSU_33280	GO:0020037	1	0.05	0
BSU_27300	GO:0015727	1	0.05	0
BSU_29720	GO:0020037	1	0.05	0
BSU_06850	GO:0046677	1	0.05	0
BSU_23690	GO:0046677	1	0.05	0
BSU_14680	GO:0046677	1	0.05	0
BSU_26450	GO:0046677	1	0.05	0
BSU_39870	GO:0046677	1	0.05	0
BSU_05770	GO:0046677	1	0.05	0
BSU_13230	GO:0020037	1	0.05	0
BSU_34960	GO:0046677	1	0.05	0
BSU_07020	GO:0016747	1	0.05	0
BSU_01900	GO:0020037	1	0.05	0
BSU_14710	GO:0005886	1	0.05	1
BSU_28750	GO:0020037	1	0.05	0
BSU_02890	GO:0017000	1	0.05	0
BSU_29720	GO:0008961	1	0.05	0
BSU_27300	GO:0020037	1	0.05	0
BSU_06940	GO:0016747	1	0.05	0
BSU_23090	GO:0020037	1	0.05	0
BSU_22910	GO:0071555	1	0.05	0
BSU_10000	GO:0020037	1	0.05	0
BSU_09110	GO:0020037	1	0.05	0
BSU_39870	GO:0004145	1	0.05	0
BSU_30430	GO:0020037	1	0.05	0
BSU_23590	GO:0043200	1	0.05	0
BSU_02710	GO:0020037	1	0.05	0
BSU_03250	GO:0020037	1	0.05	0
BSU_24770	GO:0017000	1	0.05	0
BSU_04680	GO:0046872	1	0.05	0
BSU_31890	GO:0008961	1	0.05	0
BSU_13230	GO:0008961	1	0.05	0
BSU_27130	GO:0015727	1	0.05	0
BSU_03380	GO:0020037	1	0.05	0
BSU_40300	GO:0017000	1	0.05	0
BSU_28750	GO:0015727	1	0.05	0
BSU_22380	GO:0046677	1	0.05	0
BSU_10000	GO:0046677	1	0.05	0
BSU_06380	GO:0020037	1	0.05	0
BSU_06570	GO:0020037	1	0.05	0
BSU_07100	GO:0020037	1	0.05	0
BSU_30160	GO:0020037	1	0.05	0
BSU_07100	GO:0008961	1	0.05	0
BSU_33222	GO:0005524	1	0.05	0
BSU_08970	GO:0005524	1	0.05	0
BSU_27750	GO:0003933	1	0.05	0
BSU_19940	GO:0046872	1	0.05	0
BSU_06170	GO:0046872	1	0.05	0
BSU_28750	GO:0003933	1	0.05	0
BSU_23590	GO:0006355	1	0.05	0
BSU_17940	GO:0046872	1	0.05	0
BSU_31890	GO:0016020	1	0.05	0
BSU_28530	GO:0003933	1	0.05	0
BSU_40300	GO:0003933	1	0.05	0
BSU_30430	GO:0006826	1	0.05	0
BSU_39460	GO:0016491	1	0.05	0
BSU_13210	GO:0006525	1	0.05	0
BSU_28750	GO:0006826	1	0.05	0
BSU_37860	GO:0016491	1	0.05	0
BSU_27130	GO:0006826	1	0.05	0
BSU_12410	GO:0016705	1	0.05	0
BSU_27300	GO:0006826	1	0.05	0
BSU_39880	GO:0016705	1	0.05	0
BSU_27300	GO:0016020	1	0.05	0
BSU_19880	GO:0046872	1	0.05	0
BSU_19830	GO:0046872	1	0.05	0
BSU_16845	GO:0016705	1	0.05	0
BSU_03651	GO:0046872	1	0.05	0
BSU_32620	GO:0046872	1	0.05	0
BSU_04120	GO:0046872	1	0.05	0
BSU_33880	GO:0046872	1	0.05	0
BSU_08760	GO:0046872	1	0.05	0
BSU_32670	GO:0003933	1	0.05	0
BSU_04120	GO:0006525	1	0.05	0
BSU_33029	GO:0046872	1	0.05	0
BSU_15120	GO:0046872	1	0.05	0
BSU_03651	GO:0003824	1	0.05	0
BSU_32620	GO:0003824	1	0.05	0
BSU_40540	GO:0006355	1	0.05	0
BSU_28830	GO:0046872	1	0.05	0
BSU_34030	GO:0003933	1	0.05	0
BSU_37860	GO:0016740	1	0.05	0
BSU_04070	GO:0003824	1	0.05	0
BSU_39460	GO:0003824	1	0.05	0
BSU_30870	GO:0003824	1	0.05	0
BSU_29720	GO:0006826	1	0.05	0
BSU_13230	GO:0006826	1	0.05	0
BSU_35640	GO:0016491	1	0.05	0
BSU_14480	GO:0005737	1	0.05	0
BSU_11120	GO:0005886	1	0.05	1
BSU_03380	GO:0008961	1	0.05	0
BSU_04120	GO:0008961	1	0.05	0
BSU_06850	GO:0016740	1	0.05	0
BSU_32600	GO:0016020	1	0.05	0
BSU_09920	GO:0016020	1	0.05	0
BSU_40260	GO:0016491	1	0.05	0
BSU_33880	GO:0008961	1	0.05	0
BSU_13060	GO:0016020	1	0.05	0
BSU_32670	GO:0016740	1	0.05	0
BSU_04820	GO:0005737	1	0.05	0
BSU_05630	GO:0016705	1	0.05	0
BSU_01970	GO:0016491	1	0.05	0
BSU_01980	GO:0016491	1	0.05	0
BSU_39560	GO:0016491	1	0.05	0
BSU_13460	GO:0016491	1	0.05	0
BSU_13820	GO:0016491	1	0.05	0
BSU_23090	GO:0016491	1	0.05	0
BSU_14930	GO:0016491	1	0.05	0
BSU_03250	GO:0008961	1	0.05	0
BSU_01900	GO:0008961	1	0.05	0
BSU_20710	GO:0016020	1	0.05	0
BSU_09110	GO:0006826	1	0.05	0
BSU_27240	GO:0016491	1	0.05	0
BSU_29500	GO:0030435	1	0.05	1
BSU_10000	GO:0016740	1	0.05	0
BSU_06570	GO:0016491	1	0.05	0
BSU_30160	GO:0006826	1	0.05	0
BSU_13710	GO:0005886	1	0.05	1
BSU_07100	GO:0006826	1	0.05	0
BSU_01900	GO:0016491	1	0.05	0
BSU_03651	GO:0016491	1	0.05	0
BSU_33880	GO:0006826	1	0.05	0
BSU_04120	GO:0006826	1	0.05	0
BSU_03380	GO:0006826	1	0.05	0
BSU_03250	GO:0006826	1	0.05	0
BSU_01900	GO:0006826	1	0.05	0
BSU_12410	GO:0016491	1	0.05	0
BSU_33029	GO:0016491	1	0.05	0
BSU_02890	GO:0030435	1	0.05	0
BSU_30160	GO:0016887	1	0.05	0
BSU_23616	GO:0005886	1	0.05	0
BSU_32700	GO:0005829	1	0.05	0
BSU_19510	GO:0005886	1	0.05	0
BSU_36570	GO:0005886	1	0.05	0
BSU_00630	GO:0004527	1	0.05	0
BSU_08760	GO:0005829	1	0.05	0
BSU_31220	GO:0046872	1	0.05	0
BSU_02890	GO:0005829	1	0.05	0
BSU_28830	GO:0005886	1	0.05	0
BSU_09880	GO:0046872	1	0.05	0
BSU_32670	GO:0005829	1	0.05	0
BSU_04680	GO:0016491	1	0.05	0
BSU_34030	GO:0005829	1	0.05	0
BSU_05770	GO:0016746	1	0.05	0
BSU_39870	GO:0016746	1	0.05	0
BSU_26450	GO:0016746	1	0.05	0
BSU_15360	GO:0005886	1	0.05	0
BSU_14680	GO:0016746	1	0.05	0
BSU_23690	GO:0016746	1	0.05	0
BSU_33340	GO:0005886	1	0.05	0
BSU_13210	GO:0016020	1	0.05	0
BSU_26350	GO:0003700	1	0.05	0
BSU_00590	GO:0003723	1	0.05	1
BSU_05770	GO:0046872	1	0.05	0
BSU_03380	GO:0003677	1	0.05	0
BSU_13240	GO:0003677	1	0.05	0
BSU_13230	GO:0003677	1	0.05	0
BSU_02890	GO:0003700	1	0.05	0
BSU_04680	GO:0005198	1	0.05	0
BSU_39870	GO:0046872	1	0.05	0
BSU_30430	GO:0050845	1	0.05	0
BSU_19510	GO:0046872	1	0.05	0
BSU_28750	GO:0050845	1	0.05	0
BSU_04680	GO:0042823	1	0.05	0
BSU_27130	GO:0050845	1	0.05	0
BSU_04820	GO:0030435	1	0.05	0
BSU_06940	GO:0046872	1	0.05	0
BSU_23090	GO:0050845	1	0.05	0
BSU_27300	GO:0050845	1	0.05	0
BSU_24420	GO:0004145	1	0.05	0
BSU_20790	GO:0003700	1	0.05	0
BSU_07020	GO:0046872	1	0.05	0
BSU_06850	GO:0016746	1	0.05	0
BSU_29720	GO:0050845	1	0.05	0
BSU_13230	GO:0050845	1	0.05	0
BSU_14930	GO:0004725	1	0.05	0
BSU_30160	GO:0035873	1	0.05	0
BSU_27750	GO:0046872	1	0.05	0
BSU_28530	GO:0046872	1	0.05	0
BSU_23090	GO:0055085	1	0.05	0
BSU_31220	GO:0004725	1	0.05	0
BSU_09880	GO:0004725	1	0.05	0
BSU_13060	GO:0004747	1	0.05	0
BSU_10690	GO:0005886	1	0.05	0
BSU_39940	GO:0004747	1	0.05	0
BSU_19510	GO:0016746	1	0.05	0
BSU_10720	GO:0005886	1	0.05	0
BSU_10670	GO:0005886	1	0.05	0
BSU_04680	GO:0005737	1	0.05	0
BSU_27750	GO:0004725	1	0.05	0
BSU_04680	GO:0006418	1	0.05	0
BSU_14120	GO:0046872	1	0.05	0
BSU_28530	GO:0004725	1	0.05	0
BSU_10710	GO:0005886	1	0.05	0
BSU_09920	GO:0042126	1	0.05	0
BSU_13060	GO:0042126	1	0.05	0
BSU_07020	GO:0004725	1	0.05	0
BSU_02890	GO:0006508	1	0.05	0
BSU_14930	GO:0046872	1	0.05	0
BSU_10000	GO:0050845	1	0.05	0
BSU_09110	GO:0050845	1	0.05	0
BSU_23590	GO:0003700	1	0.05	0
BSU_39790	GO:0050845	1	0.05	0
BSU_30160	GO:0050845	1	0.05	0
BSU_07100	GO:0050845	1	0.05	0
BSU_06570	GO:0050845	1	0.05	0
BSU_06380	GO:0050845	1	0.05	0
BSU_33030	GO:0003700	1	0.05	0
BSU_15090	GO:0003700	1	0.05	0
BSU_03380	GO:0050845	1	0.05	0
BSU_03250	GO:0050845	1	0.05	0
BSU_02710	GO:0050845	1	0.05	0
BSU_01900	GO:0050845	1	0.05	0
BSU_21000	GO:0050845	1	0.05	0
BSU_00630	GO:0006284	1	0.05	0
BSU_13210	GO:0003677	1	0.05	0
BSU_40140	GO:0003677	1	0.05	0
BSU_37860	GO:0046872	1	0.05	0
BSU_20790	GO:0000976	1	0.05	0
BSU_26350	GO:0005737	1	0.05	0
BSU_33030	GO:0005886	1	0.05	0
BSU_27300	GO:0003677	1	0.05	0
BSU_27130	GO:0055085	1	0.05	0
BSU_04820	GO:0000976	1	0.05	0
BSU_09920	GO:0045121	1	0.05	0
BSU_06280	GO:0046872	1	0.05	0
BSU_20790	GO:0005737	1	0.05	0
BSU_30160	GO:0016020	1	0.05	0
BSU_33880	GO:0003677	1	0.05	0
BSU_12290	GO:0005886	1	0.05	0
BSU_28750	GO:0005737	1	0.05	0
BSU_13210	GO:0005737	1	0.05	0
BSU_31080	GO:0005886	1	0.05	0
BSU_13060	GO:0045121	1	0.05	0
BSU_07100	GO:0016020	1	0.05	0
BSU_16260	GO:0005886	1	0.05	0
BSU_08970	GO:0005886	1	0.05	0
BSU_08760	GO:0003677	1	0.05	0
BSU_02890	GO:0016740	1	0.05	0
BSU_06930	GO:0016787	1	0.05	0
BSU_07140	GO:0016787	1	0.05	0
BSU_19940	GO:0046872	1	0.05	0
BSU_04680	GO:0019825	1	0.05	0
BSU_31760	GO:0046872	1	0.05	0
BSU_22910	GO:0003677	1	0.05	0
BSU_33030	GO:0000976	1	0.05	0
BSU_33560	GO:0016787	1	0.05	0
BSU_04280	GO:0016787	1	0.05	0
BSU_28380	GO:0003677	1	0.05	0
BSU_15090	GO:0000976	1	0.05	0
BSU_24930	GO:0016787	1	0.05	0
BSU_29520	GO:0016787	1	0.05	0
BSU_06200	GO:0016787	1	0.05	0
BSU_06190	GO:0016787	1	0.05	0
BSU_35100	GO:0016787	1	0.05	0
BSU_25370	GO:0016787	1	0.05	0
BSU_09000	GO:0016787	1	0.05	0
BSU_31850	GO:0016787	1	0.05	0
BSU_23590	GO:0005886	1	0.05	0
BSU_33880	GO:0016020	1	0.05	0
BSU_33280	GO:0050845	1	0.05	0
BSU_40140	GO:0050845	1	0.05	0
BSU_38850	GO:0003677	1	0.05	0
BSU_01900	GO:0016020	1	0.05	0
BSU_35640	GO:0016787	1	0.05	0
BSU_33250	GO:0050845	1	0.05	0
BSU_14710	GO:0016787	1	0.05	0
BSU_14930	GO:0016787	1	0.05	0
BSU_40560	GO:0016787	1	0.05	0
BSU_20710	GO:0005515	1	0.05	0
BSU_03940	GO:0016787	1	0.05	0
BSU_36320	GO:0050845	1	0.05	0
BSU_39560	GO:0050845	1	0.05	0
BSU_38690	GO:0050845	1	0.05	0
BSU_19579	GO:0016787	1	0.05	0
BSU_13210	GO:0005515	1	0.05	0
BSU_39950	GO:0016787	1	0.05	0
BSU_28750	GO:0003677	1	0.05	0
BSU_09920	GO:0005515	1	0.05	0
BSU_13060	GO:0005515	1	0.05	0
BSU_13460	GO:0050845	1	0.05	0
BSU_12240	GO:0050845	1	0.05	0
BSU_04500	GO:0050845	1	0.05	0
BSU_17960	GO:0050845	1	0.05	0
BSU_24440	GO:0016787	1	0.05	0
BSU_15260	GO:0016787	1	0.05	0
BSU_33030	GO:0030435	1	0.05	0
BSU_09050	GO:0050845	1	0.05	0
BSU_38850	GO:0005886	1	0.05	0
BSU_04120	GO:0016020	1	0.05	0
BSU_04120	GO:0003677	1	0.05	0
BSU_15270	GO:0016787	1	0.05	0
BSU_03380	GO:0016020	1	0.05	0
BSU_08970	GO:0003677	1	0.05	0
BSU_04910	GO:0050845	1	0.05	0
BSU_03250	GO:0016020	1	0.05	0
BSU_07100	GO:0035873	1	0.05	0
BSU_14480	GO:0006281	1	0.05	0
BSU_28840	GO:0016787	1	0.05	0
BSU_04820	GO:0006281	1	0.05	0
BSU_15090	GO:0030435	1	0.05	0
BSU_28750	GO:0004725	1	0.05	0
BSU_10680	GO:0005886	1	0.05	0
BSU_14120	GO:0004725	1	0.05	0
BSU_21570	GO:0005886	1	0.05	0
BSU_22910	GO:0005886	1	0.05	0
BSU_18990	GO:0005886	1	0.05	0
BSU_33880	GO:0016301	1	0.05	0
BSU_20710	GO:0016301	1	0.05	0
BSU_04120	GO:0016301	1	0.05	0
BSU_25870	GO:0005886	1	0.05	0
BSU_00290	GO:0005886	1	0.05	0
BSU_39290	GO:0005886	1	0.05	0
BSU_13210	GO:0016301	1	0.05	0
BSU_34960	GO:0016747	1	0.05	0
BSU_08340	GO:0005886	1	0.05	0
BSU_33030	GO:0005886	1	0.05	0
BSU_24770	GO:0005886	1	0.05	0
BSU_23402	GO:0005886	1	0.05	0
BSU_06850	GO:0005886	1	0.05	0
BSU_04680	GO:0044550	1	0.05	0
BSU_35450	GO:0005886	1	0.05	0
BSU_00630	GO:0005737	1	0.05	0
BSU_29500	GO:0005886	1	0.05	0
BSU_15670	GO:0005737	1	0.05	0
BSU_27300	GO:0016887	1	0.05	0
BSU_31890	GO:0016301	1	0.05	0
BSU_16720	GO:0005886	1	0.05	0
BSU_26950	GO:0005886	1	0.05	0
BSU_02890	GO:0015937	1	0.05	0
BSU_26960	GO:0005886	1	0.05	0
BSU_26990	GO:0005886	1	0.05	0
BSU_14480	GO:0005737	1	0.05	0
BSU_09920	GO:0071555	1	0.05	0
BSU_13060	GO:0071555	1	0.05	0
BSU_15090	GO:0005737	1	0.05	0
BSU_33030	GO:0005737	1	0.05	0
BSU_05630	GO:0005886	1	0.05	0
BSU_25220	GO:0005886	1	0.05	0
BSU_27300	GO:0016301	1	0.05	0
BSU_39940	GO:0006779	1	0.05	0
BSU_39880	GO:0005886	1	0.05	0
BSU_12410	GO:0005886	1	0.05	0
BSU_16845	GO:0005886	1	0.05	0
BSU_11730	GO:0005886	1	0.05	0
BSU_06570	GO:0055085	1	0.05	0
BSU_04820	GO:0005737	1	0.05	0
BSU_06570	GO:0000034	1	0.05	0
BSU_13820	GO:0000034	1	0.05	0
BSU_03010	GO:0000034	1	0.05	0
BSU_00250	GO:0000034	1	0.05	0
BSU_40300	GO:0030435	1	0.05	0
BSU_15670	GO:0048476	1	0.05	0
BSU_14480	GO:0048476	1	0.05	0
BSU_35040	GO:0000034	1	0.05	0
BSU_38250	GO:0047533	1	0.05	0
BSU_28750	GO:0000034	1	0.05	0
BSU_09920	GO:0004527	1	0.05	0
BSU_00630	GO:0005829	1	0.05	0
BSU_01900	GO:0000034	1	0.05	0
BSU_32640	GO:0005886	1	0.05	0
BSU_12410	GO:0000034	1	0.05	0
BSU_24420	GO:0005886	1	0.05	0
BSU_39840	GO:0047533	1	0.05	0
BSU_02890	GO:0016787	1	0.05	0
BSU_25870	GO:0030435	1	0.05	0
BSU_38850	GO:0005886	1	0.05	0
BSU_07020	GO:0000034	1	0.05	0
BSU_29410	GO:0000034	1	0.05	0
BSU_33640	GO:0000034	1	0.05	0
BSU_06380	GO:0055085	1	0.05	0
BSU_25400	GO:0016747	1	0.05	0
BSU_36050	GO:0005886	1	0.05	0
BSU_08760	GO:0016747	1	0.05	0
BSU_12290	GO:0016887	1	0.05	0
BSU_04820	GO:0004529	1	0.05	0
BSU_31890	GO:0016887	1	0.05	0
BSU_27750	GO:0005886	1	0.05	0
BSU_06280	GO:0000034	1	0.05	0
BSU_02890	GO:0016747	1	0.05	0
BSU_08970	GO:0005886	1	0.05	0
BSU_15090	GO:0004529	1	0.05	0
BSU_33030	GO:0004529	1	0.05	0
BSU_24770	GO:0030435	1	0.05	0
BSU_28380	GO:0005886	1	0.05	0
BSU_03380	GO:0055085	1	0.05	0
BSU_19940	GO:0000034	1	0.05	0
BSU_22290	GO:0005886	1	0.05	0
BSU_20790	GO:0005737	1	0.05	0
BSU_10700	GO:0005886	1	0.05	0
BSU_26560	GO:0005886	1	0.05	0
BSU_08660	GO:0005886	1	0.05	0
BSU_15090	GO:0051301	1	0.05	0
BSU_25400	GO:0046872	1	0.05	0
BSU_08760	GO:0004145	1	0.05	0
BSU_26350	GO:0003700	1	0.05	0
BSU_31890	GO:0035873	1	0.05	0
BSU_09110	GO:0055085	1	0.05	0
BSU_20790	GO:0003700	1	0.05	0
BSU_16845	GO:0016746	1	0.05	0
BSU_08760	GO:0047533	1	0.05	0
BSU_33030	GO:0006751	1	0.05	0
BSU_12410	GO:0016746	1	0.05	0
BSU_39880	GO:0016746	1	0.05	0
BSU_39790	GO:0055085	1	0.05	0
BSU_07020	GO:0005886	1	0.05	0
BSU_23590	GO:0003677	1	0.05	1
BSU_05630	GO:0016746	1	0.05	0
BSU_36570	GO:0005886	1	0.05	0
BSU_40300	GO:0004725	1	0.05	0
BSU_36380	GO:0004725	1	0.05	0
BSU_33640	GO:0004725	1	0.05	0
BSU_32620	GO:0004725	1	0.05	0
BSU_34030	GO:0004725	1	0.05	0
BSU_32670	GO:0004725	1	0.05	0
BSU_29720	GO:0055085	1	0.05	0
BSU_32700	GO:0004725	1	0.05	0
BSU_13230	GO:0055085	1	0.05	0
BSU_34030	GO:0046872	1	0.05	0
BSU_02890	GO:0004725	1	0.05	0
BSU_08760	GO:0004725	1	0.05	0
BSU_25400	GO:0004725	1	0.05	0
BSU_10000	GO:0055085	1	0.05	0
BSU_31720	GO:0004725	1	0.05	0
BSU_26560	GO:0003824	1	0.05	0
BSU_08760	GO:0046872	1	0.05	0
BSU_02070	GO:0005886	1	0.05	0
BSU_10000	GO:0004725	1	0.05	0
BSU_23590	GO:0004725	1	0.05	0
BSU_08970	GO:0004725	1	0.05	0
BSU_08760	GO:0005886	1	0.05	0
BSU_30160	GO:0055085	1	0.05	0
BSU_12090	GO:0005886	1	0.05	0
BSU_09920	GO:0030435	1	0.05	0
BSU_15670	GO:0042276	1	0.05	0
BSU_28380	GO:0005886	1	0.05	0
BSU_40300	GO:0015937	1	0.05	0
BSU_02890	GO:0047533	1	0.05	0
BSU_23402	GO:0005886	1	0.05	0
BSU_08660	GO:0005886	1	0.05	0
BSU_40530	GO:0005886	1	0.05	0
BSU_13060	GO:0030435	1	0.05	0
BSU_39940	GO:0006751	1	0.05	0
BSU_28830	GO:0005886	1	0.05	0
BSU_23620	GO:0047533	1	0.05	0
BSU_22200	GO:0005886	1	0.05	0
BSU_08480	GO:0047533	1	0.05	0
BSU_09180	GO:0005886	1	0.05	0
BSU_30080	GO:0005886	1	0.05	0
BSU_31080	GO:0005886	1	0.05	0
BSU_23401	GO:0005886	1	0.05	0
BSU_39940	GO:0005737	1	0.05	0
BSU_38250	GO:0005886	1	0.05	0
BSU_36380	GO:0005886	1	0.05	0
BSU_09920	GO:0009103	1	0.05	0
BSU_04820	GO:0042276	1	0.05	0
BSU_39940	GO:0042276	1	0.05	0
BSU_13060	GO:0005829	1	0.05	0
BSU_25400	GO:0047533	1	0.05	0
BSU_04070	GO:0005886	1	0.05	0
BSU_15090	GO:0003700	1	0.05	0
BSU_33030	GO:0003700	1	0.05	0
BSU_22000	GO:0005886	1	0.05	0
BSU_06280	GO:0005886	1	0.05	0
BSU_19510	GO:0005886	1	0.05	0
BSU_22380	GO:0005886	1	0.05	0
BSU_23590	GO:0003700	1	0.05	0
BSU_06811	GO:0005886	1	0.05	0
BSU_07100	GO:0055085	1	0.05	0
BSU_31910	GO:0005886	1	0.05	0
BSU_17940	GO:0005886	1	0.05	0
BSU_24770	GO:0015937	1	0.05	0
BSU_14480	GO:0042276	1	0.05	0
BSU_10000	GO:0016020	1	0.05	0
BSU_33280	GO:0016020	1	0.05	0
BSU_33030	GO:0005886	1	0.05	0
BSU_13460	GO:0006508	1	0.05	0
BSU_14250	GO:0004425	1	0.05	0
BSU_27750	GO:0006508	1	0.05	0
BSU_08760	GO:0003824	1	0.05	0
BSU_40140	GO:0006508	1	0.05	0
BSU_31080	GO:0005886	1	0.05	0
BSU_10000	GO:0015700	1	0.05	0
BSU_27130	GO:0006508	1	0.05	0
BSU_09110	GO:0015700	1	0.05	0
BSU_29520	GO:0006508	1	0.05	0
BSU_32670	GO:0003824	1	0.05	0
BSU_22380	GO:0006508	1	0.05	0
BSU_33029	GO:0016757	1	0.05	0
BSU_16845	GO:0006508	1	0.05	0
BSU_25400	GO:0008460	1	0.05	0
BSU_31080	GO:0006508	1	0.05	0
BSU_31720	GO:0004521	1	0.05	0
BSU_08760	GO:0008460	1	0.05	0
BSU_14250	GO:0005886	1	0.05	0
BSU_04070	GO:0008460	1	0.05	0
BSU_39460	GO:0008460	1	0.05	0
BSU_30500	GO:0008460	1	0.05	0
BSU_30870	GO:0008460	1	0.05	0
BSU_21000	GO:0006813	1	0.05	0
BSU_28750	GO:0016020	1	0.05	0
BSU_32600	GO:0016020	1	0.05	0
BSU_33280	GO:0015700	1	0.05	0
BSU_33222	GO:0016757	1	0.05	0
BSU_30430	GO:0015700	1	0.05	0
BSU_05630	GO:0006508	1	0.05	0
BSU_28750	GO:0015700	1	0.05	0
BSU_27130	GO:0015700	1	0.05	0
BSU_23090	GO:0015700	1	0.05	0
BSU_17880	GO:0006508	1	0.05	0
BSU_27300	GO:0015700	1	0.05	0
BSU_02890	GO:0004521	1	0.05	0
BSU_29720	GO:0015700	1	0.05	0
BSU_23690	GO:0006508	1	0.05	0
BSU_13230	GO:0015700	1	0.05	0
BSU_28830	GO:0006508	1	0.05	0
BSU_14120	GO:0008460	1	0.05	0
BSU_28530	GO:0008460	1	0.05	0
BSU_17670	GO:0016757	1	0.05	0
BSU_02890	GO:0008270	1	0.05	0
BSU_29720	GO:0060187	1	0.05	0
BSU_26560	GO:0016757	1	0.05	0
BSU_13230	GO:0060187	1	0.05	0
BSU_18630	GO:0006508	1	0.05	0
BSU_10000	GO:0060187	1	0.05	0
BSU_09110	GO:0060187	1	0.05	0
BSU_33880	GO:0015700	1	0.05	0
BSU_39790	GO:0060187	1	0.05	0
BSU_30160	GO:0060187	1	0.05	0
BSU_07100	GO:0060187	1	0.05	0
BSU_09880	GO:0008460	1	0.05	0
BSU_06570	GO:0060187	1	0.05	0
BSU_06380	GO:0060187	1	0.05	0
BSU_12610	GO:0006508	1	0.05	0
BSU_35970	GO:0006508	1	0.05	0
BSU_03380	GO:0060187	1	0.05	0
BSU_03250	GO:0060187	1	0.05	0
BSU_30880	GO:0071555	1	0.05	0
BSU_07300	GO:0071555	1	0.05	0
BSU_30160	GO:0015700	1	0.05	0
BSU_06380	GO:0015700	1	0.05	0
BSU_26560	GO:0071555	1	0.05	0
BSU_31910	GO:0006508	1	0.05	0
BSU_27750	GO:0008460	1	0.05	0
BSU_07100	GO:0015700	1	0.05	0
BSU_04120	GO:0004521	1	0.05	0
BSU_00720	GO:0071555	1	0.05	0
BSU_04280	GO:0071555	1	0.05	0
BSU_22380	GO:0071555	1	0.05	0
BSU_15960	GO:0006508	1	0.05	0
BSU_39870	GO:0071555	1	0.05	0
BSU_19510	GO:0071555	1	0.05	0
BSU_05770	GO:0071555	1	0.05	0
BSU_27300	GO:0071555	1	0.05	0
BSU_38850	GO:0071555	1	0.05	0
BSU_30340	GO:0004521	1	0.05	0
BSU_14930	GO:0008460	1	0.05	0
BSU_37910	GO:0071555	1	0.05	0
BSU_32700	GO:0003824	1	0.05	0
BSU_39870	GO:0006508	1	0.05	0
BSU_31890	GO:0016020	1	0.05	0
BSU_08760	GO:0016747	1	0.05	0
BSU_36380	GO:0016747	1	0.05	0
BSU_17880	GO:0016747	1	0.05	0
BSU_03690	GO:0005886	1	0.05	0
BSU_13230	GO:0006813	1	0.05	0
BSU_14720	GO:0005886	1	0.05	0
BSU_20420	GO:0016747	1	0.05	0
BSU_09400	GO:0016747	1	0.05	0
BSU_29780	GO:0005886	1	0.05	0
BSU_09180	GO:0016747	1	0.05	0
BSU_01900	GO:0006813	1	0.05	0
BSU_23616	GO:0016747	1	0.05	0
BSU_04120	GO:0016020	1	0.05	0
BSU_32640	GO:0016747	1	0.05	0
BSU_20710	GO:0016020	1	0.05	0
BSU_33880	GO:0016020	1	0.05	0
BSU_22380	GO:0005886	1	0.05	0
BSU_10000	GO:0006813	1	0.05	0
BSU_28380	GO:0016747	1	0.05	0
BSU_13210	GO:0016020	1	0.05	0
BSU_31070	GO:0043565	1	0.05	0
BSU_24770	GO:0016747	1	0.05	0
BSU_08340	GO:0016747	1	0.05	0
BSU_04980	GO:0005886	1	0.05	0
BSU_19749	GO:0005886	1	0.05	0
BSU_33030	GO:0005886	1	0.05	0
BSU_12800	GO:0005886	1	0.05	0
BSU_05630	GO:0016747	1	0.05	0
BSU_19610	GO:0005886	1	0.05	0
BSU_38930	GO:0005886	1	0.05	0
BSU_07770	GO:0005886	1	0.05	0
BSU_06811	GO:0016747	1	0.05	0
BSU_18990	GO:0016747	1	0.05	0
BSU_25870	GO:0004521	1	0.05	0
BSU_25870	GO:0016747	1	0.05	0
BSU_22520	GO:0005886	1	0.05	0
BSU_29720	GO:0006813	1	0.05	0
BSU_00290	GO:0016747	1	0.05	0
BSU_39290	GO:0016747	1	0.05	0
BSU_21570	GO:0016747	1	0.05	0
BSU_27750	GO:0016747	1	0.05	0
BSU_11730	GO:0016747	1	0.05	0
BSU_09110	GO:0006813	1	0.05	0
BSU_30080	GO:0016747	1	0.05	0
BSU_23616	GO:0016757	1	0.05	0
BSU_29780	GO:0016757	1	0.05	0
BSU_06570	GO:0006813	1	0.05	0
BSU_13240	GO:0005886	1	0.05	0
BSU_36570	GO:0005886	1	0.05	0
BSU_22380	GO:0016757	1	0.05	0
BSU_06380	GO:0006813	1	0.05	0
BSU_19510	GO:0006508	1	0.05	0
BSU_27300	GO:0016020	1	0.05	0
BSU_28830	GO:0005886	1	0.05	0
BSU_40780	GO:0016757	1	0.05	0
BSU_40140	GO:0015700	1	0.05	0
BSU_14120	GO:0016757	1	0.05	0
BSU_03380	GO:0006813	1	0.05	0
BSU_33029	GO:0016757	1	0.05	0
BSU_03250	GO:0006813	1	0.05	0
BSU_02710	GO:0006813	1	0.05	0
BSU_04280	GO:0016757	1	0.05	0
BSU_05770	GO:0006508	1	0.05	0
BSU_06850	GO:0016747	1	0.05	0
BSU_23401	GO:0016747	1	0.05	0
BSU_14120	GO:0016757	1	0.05	0
BSU_24770	GO:0003723	1	0.05	0
BSU_23402	GO:0016747	1	0.05	0
BSU_39790	GO:0006813	1	0.05	0
BSU_29500	GO:0016747	1	0.05	0
BSU_25220	GO:0016747	1	0.05	0
BSU_26990	GO:0016747	1	0.05	0
BSU_26960	GO:0016747	1	0.05	0
BSU_26950	GO:0016747	1	0.05	0
BSU_30160	GO:0006813	1	0.05	0
BSU_31890	GO:0016020	1	0.05	0
BSU_19510	GO:0005886	1	0.05	0
BSU_16720	GO:0016747	1	0.05	0
BSU_22290	GO:0016747	1	0.05	0
BSU_08760	GO:0006508	1	0.05	0
BSU_07100	GO:0006813	1	0.05	0
BSU_12090	GO:0016747	1	0.05	0
BSU_02710	GO:0060187	1	0.05	0
BSU_01900	GO:0060187	1	0.05	0
BSU_31220	GO:0008460	1	0.05	0
BSU_27300	GO:0071555	1	0.05	0
BSU_26350	GO:0043565	1	0.05	0
BSU_24770	GO:0003677	1	0.05	0
BSU_20710	GO:0030420	1	0.05	0
BSU_33880	GO:0030420	1	0.05	0
BSU_25400	GO:0003824	1	0.05	0
BSU_13060	GO:0097588	1	0.05	0
BSU_40300	GO:0003677	1	0.05	0
BSU_08970	GO:0005737	1	0.05	0
BSU_03380	GO:0016020	1	0.05	0
BSU_21000	GO:0060187	1	0.05	0
BSU_36780	GO:0005886	1	0.05	1
BSU_04680	GO:0005524	1	0.05	0
BSU_07020	GO:0003677	1	0.05	0
BSU_23590	GO:0000160	1	0.05	0
BSU_31220	GO:0003677	1	0.05	0
BSU_14930	GO:0003677	1	0.05	0
BSU_31220	GO:0016746	1	0.05	0
BSU_09880	GO:0016746	1	0.05	0
BSU_04120	GO:0030420	1	0.05	0
BSU_07020	GO:0016746	1	0.05	0
BSU_09920	GO:0097588	1	0.05	0
BSU_13210	GO:0030420	1	0.05	0
BSU_33030	GO:0071555	1	0.05	0
BSU_28750	GO:0090729	1	0.05	0
BSU_39940	GO:0005886	1	0.05	0
BSU_33880	GO:0016020	1	0.05	0
BSU_20710	GO:0016020	1	0.05	0
BSU_33880	GO:0006355	1	0.05	0
BSU_04120	GO:0016020	1	0.05	0
BSU_04120	GO:0006355	1	0.05	0
BSU_20790	GO:0006355	1	0.05	0
BSU_39940	GO:0005886	1	0.05	0
BSU_04680	GO:0008270	1	0.05	0
BSU_13210	GO:0016020	1	0.05	0
BSU_12290	GO:0050661	1	0.05	0
BSU_06940	GO:0016746	1	0.05	0
BSU_01900	GO:0016020	1	0.05	0
BSU_02710	GO:0016020	1	0.05	0
BSU_03250	GO:0016020	1	0.05	0
BSU_31890	GO:0030420	1	0.05	0
BSU_04120	GO:0016020	1	0.05	0
BSU_08760	GO:0005886	1	0.05	0
BSU_12510	GO:0043565	1	0.05	0
BSU_08760	GO:0003677	1	0.05	0
BSU_25400	GO:0003677	1	0.05	0
BSU_28530	GO:0016746	1	0.05	0
BSU_39950	GO:0003677	1	0.05	0
BSU_06570	GO:0003824	1	0.05	0
BSU_30430	GO:0016020	1	0.05	0
BSU_32600	GO:0016020	1	0.05	0
BSU_28750	GO:0016020	1	0.05	0
BSU_26350	GO:0000160	1	0.05	0
BSU_19940	GO:0003677	1	0.05	0
BSU_28750	GO:0016746	1	0.05	0
BSU_14120	GO:0016746	1	0.05	0
BSU_13060	GO:0065002	1	0.05	0
BSU_27300	GO:0016020	1	0.05	0
BSU_21000	GO:0003677	1	0.05	0
BSU_09920	GO:0065002	1	0.05	0
BSU_20080	GO:0003677	1	0.05	0
BSU_40300	GO:0016746	1	0.05	0
BSU_02890	GO:0003677	1	0.05	0
BSU_33030	GO:0000160	1	0.05	0
BSU_31070	GO:0000160	1	0.05	0
BSU_27750	GO:0003677	1	0.05	0
BSU_15090	GO:0000160	1	0.05	0
BSU_40300	GO:0003677	1	0.05	0
BSU_04820	GO:0005737	1	0.05	0
BSU_28530	GO:0003677	1	0.05	0
BSU_15090	GO:0005524	1	0.05	0
BSU_28750	GO:0003677	1	0.05	0
BSU_27300	GO:0030420	1	0.05	0
BSU_14120	GO:0003677	1	0.05	0
BSU_36570	GO:0005886	1	0.05	0
BSU_34030	GO:0003677	1	0.05	0
BSU_02890	GO:0003677	1	0.05	0
BSU_32670	GO:0003677	1	0.05	0
BSU_02890	GO:0004252	1	0.05	0
BSU_32700	GO:0003677	1	0.05	0
BSU_27750	GO:0016746	1	0.05	0
BSU_19940	GO:0016042	1	0.05	0
BSU_29520	GO:0016757	1	0.05	0
BSU_24930	GO:0016757	1	0.05	0
BSU_33560	GO:0016757	1	0.05	0
BSU_04910	GO:0060187	1	0.05	0
BSU_08340	GO:0008460	1	0.05	0
BSU_24770	GO:0008460	1	0.05	0
BSU_13060	GO:0003746	1	0.05	0
BSU_21000	GO:0016757	1	0.05	0
BSU_36380	GO:0008460	1	0.05	0
BSU_13210	GO:0090729	1	0.05	0
BSU_17880	GO:0008460	1	0.05	0
BSU_01900	GO:0016757	1	0.05	0
BSU_02710	GO:0016757	1	0.05	0
BSU_03250	GO:0016757	1	0.05	0
BSU_03380	GO:0090729	1	0.05	0
BSU_06380	GO:0016757	1	0.05	0
BSU_04120	GO:0090729	1	0.05	0
BSU_33880	GO:0090729	1	0.05	0
BSU_20420	GO:0008460	1	0.05	0
BSU_21000	GO:0006508	1	0.05	0
BSU_01900	GO:0006508	1	0.05	0
BSU_21570	GO:0008460	1	0.05	0
BSU_39290	GO:0008460	1	0.05	0
BSU_39790	GO:0016757	1	0.05	0
BSU_13060	GO:0005829	1	0.05	0
BSU_37800	GO:0006508	1	0.05	0
BSU_04120	GO:0015700	1	0.05	0
BSU_17690	GO:0006508	1	0.05	0
BSU_03380	GO:0015700	1	0.05	0
BSU_03250	GO:0015700	1	0.05	0
BSU_07020	GO:0008460	1	0.05	0
BSU_02890	GO:0006083	1	0.05	0
BSU_02710	GO:0015700	1	0.05	0
BSU_01900	GO:0015700	1	0.05	0
BSU_06940	GO:0008460	1	0.05	0
BSU_06811	GO:0008460	1	0.05	0
BSU_18990	GO:0008460	1	0.05	0
BSU_25870	GO:0008460	1	0.05	0
BSU_03230	GO:0043565	1	0.05	0
BSU_26560	GO:0060187	1	0.05	0
BSU_00290	GO:0008460	1	0.05	0
BSU_09920	GO:0005829	1	0.05	0
BSU_06570	GO:0016757	1	0.05	0
BSU_02710	GO:0006508	1	0.05	0
BSU_27130	GO:0090729	1	0.05	0
BSU_38690	GO:0016757	1	0.05	0
BSU_40140	GO:0016757	1	0.05	0
BSU_14480	GO:0005886	1	0.05	0
BSU_33250	GO:0016757	1	0.05	0
BSU_13460	GO:0016757	1	0.05	0
BSU_12240	GO:0016757	1	0.05	0
BSU_04500	GO:0016757	1	0.05	0
BSU_17960	GO:0016757	1	0.05	0
BSU_04910	GO:0016757	1	0.05	0
BSU_27300	GO:0090729	1	0.05	0
BSU_14250	GO:0031160	1	0.05	0
BSU_36060	GO:0031160	1	0.05	0
BSU_09050	GO:0016757	1	0.05	0
BSU_36320	GO:0016757	1	0.05	0
BSU_13060	GO:0046942	1	0.05	0
BSU_09920	GO:0046942	1	0.05	0
BSU_31890	GO:0016020	1	0.05	0
BSU_20710	GO:0046942	1	0.05	0
BSU_39560	GO:0016757	1	0.05	0
BSU_33280	GO:0016757	1	0.05	0
BSU_09110	GO:0016757	1	0.05	0
BSU_29720	GO:0090729	1	0.05	0
BSU_33029	GO:0008460	1	0.05	0
BSU_10000	GO:0016757	1	0.05	0
BSU_07100	GO:0090729	1	0.05	0
BSU_03250	GO:0006508	1	0.05	0
BSU_37860	GO:0008460	1	0.05	0
BSU_06280	GO:0008460	1	0.05	0
BSU_13230	GO:0016757	1	0.05	0
BSU_29720	GO:0016757	1	0.05	0
BSU_03380	GO:0006508	1	0.05	0
BSU_30160	GO:0090729	1	0.05	0
BSU_23090	GO:0016757	1	0.05	0
BSU_32600	GO:0016020	1	0.05	0
BSU_27130	GO:0016757	1	0.05	0
BSU_31890	GO:0090729	1	0.05	0
BSU_13230	GO:0090729	1	0.05	0
BSU_09920	GO:0003746	1	0.05	0
BSU_27300	GO:0016020	1	0.05	0
BSU_39880	GO:0016747	1	0.05	0
BSU_31590	GO:0005886	1	0.05	0
BSU_12410	GO:0016747	1	0.05	0
BSU_04500	GO:0030435	1	0.05	0
BSU_27130	GO:0055085	1	0.05	0
BSU_33560	GO:0030435	1	0.05	0
BSU_14120	GO:0003824	1	0.05	0
BSU_36320	GO:0030435	1	0.05	0
BSU_09050	GO:0030435	1	0.05	0
BSU_27300	GO:0055085	1	0.05	0
BSU_04910	GO:0030435	1	0.05	0
BSU_17960	GO:0030435	1	0.05	0
BSU_12240	GO:0030435	1	0.05	0
BSU_32600	GO:0055085	1	0.05	0
BSU_13460	GO:0030435	1	0.05	0
BSU_12290	GO:0009027	1	0.05	0
BSU_33250	GO:0030435	1	0.05	0
BSU_40140	GO:0030435	1	0.05	0
BSU_39560	GO:0030435	1	0.05	0
BSU_38690	GO:0030435	1	0.05	0
BSU_33280	GO:0030435	1	0.05	0
BSU_27130	GO:0030435	1	0.05	0
BSU_04280	GO:0030435	1	0.05	0
BSU_28750	GO:0055085	1	0.05	0
BSU_24930	GO:0030435	1	0.05	0
BSU_29520	GO:0030435	1	0.05	0
BSU_35640	GO:0030435	1	0.05	0
BSU_28840	GO:0030435	1	0.05	0
BSU_30430	GO:0055085	1	0.05	0
BSU_15270	GO:0030435	1	0.05	0
BSU_15260	GO:0030435	1	0.05	0
BSU_24440	GO:0030435	1	0.05	0
BSU_06930	GO:0030435	1	0.05	0
BSU_07140	GO:0030435	1	0.05	0
BSU_29780	GO:0055085	1	0.05	0
BSU_31850	GO:0030435	1	0.05	0
BSU_09000	GO:0030435	1	0.05	0
BSU_25370	GO:0030435	1	0.05	0
BSU_35100	GO:0030435	1	0.05	0
BSU_35110	GO:0030435	1	0.05	0
BSU_35130	GO:0030435	1	0.05	0
BSU_06190	GO:0030435	1	0.05	0
BSU_06200	GO:0030435	1	0.05	0
BSU_23090	GO:0030435	1	0.05	0
BSU_29720	GO:0030435	1	0.05	0
BSU_13230	GO:0030435	1	0.05	0
BSU_19880	GO:0005737	1	0.05	0
BSU_26960	GO:0030435	1	0.05	1
BSU_19830	GO:0005737	1	0.05	0
BSU_04680	GO:0003677	1	0.05	0
BSU_02890	GO:0016740	1	0.05	0
BSU_38850	GO:0005886	1	0.05	0
BSU_03651	GO:0005737	1	0.05	0
BSU_13230	GO:0055085	1	0.05	0
BSU_28830	GO:0005737	1	0.05	0
BSU_31890	GO:0055085	1	0.05	0
BSU_04680	GO:0036402	1	0.05	0
BSU_15120	GO:0005737	1	0.05	0
BSU_19510	GO:0055085	1	0.05	0
BSU_20080	GO:0005737	1	0.05	0
BSU_30160	GO:0015295	1	0.05	0
BSU_33029	GO:0005737	1	0.05	0
BSU_08760	GO:0005737	1	0.05	0
BSU_26560	GO:0005737	1	0.05	0
BSU_09400	GO:0005886	1	0.05	0
BSU_08760	GO:0005886	1	0.05	0
BSU_30880	GO:0071793	1	0.05	0
BSU_09180	GO:0005886	1	0.05	0
BSU_10000	GO:0030435	1	0.05	0
BSU_09110	GO:0030435	1	0.05	0
BSU_39790	GO:0030435	1	0.05	0
BSU_06570	GO:0030435	1	0.05	0
BSU_06380	GO:0030435	1	0.05	0
BSU_03250	GO:0030435	1	0.05	0
BSU_02710	GO:0030435	1	0.05	0
BSU_01900	GO:0030435	1	0.05	0
BSU_21000	GO:0030435	1	0.05	0
BSU_31890	GO:0015295	1	0.05	0
BSU_29720	GO:0055085	1	0.05	0
BSU_19940	GO:0005737	1	0.05	0
BSU_09920	GO:0034220	1	0.05	0
BSU_13060	GO:0034220	1	0.05	0
BSU_23616	GO:0005886	1	0.05	0
BSU_02890	GO:0016829	1	0.05	0
BSU_22380	GO:0055085	1	0.05	0
BSU_14710	GO:0030435	1	0.05	0
BSU_14930	GO:0030435	1	0.05	0
BSU_40560	GO:0030435	1	0.05	0
BSU_21570	GO:0030435	1	0.05	0
BSU_33280	GO:0030435	1	0.05	0
BSU_25870	GO:0030435	1	0.05	0
BSU_39870	GO:0030435	1	0.05	0
BSU_06850	GO:0005886	1	0.05	0
BSU_14120	GO:0030435	1	0.05	0
BSU_10000	GO:0016020	1	0.05	0
BSU_13230	GO:0016020	1	0.05	0
BSU_29720	GO:0016020	1	0.05	0
BSU_23090	GO:0016020	1	0.05	0
BSU_27130	GO:0016020	1	0.05	0
BSU_30430	GO:0016020	1	0.05	0
BSU_33280	GO:0016020	1	0.05	0
BSU_38690	GO:0016020	1	0.05	0
BSU_39560	GO:0016020	1	0.05	0
BSU_40140	GO:0016020	1	0.05	0
BSU_33250	GO:0016020	1	0.05	0
BSU_13460	GO:0016020	1	0.05	0
BSU_23402	GO:0005886	1	0.05	0
BSU_06190	GO:0030435	1	0.05	0
BSU_04500	GO:0016020	1	0.05	0
BSU_39880	GO:0030435	1	0.05	0
BSU_12090	GO:0005886	1	0.05	0
BSU_04280	GO:0071793	1	0.05	0
BSU_22820	GO:0030435	1	0.05	0
BSU_14720	GO:0055085	1	0.05	0
BSU_22290	GO:0005886	1	0.05	0
BSU_16720	GO:0005886	1	0.05	0
BSU_26950	GO:0005886	1	0.05	0
BSU_26960	GO:0005886	1	0.05	0
BSU_09110	GO:0016020	1	0.05	0
BSU_26990	GO:0005886	1	0.05	0
BSU_15960	GO:0030435	1	0.05	0
BSU_05220	GO:0030435	1	0.05	0
BSU_25220	GO:0005886	1	0.05	0
BSU_39950	GO:0030435	1	0.05	0
BSU_03940	GO:0030435	1	0.05	0
BSU_14930	GO:0030435	1	0.05	0
BSU_29500	GO:0005886	1	0.05	0
BSU_12240	GO:0016020	1	0.05	0
BSU_04680	GO:0005524	1	0.05	0
BSU_03940	GO:0030435	1	0.05	0
BSU_14120	GO:0005737	1	0.05	0
BSU_28380	GO:0005886	1	0.05	0
BSU_06190	GO:0016020	1	0.05	0
BSU_35130	GO:0016020	1	0.05	0
BSU_32640	GO:0005886	1	0.05	0
BSU_35110	GO:0016020	1	0.05	0
BSU_35100	GO:0016020	1	0.05	0
BSU_24420	GO:0005886	1	0.05	0
BSU_25370	GO:0016020	1	0.05	0
BSU_09000	GO:0016020	1	0.05	0
BSU_17940	GO:0005737	1	0.05	0
BSU_31850	GO:0016020	1	0.05	0
BSU_06170	GO:0005737	1	0.05	0
BSU_37910	GO:0071793	1	0.05	0
BSU_05220	GO:0030435	1	0.05	0
BSU_39950	GO:0030435	1	0.05	0
BSU_19579	GO:0030435	1	0.05	0
BSU_07300	GO:0071793	1	0.05	0
BSU_06200	GO:0016020	1	0.05	0
BSU_29520	GO:0016020	1	0.05	0
BSU_17960	GO:0016020	1	0.05	0
BSU_06570	GO:0005737	1	0.05	0
BSU_04910	GO:0016020	1	0.05	0
BSU_09050	GO:0016020	1	0.05	0
BSU_36320	GO:0016020	1	0.05	0
BSU_33130	GO:0016020	1	0.05	0
BSU_11730	GO:0005886	1	0.05	0
BSU_38499	GO:0005737	1	0.05	0
BSU_16299	GO:0071978	1	0.05	1
BSU_16480	GO:0005737	1	0.05	0
BSU_16299	GO:0005737	1	0.05	0
BSU_04680	GO:0008966	1	0.05	0
BSU_24930	GO:0005737	1	0.05	0
BSU_36050	GO:0005886	1	0.05	0
BSU_33560	GO:0016020	1	0.05	0
BSU_04280	GO:0016020	1	0.05	0
BSU_24930	GO:0016020	1	0.05	0
BSU_27750	GO:0005886	1	0.05	0
BSU_39870	GO:0005737	1	0.05	0
BSU_39460	GO:0005829	1	0.05	0
BSU_07100	GO:0015295	1	0.05	0
BSU_16845	GO:0016747	1	0.05	0
BSU_06811	GO:0005886	1	0.05	0
BSU_40140	GO:0006813	1	0.05	0
BSU_12290	GO:0005886	1	0.05	0
BSU_02070	GO:0030436	1	0.05	0
BSU_08660	GO:0030436	1	0.05	0
BSU_27300	GO:0016757	1	0.05	0
BSU_31910	GO:0005886	1	0.05	0
BSU_40530	GO:0030436	1	0.05	0
BSU_22200	GO:0030436	1	0.05	0
BSU_39560	GO:0006813	1	0.05	0
BSU_40300	GO:0016829	1	0.05	0
BSU_06280	GO:0005886	1	0.05	0
BSU_23401	GO:0030436	1	0.05	0
BSU_04280	GO:0016757	1	0.05	0
BSU_12090	GO:0030436	1	0.05	0
BSU_38690	GO:0006813	1	0.05	0
BSU_04070	GO:0005886	1	0.05	0
BSU_25220	GO:0030436	1	0.05	0
BSU_23590	GO:0016757	1	0.05	0
BSU_10700	GO:0030436	1	0.05	0
BSU_10680	GO:0030436	1	0.05	0
BSU_10710	GO:0030436	1	0.05	0
BSU_10670	GO:0030436	1	0.05	0
BSU_33030	GO:0005886	1	0.05	0
BSU_08970	GO:0005886	1	0.05	0
BSU_04910	GO:0006813	1	0.05	0
BSU_12290	GO:0006571	1	0.05	0
BSU_38850	GO:0005886	1	0.05	0
BSU_17960	GO:0006813	1	0.05	0
BSU_13240	GO:0005886	1	0.05	0
BSU_04500	GO:0006813	1	0.05	0
BSU_12240	GO:0006813	1	0.05	0
BSU_31080	GO:0005886	1	0.05	0
BSU_13240	GO:0005886	1	0.05	0
BSU_13460	GO:0006813	1	0.05	0
BSU_04680	GO:0009102	1	0.05	0
BSU_25870	GO:0003723	1	0.05	0
BSU_33250	GO:0006813	1	0.05	0
BSU_10000	GO:0016757	1	0.05	0
BSU_28830	GO:0005886	1	0.05	0
BSU_12290	GO:0005886	1	0.05	0
BSU_23402	GO:0030436	1	0.05	0
BSU_06850	GO:0030436	1	0.05	0
BSU_28380	GO:0005886	1	0.05	0
BSU_17940	GO:0005886	1	0.05	0
BSU_08970	GO:0016757	1	0.05	0
BSU_23590	GO:0005886	1	0.05	0
BSU_28750	GO:0006813	1	0.05	0
BSU_13240	GO:0005886	1	0.05	0
BSU_27130	GO:0006813	1	0.05	0
BSU_14480	GO:0005886	1	0.05	0
BSU_23090	GO:0006813	1	0.05	0
BSU_08760	GO:0005886	1	0.05	0
BSU_19510	GO:0016747	1	0.05	0
BSU_34960	GO:0016747	1	0.05	0
BSU_31720	GO:0005886	1	0.05	0
BSU_33030	GO:0005886	1	0.05	0
BSU_27300	GO:0006813	1	0.05	0
BSU_38850	GO:0005886	1	0.05	0
BSU_11070	GO:0005886	1	0.05	0
BSU_11040	GO:0005886	1	0.05	0
BSU_30430	GO:0006813	1	0.05	0
BSU_33280	GO:0006813	1	0.05	0
BSU_07020	GO:0005886	1	0.05	0
BSU_08970	GO:0005886	1	0.05	0
BSU_11730	GO:0030436	1	0.05	0
BSU_16260	GO:0005886	1	0.05	0
BSU_40300	GO:0003723	1	0.05	0
BSU_40540	GO:0043565	1	0.05	0
BSU_36050	GO:0030436	1	0.05	0
BSU_26560	GO:0005886	1	0.05	0
BSU_27750	GO:0030436	1	0.05	0
BSU_36070	GO:0030436	1	0.05	0
BSU_28380	GO:0030436	1	0.05	0
BSU_32640	GO:0030436	1	0.05	0
BSU_24420	GO:0030436	1	0.05	0
BSU_23616	GO:0030436	1	0.05	0
BSU_16260	GO:0005886	1	0.05	0
BSU_34030	GO:0003824	1	0.05	0
BSU_09180	GO:0030436	1	0.05	0
BSU_08760	GO:0030436	1	0.05	0
BSU_09400	GO:0030436	1	0.05	0
BSU_35450	GO:0005886	1	0.05	0
BSU_33030	GO:0005886	1	0.05	0
BSU_09050	GO:0006813	1	0.05	0
BSU_33880	GO:0055085	1	0.05	0
BSU_01900	GO:0005829	1	0.05	0
BSU_30160	GO:0042906	1	0.05	0
BSU_03380	GO:0055085	1	0.05	0
BSU_04120	GO:0015295	1	0.05	0
BSU_23590	GO:0005886	1	0.05	0
BSU_03651	GO:0005829	1	0.05	0
BSU_13210	GO:0055085	1	0.05	0
BSU_39940	GO:0005737	1	0.05	0
BSU_03380	GO:0015295	1	0.05	0
BSU_13060	GO:0016020	1	0.05	0
BSU_09920	GO:0016020	1	0.05	0
BSU_13210	GO:0016020	1	0.05	0
BSU_39940	GO:0005886	1	0.05	0
BSU_13060	GO:0055085	1	0.05	0
BSU_09920	GO:0005524	1	0.05	0
BSU_13060	GO:0005524	1	0.05	0
BSU_09920	GO:0055085	1	0.05	0
BSU_04120	GO:0055085	1	0.05	0
BSU_07100	GO:0042906	1	0.05	0
BSU_20710	GO:0016020	1	0.05	0
BSU_08970	GO:0005829	1	0.05	0
BSU_36570	GO:0055085	1	0.05	0
BSU_27240	GO:0005829	1	0.05	0
BSU_05630	GO:0005737	1	0.05	0
BSU_13210	GO:0042906	1	0.05	0
BSU_28830	GO:0055085	1	0.05	0
BSU_02890	GO:0006281	1	0.05	0
BSU_30160	GO:0055085	1	0.05	0
BSU_39880	GO:0005737	1	0.05	0
BSU_07100	GO:0055085	1	0.05	0
BSU_03380	GO:0042906	1	0.05	0
BSU_12410	GO:0005737	1	0.05	0
BSU_16845	GO:0005737	1	0.05	0
BSU_04120	GO:0042906	1	0.05	0
BSU_06570	GO:0005829	1	0.05	0
BSU_33880	GO:0042906	1	0.05	0
BSU_33880	GO:0015295	1	0.05	0
BSU_14480	GO:0005737	1	0.05	0
BSU_31890	GO:0042906	1	0.05	0
BSU_12410	GO:0005829	1	0.05	0
BSU_36320	GO:0006813	1	0.05	0
BSU_01970	GO:0005829	1	0.05	0
BSU_15670	GO:0005737	1	0.05	0
BSU_31080	GO:0005886	1	0.05	0
BSU_39560	GO:0005829	1	0.05	0
BSU_13460	GO:0005829	1	0.05	0
BSU_08760	GO:0005886	1	0.05	0
BSU_02890	GO:0003723	1	0.05	0
BSU_36060	GO:0005515	1	0.05	0
BSU_15090	GO:0006950	1	0.05	0
BSU_31220	GO:0030497	1	0.05	0
BSU_14250	GO:0005515	1	0.05	0
BSU_38250	GO:0030497	1	0.05	0
BSU_20710	GO:0055085	1	0.05	0
BSU_04820	GO:0051775	1	0.05	0
BSU_04680	GO:0006412	1	0.05	0
BSU_14480	GO:0051775	1	0.05	0
BSU_02890	GO:0030497	1	0.05	0
BSU_22910	GO:0005886	1	0.05	0
BSU_01980	GO:0005829	1	0.05	0
BSU_23590	GO:0043565	1	0.05	0
BSU_33029	GO:0005829	1	0.05	0
BSU_40260	GO:0005829	1	0.05	0
BSU_13210	GO:0015295	1	0.05	0
BSU_08970	GO:0005886	1	0.05	0
BSU_27300	GO:0042906	1	0.05	0
BSU_20710	GO:0005886	1	0.05	1
BSU_14930	GO:0005829	1	0.05	0
BSU_16260	GO:0005886	1	0.05	0
BSU_09920	GO:0046872	1	0.05	0
BSU_00630	GO:0006364	1	0.05	0
BSU_13060	GO:0016887	1	0.05	0
BSU_32600	GO:0016020	1	0.05	0
BSU_02890	GO:0006633	1	0.05	0
BSU_15670	GO:0005737	1	0.05	0
BSU_04820	GO:0005737	1	0.05	0
BSU_03500	GO:0005829	1	0.05	0
BSU_14480	GO:0005737	1	0.05	0
BSU_13060	GO:0046872	1	0.05	0
BSU_00630	GO:0005737	1	0.05	0
BSU_34030	GO:0016746	1	0.05	0
BSU_14930	GO:0016746	1	0.05	0
BSU_18590	GO:0030435	1	0.05	0
BSU_27300	GO:0016020	1	0.05	0
BSU_33640	GO:0005886	1	0.05	0
BSU_29520	GO:0030435	1	0.05	0
BSU_24930	GO:0030435	1	0.05	0
BSU_04280	GO:0030435	1	0.05	0
BSU_33560	GO:0030435	1	0.05	0
BSU_19940	GO:0005886	1	0.05	0
BSU_09050	GO:0055085	1	0.05	0
BSU_36320	GO:0030435	1	0.05	0
BSU_04500	GO:0030435	1	0.05	0
BSU_05630	GO:0004497	1	0.05	0
BSU_09050	GO:0030435	1	0.05	0
BSU_28750	GO:0016020	1	0.05	0
BSU_15090	GO:0003700	1	0.05	0
BSU_33030	GO:0003700	1	0.05	0
BSU_04910	GO:0030435	1	0.05	0
BSU_17960	GO:0030435	1	0.05	0
BSU_06200	GO:0030435	1	0.05	0
BSU_06190	GO:0030435	1	0.05	0
BSU_35100	GO:0030435	1	0.05	0
BSU_25370	GO:0030435	1	0.05	0
BSU_03940	GO:0030435	1	0.05	0
BSU_32620	GO:0008270	1	0.05	0
BSU_40560	GO:0030435	1	0.05	0
BSU_26560	GO:0008270	1	0.05	0
BSU_14930	GO:0030435	1	0.05	0
BSU_14710	GO:0030435	1	0.05	0
BSU_35640	GO:0030435	1	0.05	0
BSU_28840	GO:0030435	1	0.05	0
BSU_15270	GO:0030435	1	0.05	0
BSU_15260	GO:0030435	1	0.05	0
BSU_24440	GO:0030435	1	0.05	0
BSU_06930	GO:0030435	1	0.05	0
BSU_07140	GO:0030435	1	0.05	0
BSU_31850	GO:0030435	1	0.05	0
BSU_09000	GO:0030435	1	0.05	0
BSU_32600	GO:0016020	1	0.05	0
BSU_12240	GO:0030435	1	0.05	0
BSU_25870	GO:0042802	1	0.05	0
BSU_02890	GO:0019344	1	0.05	0
BSU_03250	GO:0030435	1	0.05	0
BSU_02710	GO:0030435	1	0.05	0
BSU_01900	GO:0030435	1	0.05	0
BSU_21000	GO:0030435	1	0.05	0
BSU_38690	GO:0016787	1	0.05	0
BSU_39560	GO:0016787	1	0.05	0
BSU_06280	GO:0005886	1	0.05	0
BSU_32670	GO:0003677	1	0.05	0
BSU_13460	GO:0030435	1	0.05	0
BSU_40140	GO:0016787	1	0.05	0
BSU_11110	GO:0005886	1	0.05	0
BSU_35480	GO:0005886	1	0.05	0
BSU_24770	GO:0042802	1	0.05	0
BSU_08340	GO:0042802	1	0.05	0
BSU_21570	GO:0042802	1	0.05	0
BSU_40300	GO:0042802	1	0.05	0
BSU_06380	GO:0030435	1	0.05	0
BSU_06570	GO:0030435	1	0.05	0
BSU_39790	GO:0030435	1	0.05	0
BSU_09110	GO:0030435	1	0.05	0
BSU_33250	GO:0030435	1	0.05	0
BSU_40140	GO:0030435	1	0.05	0
BSU_39560	GO:0030435	1	0.05	0
BSU_02890	GO:0003677	1	0.05	0
BSU_38690	GO:0030435	1	0.05	0
BSU_03651	GO:0016491	1	0.05	0
BSU_33280	GO:0030435	1	0.05	0
BSU_27130	GO:0030435	1	0.05	0
BSU_23090	GO:0030435	1	0.05	0
BSU_31760	GO:0005886	1	0.05	0
BSU_29720	GO:0030435	1	0.05	0
BSU_13230	GO:0030435	1	0.05	0
BSU_23590	GO:0003700	1	0.05	0
BSU_10000	GO:0030435	1	0.05	0
BSU_32700	GO:0003677	1	0.05	0
BSU_29410	GO:0005886	1	0.05	0
BSU_19579	GO:0030435	1	0.05	0
BSU_39950	GO:0030435	1	0.05	0
BSU_33280	GO:0009847	1	0.05	0
BSU_26560	GO:0005886	1	0.05	0
BSU_33250	GO:0009847	1	0.05	0
BSU_23090	GO:0016787	1	0.05	0
BSU_40140	GO:0009847	1	0.05	0
BSU_39560	GO:0009847	1	0.05	0
BSU_38690	GO:0009847	1	0.05	0
BSU_01980	GO:0005886	1	0.05	0
BSU_01970	GO:0005886	1	0.05	0
BSU_07020	GO:0005886	1	0.05	0
BSU_27130	GO:0016787	1	0.05	0
BSU_30430	GO:0009847	1	0.05	0
BSU_28750	GO:0009847	1	0.05	0
BSU_27130	GO:0009847	1	0.05	0
BSU_23090	GO:0009847	1	0.05	0
BSU_27300	GO:0009847	1	0.05	0
BSU_28750	GO:0016787	1	0.05	0
BSU_13460	GO:0009847	1	0.05	0
BSU_12240	GO:0009847	1	0.05	0
BSU_04500	GO:0009847	1	0.05	0
BSU_17960	GO:0009847	1	0.05	0
BSU_29720	GO:0016787	1	0.05	0
BSU_40300	GO:0004252	1	0.05	0
BSU_21570	GO:0016491	1	0.05	0
BSU_16260	GO:0005886	1	0.05	0
BSU_08970	GO:0005886	1	0.05	0
BSU_12290	GO:0031460	1	0.05	0
BSU_23590	GO:0005886	1	0.05	0
BSU_15090	GO:0006355	1	0.05	0
BSU_33030	GO:0006355	1	0.05	0
BSU_36320	GO:0009847	1	0.05	0
BSU_09050	GO:0009847	1	0.05	0
BSU_27300	GO:0016787	1	0.05	0
BSU_26560	GO:0005886	1	0.05	0
BSU_38850	GO:0005886	1	0.05	0
BSU_04910	GO:0009847	1	0.05	0
BSU_23590	GO:0006355	1	0.05	0
BSU_35040	GO:0005886	1	0.05	0
BSU_29720	GO:0009847	1	0.05	0
BSU_02710	GO:0009847	1	0.05	0
BSU_21000	GO:0009847	1	0.05	0
BSU_11940	GO:0030435	1	0.05	0
BSU_33460	GO:0030435	1	0.05	0
BSU_27150	GO:0030435	1	0.05	0
BSU_26350	GO:0003700	1	0.05	0
BSU_19880	GO:0030435	1	0.05	0
BSU_31220	GO:0003824	1	0.05	0
BSU_38499	GO:0030435	1	0.05	0
BSU_30430	GO:0046872	1	0.05	0
BSU_33880	GO:0016020	1	0.05	0
BSU_31890	GO:0016020	1	0.05	0
BSU_13820	GO:0005886	1	0.05	0
BSU_05220	GO:0030435	1	0.05	0
BSU_13460	GO:0016020	1	0.05	0
BSU_08760	GO:0008270	1	0.05	0
BSU_01900	GO:0009847	1	0.05	0
BSU_03250	GO:0009847	1	0.05	0
BSU_33880	GO:0016020	1	0.05	0
BSU_03380	GO:0009847	1	0.05	0
BSU_13230	GO:0009847	1	0.05	0
BSU_30430	GO:0016787	1	0.05	0
BSU_10000	GO:0009847	1	0.05	0
BSU_09110	GO:0009847	1	0.05	0
BSU_00250	GO:0005886	1	0.05	0
BSU_03010	GO:0005886	1	0.05	0
BSU_39790	GO:0009847	1	0.05	0
BSU_27130	GO:0046872	1	0.05	0
BSU_30160	GO:0009847	1	0.05	0
BSU_07100	GO:0009847	1	0.05	0
BSU_28750	GO:0046872	1	0.05	0
BSU_06570	GO:0009847	1	0.05	0
BSU_06380	GO:0009847	1	0.05	0
BSU_20790	GO:0003700	1	0.05	0
BSU_33280	GO:0016787	1	0.05	0
BSU_33250	GO:0016787	1	0.05	0
BSU_34030	GO:0003677	1	0.05	0
BSU_31080	GO:0005886	1	0.05	0
BSU_18990	GO:0046872	1	0.05	0
BSU_31080	GO:0005886	1	0.05	0
BSU_12510	GO:0000150	1	0.05	0
BSU_28830	GO:0046686	1	0.05	0
BSU_17690	GO:0046872	1	0.05	0
BSU_32620	GO:0046872	1	0.05	0
BSU_12290	GO:0005886	1	0.05	0
BSU_06811	GO:0046872	1	0.05	0
BSU_25870	GO:0046872	1	0.05	0
BSU_28750	GO:0003824	1	0.05	0
BSU_39290	GO:0046872	1	0.05	0
BSU_38850	GO:0005886	1	0.05	0
BSU_21570	GO:0046872	1	0.05	0
BSU_02890	GO:0016853	1	0.05	0
BSU_33030	GO:0005886	1	0.05	0
BSU_02890	GO:0030436	1	0.05	0
BSU_26560	GO:0046872	1	0.05	0
BSU_23620	GO:0005829	1	0.05	0
BSU_32700	GO:0030436	1	0.05	0
BSU_16260	GO:0005886	1	0.05	0
BSU_26350	GO:0000150	1	0.05	0
BSU_30080	GO:0005886	1	0.05	0
BSU_33030	GO:0033609	1	0.05	0
BSU_16845	GO:0008270	1	0.05	0
BSU_36060	GO:0033609	1	0.05	0
BSU_15960	GO:0046872	1	0.05	0
BSU_14250	GO:0033609	1	0.05	0
BSU_32670	GO:0030436	1	0.05	0
BSU_18630	GO:0046872	1	0.05	0
BSU_38850	GO:0005886	1	0.05	0
BSU_36380	GO:0016491	1	0.05	0
BSU_12610	GO:0046872	1	0.05	0
BSU_23590	GO:0005886	1	0.05	0
BSU_35970	GO:0046872	1	0.05	0
BSU_08970	GO:0005886	1	0.05	0
BSU_37800	GO:0046872	1	0.05	0
BSU_02890	GO:0046872	1	0.05	0
BSU_08760	GO:0046872	1	0.05	0
BSU_02890	GO:0034023	1	0.05	0
BSU_02890	GO:0045454	1	0.05	0
BSU_08480	GO:0005829	1	0.05	0
BSU_14480	GO:0006526	1	0.05	0
BSU_28530	GO:0045454	1	0.05	0
BSU_07020	GO:0046872	1	0.05	0
BSU_33880	GO:0016301	1	0.05	0
BSU_02890	GO:0016491	1	0.05	0
BSU_09880	GO:0003824	1	0.05	0
BSU_31890	GO:0016887	1	0.05	0
BSU_13210	GO:0016301	1	0.05	0
BSU_06811	GO:0016491	1	0.05	0
BSU_18990	GO:0016491	1	0.05	0
BSU_21570	GO:0004252	1	0.05	0
BSU_25870	GO:0016491	1	0.05	0
BSU_03651	GO:0046872	1	0.05	0
BSU_39290	GO:0016491	1	0.05	0
BSU_40300	GO:0016491	1	0.05	0
BSU_15670	GO:0006526	1	0.05	0
BSU_28830	GO:0046872	1	0.05	0
BSU_28750	GO:0016020	1	0.05	0
BSU_19940	GO:0046872	1	0.05	0
BSU_24770	GO:0016491	1	0.05	0
BSU_08340	GO:0016491	1	0.05	0
BSU_27300	GO:0016301	1	0.05	0
BSU_33029	GO:0046872	1	0.05	0
BSU_06280	GO:0046872	1	0.05	0
BSU_20080	GO:0046872	1	0.05	0
BSU_15120	GO:0046872	1	0.05	0
BSU_27130	GO:0016020	1	0.05	0
BSU_19880	GO:0046872	1	0.05	0
BSU_31220	GO:0045454	1	0.05	0
BSU_31890	GO:0016301	1	0.05	0
BSU_38250	GO:0045454	1	0.05	0
BSU_04120	GO:0016301	1	0.05	0
BSU_20710	GO:0016301	1	0.05	0
BSU_33222	GO:0046872	1	0.05	0
BSU_36570	GO:0046686	1	0.05	0
BSU_23401	GO:0005886	1	0.05	0
BSU_12090	GO:0005886	1	0.05	0
BSU_05630	GO:0008270	1	0.05	0
BSU_32700	GO:0034023	1	0.05	0
BSU_36070	GO:0008360	1	0.05	0
BSU_36060	GO:0008360	1	0.05	0
BSU_39940	GO:0005886	1	0.05	0
BSU_14720	GO:0005886	1	0.05	0
BSU_03690	GO:0005886	1	0.05	0
BSU_27750	GO:0008360	1	0.05	0
BSU_22520	GO:0005886	1	0.05	0
BSU_31910	GO:0046872	1	0.05	0
BSU_07770	GO:0005886	1	0.05	0
BSU_33030	GO:0000150	1	0.05	0
BSU_15090	GO:0000150	1	0.05	0
BSU_36050	GO:0008360	1	0.05	0
BSU_38930	GO:0005886	1	0.05	0
BSU_19610	GO:0005886	1	0.05	0
BSU_12800	GO:0005886	1	0.05	0
BSU_28380	GO:0008360	1	0.05	0
BSU_29780	GO:0005886	1	0.05	0
BSU_22380	GO:0005886	1	0.05	0
BSU_24420	GO:0008360	1	0.05	0
BSU_08760	GO:0008360	1	0.05	0
BSU_20420	GO:0016491	1	0.05	0
BSU_13460	GO:0016787	1	0.05	0
BSU_02890	GO:0042802	1	0.05	0
BSU_12240	GO:0016787	1	0.05	0
BSU_04500	GO:0016787	1	0.05	0
BSU_23590	GO:0000150	1	0.05	0
BSU_17960	GO:0016787	1	0.05	0
BSU_04680	GO:0005886	1	0.05	0
BSU_09180	GO:0046872	1	0.05	0
BSU_12510	GO:0080090	1	0.05	0
BSU_31080	GO:0004553	1	0.05	0
BSU_28830	GO:0005886	1	0.05	0
BSU_36570	GO:0005886	1	0.05	0
BSU_19510	GO:0005886	1	0.05	0
BSU_14250	GO:0008360	1	0.05	0
BSU_19749	GO:0005886	1	0.05	0
BSU_04980	GO:0005886	1	0.05	0
BSU_28380	GO:0005886	1	0.05	0
BSU_36050	GO:0005886	1	0.05	0
BSU_11730	GO:0005886	1	0.05	0
BSU_06850	GO:0005886	1	0.05	0
BSU_23402	GO:0005886	1	0.05	0
BSU_29500	GO:0005886	1	0.05	0
BSU_25220	GO:0005886	1	0.05	0
BSU_39880	GO:0008270	1	0.05	0
BSU_26990	GO:0005886	1	0.05	0
BSU_26960	GO:0005886	1	0.05	0
BSU_31070	GO:0000150	1	0.05	0
BSU_12410	GO:0008270	1	0.05	0
BSU_26950	GO:0005886	1	0.05	0
BSU_26350	GO:0080090	1	0.05	0
BSU_16720	GO:0005886	1	0.05	0
BSU_22290	GO:0005886	1	0.05	0
BSU_27750	GO:0005886	1	0.05	0
BSU_17880	GO:0016491	1	0.05	0
BSU_31590	GO:0005886	1	0.05	0
BSU_32640	GO:0005886	1	0.05	0
BSU_11040	GO:0005886	1	0.05	0
BSU_11070	GO:0005886	1	0.05	0
BSU_32670	GO:0034023	1	0.05	0
BSU_02890	GO:0003824	1	0.05	0
BSU_32700	GO:0003824	1	0.05	0
BSU_36320	GO:0055085	1	0.05	0
BSU_06570	GO:0046872	1	0.05	0
BSU_32670	GO:0003824	1	0.05	0
BSU_19510	GO:0046686	1	0.05	0
BSU_09400	GO:0005886	1	0.05	0
BSU_08760	GO:0005886	1	0.05	0
BSU_09180	GO:0005886	1	0.05	0
BSU_23616	GO:0005886	1	0.05	0
BSU_24420	GO:0005886	1	0.05	0
BSU_31080	GO:0046872	1	0.05	0
BSU_27300	GO:0046872	1	0.05	0
BSU_07020	GO:0005886	1	0.05	0
BSU_36570	GO:0005886	1	0.05	0
BSU_27130	GO:0006465	1	0.05	0
BSU_13060	GO:0009061	1	0.05	0
BSU_28530	GO:0003677	1	0.05	0
BSU_31080	GO:0071555	1	0.05	0
BSU_09920	GO:0009061	1	0.05	0
BSU_27300	GO:0016020	1	0.05	0
BSU_28750	GO:0016020	1	0.05	0
BSU_04120	GO:0005515	1	0.05	0
BSU_14120	GO:0003677	1	0.05	0
BSU_35110	GO:0055085	1	0.05	0
BSU_23090	GO:0016020	1	0.05	0
BSU_02890	GO:0051537	1	0.05	0
BSU_21000	GO:0043565	1	0.05	0
BSU_30430	GO:0016020	1	0.05	0
BSU_09920	GO:0008233	1	0.05	0
BSU_13060	GO:0006605	1	0.05	0
BSU_39880	GO:0004497	1	0.05	0
BSU_13210	GO:0006465	1	0.05	0
BSU_03380	GO:0006465	1	0.05	0
BSU_26560	GO:0003677	1	0.05	0
BSU_04120	GO:0006465	1	0.05	0
BSU_31890	GO:0006465	1	0.05	0
BSU_20710	GO:0005515	1	0.05	0
BSU_10000	GO:0016020	1	0.05	0
BSU_27130	GO:0016020	1	0.05	0
BSU_40300	GO:0051537	1	0.05	0
BSU_39880	GO:0005737	1	0.05	0
BSU_30160	GO:0006465	1	0.05	0
BSU_27750	GO:0003677	1	0.05	0
BSU_12410	GO:0005737	1	0.05	0
BSU_07100	GO:0006465	1	0.05	0
BSU_40300	GO:0003677	1	0.05	0
BSU_13230	GO:0016020	1	0.05	0
BSU_16845	GO:0005737	1	0.05	0
BSU_29720	GO:0016020	1	0.05	0
BSU_33880	GO:0006465	1	0.05	0
BSU_34030	GO:0003677	1	0.05	0
BSU_09920	GO:0006605	1	0.05	0
BSU_32670	GO:0003677	1	0.05	0
BSU_09920	GO:0016020	1	0.05	0
BSU_20710	GO:0016020	1	0.05	0
BSU_25400	GO:0003677	1	0.05	0
BSU_27130	GO:0016020	1	0.05	0
BSU_30430	GO:0016020	1	0.05	0
BSU_04680	GO:0046872	1	0.05	0
BSU_28750	GO:0016020	1	0.05	0
BSU_39950	GO:0003677	1	0.05	0
BSU_40300	GO:0000105	1	0.05	0
BSU_12290	GO:0003824	1	0.05	0
BSU_29720	GO:0016020	1	0.05	0
BSU_02890	GO:0016765	1	0.05	0
BSU_08760	GO:0005886	1	0.05	0
BSU_21000	GO:0003677	1	0.05	0
BSU_33030	GO:0004527	1	0.05	0
BSU_15090	GO:0004527	1	0.05	0
BSU_35100	GO:0055085	1	0.05	0
BSU_13060	GO:0016020	1	0.05	0
BSU_13210	GO:0005515	1	0.05	0
BSU_26560	GO:0005886	1	0.05	0
BSU_32700	GO:0003677	1	0.05	0
BSU_33280	GO:0016020	1	0.05	0
BSU_23590	GO:0030435	1	0.05	0
BSU_28830	GO:0030435	1	0.05	0
BSU_36570	GO:0030435	1	0.05	0
BSU_03500	GO:0008270	1	0.05	0
BSU_23590	GO:0000917	1	0.05	0
BSU_13230	GO:0016020	1	0.05	0
BSU_02890	GO:0003677	1	0.05	0
BSU_08760	GO:0003677	1	0.05	0
BSU_33030	GO:0000917	1	0.05	0
BSU_15090	GO:0000917	1	0.05	0
BSU_19510	GO:0030435	1	0.05	0
BSU_02890	GO:0000105	1	0.05	0
BSU_00630	GO:0009898	1	0.05	0
BSU_12290	GO:0016051	1	0.05	0
BSU_33880	GO:0005515	1	0.05	0
BSU_09110	GO:0016020	1	0.05	0
BSU_38850	GO:0071555	1	0.05	0
BSU_31080	GO:0005886	1	0.05	0
BSU_33030	GO:0005737	1	0.05	0
BSU_31080	GO:0016042	1	0.05	0
BSU_33280	GO:0030435	1	0.05	0
BSU_16260	GO:0005886	1	0.05	0
BSU_02890	GO:0016746	1	0.05	0
BSU_08970	GO:0005886	1	0.05	0
BSU_32620	GO:0003824	1	0.05	0
BSU_06940	GO:0003677	1	0.05	0
BSU_29720	GO:0016020	1	0.05	0
BSU_23590	GO:0005886	1	0.05	0
BSU_25870	GO:0030435	1	0.05	0
BSU_39870	GO:0030435	1	0.05	0
BSU_02890	GO:0003700	1	0.05	0
BSU_07100	GO:0005886	1	0.05	1
BSU_03651	GO:0003824	1	0.05	0
BSU_40140	GO:0030435	1	0.05	0
BSU_08760	GO:0016746	1	0.05	0
BSU_15090	GO:0005737	1	0.05	0
BSU_12290	GO:0005886	1	0.05	0
BSU_32670	GO:0016746	1	0.05	0
BSU_38850	GO:0016042	1	0.05	0
BSU_19510	GO:0005262	1	0.05	0
BSU_30160	GO:0016020	1	0.05	0
BSU_07100	GO:0016020	1	0.05	0
BSU_35450	GO:0005886	1	0.05	0
BSU_33880	GO:0016020	1	0.05	0
BSU_13230	GO:0016020	1	0.05	0
BSU_20710	GO:0016020	1	0.05	0
BSU_04120	GO:0016020	1	0.05	0
BSU_03380	GO:0016020	1	0.05	0
BSU_32700	GO:0016746	1	0.05	0
BSU_31910	GO:0016042	1	0.05	0
BSU_13210	GO:0016020	1	0.05	0
BSU_27300	GO:0016020	1	0.05	0
BSU_38850	GO:0005886	1	0.05	0
BSU_27300	GO:0006465	1	0.05	0
BSU_07020	GO:0005886	1	0.05	0
BSU_26450	GO:0016746	1	0.05	0
BSU_40140	GO:0016020	1	0.05	0
BSU_39870	GO:0016746	1	0.05	0
BSU_05770	GO:0016746	1	0.05	0
BSU_26560	GO:0030435	1	0.05	0
BSU_14120	GO:0030435	1	0.05	0
BSU_07100	GO:0016020	1	0.05	0
BSU_30160	GO:0016020	1	0.05	0
BSU_31220	GO:0003677	1	0.05	0
BSU_09880	GO:0003677	1	0.05	0
BSU_17670	GO:0030435	1	0.05	0
BSU_28100	GO:0030435	1	0.05	0
BSU_09920	GO:0016020	1	0.05	0
BSU_13060	GO:0016020	1	0.05	0
BSU_14930	GO:0003677	1	0.05	0
BSU_23090	GO:0016020	1	0.05	0
BSU_14680	GO:0016746	1	0.05	0
BSU_06380	GO:0016020	1	0.05	0
BSU_29780	GO:0005262	1	0.05	0
BSU_20790	GO:0003700	1	0.05	0
BSU_26350	GO:0003700	1	0.05	0
BSU_00630	GO:0051287	1	0.05	0
BSU_06280	GO:0003677	1	0.05	0
BSU_12410	GO:0004497	1	0.05	0
BSU_24770	GO:0016853	1	0.05	0
BSU_25400	GO:0016746	1	0.05	0
BSU_15090	GO:0003700	1	0.05	0
BSU_33030	GO:0003700	1	0.05	0
BSU_31080	GO:0030435	1	0.05	0
BSU_22380	GO:0005262	1	0.05	0
BSU_07020	GO:0003677	1	0.05	0
BSU_23590	GO:0003700	1	0.05	0
BSU_12290	GO:0016616	1	0.05	0
BSU_23690	GO:0016746	1	0.05	0
BSU_20080	GO:0003677	1	0.05	0
BSU_30430	GO:0016020	1	0.05	0
BSU_01900	GO:0043565	1	0.05	0
BSU_39790	GO:0016787	1	0.05	0
BSU_22380	GO:0005886	1	0.05	0
BSU_12410	GO:0006281	1	0.05	0
BSU_36070	GO:0005515	1	0.05	0
BSU_19510	GO:0005886	1	0.05	0
BSU_07100	GO:0046872	1	0.05	0
BSU_38250	GO:0005829	1	0.05	0
BSU_16845	GO:0006281	1	0.05	0
BSU_13210	GO:0016887	1	0.05	0
BSU_17940	GO:0005886	1	0.05	0
BSU_08970	GO:0005886	1	0.05	0
BSU_04070	GO:0005886	1	0.05	0
BSU_02890	GO:0005886	1	0.05	0
BSU_30160	GO:0046872	1	0.05	0
BSU_02890	GO:0003949	1	0.05	0
BSU_23590	GO:0005886	1	0.05	0
BSU_04820	GO:0006259	1	0.05	0
BSU_36060	GO:0005515	1	0.05	0
BSU_14250	GO:0005515	1	0.05	0
BSU_08480	GO:0008270	1	0.05	0
BSU_33880	GO:0046872	1	0.05	0
BSU_33029	GO:0006281	1	0.05	0
BSU_08760	GO:0006281	1	0.05	0
BSU_35130	GO:0055085	1	0.05	0
BSU_32620	GO:0006281	1	0.05	0
BSU_04120	GO:0046872	1	0.05	0
BSU_26560	GO:0006281	1	0.05	0
BSU_39840	GO:0005829	1	0.05	0
BSU_07100	GO:0016787	1	0.05	0
BSU_30160	GO:0016787	1	0.05	0
BSU_17940	GO:0005886	1	0.05	0
BSU_39940	GO:0071555	1	0.05	0
BSU_31910	GO:0005886	1	0.05	0
BSU_05630	GO:0006281	1	0.05	0
BSU_06811	GO:0005886	1	0.05	0
BSU_39880	GO:0006281	1	0.05	0
BSU_26350	GO:0006355	1	0.05	0
BSU_09110	GO:0016787	1	0.05	0
BSU_20080	GO:0006281	1	0.05	0
BSU_25870	GO:0003824	1	0.05	0
BSU_08760	GO:0005886	1	0.05	0
BSU_13210	GO:0016020	1	0.05	0
BSU_36570	GO:0005886	1	0.05	0
BSU_33880	GO:0016887	1	0.05	0
BSU_04120	GO:0016020	1	0.05	0
BSU_20710	GO:0016020	1	0.05	0
BSU_33130	GO:0055085	1	0.05	0
BSU_13210	GO:0055085	1	0.05	0
BSU_31910	GO:0005886	1	0.05	0
BSU_28830	GO:0005886	1	0.05	0
BSU_04120	GO:0055085	1	0.05	0
BSU_20710	GO:0055085	1	0.05	0
BSU_33880	GO:0055085	1	0.05	0
BSU_13240	GO:0005886	1	0.05	0
BSU_40300	GO:0003824	1	0.05	0
BSU_13230	GO:0016787	1	0.05	0
BSU_04070	GO:0005886	1	0.05	0
BSU_29720	GO:0046872	1	0.05	0
BSU_20710	GO:0016887	1	0.05	0
BSU_38850	GO:0005886	1	0.05	0
BSU_10000	GO:0016787	1	0.05	0
BSU_28830	GO:0005886	1	0.05	0
BSU_33250	GO:0016020	1	0.05	0
BSU_06811	GO:0005886	1	0.05	0
BSU_18630	GO:0008270	1	0.05	0
BSU_13240	GO:0005886	1	0.05	0
BSU_02890	GO:0003824	1	0.05	0
BSU_22380	GO:0005886	1	0.05	0
BSU_09110	GO:0046872	1	0.05	0
BSU_02890	GO:0009058	1	0.05	0
BSU_27300	GO:0016020	1	0.05	0
BSU_19510	GO:0005886	1	0.05	0
BSU_06280	GO:0005886	1	0.05	0
BSU_13230	GO:0046872	1	0.05	0
BSU_04120	GO:0016887	1	0.05	0
BSU_40140	GO:0016020	1	0.05	0
BSU_03380	GO:0046872	1	0.05	0
BSU_15120	GO:0006281	1	0.05	0
BSU_11110	GO:0008289	1	0.05	1
BSU_14480	GO:0003700	1	0.05	0
BSU_36070	GO:0005576	1	0.05	0
BSU_36060	GO:0005576	1	0.05	0
BSU_04680	GO:0006556	1	0.05	0
BSU_33030	GO:0005886	1	0.05	0
BSU_14250	GO:0005576	1	0.05	0
BSU_40300	GO:0016853	1	0.05	0
BSU_00630	GO:0006285	1	0.05	0
BSU_15090	GO:0000976	1	0.05	0
BSU_33030	GO:0000976	1	0.05	0
BSU_09920	GO:0016757	1	0.05	0
BSU_25870	GO:0004252	1	0.05	0
BSU_01900	GO:0046872	1	0.05	0
BSU_12290	GO:0005886	1	0.05	0
BSU_04820	GO:0003700	1	0.05	0
BSU_31070	GO:0000976	1	0.05	0
BSU_13460	GO:0016020	1	0.05	0
BSU_02890	GO:0019516	1	0.05	0
BSU_26350	GO:0000976	1	0.05	0
BSU_12510	GO:0000976	1	0.05	0
BSU_12290	GO:0051537	1	0.05	0
BSU_03651	GO:0005829	1	0.05	0
BSU_40140	GO:0016020	1	0.05	0
BSU_12410	GO:0046872	1	0.05	1
BSU_20790	GO:0000976	1	0.05	0
BSU_01900	GO:0005829	1	0.05	0
BSU_08970	GO:0005829	1	0.05	0
BSU_06190	GO:0055085	1	0.05	0
BSU_35120	GO:0055085	1	0.05	0
BSU_03250	GO:0043565	1	0.05	0
BSU_02710	GO:0043565	1	0.05	0
BSU_06200	GO:0055085	1	0.05	0
BSU_19830	GO:0046872	1	0.05	0
BSU_31080	GO:0005886	1	0.05	0
BSU_19940	GO:0006281	1	0.05	0
BSU_24930	GO:0055085	1	0.05	0
BSU_15090	GO:0006259	1	0.05	0
BSU_19880	GO:0006281	1	0.05	0
BSU_29520	GO:0055085	1	0.05	0
BSU_06170	GO:0006281	1	0.05	0
BSU_25870	GO:0016853	1	0.05	0
BSU_17940	GO:0006281	1	0.05	0
BSU_03380	GO:0016787	1	0.05	0
BSU_03250	GO:0016787	1	0.05	0
BSU_19830	GO:0006281	1	0.05	0
BSU_02710	GO:0016787	1	0.05	0
BSU_03250	GO:0046872	1	0.05	0
BSU_04280	GO:0055085	1	0.05	0
BSU_01900	GO:0016787	1	0.05	0
BSU_28830	GO:0006281	1	0.05	0
BSU_33560	GO:0055085	1	0.05	0
BSU_06570	GO:0016787	1	0.05	0
BSU_06380	GO:0016787	1	0.05	0
BSU_23590	GO:0000976	1	0.05	0
BSU_16260	GO:0005886	1	0.05	0
BSU_08970	GO:0005886	1	0.05	0
BSU_31220	GO:0005829	1	0.05	0
BSU_33030	GO:0006259	1	0.05	0
BSU_33130	GO:0016020	1	0.05	0
BSU_03651	GO:0006281	1	0.05	0
BSU_23590	GO:0005886	1	0.05	0
BSU_38850	GO:0005886	1	0.05	0
BSU_21000	GO:0016787	1	0.05	0
BSU_25880	GO:0003824	0	0.0	0
BSU_07040	GO:0003824	0	0.0	0
BSU_06970	GO:0003824	0	0.0	0
BSU_04990	GO:0005886	0	0.0	0
BSU_25890	GO:0003824	0	0.0	0
BSU_19660	GO:0006508	0	0.0	0
BSU_07030	GO:0003824	0	0.0	0
BSU_33110	GO:0005886	0	0.0	0
BSU_14820	GO:0005886	0	0.0	0
BSU_18960	GO:0003824	0	0.0	0
BSU_34210	GO:0016705	0	0.0	0
BSU_26030	GO:0006508	0	0.0	0
BSU_36910	GO:0005886	0	0.0	0
BSU_29679	GO:0003824	0	0.0	0
BSU_28460	GO:0003824	0	0.0	0
BSU_32090	GO:0005886	0	0.0	0
BSU_18380	GO:0071555	0	0.0	0
BSU_40180	GO:0005886	0	0.0	0
BSU_19030	GO:0003824	0	0.0	0
BSU_26170	GO:0005886	0	0.0	0
BSU_06180	GO:0005886	0	0.0	0
BSU_24940	GO:0005886	0	0.0	0
BSU_02900	GO:0047533	0	0.0	0
BSU_38820	GO:0003824	0	0.0	0
BSU_28320	GO:0005886	0	0.0	0
BSU_17020	GO:0005886	0	0.0	0
BSU_12850	GO:0005886	0	0.0	0
BSU_34740	GO:0016491	0	0.0	0
BSU_38080	GO:0005886	0	0.0	0
new_3036310_3036529_c	GO:0005576	0	0.0	0
BSU_18060	GO:0005576	0	0.0	0
BSU_39220	GO:0005576	0	0.0	0
BSU_40180	GO:0005576	0	0.0	0
BSU_26030	GO:0051726	0	0.0	0
BSU_19780	GO:0005886	0	0.0	0
BSU_34810	GO:0005886	0	0.0	0
BSU_02910	GO:0047533	0	0.0	0
BSU_11382	GO:0005886	0	0.0	0
BSU_22280	GO:0005886	0	0.0	0
BSU_02940	GO:0047533	0	0.0	0
BSU_06180	GO:0047533	0	0.0	0
BSU_02900	GO:0005886	0	0.0	0
BSU_26230	GO:0047533	0	0.0	0
BSU_10600	GO:0016491	0	0.0	0
BSU_11382	GO:0005886	0	0.0	0
BSU_06210	GO:0047533	0	0.0	0
BSU_21390	GO:0005886	0	0.0	0
BSU_misc_RNA_2	GO:0005886	0	0.0	0
BSU_10600	GO:0047533	0	0.0	0
BSU_02940	GO:0003824	0	0.0	0
BSU_08670	GO:0071555	0	0.0	0
BSU_02900	GO:0003824	0	0.0	0
BSU_02910	GO:0003824	0	0.0	0
BSU_39250	GO:0003824	0	0.0	0
BSU_06970	GO:0005886	0	0.0	0
BSU_06210	GO:0005886	0	0.0	0
BSU_07040	GO:0005886	0	0.0	0
BSU_15970	GO:0005886	0	0.0	0
BSU_40180	GO:0003824	0	0.0	0
BSU_misc_RNA_2	GO:0005886	0	0.0	0
BSU_18060	GO:0003824	0	0.0	0
BSU_07030	GO:0005886	0	0.0	0
BSU_19290	GO:0003824	0	0.0	0
BSU_06210	GO:0005886	0	0.0	0
BSU_34840	GO:0005886	0	0.0	0
BSU_37450	GO:0003824	0	0.0	0
BSU_33120	GO:0005886	0	0.0	0
BSU_06210	GO:0003824	0	0.0	0
BSU_13050	GO:0005886	0	0.0	0
BSU_26310	GO:0005886	0	0.0	0
BSU_26230	GO:0003824	0	0.0	0
BSU_34840	GO:0005886	0	0.0	0
BSU_35870	GO:0005886	0	0.0	0
BSU_06970	GO:0005886	0	0.0	0
BSU_10780	GO:0005886	0	0.0	0
BSU_11381	GO:0005886	0	0.0	0
BSU_20800	GO:0003824	0	0.0	0
BSU_39580	GO:0005886	0	0.0	0
BSU_21600	GO:0003824	0	0.0	0
BSU_38030	GO:0003824	0	0.0	0
BSU_31740	GO:0005886	0	0.0	0
BSU_00650	GO:0005886	0	0.0	0
BSU_17320	GO:0005886	0	0.0	0
BSU_13050	GO:0005886	0	0.0	0
BSU_26030	GO:0003746	0	0.0	0
BSU_02910	GO:0005886	0	0.0	0
BSU_31900	GO:0005886	0	0.0	0
BSU_12170	GO:0047533	0	0.0	0
BSU_18060	GO:0047533	0	0.0	0
BSU_12280	GO:0047533	0	0.0	0
BSU_37360	GO:0005886	0	0.0	0
BSU_34810	GO:0006950	0	0.0	0
BSU_40600	GO:0005886	0	0.0	0
BSU_21510	GO:0005576	0	0.0	0
BSU_23700	GO:0005576	0	0.0	0
BSU_37950	GO:0005886	0	0.0	0
BSU_40590	GO:0005886	0	0.0	0
BSU_40470	GO:0005886	0	0.0	0
BSU_27910	GO:0016740	0	0.0	0
BSU_18380	GO:0005576	0	0.0	0
BSU_40610	GO:0005886	0	0.0	0
BSU_08940	GO:0005886	0	0.0	0
BSU_14100	GO:0003824	0	0.0	0
BSU_20850	GO:0003824	0	0.0	0
BSU_misc_RNA_35	GO:0005886	0	0.0	0
BSU_26030	GO:0005886	0	0.0	0
BSU_14629	GO:0047533	0	0.0	0
BSU_11920	GO:0005886	0	0.0	0
new_1056384_1056537	GO:0003824	0	0.0	0
BSU_26030	GO:0016020	0	0.0	0
BSU_14130	GO:0003824	0	0.0	0
BSU_26030	GO:0042802	0	0.0	0
BSU_40580	GO:0005886	0	0.0	0
BSU_13320	GO:0005886	0	0.0	0
BSU_13330	GO:0005886	0	0.0	0
BSU_34840	GO:0005576	0	0.0	0
BSU_35319	GO:0005576	0	0.0	0
BSU_14110	GO:0003824	0	0.0	0
BSU_35239	GO:0005576	0	0.0	0
BSU_22570	GO:0003824	0	0.0	0
BSU_39690	GO:0003824	0	0.0	0
BSU_18950	GO:0005576	0	0.0	0
BSU_01520	GO:0005576	0	0.0	0
BSU_21520	GO:0005576	0	0.0	0
BSU_33120	GO:0005886	0	0.0	0
BSU_34740	GO:0047533	0	0.0	0
BSU_26310	GO:0005886	0	0.0	0
BSU_02910	GO:0005886	0	0.0	0
BSU_34810	GO:0005886	0	0.0	0
BSU_38030	GO:0005886	0	0.0	0
BSU_17320	GO:0005886	0	0.0	0
BSU_23300	GO:0005576	0	0.0	0
BSU_14629	GO:0016491	0	0.0	0
BSU_34740	GO:0016491	0	0.0	0
BSU_37450	GO:0005886	0	0.0	0
BSU_20690	GO:0005886	0	0.0	0
BSU_19770	GO:0005886	0	0.0	0
BSU_26310	GO:0005886	0	0.0	0
BSU_11382	GO:0005886	0	0.0	0
BSU_34740	GO:0005886	0	0.0	0
BSU_20860	GO:0005886	0	0.0	0
BSU_19660	GO:0005886	0	0.0	0
BSU_06180	GO:0016407	0	0.0	0
BSU_09980	GO:0005886	0	0.0	0
BSU_17320	GO:0016740	0	0.0	0
BSU_15970	GO:0005886	0	0.0	0
BSU_39220	GO:0003824	0	0.0	0
BSU_34740	GO:0016407	0	0.0	0
BSU_12500	GO:0005576	0	0.0	0
BSU_18060	GO:0016491	0	0.0	0
BSU_18960	GO:0005576	0	0.0	0
BSU_34840	GO:0016740	0	0.0	0
BSU_12280	GO:0016491	0	0.0	0
BSU_34210	GO:0016740	0	0.0	0
BSU_28700	GO:0003824	0	0.0	0
BSU_14130	GO:0005975	0	0.0	0
BSU_34740	GO:0004784	0	0.0	0
BSU_40860	GO:0003824	0	0.0	0
BSU_26310	GO:0046872	0	0.0	0
BSU_34740	GO:0003933	0	0.0	0
BSU_08670	GO:0003824	0	0.0	0
BSU_02910	GO:0003933	0	0.0	0
BSU_misc_RNA_41	GO:0046872	0	0.0	0
BSU_misc_RNA_32	GO:0046872	0	0.0	0
BSU_06180	GO:0003933	0	0.0	0
BSU_39580	GO:0046872	0	0.0	0
BSU_40180	GO:0003824	0	0.0	0
BSU_28700	GO:0003824	0	0.0	0
G8J2-20	GO:0046872	0	0.0	0
BSU_06210	GO:0003933	0	0.0	0
BSU_34740	GO:0003824	0	0.0	0
BSU_37450	GO:0003824	0	0.0	0
BSU_37360	GO:0005829	0	0.0	0
BSU_17400	GO:0005829	0	0.0	0
BSU_12280	GO:0005829	0	0.0	0
BSU_misc_RNA_67	GO:0005829	0	0.0	0
BSU_16640	GO:0005829	0	0.0	0
BSU_14100	GO:0005829	0	0.0	0
BSU_18060	GO:0003824	0	0.0	0
BSU_tRNA_48	GO:0046872	0	0.0	0
new_1399409_1400187	GO:0005829	0	0.0	0
BSU_12170	GO:0016491	0	0.0	0
BSU_37450	GO:0016491	0	0.0	0
BSU_tRNA_48	GO:0016491	0	0.0	0
BSU_07190	GO:0016491	0	0.0	0
BSU_08870	GO:0016491	0	0.0	0
BSU_10600	GO:0016491	0	0.0	0
BSU_14820	GO:0016491	0	0.0	0
BSU_20030	GO:0016491	0	0.0	0
BSU_14629	GO:0016491	0	0.0	0
BSU_27230	GO:0016491	0	0.0	0
BSU_18060	GO:0016491	0	0.0	0
BSU_27380	GO:0046872	0	0.0	0
BSU_12280	GO:0016491	0	0.0	0
BSU_13050	GO:0046872	0	0.0	0
BSU_14160	GO:0046872	0	0.0	0
BSU_06970	GO:0003933	0	0.0	0
BSU_08670	GO:0046872	0	0.0	0
BSU_19820	GO:0046872	0	0.0	0
BSU_17020	GO:0046872	0	0.0	0
BSU_39220	GO:0003933	0	0.0	0
BSU_34740	GO:0046872	0	0.0	0
BSU_06210	GO:0003824	0	0.0	0
BSU_13360	GO:0005829	0	0.0	0
BSU_13050	GO:0016491	0	0.0	0
BSU_28320	GO:0005886	0	0.0	0
BSU_17020	GO:0030435	0	0.0	0
BSU_26170	GO:0005886	0	0.0	0
BSU_14820	GO:0005886	0	0.0	0
BSU_02930	GO:0005886	0	0.0	0
BSU_02940	GO:0005886	0	0.0	0
BSU_02900	GO:0005886	0	0.0	0
BSU_31900	GO:0005886	0	0.0	0
BSU_13050	GO:0005886	0	0.0	0
BSU_33120	GO:0005886	0	0.0	0
BSU_32090	GO:0005886	0	0.0	0
BSU_06180	GO:0030435	0	0.0	0
BSU_13330	GO:0005886	0	0.0	0
BSU_13320	GO:0005886	0	0.0	0
BSU_37950	GO:0005886	0	0.0	0
BSU_misc_RNA_2	GO:0005886	0	0.0	0
BSU_21390	GO:0005886	0	0.0	0
BSU_34840	GO:0005886	0	0.0	0
BSU_07030	GO:0005886	0	0.0	0
BSU_07040	GO:0005886	0	0.0	0
BSU_06970	GO:0005886	0	0.0	0
BSU_28700	GO:0016747	0	0.0	0
BSU_06210	GO:0030435	0	0.0	0
BSU_14160	GO:0005829	0	0.0	0
BSU_02940	GO:0003824	0	0.0	0
BSU_13050	GO:0005829	0	0.0	0
BSU_33120	GO:0005829	0	0.0	0
BSU_34740	GO:0005829	0	0.0	0
BSU_37450	GO:0005829	0	0.0	0
BSU_tRNA_48	GO:0005829	0	0.0	0
BSU_06180	GO:0005829	0	0.0	0
BSU_15970	GO:0005829	0	0.0	0
BSU_26310	GO:0005829	0	0.0	0
BSU_06180	GO:0003824	0	0.0	0
BSU_02900	GO:0003824	0	0.0	0
BSU_06970	GO:0016747	0	0.0	0
BSU_02910	GO:0003824	0	0.0	0
BSU_39220	GO:0003824	0	0.0	0
BSU_06970	GO:0003824	0	0.0	0
BSU_38030	GO:0016747	0	0.0	0
BSU_39250	GO:0016747	0	0.0	0
BSU_14100	GO:0016747	0	0.0	0
BSU_20850	GO:0016747	0	0.0	0
new_1056384_1056537	GO:0016747	0	0.0	0
BSU_14130	GO:0016747	0	0.0	0
BSU_misc_RNA_55	GO:0016491	0	0.0	0
BSU_14160	GO:0016491	0	0.0	0
BSU_25890	GO:0046872	0	0.0	0
BSU_06210	GO:0006355	0	0.0	0
BSU_06210	GO:0003677	0	0.0	0
BSU_26030	GO:0016020	0	0.0	0
BSU_06180	GO:0003677	0	0.0	0
BSU_02910	GO:0003677	0	0.0	0
BSU_34740	GO:0003677	0	0.0	0
BSU_02910	GO:0006355	0	0.0	0
BSU_02900	GO:0006355	0	0.0	0
BSU_02940	GO:0006355	0	0.0	0
BSU_06180	GO:0006355	0	0.0	0
BSU_26310	GO:0006355	0	0.0	0
BSU_16610	GO:0005737	0	0.0	0
BSU_35319	GO:0006355	0	0.0	0
BSU_35239	GO:0006355	0	0.0	0
BSU_06970	GO:0006355	0	0.0	0
BSU_34740	GO:0006355	0	0.0	0
BSU_39220	GO:0003677	0	0.0	0
BSU_34210	GO:0016740	0	0.0	0
BSU_27910	GO:0016740	0	0.0	0
BSU_39690	GO:0016747	0	0.0	0
BSU_07030	GO:0016747	0	0.0	0
BSU_26310	GO:0003677	0	0.0	0
BSU_26030	GO:0005737	0	0.0	0
BSU_00650	GO:0046677	0	0.0	0
BSU_14130	GO:0046872	0	0.0	0
BSU_29679	GO:0046872	0	0.0	0
BSU_28460	GO:0046872	0	0.0	0
BSU_14110	GO:0046872	0	0.0	0
BSU_38030	GO:0046872	0	0.0	0
BSU_39250	GO:0046872	0	0.0	0
BSU_38820	GO:0046872	0	0.0	0
BSU_14100	GO:0046872	0	0.0	0
BSU_20850	GO:0046872	0	0.0	0
new_1056384_1056537	GO:0046872	0	0.0	0
BSU_06970	GO:0046872	0	0.0	0
BSU_26020	GO:0046872	0	0.0	0
BSU_28700	GO:0046872	0	0.0	0
BSU_39220	GO:0046872	0	0.0	0
BSU_02910	GO:0046872	0	0.0	0
BSU_02900	GO:0046872	0	0.0	0
BSU_02940	GO:0046872	0	0.0	0
BSU_21600	GO:0046872	0	0.0	0
BSU_20800	GO:0046872	0	0.0	0
BSU_26230	GO:0046872	0	0.0	0
BSU_06210	GO:0046872	0	0.0	0
BSU_07040	GO:0016747	0	0.0	0
BSU_17320	GO:0046677	0	0.0	0
BSU_13360	GO:0016491	0	0.0	0
BSU_40280	GO:0016491	0	0.0	0
BSU_14460	GO:0016491	0	0.0	0
BSU_39220	GO:0016491	0	0.0	0
BSU_39620	GO:0016491	0	0.0	0
BSU_06260	GO:0016491	0	0.0	0
BSU_05730	GO:0016491	0	0.0	0
BSU_11990	GO:0016491	0	0.0	0
BSU_06250	GO:0016491	0	0.0	0
BSU_13330	GO:0016491	0	0.0	0
BSU_13320	GO:0016491	0	0.0	0
BSU_40270	GO:0016491	0	0.0	0
BSU_39580	GO:0005524	0	0.0	0
BSU_35610	GO:0016491	0	0.0	0
BSU_35609	GO:0016491	0	0.0	0
BSU_37360	GO:0016491	0	0.0	0
BSU_17400	GO:0016491	0	0.0	0
BSU_misc_RNA_67	GO:0016491	0	0.0	0
BSU_16640	GO:0016491	0	0.0	0
BSU_14100	GO:0016491	0	0.0	0
BSU_26020	GO:0016491	0	0.0	0
new_1399409_1400187	GO:0016491	0	0.0	0
BSU_13819	GO:0016491	0	0.0	0
BSU_misc_RNA_32	GO:0005524	0	0.0	0
BSU_misc_RNA_32	GO:0046677	0	0.0	0
BSU_14130	GO:0005524	0	0.0	0
BSU_misc_RNA_41	GO:0046677	0	0.0	0
BSU_27380	GO:0046677	0	0.0	0
BSU_31030	GO:0046677	0	0.0	0
BSU_25890	GO:0016747	0	0.0	0
BSU_25880	GO:0016747	0	0.0	0
BSU_29679	GO:0016747	0	0.0	0
BSU_08670	GO:0005524	0	0.0	0
BSU_13050	GO:0005524	0	0.0	0
BSU_34740	GO:0005524	0	0.0	0
BSU_37450	GO:0005524	0	0.0	0
BSU_misc_RNA_41	GO:0005524	0	0.0	0
BSU_tRNA_48	GO:0005524	0	0.0	0
G8J2-20	GO:0005524	0	0.0	0
BSU_35319	GO:0005524	0	0.0	0
BSU_35239	GO:0005524	0	0.0	0
BSU_10780	GO:0005524	0	0.0	0
BSU_13200	GO:0005524	0	0.0	0
BSU_24760	GO:0005524	0	0.0	0
BSU_19450	GO:0005524	0	0.0	0
BSU_26310	GO:0005524	0	0.0	0
BSU_34740	GO:0005886	0	0.0	0
BSU_11381	GO:0005886	0	0.0	0
BSU_11382	GO:0005886	0	0.0	0
BSU_26030	GO:0032259	0	0.0	0
BSU_06210	GO:0005829	0	0.0	0
BSU_34740	GO:0005829	0	0.0	0
BSU_26310	GO:0005886	0	0.0	0
BSU_11382	GO:0005886	0	0.0	0
BSU_26030	GO:0000156	0	0.0	0
BSU_34740	GO:0005886	0	0.0	0
BSU_15970	GO:0005886	0	0.0	0
BSU_33120	GO:0005886	0	0.0	0
BSU_19660	GO:0032259	0	0.0	0
BSU_31740	GO:0046677	0	0.0	0
BSU_06180	GO:0005829	0	0.0	0
BSU_misc_RNA_2	GO:0046677	0	0.0	0
BSU_37450	GO:0046677	0	0.0	0
BSU_26020	GO:0046677	0	0.0	0
BSU_13050	GO:0046677	0	0.0	0
BSU_23700	GO:0046677	0	0.0	0
BSU_21510	GO:0046677	0	0.0	0
BSU_18950	GO:0046677	0	0.0	0
BSU_01520	GO:0046677	0	0.0	0
BSU_21520	GO:0046677	0	0.0	0
BSU_16610	GO:0004527	0	0.0	0
BSU_02910	GO:0005829	0	0.0	0
BSU_20430	GO:0046677	0	0.0	0
BSU_06970	GO:0004725	0	0.0	0
BSU_06210	GO:0004725	0	0.0	0
BSU_26230	GO:0004725	0	0.0	0
BSU_06180	GO:0004725	0	0.0	0
BSU_02940	GO:0004725	0	0.0	0
BSU_02900	GO:0004725	0	0.0	0
BSU_02910	GO:0004725	0	0.0	0
BSU_34740	GO:0004725	0	0.0	0
BSU_39220	GO:0004725	0	0.0	0
BSU_28700	GO:0004725	0	0.0	0
BSU_14130	GO:0004725	0	0.0	0
BSU_39220	GO:0005829	0	0.0	0
new_1056384_1056537	GO:0004725	0	0.0	0
BSU_20850	GO:0004725	0	0.0	0
BSU_14100	GO:0004725	0	0.0	0
BSU_39250	GO:0004725	0	0.0	0
BSU_38030	GO:0004725	0	0.0	0
BSU_29679	GO:0004725	0	0.0	0
BSU_25880	GO:0004725	0	0.0	0
BSU_25890	GO:0004725	0	0.0	0
BSU_07040	GO:0004725	0	0.0	0
BSU_20440	GO:0046677	0	0.0	0
BSU_23720	GO:0046677	0	0.0	0
BSU_39580	GO:0005886	0	0.0	0
new_1399409_1400187	GO:0016491	0	0.0	0
BSU_08870	GO:0016491	0	0.0	0
BSU_07190	GO:0016491	0	0.0	0
BSU_tRNA_48	GO:0016491	0	0.0	0
BSU_37450	GO:0016491	0	0.0	0
BSU_misc_RNA_55	GO:0016491	0	0.0	0
BSU_28700	GO:0003677	0	0.0	0
BSU_13050	GO:0016491	0	0.0	0
BSU_14160	GO:0016491	0	0.0	0
BSU_13360	GO:0016491	0	0.0	0
BSU_26020	GO:0016491	0	0.0	0
BSU_14820	GO:0016491	0	0.0	0
BSU_14100	GO:0016491	0	0.0	0
BSU_16640	GO:0016491	0	0.0	0
BSU_misc_RNA_67	GO:0016491	0	0.0	0
BSU_17400	GO:0016491	0	0.0	0
BSU_37360	GO:0016491	0	0.0	0
BSU_35609	GO:0016491	0	0.0	0
BSU_06970	GO:0003677	0	0.0	0
BSU_35610	GO:0016491	0	0.0	0
BSU_40270	GO:0016491	0	0.0	0
BSU_10600	GO:0016491	0	0.0	0
BSU_20030	GO:0016491	0	0.0	0
BSU_18960	GO:0046677	0	0.0	0
BSU_06210	GO:0003677	0	0.0	0
BSU_12500	GO:0046677	0	0.0	0
BSU_13800	GO:0046677	0	0.0	0
BSU_10470	GO:0046677	0	0.0	0
BSU_09810	GO:0046677	0	0.0	0
BSU_23300	GO:0046677	0	0.0	0
BSU_23650	GO:0046677	0	0.0	0
BSU_23680	GO:0046677	0	0.0	0
BSU_23660	GO:0046677	0	0.0	0
BSU_26310	GO:0003677	0	0.0	0
BSU_06180	GO:0003677	0	0.0	0
BSU_14629	GO:0016491	0	0.0	0
BSU_02940	GO:0003677	0	0.0	0
BSU_02900	GO:0003677	0	0.0	0
BSU_02910	GO:0003677	0	0.0	0
BSU_34740	GO:0003677	0	0.0	0
BSU_39220	GO:0003677	0	0.0	0
BSU_12280	GO:0016491	0	0.0	0
BSU_18060	GO:0016491	0	0.0	0
BSU_12170	GO:0016491	0	0.0	0
BSU_27230	GO:0016491	0	0.0	0
BSU_10780	GO:0004725	0	0.0	0
BSU_34840	GO:0004725	0	0.0	0
BSU_misc_RNA_41	GO:0004725	0	0.0	0
BSU_15970	GO:0005886	0	0.0	0
BSU_15970	GO:0000034	0	0.0	0
BSU_misc_RNA_2	GO:0000034	0	0.0	0
BSU_31740	GO:0000034	0	0.0	0
BSU_26310	GO:0000034	0	0.0	0
BSU_16610	GO:0005829	0	0.0	0
BSU_02910	GO:0016747	0	0.0	0
BSU_02900	GO:0016747	0	0.0	0
BSU_02940	GO:0016747	0	0.0	0
BSU_06180	GO:0016747	0	0.0	0
BSU_26230	GO:0016747	0	0.0	0
BSU_13050	GO:0000034	0	0.0	0
BSU_06210	GO:0016747	0	0.0	0
BSU_33120	GO:0005886	0	0.0	0
BSU_26310	GO:0005886	0	0.0	0
BSU_12850	GO:0005886	0	0.0	0
BSU_19660	GO:0006779	0	0.0	0
BSU_38030	GO:0005886	0	0.0	0
BSU_37450	GO:0005886	0	0.0	0
BSU_20690	GO:0005886	0	0.0	0
BSU_19770	GO:0005886	0	0.0	0
BSU_37450	GO:0000034	0	0.0	0
BSU_23700	GO:0000034	0	0.0	0
BSU_misc_RNA_32	GO:0004725	0	0.0	0
BSU_40610	GO:0005886	0	0.0	0
BSU_31740	GO:0005886	0	0.0	0
BSU_00650	GO:0005886	0	0.0	0
BSU_17320	GO:0005886	0	0.0	0
BSU_34810	GO:0005886	0	0.0	0
BSU_02910	GO:0005886	0	0.0	0
BSU_22280	GO:0005886	0	0.0	0
BSU_12850	GO:0005886	0	0.0	0
BSU_40600	GO:0005886	0	0.0	0
BSU_40590	GO:0005886	0	0.0	0
BSU_40580	GO:0005886	0	0.0	0
BSU_21510	GO:0000034	0	0.0	0
BSU_26310	GO:0005886	0	0.0	0
BSU_34740	GO:0016783	0	0.0	0
BSU_39220	GO:0016747	0	0.0	0
BSU_06180	GO:0016783	0	0.0	0
BSU_34740	GO:0016747	0	0.0	0
BSU_17020	GO:0030435	0	0.0	0
BSU_19660	GO:0044550	0	0.0	0
BSU_19660	GO:0004659	0	0.0	0
BSU_18950	GO:0000034	0	0.0	0
BSU_20860	GO:0005886	0	0.0	0
BSU_09980	GO:0005886	0	0.0	0
BSU_08940	GO:0005886	0	0.0	0
BSU_02910	GO:0005886	0	0.0	0
BSU_34840	GO:0005886	0	0.0	0
BSU_07030	GO:0005886	0	0.0	0
BSU_07040	GO:0005886	0	0.0	0
BSU_06970	GO:0005886	0	0.0	0
BSU_11381	GO:0005886	0	0.0	0
BSU_39580	GO:0005886	0	0.0	0
BSU_31740	GO:0005886	0	0.0	0
BSU_00650	GO:0005886	0	0.0	0
BSU_17320	GO:0005886	0	0.0	0
BSU_22280	GO:0005886	0	0.0	0
BSU_misc_RNA_35	GO:0005886	0	0.0	0
BSU_12850	GO:0005886	0	0.0	0
BSU_38080	GO:0005886	0	0.0	0
BSU_40600	GO:0005886	0	0.0	0
BSU_40590	GO:0005886	0	0.0	0
BSU_40610	GO:0005886	0	0.0	0
BSU_40580	GO:0005886	0	0.0	0
BSU_19450	GO:0004725	0	0.0	0
BSU_24760	GO:0004725	0	0.0	0
BSU_13200	GO:0004725	0	0.0	0
BSU_21390	GO:0005886	0	0.0	0
BSU_misc_RNA_2	GO:0005886	0	0.0	0
BSU_37950	GO:0005886	0	0.0	0
BSU_40470	GO:0005886	0	0.0	0
BSU_37360	GO:0005886	0	0.0	0
BSU_11920	GO:0005886	0	0.0	0
BSU_06210	GO:0005886	0	0.0	0
BSU_24940	GO:0005886	0	0.0	0
BSU_04990	GO:0005886	0	0.0	0
BSU_33110	GO:0005886	0	0.0	0
BSU_40180	GO:0005886	0	0.0	0
BSU_26170	GO:0005886	0	0.0	0
BSU_14820	GO:0005886	0	0.0	0
BSU_02930	GO:0005886	0	0.0	0
BSU_02940	GO:0005886	0	0.0	0
BSU_02900	GO:0005886	0	0.0	0
BSU_31900	GO:0005886	0	0.0	0
BSU_13050	GO:0005886	0	0.0	0
BSU_28320	GO:0005886	0	0.0	0
BSU_32090	GO:0005886	0	0.0	0
BSU_36910	GO:0005886	0	0.0	0
BSU_13330	GO:0005886	0	0.0	0
BSU_13320	GO:0005886	0	0.0	0
BSU_25880	GO:0046872	0	0.0	0
BSU_18960	GO:0046872	0	0.0	0
BSU_06180	GO:0004784	0	0.0	0
BSU_31740	GO:0005886	0	0.0	0
BSU_40590	GO:0005886	0	0.0	0
BSU_40600	GO:0005886	0	0.0	0
BSU_38080	GO:0005886	0	0.0	0
BSU_12850	GO:0005886	0	0.0	0
BSU_22280	GO:0005886	0	0.0	0
BSU_02910	GO:0005886	0	0.0	0
BSU_34810	GO:0005886	0	0.0	0
BSU_17320	GO:0005886	0	0.0	0
BSU_00650	GO:0005886	0	0.0	0
BSU_39580	GO:0005886	0	0.0	0
BSU_40580	GO:0005886	0	0.0	0
BSU_11381	GO:0005886	0	0.0	0
BSU_06970	GO:0005886	0	0.0	0
BSU_07040	GO:0005886	0	0.0	0
BSU_07030	GO:0005886	0	0.0	0
BSU_34840	GO:0005886	0	0.0	0
BSU_21390	GO:0005886	0	0.0	0
BSU_misc_RNA_2	GO:0005886	0	0.0	0
BSU_37950	GO:0005886	0	0.0	0
BSU_40470	GO:0005886	0	0.0	0
BSU_40610	GO:0005886	0	0.0	0
BSU_26310	GO:0003735	0	0.0	0
BSU_13330	GO:0005886	0	0.0	0
BSU_07720	GO:0030435	0	0.0	0
BSU_38790	GO:0030435	0	0.0	0
BSU_18780	GO:0030435	0	0.0	0
BSU_14750	GO:0030435	0	0.0	0
BSU_14940	GO:0030435	0	0.0	0
BSU_34740	GO:0008840	0	0.0	0
BSU_20580	GO:0030435	0	0.0	0
BSU_26820	GO:0030435	0	0.0	0
BSU_27190	GO:0030435	0	0.0	0
BSU_07735	GO:0030435	0	0.0	0
BSU_38350	GO:0030435	0	0.0	0
BSU_12850	GO:0030435	0	0.0	0
BSU_34830	GO:0030435	0	0.0	0
BSU_39580	GO:0030435	0	0.0	0
BSU_11381	GO:0030435	0	0.0	0
BSU_misc_RNA_55	GO:0030435	0	0.0	0
BSU_27380	GO:0003735	0	0.0	0
BSU_35390	GO:0030435	0	0.0	0
BSU_19290	GO:0030435	0	0.0	0
new_3036310_3036529_c	GO:0030435	0	0.0	0
G8J2-20	GO:0030435	0	0.0	0
BSU_13320	GO:0005886	0	0.0	0
BSU_36910	GO:0005886	0	0.0	0
BSU_33410	GO:0030435	0	0.0	0
BSU_02910	GO:0071793	0	0.0	0
BSU_39250	GO:0071793	0	0.0	0
BSU_14100	GO:0071793	0	0.0	0
BSU_20850	GO:0071793	0	0.0	0
new_1056384_1056537	GO:0071793	0	0.0	0
BSU_14130	GO:0071793	0	0.0	0
BSU_17020	GO:0043595	0	0.0	0
BSU_06970	GO:0071793	0	0.0	0
BSU_28700	GO:0071793	0	0.0	0
BSU_39220	GO:0071793	0	0.0	0
BSU_02900	GO:0071793	0	0.0	0
BSU_38030	GO:0005886	0	0.0	0
BSU_02940	GO:0071793	0	0.0	0
BSU_06180	GO:0071793	0	0.0	0
BSU_26230	GO:0071793	0	0.0	0
BSU_06210	GO:0071793	0	0.0	0
BSU_14629	GO:0071793	0	0.0	0
BSU_34740	GO:0071793	0	0.0	0
BSU_26310	GO:0005886	0	0.0	0
BSU_02910	GO:0005886	0	0.0	0
BSU_34810	GO:0005886	0	0.0	0
BSU_38030	GO:0071793	0	0.0	0
BSU_37450	GO:0005886	0	0.0	0
BSU_32090	GO:0005886	0	0.0	0
BSU_33110	GO:0005886	0	0.0	0
BSU_28320	GO:0005886	0	0.0	0
BSU_13050	GO:0005886	0	0.0	0
BSU_31900	GO:0005886	0	0.0	0
BSU_02900	GO:0005886	0	0.0	0
BSU_02940	GO:0005886	0	0.0	0
BSU_02930	GO:0005886	0	0.0	0
BSU_14820	GO:0005886	0	0.0	0
BSU_26170	GO:0005886	0	0.0	0
BSU_40180	GO:0005886	0	0.0	0
BSU_04990	GO:0005886	0	0.0	0
BSU_20690	GO:0005886	0	0.0	0
BSU_24940	GO:0005886	0	0.0	0
BSU_06210	GO:0005886	0	0.0	0
BSU_11920	GO:0005886	0	0.0	0
BSU_37360	GO:0005886	0	0.0	0
BSU_misc_RNA_35	GO:0005886	0	0.0	0
BSU_08940	GO:0005886	0	0.0	0
BSU_09980	GO:0005886	0	0.0	0
BSU_20860	GO:0005886	0	0.0	0
BSU_19770	GO:0005886	0	0.0	0
BSU_05100	GO:0030435	0	0.0	0
BSU_11990	GO:0030435	0	0.0	0
BSU_19030	GO:0046872	0	0.0	0
BSU_07030	GO:0005886	0	0.0	0
BSU_02940	GO:0005886	0	0.0	0
BSU_02930	GO:0005886	0	0.0	0
BSU_06210	GO:0005975	0	0.0	0
BSU_misc_RNA_2	GO:0005886	0	0.0	0
BSU_14820	GO:0005886	0	0.0	0
BSU_26170	GO:0005886	0	0.0	0
BSU_40180	GO:0005886	0	0.0	0
BSU_21390	GO:0005886	0	0.0	0
BSU_34840	GO:0005886	0	0.0	0
BSU_07040	GO:0005886	0	0.0	0
BSU_31900	GO:0005886	0	0.0	0
BSU_33110	GO:0005886	0	0.0	0
BSU_04990	GO:0005886	0	0.0	0
BSU_24940	GO:0005886	0	0.0	0
BSU_06210	GO:0005886	0	0.0	0
BSU_06970	GO:0005886	0	0.0	0
BSU_11381	GO:0005886	0	0.0	0
BSU_39580	GO:0005886	0	0.0	0
BSU_11920	GO:0005886	0	0.0	0
BSU_31740	GO:0005886	0	0.0	0
BSU_02900	GO:0005886	0	0.0	0
BSU_13050	GO:0016757	0	0.0	0
BSU_17320	GO:0005886	0	0.0	0
BSU_39220	GO:0005975	0	0.0	0
BSU_20850	GO:0005975	0	0.0	0
BSU_14100	GO:0005975	0	0.0	0
BSU_06970	GO:0005975	0	0.0	0
BSU_37950	GO:0005886	0	0.0	0
BSU_40470	GO:0005886	0	0.0	0
BSU_28700	GO:0005975	0	0.0	0
BSU_07040	GO:0005975	0	0.0	0
BSU_07030	GO:0005975	0	0.0	0
BSU_13320	GO:0005886	0	0.0	0
BSU_13330	GO:0005886	0	0.0	0
BSU_06180	GO:0005975	0	0.0	0
BSU_34740	GO:0005975	0	0.0	0
BSU_36910	GO:0005886	0	0.0	0
BSU_32090	GO:0005886	0	0.0	0
BSU_02910	GO:0005975	0	0.0	0
BSU_28320	GO:0005886	0	0.0	0
BSU_02900	GO:0005975	0	0.0	0
BSU_02940	GO:0005975	0	0.0	0
BSU_39580	GO:0016757	0	0.0	0
BSU_13050	GO:0005886	0	0.0	0
BSU_00650	GO:0005886	0	0.0	0
BSU_02910	GO:0005886	0	0.0	0
BSU_02040	GO:0030435	0	0.0	0
BSU_07480	GO:0030435	0	0.0	0
BSU_misc_RNA_2	GO:0003735	0	0.0	0
BSU_15970	GO:0003735	0	0.0	0
BSU_21560	GO:0030435	0	0.0	0
BSU_21520	GO:0030435	0	0.0	0
BSU_39590	GO:0030435	0	0.0	0
BSU_02050	GO:0030435	0	0.0	0
BSU_39900	GO:0030435	0	0.0	0
BSU_39910	GO:0030435	0	0.0	0
BSU_28890	GO:0030435	0	0.0	0
BSU_37360	GO:0030435	0	0.0	0
new_1045199_1045317	GO:0030435	0	0.0	0
BSU_22810	GO:0030435	0	0.0	0
BSU_25880	GO:0030435	0	0.0	0
BSU_25890	GO:0030435	0	0.0	0
BSU_17250	GO:0030435	0	0.0	0
BSU_17240	GO:0030435	0	0.0	0
BSU_21530	GO:0030435	0	0.0	0
BSU_21540	GO:0030435	0	0.0	0
BSU_19030	GO:0030435	0	0.0	0
BSU_24650	GO:0030435	0	0.0	0
BSU_09700	GO:0030435	0	0.0	0
BSU_11910	GO:0030435	0	0.0	0
BSU_22280	GO:0005886	0	0.0	0
BSU_37450	GO:0005886	0	0.0	0
BSU_37360	GO:0005886	0	0.0	0
BSU_misc_RNA_35	GO:0005886	0	0.0	0
BSU_08940	GO:0005886	0	0.0	0
BSU_09980	GO:0005886	0	0.0	0
BSU_12850	GO:0005886	0	0.0	0
BSU_38080	GO:0005886	0	0.0	0
BSU_20860	GO:0005886	0	0.0	0
BSU_19770	GO:0005886	0	0.0	0
BSU_20690	GO:0005886	0	0.0	0
BSU_38030	GO:0005886	0	0.0	0
BSU_04990	GO:0030435	0	0.0	0
BSU_40600	GO:0005886	0	0.0	0
BSU_40590	GO:0005886	0	0.0	0
BSU_40610	GO:0005886	0	0.0	0
BSU_40580	GO:0005886	0	0.0	0
BSU_17020	GO:0030435	0	0.0	0
BSU_06210	GO:0030435	0	0.0	0
BSU_26230	GO:0030435	0	0.0	0
BSU_34840	GO:0030435	0	0.0	0
BSU_40180	GO:0030435	0	0.0	0
BSU_39580	GO:0005886	0	0.0	0
BSU_11382	GO:0005886	0	0.0	0
BSU_34740	GO:0005886	0	0.0	0
BSU_32930	GO:0008270	0	0.0	0
BSU_04530	GO:0008270	0	0.0	0
BSU_04536	GO:0008270	0	0.0	0
BSU_07530	GO:0008270	0	0.0	0
BSU_01600	GO:0008270	0	0.0	0
BSU_05899	GO:0008270	0	0.0	0
BSU_22036	GO:0008270	0	0.0	0
BSU_05890	GO:0008270	0	0.0	0
BSU_13360	GO:0008270	0	0.0	0
new_1399409_1400187	GO:0008270	0	0.0	0
BSU_17400	GO:0008270	0	0.0	0
BSU_misc_RNA_69	GO:0008270	0	0.0	0
BSU_19300	GO:0008270	0	0.0	0
BSU_31740	GO:0008270	0	0.0	0
BSU_17020	GO:0030435	0	0.0	0
BSU_06180	GO:0030435	0	0.0	0
BSU_06210	GO:0030435	0	0.0	0
BSU_26230	GO:0030435	0	0.0	0
BSU_34840	GO:0030435	0	0.0	0
BSU_40180	GO:0030435	0	0.0	0
BSU_04990	GO:0030435	0	0.0	0
BSU_14160	GO:0008270	0	0.0	0
BSU_14840	GO:0008270	0	0.0	0
BSU_09700	GO:0030435	0	0.0	0
BSU_19870	GO:0046872	0	0.0	0
BSU_misc_RNA_32	GO:0046872	0	0.0	0
BSU_34740	GO:0046872	0	0.0	0
BSU_17020	GO:0046872	0	0.0	0
BSU_19820	GO:0046872	0	0.0	0
BSU_19900	GO:0046872	0	0.0	0
BSU_19850	GO:0046872	0	0.0	0
BSU_19920	GO:0046872	0	0.0	0
BSU_19910	GO:0046872	0	0.0	0
BSU_19930	GO:0046872	0	0.0	0
BSU_34210	GO:0004497	0	0.0	0
BSU_03359	GO:0008270	0	0.0	0
BSU_12280	GO:0005829	0	0.0	0
BSU_18060	GO:0005829	0	0.0	0
BSU_39580	GO:0008270	0	0.0	0
G8J2-20	GO:0008270	0	0.0	0
BSU_tRNA_48	GO:0008270	0	0.0	0
BSU_27380	GO:0008270	0	0.0	0
BSU_31030	GO:0008270	0	0.0	0
BSU_misc_RNA_41	GO:0008270	0	0.0	0
BSU_misc_RNA_32	GO:0008270	0	0.0	0
BSU_11910	GO:0030435	0	0.0	0
BSU_12170	GO:0005829	0	0.0	0
BSU_06970	GO:0005886	0	0.0	0
new_1045199_1045317	GO:0005886	0	0.0	0
BSU_26030	GO:0090529	0	0.0	0
BSU_17020	GO:0005886	0	0.0	0
BSU_06210	GO:0005886	0	0.0	0
BSU_26230	GO:0005886	0	0.0	0
BSU_34840	GO:0005886	0	0.0	0
BSU_40180	GO:0005886	0	0.0	0
BSU_04990	GO:0005886	0	0.0	0
BSU_11910	GO:0005886	0	0.0	0
BSU_27380	GO:0110001	0	0.0	0
BSU_09700	GO:0005886	0	0.0	0
BSU_16640	GO:0005829	0	0.0	0
BSU_21560	GO:0005886	0	0.0	0
BSU_39580	GO:0003677	0	0.0	0
BSU_34810	GO:0003677	0	0.0	0
BSU_02910	GO:0003677	0	0.0	0
BSU_26030	GO:0046872	0	0.0	0
BSU_22570	GO:0046872	0	0.0	0
BSU_39690	GO:0046872	0	0.0	0
BSU_07030	GO:0046872	0	0.0	0
BSU_07040	GO:0046872	0	0.0	0
BSU_misc_RNA_67	GO:0005829	0	0.0	0
BSU_14100	GO:0005829	0	0.0	0
BSU_39590	GO:0030435	0	0.0	0
BSU_14820	GO:0005829	0	0.0	0
BSU_39900	GO:0030435	0	0.0	0
BSU_39910	GO:0030435	0	0.0	0
BSU_07480	GO:0030435	0	0.0	0
BSU_37360	GO:0030435	0	0.0	0
BSU_25880	GO:0030435	0	0.0	0
BSU_25890	GO:0030435	0	0.0	0
BSU_27230	GO:0005829	0	0.0	0
BSU_14629	GO:0005829	0	0.0	0
BSU_20030	GO:0005829	0	0.0	0
BSU_10600	GO:0005829	0	0.0	0
BSU_26020	GO:0005829	0	0.0	0
BSU_08870	GO:0005829	0	0.0	0
BSU_07190	GO:0005829	0	0.0	0
BSU_tRNA_48	GO:0005829	0	0.0	0
BSU_37450	GO:0005829	0	0.0	0
BSU_misc_RNA_55	GO:0005829	0	0.0	0
BSU_13050	GO:0005829	0	0.0	0
BSU_14160	GO:0005829	0	0.0	0
BSU_13360	GO:0005829	0	0.0	0
new_1399409_1400187	GO:0005829	0	0.0	0
BSU_misc_RNA_41	GO:0046872	0	0.0	0
BSU_27380	GO:0046872	0	0.0	0
BSU_tRNA_48	GO:0046872	0	0.0	0
BSU_14100	GO:0016746	0	0.0	0
BSU_07030	GO:0016746	0	0.0	0
BSU_07040	GO:0016746	0	0.0	0
BSU_02930	GO:0005886	0	0.0	0
BSU_25890	GO:0016746	0	0.0	0
BSU_25880	GO:0016746	0	0.0	0
BSU_29679	GO:0016746	0	0.0	0
BSU_38030	GO:0016746	0	0.0	0
BSU_39250	GO:0016746	0	0.0	0
BSU_19660	GO:0005737	0	0.0	0
BSU_20850	GO:0016746	0	0.0	0
BSU_26030	GO:0005886	0	0.0	0
new_1056384_1056537	GO:0016746	0	0.0	0
BSU_14130	GO:0016746	0	0.0	0
BSU_06970	GO:0016746	0	0.0	0
BSU_28700	GO:0016746	0	0.0	0
BSU_39220	GO:0016746	0	0.0	0
BSU_34740	GO:0016746	0	0.0	0
BSU_17320	GO:0003677	0	0.0	0
BSU_10780	GO:0003677	0	0.0	0
BSU_02910	GO:0016746	0	0.0	0
BSU_39690	GO:0016746	0	0.0	0
BSU_40180	GO:0006508	0	0.0	0
G8J2-20	GO:0046872	0	0.0	0
BSU_35239	GO:0006508	0	0.0	0
BSU_16610	GO:0006364	0	0.0	0
BSU_misc_RNA_2	GO:0005886	0	0.0	0
BSU_15970	GO:0005886	0	0.0	0
BSU_34840	GO:0016757	0	0.0	0
BSU_19450	GO:0016757	0	0.0	0
BSU_24760	GO:0016757	0	0.0	0
BSU_13200	GO:0016757	0	0.0	0
BSU_34740	GO:0016757	0	0.0	0
BSU_33120	GO:0005886	0	0.0	0
BSU_35319	GO:0006508	0	0.0	0
BSU_23300	GO:0006508	0	0.0	0
BSU_34840	GO:0006508	0	0.0	0
BSU_18380	GO:0006508	0	0.0	0
BSU_23700	GO:0006508	0	0.0	0
BSU_21510	GO:0006508	0	0.0	0
BSU_18950	GO:0006508	0	0.0	0
BSU_01520	GO:0006508	0	0.0	0
BSU_21520	GO:0006508	0	0.0	0
BSU_18960	GO:0006508	0	0.0	0
BSU_12500	GO:0006508	0	0.0	0
BSU_02900	GO:0016746	0	0.0	0
BSU_02940	GO:0016746	0	0.0	0
BSU_06180	GO:0016746	0	0.0	0
BSU_40580	GO:0003677	0	0.0	0
BSU_06180	GO:0003677	0	0.0	0
BSU_21600	GO:0003677	0	0.0	0
BSU_20800	GO:0003677	0	0.0	0
BSU_26230	GO:0003677	0	0.0	0
BSU_06210	GO:0003677	0	0.0	0
BSU_misc_RNA_35	GO:0003677	0	0.0	0
BSU_40600	GO:0003677	0	0.0	0
BSU_40590	GO:0003677	0	0.0	0
BSU_40610	GO:0003677	0	0.0	0
BSU_26310	GO:0003677	0	0.0	0
BSU_39690	GO:0003677	0	0.0	0
BSU_19660	GO:0006605	0	0.0	0
BSU_00650	GO:0046872	0	0.0	0
BSU_17320	GO:0046872	0	0.0	0
BSU_37450	GO:0046872	0	0.0	0
BSU_34740	GO:0030436	0	0.0	0
BSU_39580	GO:0046872	0	0.0	0
BSU_31740	GO:0046872	0	0.0	0
BSU_06180	GO:0030436	0	0.0	0
BSU_26310	GO:0046872	0	0.0	0
BSU_02940	GO:0003677	0	0.0	0
BSU_02900	GO:0003677	0	0.0	0
BSU_02910	GO:0003677	0	0.0	0
BSU_34740	GO:0003677	0	0.0	0
BSU_07030	GO:0003677	0	0.0	0
BSU_07040	GO:0003677	0	0.0	0
BSU_26230	GO:0016746	0	0.0	0
BSU_06210	GO:0016746	0	0.0	0
BSU_19030	GO:0003677	0	0.0	0
BSU_18960	GO:0003677	0	0.0	0
BSU_25890	GO:0003677	0	0.0	0
BSU_25880	GO:0003677	0	0.0	0
BSU_29679	GO:0003677	0	0.0	0
BSU_14110	GO:0003677	0	0.0	0
BSU_38030	GO:0003677	0	0.0	0
BSU_39250	GO:0003677	0	0.0	0
BSU_14100	GO:0003677	0	0.0	0
BSU_20850	GO:0003677	0	0.0	0
new_1056384_1056537	GO:0003677	0	0.0	0
BSU_14130	GO:0003677	0	0.0	0
BSU_06970	GO:0003677	0	0.0	0
BSU_28700	GO:0003677	0	0.0	0
BSU_39220	GO:0003677	0	0.0	0
BSU_40280	GO:0016491	0	0.0	0
BSU_13320	GO:0016491	0	0.0	0
BSU_13330	GO:0016491	0	0.0	0
BSU_13330	GO:0005886	0	0.0	0
BSU_14820	GO:0005886	0	0.0	0
BSU_02930	GO:0005886	0	0.0	0
BSU_02940	GO:0005886	0	0.0	0
BSU_02900	GO:0005886	0	0.0	0
BSU_31900	GO:0005886	0	0.0	0
BSU_13050	GO:0005886	0	0.0	0
BSU_28320	GO:0005886	0	0.0	0
BSU_32090	GO:0005886	0	0.0	0
BSU_36910	GO:0005886	0	0.0	0
BSU_13320	GO:0005886	0	0.0	0
BSU_40180	GO:0005886	0	0.0	0
BSU_40470	GO:0005886	0	0.0	0
BSU_37950	GO:0005886	0	0.0	0
BSU_misc_RNA_2	GO:0005886	0	0.0	0
BSU_21390	GO:0005886	0	0.0	0
BSU_34840	GO:0005886	0	0.0	0
BSU_07030	GO:0005886	0	0.0	0
BSU_07040	GO:0005886	0	0.0	0
BSU_06970	GO:0005886	0	0.0	0
BSU_11381	GO:0005886	0	0.0	0
BSU_26170	GO:0005886	0	0.0	0
BSU_33110	GO:0005886	0	0.0	0
BSU_39580	GO:0005886	0	0.0	0
BSU_19770	GO:0005886	0	0.0	0
BSU_19780	GO:0030435	0	0.0	0
BSU_27910	GO:0000271	0	0.0	0
BSU_34210	GO:0000271	0	0.0	0
BSU_34840	GO:0000271	0	0.0	0
BSU_17320	GO:0000271	0	0.0	0
BSU_38030	GO:0005886	0	0.0	0
BSU_37450	GO:0005886	0	0.0	0
BSU_20690	GO:0005886	0	0.0	0
BSU_34740	GO:0003723	0	0.0	0
BSU_20860	GO:0005886	0	0.0	0
BSU_04990	GO:0005886	0	0.0	0
BSU_09980	GO:0005886	0	0.0	0
BSU_08940	GO:0005886	0	0.0	0
BSU_misc_RNA_35	GO:0005886	0	0.0	0
BSU_39580	GO:0005886	0	0.0	0
BSU_12280	GO:0005886	0	0.0	0
BSU_37360	GO:0005886	0	0.0	0
BSU_11920	GO:0005886	0	0.0	0
BSU_06210	GO:0005886	0	0.0	0
BSU_24940	GO:0005886	0	0.0	0
BSU_19660	GO:0140663	0	0.0	0
BSU_31740	GO:0005886	0	0.0	0
BSU_18380	GO:0005576	0	0.0	0
BSU_02930	GO:0005886	0	0.0	0
BSU_37360	GO:0005886	0	0.0	0
BSU_11920	GO:0005886	0	0.0	0
BSU_06210	GO:0005886	0	0.0	0
BSU_24940	GO:0005886	0	0.0	0
BSU_04990	GO:0005886	0	0.0	0
BSU_33110	GO:0005886	0	0.0	0
BSU_40180	GO:0005886	0	0.0	0
BSU_26170	GO:0005886	0	0.0	0
BSU_14820	GO:0005886	0	0.0	0
BSU_02940	GO:0005886	0	0.0	0
BSU_08940	GO:0005886	0	0.0	0
BSU_02900	GO:0005886	0	0.0	0
BSU_31900	GO:0005886	0	0.0	0
BSU_13050	GO:0005886	0	0.0	0
BSU_28320	GO:0005886	0	0.0	0
BSU_32090	GO:0005886	0	0.0	0
BSU_36910	GO:0005886	0	0.0	0
BSU_13330	GO:0005886	0	0.0	0
BSU_13320	GO:0005886	0	0.0	0
BSU_40470	GO:0005886	0	0.0	0
BSU_misc_RNA_35	GO:0005886	0	0.0	0
BSU_09980	GO:0005886	0	0.0	0
BSU_00650	GO:0005886	0	0.0	0
BSU_26030	GO:0005886	0	0.0	0
BSU_17320	GO:0005886	0	0.0	0
BSU_02910	GO:0005886	0	0.0	0
BSU_22280	GO:0005886	0	0.0	0
BSU_12850	GO:0005886	0	0.0	0
BSU_38080	GO:0005886	0	0.0	0
BSU_40600	GO:0005886	0	0.0	0
BSU_40590	GO:0005886	0	0.0	0
BSU_40610	GO:0005886	0	0.0	0
BSU_40580	GO:0005886	0	0.0	0
BSU_19660	GO:0005886	0	0.0	0
BSU_20860	GO:0005886	0	0.0	0
BSU_15970	GO:0005737	0	0.0	0
BSU_19660	GO:0030152	0	0.0	0
BSU_26310	GO:0005737	0	0.0	0
BSU_26030	GO:0030152	0	0.0	0
new_3036310_3036529_c	GO:0016837	0	0.0	0
BSU_18380	GO:0016837	0	0.0	0
BSU_18060	GO:0016837	0	0.0	0
BSU_39220	GO:0016837	0	0.0	0
BSU_19770	GO:0005886	0	0.0	0
BSU_39220	GO:0005576	0	0.0	0
BSU_19660	GO:0006400	0	0.0	0
BSU_06250	GO:0016491	0	0.0	0
BSU_09700	GO:0030435	0	0.0	0
BSU_22270	GO:0005737	0	0.0	0
BSU_17020	GO:0030435	0	0.0	0
BSU_06210	GO:0030435	0	0.0	0
BSU_26230	GO:0030435	0	0.0	0
BSU_34840	GO:0030435	0	0.0	0
BSU_40180	GO:0030435	0	0.0	0
BSU_04990	GO:0030435	0	0.0	0
BSU_11910	GO:0030435	0	0.0	0
new_1045199_1045317	GO:0030435	0	0.0	0
BSU_21560	GO:0030435	0	0.0	0
BSU_14100	GO:0005737	0	0.0	0
BSU_21520	GO:0030435	0	0.0	0
BSU_39590	GO:0030435	0	0.0	0
BSU_02050	GO:0030435	0	0.0	0
BSU_39900	GO:0030435	0	0.0	0
BSU_39910	GO:0030435	0	0.0	0
BSU_28890	GO:0030435	0	0.0	0
BSU_07480	GO:0030435	0	0.0	0
BSU_37360	GO:0030435	0	0.0	0
BSU_22810	GO:0030435	0	0.0	0
BSU_14110	GO:0005737	0	0.0	0
BSU_24940	GO:0005737	0	0.0	0
BSU_25890	GO:0030435	0	0.0	0
BSU_19890	GO:0005737	0	0.0	0
BSU_19900	GO:0005737	0	0.0	0
BSU_06180	GO:0016740	0	0.0	0
BSU_19850	GO:0005737	0	0.0	0
BSU_19920	GO:0005737	0	0.0	0
BSU_19910	GO:0005737	0	0.0	0
BSU_19930	GO:0005737	0	0.0	0
BSU_19870	GO:0005737	0	0.0	0
BSU_19970	GO:0005737	0	0.0	0
BSU_19860	GO:0005737	0	0.0	0
BSU_14160	GO:0005737	0	0.0	0
BSU_14130	GO:0005737	0	0.0	0
BSU_13360	GO:0005737	0	0.0	0
new_1399409_1400187	GO:0005737	0	0.0	0
BSU_13050	GO:0005737	0	0.0	0
BSU_12170	GO:0005737	0	0.0	0
BSU_27230	GO:0005737	0	0.0	0
new_3036310_3036529_c	GO:0005737	0	0.0	0
BSU_23700	GO:0005737	0	0.0	0
BSU_12850	GO:0005737	0	0.0	0
BSU_22280	GO:0005737	0	0.0	0
BSU_25880	GO:0030435	0	0.0	0
BSU_17250	GO:0030435	0	0.0	0
BSU_34740	GO:0016835	0	0.0	0
BSU_19770	GO:0003700	0	0.0	0
new_3036310_3036529_c	GO:0030435	0	0.0	0
G8J2-20	GO:0030435	0	0.0	0
BSU_12850	GO:0030435	0	0.0	0
BSU_26030	GO:0005737	0	0.0	0
BSU_19660	GO:0005737	0	0.0	0
BSU_14629	GO:0016491	0	0.0	0
BSU_11382	GO:0072488	0	0.0	0
BSU_15970	GO:0003700	0	0.0	0
BSU_20860	GO:0003700	0	0.0	0
BSU_37450	GO:0003700	0	0.0	0
BSU_35390	GO:0030435	0	0.0	0
BSU_39580	GO:0003700	0	0.0	0
BSU_34810	GO:0003700	0	0.0	0
BSU_17320	GO:0003700	0	0.0	0
BSU_02910	GO:0003700	0	0.0	0
BSU_34840	GO:0003700	0	0.0	0
new_1399409_1400187	GO:0016491	0	0.0	0
BSU_13360	GO:0016491	0	0.0	0
BSU_14160	GO:0016491	0	0.0	0
BSU_06180	GO:0009098	0	0.0	0
BSU_19290	GO:0030435	0	0.0	0
BSU_misc_RNA_55	GO:0030435	0	0.0	0
BSU_17240	GO:0030435	0	0.0	0
BSU_18780	GO:0030435	0	0.0	0
BSU_21530	GO:0030435	0	0.0	0
BSU_21540	GO:0030435	0	0.0	0
BSU_19030	GO:0030435	0	0.0	0
BSU_24650	GO:0030435	0	0.0	0
BSU_02040	GO:0030435	0	0.0	0
BSU_11990	GO:0030435	0	0.0	0
BSU_33410	GO:0030435	0	0.0	0
BSU_05100	GO:0030435	0	0.0	0
BSU_38790	GO:0030435	0	0.0	0
BSU_14750	GO:0030435	0	0.0	0
BSU_11381	GO:0030435	0	0.0	0
BSU_14940	GO:0030435	0	0.0	0
BSU_20580	GO:0030435	0	0.0	0
BSU_26820	GO:0030435	0	0.0	0
BSU_27190	GO:0030435	0	0.0	0
BSU_07735	GO:0030435	0	0.0	0
BSU_07720	GO:0030435	0	0.0	0
BSU_38350	GO:0030435	0	0.0	0
BSU_34830	GO:0030435	0	0.0	0
BSU_39580	GO:0030435	0	0.0	0
BSU_37950	GO:0005886	0	0.0	0
BSU_misc_RNA_2	GO:0005886	0	0.0	0
BSU_21390	GO:0005886	0	0.0	0
BSU_34740	GO:0005886	0	0.0	0
BSU_22280	GO:0005886	0	0.0	0
BSU_02910	GO:0005886	0	0.0	0
BSU_34810	GO:0005886	0	0.0	0
BSU_17320	GO:0005886	0	0.0	0
BSU_00650	GO:0005886	0	0.0	0
BSU_31740	GO:0005886	0	0.0	0
BSU_39580	GO:0005886	0	0.0	0
BSU_11382	GO:0005886	0	0.0	0
BSU_11381	GO:0005886	0	0.0	0
BSU_06970	GO:0005886	0	0.0	0
BSU_26310	GO:0005886	0	0.0	0
BSU_07040	GO:0005886	0	0.0	0
BSU_07030	GO:0005886	0	0.0	0
BSU_34840	GO:0005886	0	0.0	0
BSU_misc_RNA_2	GO:0005886	0	0.0	0
BSU_15970	GO:0005886	0	0.0	0
BSU_37950	GO:0005886	0	0.0	0
BSU_13320	GO:0005886	0	0.0	0
BSU_13330	GO:0005886	0	0.0	0
BSU_28320	GO:0005886	0	0.0	0
BSU_12850	GO:0005886	0	0.0	0
BSU_31900	GO:0005886	0	0.0	0
BSU_13050	GO:0005886	0	0.0	0
BSU_34810	GO:0005886	0	0.0	0
BSU_19760	GO:0071978	0	0.0	0
BSU_misc_RNA_41	GO:0071978	0	0.0	0
BSU_misc_RNA_32	GO:0071978	0	0.0	0
BSU_19660	GO:0016746	0	0.0	0
BSU_27910	GO:0008880	0	0.0	0
BSU_34740	GO:0005886	0	0.0	0
BSU_26310	GO:0005886	0	0.0	0
BSU_12850	GO:0005886	0	0.0	0
BSU_02910	GO:0005886	0	0.0	0
BSU_17320	GO:0005886	0	0.0	0
BSU_13050	GO:0005886	0	0.0	0
BSU_39580	GO:0005886	0	0.0	0
BSU_11382	GO:0005886	0	0.0	0
BSU_11381	GO:0005886	0	0.0	0
BSU_34740	GO:0005886	0	0.0	0
BSU_06970	GO:0005886	0	0.0	0
BSU_34840	GO:0005886	0	0.0	0
BSU_misc_RNA_2	GO:0005886	0	0.0	0
BSU_15970	GO:0005886	0	0.0	0
BSU_33120	GO:0005886	0	0.0	0
BSU_33120	GO:0005886	0	0.0	0
BSU_31900	GO:0005886	0	0.0	0
BSU_34840	GO:0005886	0	0.0	0
BSU_13050	GO:0016787	0	0.0	0
BSU_18960	GO:0016787	0	0.0	0
BSU_23720	GO:0016787	0	0.0	0
BSU_20430	GO:0016787	0	0.0	0
BSU_20440	GO:0016787	0	0.0	0
BSU_21520	GO:0016787	0	0.0	0
BSU_01520	GO:0016787	0	0.0	0
BSU_18950	GO:0016787	0	0.0	0
BSU_21510	GO:0016787	0	0.0	0
BSU_23700	GO:0016787	0	0.0	0
BSU_26020	GO:0016787	0	0.0	0
BSU_13800	GO:0016787	0	0.0	0
BSU_37450	GO:0016787	0	0.0	0
BSU_misc_RNA_2	GO:0016787	0	0.0	0
BSU_31740	GO:0016787	0	0.0	0
BSU_15970	GO:0005737	0	0.0	0
BSU_26310	GO:0005737	0	0.0	0
BSU_08670	GO:0005737	0	0.0	0
BSU_34740	GO:0005737	0	0.0	0
BSU_19660	GO:0046872	0	0.0	0
BSU_26030	GO:0046872	0	0.0	0
BSU_12500	GO:0016787	0	0.0	0
BSU_10470	GO:0016787	0	0.0	0
BSU_02900	GO:0005886	0	0.0	0
BSU_40600	GO:0016787	0	0.0	0
BSU_02940	GO:0005886	0	0.0	0
BSU_02930	GO:0005886	0	0.0	0
BSU_06210	GO:0030170	0	0.0	0
BSU_27910	GO:0030170	0	0.0	0
BSU_34740	GO:0006064	0	0.0	0
BSU_40180	GO:0030170	0	0.0	0
BSU_08670	GO:0030170	0	0.0	0
BSU_17400	GO:0016787	0	0.0	0
BSU_38080	GO:0016787	0	0.0	0
BSU_40590	GO:0016787	0	0.0	0
BSU_09810	GO:0016787	0	0.0	0
BSU_40610	GO:0016787	0	0.0	0
BSU_40580	GO:0016787	0	0.0	0
BSU_19470	GO:0016787	0	0.0	0
BSU_22210	GO:0016787	0	0.0	0
G8J2-20	GO:0016787	0	0.0	0
BSU_23660	GO:0016787	0	0.0	0
BSU_23680	GO:0016787	0	0.0	0
BSU_23650	GO:0016787	0	0.0	0
BSU_23300	GO:0016787	0	0.0	0
BSU_26310	GO:0005886	0	0.0	0
BSU_35390	GO:0071978	0	0.0	0
BSU_11910	GO:0071978	0	0.0	0
BSU_19920	GO:0046872	0	0.0	0
BSU_14160	GO:0046872	0	0.0	0
BSU_13050	GO:0005886	0	0.0	0
BSU_28320	GO:0005886	0	0.0	0
BSU_19890	GO:0046872	0	0.0	0
BSU_19860	GO:0046872	0	0.0	0
BSU_19970	GO:0046872	0	0.0	0
BSU_19870	GO:0046872	0	0.0	0
BSU_19930	GO:0046872	0	0.0	0
BSU_19910	GO:0046872	0	0.0	0
BSU_19850	GO:0046872	0	0.0	0
new_1399409_1400187	GO:0046872	0	0.0	0
BSU_32090	GO:0005886	0	0.0	0
BSU_19900	GO:0046872	0	0.0	0
BSU_19820	GO:0046872	0	0.0	0
BSU_36910	GO:0005886	0	0.0	0
BSU_13330	GO:0005886	0	0.0	0
BSU_13320	GO:0005886	0	0.0	0
BSU_40470	GO:0005886	0	0.0	0
BSU_37950	GO:0005886	0	0.0	0
BSU_17020	GO:0046872	0	0.0	0
BSU_13360	GO:0046872	0	0.0	0
BSU_13050	GO:0046872	0	0.0	0
BSU_35319	GO:0071978	0	0.0	0
BSU_02910	GO:0005886	0	0.0	0
BSU_07030	GO:0005886	0	0.0	0
BSU_07040	GO:0005886	0	0.0	0
BSU_06970	GO:0005886	0	0.0	0
BSU_11381	GO:0005886	0	0.0	0
BSU_39580	GO:0005886	0	0.0	0
BSU_31740	GO:0005886	0	0.0	0
BSU_00650	GO:0005886	0	0.0	0
BSU_17320	GO:0005886	0	0.0	0
BSU_34810	GO:0005886	0	0.0	0
BSU_22280	GO:0005886	0	0.0	0
BSU_12170	GO:0046872	0	0.0	0
BSU_12850	GO:0005886	0	0.0	0
BSU_38080	GO:0005886	0	0.0	0
BSU_40600	GO:0005886	0	0.0	0
BSU_40590	GO:0005886	0	0.0	0
BSU_40610	GO:0005886	0	0.0	0
BSU_31900	GO:0005886	0	0.0	0
BSU_12850	GO:0046872	0	0.0	0
BSU_23700	GO:0046872	0	0.0	0
new_3036310_3036529_c	GO:0046872	0	0.0	0
BSU_34740	GO:0046872	0	0.0	0
BSU_misc_RNA_32	GO:0046872	0	0.0	0
BSU_misc_RNA_2	GO:0005886	0	0.0	0
BSU_22280	GO:0009306	0	0.0	0
BSU_40610	GO:0005886	0	0.0	0
BSU_40580	GO:0005886	0	0.0	0
BSU_40580	GO:0005886	0	0.0	0
BSU_11381	GO:0009306	0	0.0	0
BSU_00650	GO:0009306	0	0.0	0
BSU_17320	GO:0009306	0	0.0	0
BSU_34810	GO:0009306	0	0.0	0
BSU_02910	GO:0009306	0	0.0	0
BSU_39220	GO:0016977	0	0.0	0
BSU_12850	GO:0009306	0	0.0	0
BSU_misc_RNA_41	GO:0046872	0	0.0	0
BSU_18060	GO:0016977	0	0.0	0
BSU_18380	GO:0016977	0	0.0	0
BSU_15970	GO:0005886	0	0.0	0
BSU_11382	GO:0005886	0	0.0	0
BSU_08670	GO:0005886	0	0.0	0
BSU_26030	GO:0005886	0	0.0	0
BSU_19660	GO:0005886	0	0.0	0
BSU_19770	GO:0071978	0	0.0	0
BSU_35239	GO:0071978	0	0.0	0
BSU_40590	GO:0005886	0	0.0	0
BSU_40600	GO:0005886	0	0.0	0
BSU_38080	GO:0005886	0	0.0	0
BSU_12850	GO:0005886	0	0.0	0
BSU_21390	GO:0005886	0	0.0	0
BSU_27380	GO:0046872	0	0.0	0
BSU_tRNA_48	GO:0046872	0	0.0	0
G8J2-20	GO:0046872	0	0.0	0
BSU_34840	GO:0005886	0	0.0	0
BSU_07030	GO:0005886	0	0.0	0
BSU_26310	GO:0046872	0	0.0	0
BSU_07040	GO:0005886	0	0.0	0
BSU_31740	GO:0046872	0	0.0	0
BSU_06970	GO:0005886	0	0.0	0
BSU_11381	GO:0005886	0	0.0	0
BSU_39580	GO:0005886	0	0.0	0
BSU_31740	GO:0005886	0	0.0	0
BSU_39580	GO:0046872	0	0.0	0
BSU_00650	GO:0005886	0	0.0	0
BSU_17320	GO:0005886	0	0.0	0
BSU_34810	GO:0005886	0	0.0	0
BSU_02910	GO:0005886	0	0.0	0
BSU_22280	GO:0005886	0	0.0	0
BSU_19820	GO:0005737	0	0.0	0
BSU_34740	GO:0016740	0	0.0	0
BSU_17020	GO:0005737	0	0.0	0
BSU_26310	GO:0005886	0	0.0	0
BSU_34740	GO:0005886	0	0.0	0
BSU_11382	GO:0005886	0	0.0	0
BSU_27910	GO:0003723	0	0.0	0
BSU_26310	GO:0005886	0	0.0	0
BSU_19780	GO:0033609	0	0.0	0
BSU_40600	GO:0005886	0	0.0	0
BSU_40590	GO:0005886	0	0.0	0
BSU_40610	GO:0005886	0	0.0	0
BSU_40580	GO:0005886	0	0.0	0
BSU_40580	GO:0005886	0	0.0	0
BSU_15970	GO:0005886	0	0.0	0
BSU_40610	GO:0005886	0	0.0	0
BSU_40590	GO:0005886	0	0.0	0
BSU_40600	GO:0005886	0	0.0	0
BSU_38080	GO:0005886	0	0.0	0
BSU_12850	GO:0005886	0	0.0	0
BSU_26310	GO:0005886	0	0.0	0
BSU_12850	GO:0005886	0	0.0	0
BSU_22280	GO:0005886	0	0.0	0
BSU_02910	GO:0005886	0	0.0	0
new_1056384_1056537	GO:0005975	0	0.0	0
BSU_15970	GO:0003723	0	0.0	0
BSU_17320	GO:0005886	0	0.0	0
BSU_34740	GO:0034023	0	0.0	0
BSU_34740	GO:0043878	0	0.0	0
BSU_16610	GO:0030163	0	0.0	0
BSU_26030	GO:0016020	0	0.0	0
BSU_15970	GO:0046872	0	0.0	0
BSU_39580	GO:0046872	0	0.0	0
BSU_26310	GO:0003677	0	0.0	0
BSU_06180	GO:0003677	0	0.0	0
BSU_34740	GO:0003677	0	0.0	0
BSU_06180	GO:0034023	0	0.0	0
BSU_06180	GO:0003824	0	0.0	0
BSU_33120	GO:0005886	0	0.0	0
BSU_34740	GO:0003824	0	0.0	0
BSU_06210	GO:0045454	0	0.0	0
BSU_34210	GO:0045454	0	0.0	0
BSU_10600	GO:0045454	0	0.0	0
BSU_14629	GO:0045454	0	0.0	0
BSU_34740	GO:0045454	0	0.0	0
BSU_18060	GO:0045454	0	0.0	0
BSU_12280	GO:0045454	0	0.0	0
BSU_08670	GO:0003723	0	0.0	0
BSU_34810	GO:0005886	0	0.0	0
BSU_02910	GO:0005886	0	0.0	0
BSU_17020	GO:0006281	0	0.0	0
BSU_02940	GO:0005886	0	0.0	0
BSU_13050	GO:0005886	0	0.0	0
BSU_31900	GO:0005886	0	0.0	0
BSU_37950	GO:0005886	0	0.0	0
BSU_40470	GO:0005886	0	0.0	0
BSU_13320	GO:0005886	0	0.0	0
BSU_13330	GO:0005886	0	0.0	0
BSU_36910	GO:0005886	0	0.0	0
BSU_32090	GO:0005886	0	0.0	0
BSU_02900	GO:0005886	0	0.0	0
BSU_28320	GO:0005886	0	0.0	0
BSU_33120	GO:0005886	0	0.0	0
BSU_26030	GO:0071555	0	0.0	0
BSU_13050	GO:0005886	0	0.0	0
BSU_31900	GO:0005886	0	0.0	0
BSU_39580	GO:0006281	0	0.0	0
BSU_31740	GO:0006281	0	0.0	0
G8J2-20	GO:0006281	0	0.0	0
BSU_tRNA_48	GO:0006281	0	0.0	0
BSU_31030	GO:0006281	0	0.0	0
BSU_misc_RNA_41	GO:0006281	0	0.0	0
BSU_misc_RNA_2	GO:0005886	0	0.0	0
BSU_21390	GO:0005886	0	0.0	0
BSU_34810	GO:0005886	0	0.0	0
BSU_39580	GO:0005886	0	0.0	0
BSU_31740	GO:0005886	0	0.0	0
BSU_39580	GO:0005886	0	0.0	0
BSU_11382	GO:0005886	0	0.0	0
BSU_11381	GO:0005886	0	0.0	0
BSU_17320	GO:0005886	0	0.0	0
BSU_00650	GO:0005886	0	0.0	0
BSU_34740	GO:0005886	0	0.0	0
BSU_06970	GO:0005886	0	0.0	0
BSU_31740	GO:0005886	0	0.0	0
BSU_07040	GO:0005886	0	0.0	0
BSU_28320	GO:0005886	0	0.0	0
BSU_07030	GO:0005886	0	0.0	0
BSU_11381	GO:0005886	0	0.0	0
BSU_34840	GO:0005886	0	0.0	0
BSU_06970	GO:0005886	0	0.0	0
BSU_07040	GO:0005886	0	0.0	0
BSU_misc_RNA_2	GO:0005886	0	0.0	0
BSU_15970	GO:0005886	0	0.0	0
BSU_07030	GO:0005886	0	0.0	0
BSU_34840	GO:0005886	0	0.0	0
BSU_14629	GO:0043878	0	0.0	0
BSU_12280	GO:0043878	0	0.0	0
BSU_18060	GO:0043878	0	0.0	0
BSU_40580	GO:0005886	0	0.0	0
BSU_07030	GO:0005886	0	0.0	0
BSU_07040	GO:0005886	0	0.0	0
BSU_39580	GO:0005886	0	0.0	0
BSU_31740	GO:0005886	0	0.0	0
BSU_38080	GO:0005886	0	0.0	0
BSU_40600	GO:0005886	0	0.0	0
BSU_40590	GO:0005886	0	0.0	0
BSU_40610	GO:0005886	0	0.0	0
BSU_21390	GO:0071949	0	0.0	0
BSU_06900	GO:0005886	0	0.0	0
BSU_37950	GO:0005886	0	0.0	0
BSU_04990	GO:0005886	0	0.0	0
BSU_06970	GO:0005886	0	0.0	0
BSU_35880	GO:0005886	0	0.0	0
BSU_35870	GO:0005886	0	0.0	0
BSU_13050	GO:0005886	0	0.0	0
BSU_misc_RNA_2	GO:0005886	0	0.0	0
BSU_34840	GO:0005886	0	0.0	0
BSU_10780	GO:0005886	0	0.0	0
BSU_11381	GO:0005886	0	0.0	0
BSU_21390	GO:0005886	0	0.0	0
BSU_40470	GO:0005886	0	0.0	0
BSU_10600	GO:0043878	0	0.0	0
BSU_06970	GO:0005886	0	0.0	0
BSU_11990	GO:0016491	0	0.0	0
BSU_05730	GO:0016491	0	0.0	0
BSU_14130	GO:0003677	0	0.0	0
new_1056384_1056537	GO:0003677	0	0.0	0
BSU_08670	GO:0005886	0	0.0	0
BSU_34840	GO:0005886	0	0.0	0
BSU_26310	GO:0005886	0	0.0	0
BSU_13050	GO:0005886	0	0.0	0
BSU_39580	GO:0005886	0	0.0	0
BSU_34740	GO:0005886	0	0.0	0
BSU_13320	GO:0005886	0	0.0	0
BSU_12850	GO:0005886	0	0.0	0
BSU_17320	GO:0005886	0	0.0	0
BSU_34810	GO:0005886	0	0.0	0
BSU_02910	GO:0005886	0	0.0	0
BSU_34740	GO:0042838	0	0.0	0
BSU_06180	GO:0016787	0	0.0	0
BSU_34740	GO:0016787	0	0.0	0
BSU_19660	GO:0005524	0	0.0	0
BSU_19660	GO:0009252	0	0.0	0
BSU_11382	GO:0005886	0	0.0	0
BSU_00650	GO:0005886	0	0.0	0
BSU_17320	GO:0005886	0	0.0	0
BSU_06970	GO:0003824	0	0.0	0
BSU_14160	GO:0046872	0	0.0	0
BSU_06210	GO:0003824	0	0.0	0
BSU_06180	GO:0003824	0	0.0	0
BSU_02940	GO:0003824	0	0.0	0
BSU_02900	GO:0003824	0	0.0	0
BSU_02910	GO:0003824	0	0.0	0
BSU_34740	GO:0003824	0	0.0	0
BSU_39220	GO:0003824	0	0.0	0
BSU_28700	GO:0003824	0	0.0	0
BSU_19780	GO:0009252	0	0.0	0
BSU_34810	GO:0005886	0	0.0	0
BSU_14130	GO:0003824	0	0.0	0
new_1056384_1056537	GO:0003824	0	0.0	0
BSU_20850	GO:0003824	0	0.0	0
BSU_14100	GO:0003824	0	0.0	0
BSU_07040	GO:0003824	0	0.0	0
BSU_07030	GO:0003824	0	0.0	0
BSU_19660	GO:0005829	0	0.0	0
BSU_26030	GO:0005829	0	0.0	0
BSU_06210	GO:0043878	0	0.0	0
BSU_08670	GO:0046872	0	0.0	0
BSU_19820	GO:0046872	0	0.0	0
BSU_17020	GO:0046872	0	0.0	0
BSU_34740	GO:0046872	0	0.0	0
BSU_02910	GO:0005886	0	0.0	0
BSU_22280	GO:0005886	0	0.0	0
BSU_12850	GO:0005886	0	0.0	0
BSU_06970	GO:0043565	0	0.0	0
BSU_19660	GO:0005886	0	0.0	0
BSU_19780	GO:0005886	0	0.0	0
BSU_34740	GO:0043565	0	0.0	0
BSU_26030	GO:0005737	0	0.0	0
BSU_19660	GO:0005737	0	0.0	0
BSU_26030	GO:0016020	0	0.0	0
BSU_26030	GO:0003824	0	0.0	0
BSU_26030	GO:0005737	0	0.0	0
BSU_39580	GO:0046872	0	0.0	0
BSU_26310	GO:0046872	0	0.0	0
G8J2-20	GO:0046872	0	0.0	0
BSU_tRNA_48	GO:0046872	0	0.0	0
BSU_27380	GO:0046872	0	0.0	0
BSU_misc_RNA_41	GO:0046872	0	0.0	0
BSU_misc_RNA_32	GO:0046872	0	0.0	0
BSU_misc_RNA_32	GO:0006281	0	0.0	0
BSU_19820	GO:0006281	0	0.0	0
BSU_misc_RNA_32	GO:0005737	0	0.0	0
BSU_06900	GO:0005886	0	0.0	0
BSU_11381	GO:0005886	0	0.0	0
BSU_10780	GO:0005886	0	0.0	0
BSU_34840	GO:0005886	0	0.0	0
BSU_misc_RNA_2	GO:0005886	0	0.0	0
BSU_13050	GO:0005886	0	0.0	0
BSU_35870	GO:0005886	0	0.0	0
BSU_35880	GO:0005886	0	0.0	0
BSU_06970	GO:0005886	0	0.0	0
BSU_04990	GO:0005886	0	0.0	0
BSU_40580	GO:0005886	0	0.0	0
BSU_17320	GO:0005886	0	0.0	0
BSU_40610	GO:0005886	0	0.0	0
BSU_40590	GO:0005886	0	0.0	0
BSU_40600	GO:0005886	0	0.0	0
BSU_38080	GO:0005886	0	0.0	0
BSU_31740	GO:0005886	0	0.0	0
BSU_39580	GO:0005886	0	0.0	0
BSU_07040	GO:0005886	0	0.0	0
BSU_07030	GO:0005886	0	0.0	0
BSU_21390	GO:0005886	0	0.0	0
BSU_00650	GO:0005886	0	0.0	0
BSU_34810	GO:0005886	0	0.0	0
BSU_40470	GO:0005886	0	0.0	0
BSU_12850	GO:0008460	0	0.0	0
BSU_02900	GO:0008460	0	0.0	0
BSU_10780	GO:0004521	0	0.0	0
BSU_02940	GO:0008460	0	0.0	0
BSU_14130	GO:0004521	0	0.0	0
BSU_21600	GO:0008460	0	0.0	0
BSU_20800	GO:0008460	0	0.0	0
BSU_08670	GO:0004521	0	0.0	0
BSU_26230	GO:0008460	0	0.0	0
BSU_06210	GO:0008460	0	0.0	0
BSU_04030	GO:0008460	0	0.0	0
BSU_02910	GO:0005886	0	0.0	0
BSU_28700	GO:0008460	0	0.0	0
BSU_40860	GO:0008460	0	0.0	0
new_3036310_3036529_c	GO:0008460	0	0.0	0
BSU_22020	GO:0008460	0	0.0	0
BSU_13050	GO:0016757	0	0.0	0
BSU_22280	GO:0016757	0	0.0	0
BSU_39580	GO:0016757	0	0.0	0
BSU_12850	GO:0005886	0	0.0	0
BSU_22280	GO:0005886	0	0.0	0
BSU_37950	GO:0005886	0	0.0	0
BSU_13320	GO:0005886	0	0.0	0
BSU_19900	GO:0006281	0	0.0	0
BSU_37450	GO:0005829	0	0.0	0
BSU_14100	GO:0005829	0	0.0	0
new_1399409_1400187	GO:0005829	0	0.0	0
BSU_13360	GO:0005829	0	0.0	0
BSU_14160	GO:0005829	0	0.0	0
BSU_13050	GO:0005829	0	0.0	0
BSU_26030	GO:0005524	0	0.0	0
BSU_33120	GO:0005829	0	0.0	0
BSU_34740	GO:0005829	0	0.0	0
BSU_misc_RNA_55	GO:0005829	0	0.0	0
BSU_tRNA_48	GO:0005829	0	0.0	0
BSU_misc_RNA_67	GO:0005829	0	0.0	0
BSU_39580	GO:0005737	0	0.0	0
BSU_31740	GO:0005737	0	0.0	0
BSU_06180	GO:0005829	0	0.0	0
BSU_15970	GO:0005829	0	0.0	0
BSU_26310	GO:0005829	0	0.0	0
G8J2-20	GO:0005737	0	0.0	0
BSU_tRNA_48	GO:0005737	0	0.0	0
BSU_31030	GO:0005737	0	0.0	0
BSU_misc_RNA_41	GO:0005737	0	0.0	0
BSU_16640	GO:0005829	0	0.0	0
BSU_12280	GO:0005829	0	0.0	0
BSU_13330	GO:0005886	0	0.0	0
BSU_34740	GO:0030497	0	0.0	0
BSU_36910	GO:0005886	0	0.0	0
BSU_32090	GO:0005886	0	0.0	0
BSU_28320	GO:0005886	0	0.0	0
BSU_31900	GO:0005886	0	0.0	0
BSU_34810	GO:0005886	0	0.0	0
BSU_11382	GO:0005886	0	0.0	0
BSU_15970	GO:0005886	0	0.0	0
BSU_33120	GO:0005886	0	0.0	0
BSU_26310	GO:0005886	0	0.0	0
BSU_12280	GO:0030497	0	0.0	0
BSU_17400	GO:0005829	0	0.0	0
BSU_18380	GO:0005829	0	0.0	0
BSU_39220	GO:0005829	0	0.0	0
BSU_05730	GO:0005829	0	0.0	0
BSU_13330	GO:0005829	0	0.0	0
BSU_13320	GO:0005829	0	0.0	0
BSU_16610	GO:0005737	0	0.0	0
BSU_35610	GO:0005829	0	0.0	0
BSU_35609	GO:0005829	0	0.0	0
BSU_37360	GO:0005829	0	0.0	0
BSU_02910	GO:0008460	0	0.0	0
BSU_39220	GO:0008460	0	0.0	0
BSU_06180	GO:0004521	0	0.0	0
BSU_34740	GO:0008652	0	0.0	0
BSU_19660	GO:0005886	0	0.0	0
BSU_19660	GO:0004177	0	0.0	0
BSU_06180	GO:0005829	0	0.0	0
BSU_15970	GO:0005829	0	0.0	0
BSU_26310	GO:0005829	0	0.0	0
BSU_34740	GO:0005829	0	0.0	0
BSU_28700	GO:0005829	0	0.0	0
BSU_16610	GO:0009898	0	0.0	0
BSU_26030	GO:0008233	0	0.0	0
BSU_27910	GO:0008652	0	0.0	0
BSU_37450	GO:0005829	0	0.0	0
BSU_26030	GO:0015293	0	0.0	0
BSU_16610	GO:0051287	0	0.0	0
BSU_26310	GO:0005886	0	0.0	0
BSU_11382	GO:0005886	0	0.0	0
BSU_34740	GO:0005886	0	0.0	0
BSU_15970	GO:0005886	0	0.0	0
BSU_26310	GO:0003677	0	0.0	0
BSU_06210	GO:0003677	0	0.0	0
BSU_06180	GO:0003677	0	0.0	0
BSU_tRNA_48	GO:0005829	0	0.0	0
BSU_33120	GO:0005829	0	0.0	0
BSU_06970	GO:0008460	0	0.0	0
BSU_13360	GO:0006281	0	0.0	0
BSU_19850	GO:0006281	0	0.0	0
BSU_19920	GO:0006281	0	0.0	0
BSU_19910	GO:0006281	0	0.0	0
BSU_19930	GO:0006281	0	0.0	0
BSU_19870	GO:0006281	0	0.0	0
BSU_19970	GO:0006281	0	0.0	0
BSU_19860	GO:0006281	0	0.0	0
BSU_19890	GO:0006281	0	0.0	0
BSU_14160	GO:0006281	0	0.0	0
new_1399409_1400187	GO:0006281	0	0.0	0
BSU_34740	GO:0019516	0	0.0	0
BSU_13050	GO:0006281	0	0.0	0
BSU_12170	GO:0006281	0	0.0	0
BSU_27230	GO:0006281	0	0.0	0
BSU_26310	GO:0005886	0	0.0	0
BSU_11382	GO:0005886	0	0.0	0
BSU_34740	GO:0005886	0	0.0	0
BSU_15970	GO:0005886	0	0.0	0
BSU_33120	GO:0005886	0	0.0	0
BSU_06180	GO:0019516	0	0.0	0
BSU_26030	GO:0030435	0	0.0	0
BSU_02940	GO:0003677	0	0.0	0
BSU_02900	GO:0003677	0	0.0	0
BSU_39250	GO:0008460	0	0.0	0
BSU_19030	GO:0008460	0	0.0	0
BSU_18960	GO:0008460	0	0.0	0
BSU_25890	GO:0008460	0	0.0	0
BSU_25880	GO:0008460	0	0.0	0
BSU_29679	GO:0008460	0	0.0	0
BSU_28460	GO:0008460	0	0.0	0
BSU_26310	GO:0004521	0	0.0	0
BSU_14110	GO:0008460	0	0.0	0
BSU_38030	GO:0008460	0	0.0	0
BSU_38820	GO:0008460	0	0.0	0
BSU_02910	GO:0003677	0	0.0	0
BSU_24760	GO:0004521	0	0.0	0
BSU_18380	GO:0071555	0	0.0	0
BSU_19450	GO:0004521	0	0.0	0
BSU_13200	GO:0004521	0	0.0	0
BSU_14100	GO:0008460	0	0.0	0
BSU_20850	GO:0008460	0	0.0	0
new_1056384_1056537	GO:0008460	0	0.0	0
BSU_14130	GO:0008460	0	0.0	0
BSU_misc_RNA_2	GO:0004521	0	0.0	0
BSU_07040	GO:0008460	0	0.0	0
BSU_07030	GO:0008460	0	0.0	0
BSU_39690	GO:0008460	0	0.0	0
BSU_22570	GO:0008460	0	0.0	0
BSU_34740	GO:0003677	0	0.0	0
BSU_39220	GO:0003677	0	0.0	0
BSU_28700	GO:0003677	0	0.0	0
BSU_06970	GO:0003677	0	0.0	0
BSU_14130	GO:0003677	0	0.0	0
new_1056384_1056537	GO:0003677	0	0.0	0
BSU_20850	GO:0003677	0	0.0	0
BSU_14100	GO:0003677	0	0.0	0
BSU_07040	GO:0003677	0	0.0	0
BSU_26030	GO:0097588	0	0.0	0
BSU_26030	GO:0005886	0	0.0	0
BSU_26030	GO:0015833	0	0.0	0
BSU_19660	GO:0005886	0	0.0	0
BSU_19660	GO:0005829	0	0.0	0
BSU_34740	GO:0016829	0	0.0	0
BSU_26030	GO:0005829	0	0.0	0
BSU_15970	GO:0004521	0	0.0	0
BSU_37450	GO:0004521	0	0.0	0
BSU_39580	GO:0004521	0	0.0	0
BSU_02940	GO:0005886	0	0.0	0
